7.88123e-312
inf
2.79974
285.878
458.61
1195.46
1250.78
1291.99
1399.58
1587.3
1705.03
1886.79
2176.28
2068.25
1980.2
1620.75
1576.04
1562.5
1158.75
1330.67
2164.5
2663.12
2702.7
2597.4
2442
2386.63
2547.77
2735.98
2777.78
2743.48
2699.06
2570.69
1353.18
1171.65
1736.11
1675.04
1661.13
2111.93
2433.09
2257.34
2096.44
2219.76
2352.94
2361.28
2285.71
2148.23
2092.05
2134.47
2155.17
1945.53
1644.74
1777.78
2118.64
1848.43
1721.17
1890.36
1070.66
514.403
623.441
1410.44
1165.5
1086.37
1330.67
1530.22
1437.81
1562.5
1850.14
1818.18
1699.24
1581.03
1355.01
1302.08
1501.5
1618.12
1773.05
929.368
778.21
1092.9
1277.96
1197.6
1146.13
1464.13
1624.7
1958.86
2541.3
2436.05
2406.74
2659.57
2617.8
2547.77
2518.89
2638.52
2691.79
2677.38
2706.36
2728.51
2743.48
2487.56
1484.78
1184.83
1137.66
964.32
1059.88
1668.06
2403.85
2304.15
2267.57
2328.29
2522.07
2635.05
2398.08
2306.81
2557.54
2518.89
2528.45
2713.7
2290.95
2270.15
2427.18
2500
2695.42
2466.09
2541.3
2534.85
2355.71
2560.82
2677.38
2624.67
2392.34
1739.13
1139.6
907.441
957.396
1179.94
1477.1
1851.85
2018.16
1962.71
2002
2055.5
2195.39
2312.14
2487.56
2635.05
2487.56
2506.27
2624.67
2594.03
2583.98
2544.53
2567.39
2617.8
2525.25
2564.1
2642.01
2525.25
2551.02
2427.18
2105.26
1196.17
1000.5
1526.72
2185.79
2293.58
2317.5
2503.13
2400.96
2254.79
2386.63
2518.89
2421.31
2227.17
2159.83
2217.29
2395.21
2285.71
2344.67
2557.54
2484.47
2512.56
2463.05
2457
2506.27
2350.18
2309.47
2347.42
2463.05
2649.01
2557.54
2239.64
858.738
768.344
1587.3
2164.5
2518.89
2600.78
2395.21
2336.45
2242.15
2205.07
2439.02
2587.32
2522.07
2518.89
2364.07
2406.74
2570.69
2366.86
2285.71
2466.09
2195.39
1393.73
1216.55
1280.41
1269.84
772.499
770.713
1422.48
1606.43
1672.24
1746.72
1870.91
1996.01
2224.69
2380.95
2219.76
2277.9
2560.82
2531.65
2493.77
2587.32
2564.1
2515.72
2577.32
2418.38
2212.39
2109.7
2134.47
2421.31
2139.04
1730.1
1782.53
1725.63
871.84
925.497
2159.83
2380.95
2481.39
2421.31
2496.88
2649.01
2481.39
2525.25
2314.81
1994.02
2190.58
2493.77
2262.44
2094.24
1765.23
1567.4
1777.78
2051.28
2098.64
1924.93
1937.98
1958.86
1913.88
2028.4
1706.48
794.281
804.182
1490.31
1480.38
1589.83
1836.55
1951.22
2012.07
2150.54
2173.91
2178.65
2074.69
2004.01
2004.01
2059.73
2242.15
2493.77
2554.28
2457
2493.77
2564.1
2531.65
2288.33
2222.22
2197.8
2229.65
1083.42
905.387
1526.72
2096.44
2424.24
2450.98
2551.02
2583.98
2506.27
2478.31
2475.25
2554.28
2538.07
2512.56
2234.64
2030.46
2169.2
1883.24
1648.8
1226.99
952.835
1190.48
1867.41
2336.45
2574
2442
2020.2
972.763
869.187
1581.03
2333.72
2418.38
2380.95
2528.45
2389.49
2457
2621.23
2378.12
2427.18
2624.67
2583.98
2400.96
2403.85
2642.01
2557.54
2490.66
2554.28
2531.65
2484.47
2487.56
2481.39
2512.56
2389.49
2457
2369.67
1271.46
556.174
611.434
1295.34
1456.66
1901.14
2380.95
2312.14
2344.67
2436.05
2309.47
2444.99
2493.77
2538.07
2604.17
2551.02
2395.21
2183.41
2136.75
2322.88
2369.67
2361.28
2484.47
2331
2259.89
2512.56
2645.5
2320.19
998.502
891.663
1211.39
1098.9
1154.73
1171.65
1302.08
1274.7
1194.03
34.2765
34.4477
2085.51
2296.21
2500
2624.67
2754.82
2496.88
2421.31
2509.41
2171.55
2008.03
2111.93
1970.44
1654.26
1068.38
1058.2
1692.05
2111.93
2298.85
2293.58
2298.85
2380.95
2219.76
2036.66
2057.61
1853.57
1808.32
2083.33
2242.15
2270.15
2285.71
2293.58
2306.81
2350.18
2277.9
2185.79
2214.84
2352.94
2406.74
2403.85
2205.07
1672.24
621.504
611.247
1481.48
1582.28
1542.02
1612.9
1765.23
1921.23
2070.39
2331
2450.98
2350.18
2034.59
1990.05
2209.94
2155.17
1945.53
2059.73
2395.21
1934.24
1845.02
2000
2114.16
1062.7
815.661
1296.18
1986.1
2183.41
1872.66
1607.72
1416.43
1524.39
1945.53
2032.52
1824.82
1798.56
1926.78
1819.84
1777.78
1785.71
1816.53
1796.95
1669.45
1555.21
1189.06
436.681
465.333
1605.14
2022.24
2197.8
2322.88
2164.5
1970.44
1846.72
1347.71
1157.41
1209.92
1342.28
1390.82
1444.04
1234.57
1226.99
1640.69
1129.94
1022.49
1188.35
1182.03
1271.46
1404.49
1584.79
1572.33
1654.26
1724.14
1769.91
1970.44
2217.29
2487.56
2597.4
2574
2500
2528.45
2560.82
2427.18
2200.22
2195.39
2355.71
2509.41
2453.99
2200.22
1397.62
1109.26
1236.86
1085.78
1027.22
1310.62
1622.06
1960.78
2183.41
2249.72
2350.18
2347.42
2143.62
2079
1895.73
1596.17
1511.72
1445.09
1564.95
1683.5
1774.62
1782.53
1419.45
896.861
1030.93
1855.29
1622.06
1523.23
1687.76
2047.08
1908.4
1780.94
1845.02
1792.11
1951.22
1863.93
1824.82
1955.03
866.927
713.267
934.579
581.564
606.244
1257.86
1651.53
1386
1281.23
1503.76
1564.95
1554
1594.9
1626.02
1689.19
1074.69
277.778
209.842
430.108
834.725
944.733
1461.99
1818.18
2004.01
1696.35
1426.53
1574.8
1350.44
1177.86
744.879
749.625
1417.43
1576.04
1527.88
1476.01
1309.76
596.303
570.613
926.784
962.927
1102.54
1042.21
1129.31
914.077
847.817
1249.22
897.666
842.815
1282.05
1243.01
980.873
992.063
1297.86
1784.12
1996.01
1990.05
2002
2072.54
2205.07
2227.17
2092.05
1984.13
1670.84
863.558
884.564
1596.17
1662.51
1618.12
1739.13
1996.01
2042.9
1712.33
1429.59
1474.93
1782.53
1930.5
1902.95
1591.09
1514
1824.82
1787.31
1769.91
1910.22
1919.39
1874.41
1703.58
865.426
739.372
1175.78
1337.79
1257.86
1223.99
1313.2
1631.32
1857.01
1943.63
1958.86
1982.16
2022.24
2004.01
1899.34
1904.76
1970.44
1869.16
1813.24
1743.68
1809.95
1012.15
826.788
1272.26
1749.78
1890.36
1964.64
2105.26
2103.05
2085.51
2094.24
2079
1990.05
1628.66
1431.64
1578.53
1751.31
1923.08
2006.02
1976.28
2014.1
2057.61
2120.89
1980.2
1956.95
1988.07
1027.22
932.836
1602.56
1956.95
1879.7
1910.22
2057.61
1982.16
1876.17
1743.68
1740.64
1862.2
1910.22
1928.64
2114.16
2192.98
2164.5
2317.5
2358.49
2325.58
2372.48
2293.58
2129.93
1992.03
1910.22
1841.62
1037.88
864.304
1208.46
1665.28
2057.61
2066.12
2150.54
2098.64
1885.01
1893.94
1984.13
2018.16
1890.36
1757.47
1879.7
2068.25
1998
2044.99
2306.81
2272.73
2074.69
2232.14
2336.45
2192.98
2155.17
2214.84
1495.89
975.134
1166.86
1934.24
2280.5
2366.86
1510.57
1083.42
825.764
904.977
1302.08
1452.43
1876.17
2301.5
2699.06
2812.94
2861.23
2857.14
2849
2844.95
2840.91
2881.84
2877.7
2557.54
2053.39
1870.91
1689.19
1465.2
1773.05
2525.25
2739.73
2828.85
2873.56
2873.56
2886
2911.21
2919.71
2928.26
2928.26
2894.36
2577.32
2247.19
2383.79
2590.67
2557.54
2375.3
2375.3
2400.96
2372.48
2450.98
2424.24
2361.28
2314.81
2200.22
1626.02
1520.91
1972.39
2386.63
2355.71
1431.64
1159.42
1546.79
2111.93
2463.05
2364.07
2375.3
2624.67
2490.66
2421.31
2512.56
2564.1
2333.72
2325.58
2500
2472.19
2515.72
2551.02
2484.47
2350.18
2252.25
2322.88
2176.28
2000
2022.24
2257.34
2544.53
2380.95
2433.09
2604.17
2453.99
2155.17
1240.69
1184.83
1811.59
2030.46
2369.67
2475.25
2296.21
2272.73
2436.05
2607.56
2594.03
2503.13
2512.56
2567.39
2484.47
2518.89
2574
2503.13
2472.19
2466.09
2427.18
2496.88
2577.32
2493.77
2522.07
2567.39
2433.09
2436.05
2531.65
2460.02
2506.27
2306.81
1421.46
1181.33
1591.09
2200.22
2366.86
2436.05
2503.13
2500
2487.56
2515.72
2522.07
2512.56
2534.85
2534.85
2518.89
2544.53
2398.08
2280.5
2403.85
2002
1503.76
1651.53
2325.58
2538.07
2320.19
2424.24
2447.98
1823.15
1472.75
791.139
759.013
1556.42
2200.22
2232.14
2190.58
2331
2577.32
2534.85
2347.42
2433.09
2587.32
2515.72
2528.45
2427.18
2383.79
2544.53
2409.64
2395.21
2583.98
2538.07
2475.25
2554.28
2560.82
2512.56
2580.65
2577.32
2522.07
2398.08
2466.09
1725.63
792.079
738.825
1088.14
1016.78
1106.81
1320.13
1327.14
1480.38
1782.53
2306.81
2285.71
2265.01
2389.49
2457
2564.1
2551.02
2525.25
2322.88
2378.12
2600.78
2590.67
2270.15
2092.05
1025.64
898.473
1417.43
1722.65
2290.95
2551.02
2433.09
2500
2583.98
2398.08
1919.39
1367.99
1339.58
1913.88
2290.95
2339.18
2512.56
2317.5
2197.8
2322.88
2453.99
2217.29
2006.02
2257.34
2534.85
2509.41
2469.14
2500
2034.59
1148.11
1158.08
2018.16
2232.14
2298.85
2424.24
2322.88
2493.77
2522.07
2463.05
2392.34
2234.64
2366.86
2547.77
2472.19
2531.65
2590.67
2355.71
2239.64
2472.19
2628.12
2541.3
2503.13
2280.5
2068.25
1189.06
1015.74
568.02
569.801
1256.28
1256.28
1440.92
1651.53
1855.29
2089.86
2176.28
2366.86
2339.18
2392.34
2604.17
2522.07
2475.25
2280.5
2188.18
2188.18
2361.28
2551.02
2531.65
2406.74
2265.01
2500
2649.01
2234.64
1624.7
1304.63
1576.04
2134.47
2008.03
1793.72
1494.77
1522.07
2066.12
2478.31
2293.58
2244.67
2424.24
2478.31
2487.56
2518.89
2472.19
2262.44
2053.39
2181.03
2469.14
2375.3
2366.86
2538.07
2352.94
2237.14
2421.31
2503.13
2496.88
2392.34
1910.22
1284.52
1299.55
1943.63
2386.63
2460.02
2275.31
2369.67
2503.13
2331
2265.01
1626.02
1612.9
2412.55
2503.13
2460.02
2283.1
2205.07
2430.13
2336.45
2366.86
2544.53
2386.63
2442
2444.99
2320.19
2500
2624.67
2406.74
2322.88
2493.77
2369.67
1246.11
1079.91
1658.37
2109.7
2244.67
2350.18
2442
2239.64
2169.2
2412.55
2567.39
2503.13
2503.13
2358.49
2378.12
2541.3
2350.18
2301.5
2418.38
2333.72
2398.08
2604.17
2577.32
2509.41
2496.88
2531.65
2493.77
2538.07
2587.32
2490.66
2412.55
1776.2
838.574
879.121
1813.24
2162.16
2389.49
2457
2469.14
2439.02
2347.42
2369.67
2554.28
2567.39
2341.92
2229.65
2469.14
2631.58
2280.5
2055.5
2120.89
2188.18
2369.67
2400.96
2415.46
2400.96
2412.55
2587.32
2415.46
2478.31
2481.39
1857.01
1303.78
1424.5
2178.65
2500
2531.65
2478.31
2325.58
2392.34
2587.32
2392.34
2134.47
2267.57
2395.21
2418.38
2594.03
2378.12
2247.19
2306.81
2453.99
2617.8
2372.48
2164.5
2020.2
2074.69
2383.79
2317.5
2386.63
2610.97
2544.53
2484.47
2484.47
1870.91
1230.77
1381.22
2209.94
2317.5
2227.17
2288.33
2466.09
2447.98
2478.31
2628.12
2496.88
2484.47
2317.5
2336.45
2560.82
2551.02
2512.56
2372.48
2403.85
2564.1
2624.67
2663.12
2614.38
2314.81
2006.02
1915.71
1451.38
1485.88
2301.5
2567.39
1265.02
1063.83
1616.81
2100.84
2380.95
2412.55
2304.15
2314.81
2538.07
2534.85
2469.14
2512.56
2567.39
2415.46
2389.49
2475.25
2466.09
2531.65
2587.32
2352.94
2333.72
2564.1
2409.64
2415.46
2531.65
2222.22
2103.05
2314.81
2224.69
2120.89
2044.99
1640.69
1163.47
1331.56
2197.8
2083.33
2053.39
2333.72
2328.29
2306.81
2493.77
2551.02
2372.48
2439.02
2463.05
2472.19
2642.01
2463.05
2453.99
2522.07
2442
2515.72
2421.31
2412.55
2590.67
2490.66
2541.3
2392.34
2237.14
2369.67
2490.66
2512.56
2366.86
2152.85
1265.82
1242.24
2074.69
2386.63
2484.47
2487.56
2557.54
2481.39
2500
2567.39
2475.25
2355.71
2280.5
2453.99
2635.05
2509.41
2355.71
2290.95
2207.51
2094.24
1447.18
1326.26
1699.24
1992.03
2386.63
2594.03
2594.03
2534.85
2339.18
1398.6
1004.52
1101.32
1360.54
1493.65
1749.78
2339.18
2773.93
2853.07
2877.7
2898.55
2902.76
2890.17
2898.55
2911.21
2902.76
2890.17
2877.7
2877.7
2805.05
2793.3
2857.14
2865.33
2877.7
2890.17
2894.36
2890.17
2898.55
2906.98
2894.36
2902.76
2911.21
2902.76
2797.2
2607.56
1718.21
1406.47
1640.69
2034.59
2534.85
2747.25
2808.99
2820.87
2832.86
2849
2865.33
2873.56
2873.56
2873.56
2886
2894.36
2890.17
2512.56
1665.28
1315.79
951.475
864.304
1122.96
1400.56
1829.83
2293.58
2560.82
1295.34
955.566
1419.45
2304.15
2398.08
2312.14
2450.98
2460.02
2481.39
2314.81
2205.07
2249.72
2127.66
2103.05
2331
1892.15
1943.63
2762.43
2820.87
2836.88
2877.7
2886
2849
2857.14
2890.17
2873.56
2844.95
2869.44
2890.17
2702.7
2400.96
2460.02
2512.56
2096.44
1444.04
1392.76
1930.5
2398.08
2702.7
2805.05
2840.91
2861.23
2865.33
2442
2155.17
2280.5
2528.45
2728.51
2812.94
2849
2857.14
2881.84
2898.55
2902.76
2906.98
2902.76
2898.55
2906.98
2881.84
2857.14
2758.62
2724.8
2824.86
2877.7
2898.55
2902.76
2915.45
2928.26
2877.7
2785.52
2466.09
1867.41
1554
1737.62
2290.95
2659.57
2766.25
2816.9
2820.87
2824.86
2844.95
2853.07
2861.23
2886
2890.17
2861.23
2805.05
2812.94
2861.23
2873.56
2886
2898.55
2890.17
2890.17
2902.76
2902.76
2906.98
2824.86
2739.73
2797.2
2869.44
2849
2832.86
2869.44
2894.36
2894.36
2906.98
2890.17
2490.66
1908.4
1755.93
2002
2290.95
2466.09
2666.67
2832.86
1846.72
1370.8
1647.45
2237.14
2512.56
2333.72
2214.84
2314.81
2331
2453.99
2195.39
2028.4
2195.39
2232.14
2262.44
2155.17
2257.34
2475.25
2312.14
2301.5
2421.31
2267.57
2059.73
1176.47
1000.5
1443
1828.15
2012.07
1915.71
1831.5
2053.39
2200.22
2237.14
2076.84
1910.22
2100.84
2085.51
1857.01
2030.46
2369.67
2290.95
1986.1
1992.03
2237.14
2169.2
2081.17
2195.39
2205.07
2275.31
2265.01
1800.18
1178.55
1214.33
1901.14
2185.79
2157.5
2116.4
2162.16
2145.92
2169.2
2176.28
2293.58
2280.5
1947.42
1930.5
2132.2
2188.18
2197.8
2254.79
2301.5
2014.1
2105.26
2597.4
2770.08
2560.82
2389.49
2312.14
2217.29
2304.15
2044.99
1007.05
865.426
1457.73
2134.47
2389.49
2628.12
2766.25
2808.99
2853.07
1928.64
1745.2
2000
1958.86
2272.73
2493.77
2442
2403.85
2453.99
2528.45
2528.45
2466.09
2577.32
2673.8
2635.05
2554.28
2427.18
2512.56
2607.56
2500
2433.09
2350.18
1913.88
1583.53
1713.8
2176.28
2554.28
2710.03
2484.47
2341.92
2466.09
2304.15
2176.28
2331
2436.05
2424.24
2457
2551.02
2487.56
2534.85
2628.12
2544.53
2580.65
2574
2567.39
2525.25
2421.31
2460.02
2500
2607.56
2713.7
2617.8
2490.66
2567.39
2642.01
2430.13
1771.48
1581.03
1748.25
1994.02
2277.9
2350.18
2389.49
2389.49
2466.09
2361.28
2331
2403.85
2469.14
2424.24
2395.21
2341.92
2336.45
2503.13
2564.1
2528.45
2447.98
2538.07
2628.12
2475.25
2317.5
2288.33
2406.74
2383.79
1988.07
1808.32
2136.75
2466.09
2107.48
2072.54
2442
2409.64
1939.86
1943.63
2247.19
2298.85
2463.05
2564.1
2364.07
2214.84
2209.94
1966.57
1876.17
2098.64
2270.15
2280.5
2134.47
2242.15
2466.09
2328.29
2242.15
2164.5
2176.28
2100.84
2148.23
2296.21
2155.17
1901.14
1839.93
1578.53
1151.41
1189.06
1652.89
2012.07
2155.17
2044.99
1885.01
1962.71
2103.05
2123.14
2178.65
2259.89
2296.21
2296.21
2366.86
2460.02
2247.19
2123.14
2392.34
2430.13
2242.15
2127.66
2232.14
2306.81
2372.48
2560.82
2296.21
2252.25
1672.24
1230.01
1472.75
2209.94
2098.64
1771.48
1760.56
1839.93
2002
1984.13
1826.48
2051.28
2564.1
2333.72
2081.17
2066.12
2020.2
2034.59
1543.21
1249.22
1469.51
1934.24
2127.66
2331
2265.01
2298.85
2560.82
1233.81
998.502
1486.99
2020.2
2079
2123.14
2475.25
2403.85
2322.88
2222.22
2227.17
2355.71
2309.47
2098.64
2207.51
2415.46
2244.67
2157.5
2159.83
2125.4
2296.21
2392.34
2424.24
2395.21
2403.85
2395.21
2155.17
2157.5
2116.4
2081.17
1609.01
1231.53
1461.99
2016.13
1683.5
1460.92
1437.81
1298.7
1355.01
1668.06
2012.07
2265.01
1939.86
1256.28
1095.89
1120.45
1090.51
1175.78
1444.04
2018.16
1988.07
962.001
950.119
1955.03
2222.22
2022.24
1972.39
1885.01
1915.71
2178.65
2162.16
1436.78
1273.07
1675.04
2181.03
2433.09
2347.42
2347.42
2232.14
2217.29
2436.05
2317.5
2293.58
2024.29
1988.07
2320.19
2350.18
1308.04
898.876
1168.22
1796.95
2055.5
2157.5
2320.19
2369.67
2312.14
2219.76
2127.66
2190.58
1956.95
1943.63
2244.67
2296.21
2197.8
2301.5
2341.92
2322.88
2042.9
1994.02
2442
2469.14
2098.64
1962.71
2224.69
2347.42
1960.78
1624.7
1237.62
1311.48
1945.53
2006.02
2044.99
2252.25
2265.01
2450.98
2538.07
2472.19
2493.77
2481.39
2487.56
2541.3
2638.52
2673.8
2688.17
2695.42
2649.01
2577.32
2597.4
2475.25
2463.05
2547.77
2481.39
2421.31
2200.22
2288.33
2339.18
2375.3
2512.56
1573.56
1134.43
1272.26
1189.06
1009.08
1263.42
1609.01
1673.64
1980.2
2380.95
2564.1
2493.77
2415.46
2444.99
2430.13
2481.39
2597.4
2418.38
2333.72
2369.67
2331
2152.85
2098.64
1956.95
1936.11
2209.94
1947.42
1236.09
1199.04
1696.35
2081.17
2366.86
2398.08
2304.15
2141.33
2169.2
2229.65
2178.65
2085.51
2100.84
1974.33
1899.34
1928.64
2164.5
2375.3
2205.07
1998
2083.33
2259.89
2190.58
2036.66
1947.42
2120.89
2309.47
2242.15
1926.78
1131.22
1081.67
1721.17
2055.5
2232.14
2049.18
1934.24
2022.24
2190.58
2270.15
2267.57
2224.69
2280.5
2469.14
2183.41
2265.01
2333.72
2202.64
2209.94
2275.31
2427.18
2341.92
2375.3
2188.18
2212.39
2155.17
1765.23
1851.85
926.784
844.595
1684.92
2059.73
2224.69
2280.5
2044.99
2030.46
2157.5
2267.57
2314.81
2355.71
2212.39
1811.59
1833.18
2000
2012.07
2070.39
2178.65
2247.19
2087.68
2227.17
2386.63
2111.93
2192.98
2544.53
2544.53
