1.11287e-311
inf
2.49308
71.7566
69.0536
62.0848
70.819
85.0847
80.5218
88.4995
94.3485
90.1063
90.2079
91.0747
87.4623
66.0895
22.7803
24.7094
87.2905
86.408
85.11
87.3744
87.447
79.4881
77.1575
82.3045
81.9001
82.464
82.9325
75.03
70.4349
74.8419
78.7247
80.1989
84.9149
83.8364
83.3021
87.5274
84.2176
78.9017
81.3736
85.2769
82.6685
83.5596
87.2791
81.0964
75.0188
77.3126
82.2808
80.3116
82.5185
85.8517
82.5117
83.4272
85.4591
81.9639
82.6446
86.7679
84.6525
80.4602
82.0513
84.8716
73.2359
73.006
81.3471
79.1139
80.6614
83.4446
81.666
77.6639
79.6432
82.247
83.9877
84.4809
82.1726
78.7061
79.6813
84.6059
68.5918
66.5071
75.3466
73.5943
78.2595
82.9256
79.6527
76.8315
79.6527
77.818
77.4683
82.5355
81.823
83.7696
83.4098
79.6242
81.2843
80.4829
78.3791
77.3664
81.666
85.4628
79.3997
79.1327
80.8244
78.4099
80.7754
84.1751
80.4376
78.1311
79.6718
80.7591
78.8457
79.6337
78.2044
74.1125
74.0851
80.0801
81.676
78.4314
80.5283
75.1682
76.2108
81.7327
77.104
76.5287
82.8432
81.6493
79.233
81.0438
72.8783
60.6575
63.4457
75.7404
79.4502
81.0077
76.8965
76.9556
79.5229
79.5893
81.0012
81.2876
80.1346
79.4913
80.8604
78.8022
73.0994
70.0722
75.2984
81.1655
77.2618
77.1307
77.4503
75.8639
79.5957
77.229
76.4088
78.6875
77.9454
81.823
83.6155
80.4311
72.1605
70.8742
71.5845
72.4323
79.4597
77.0505
68.9441
63.2071
62.3733
63.5203
63.859
67.1163
63.0438
57.9542
62.5959
61.6561
63.2992
69.483
63.9407
65.9631
76.7607
78.9297
73.7599
69.9521
69.4372
68.8231
66.4297
60.6336
66.7624
74.9625
69.7326
72.1605
76.4672
78.7402
78.1219
72.6639
73.3972
78.734
76.799
75.2559
75.8927
76.5199
77.2947
77.9697
72.8704
68.3737
73.03
76.3359
76.5843
78.4868
76.864
75.9878
78.5947
78.5947
77.8634
80.4505
79.7416
78.1952
77.2947
75.1258
71.1238
68.8895
70.6539
73.3407
80.3859
78.183
74.4629
78.0031
77.5855
77.7182
80.2729
80.3052
74.9878
71.5973
73.177
73.6079
69.8105
67.3605
73.918
80.331
75.2984
74.8643
79.1421
76.266
72.5321
76.0717
75.7863
74.0713
76.2369
74.5907
76.3563
75.392
68.9489
67.7736
73.0754
75.7088
77.232
80.7624
76.5374
75.0694
78.1189
75.092
74.3384
75.4176
73.5835
76.1673
80.7168
76.5169
71.1668
72.6586
73.0273
75.4745
80.0865
79.1954
77.1367
77.0891
75.4233
75.8812
79.017
77.5014
76.476
79.7448
79.3462
72.9448
70.3161
73.9044
74.5935
75.5629
77.8422
74.94
72.99
74.6965
76.6724
79.5355
81.1326
75.8495
73.7191
70.7589
68.6908
69.8178
71.398
76.8049
78.3822
75.4034
76.089
78.7681
80.4635
77.4383
76.2457
78.0854
74.9653
75.2587
79.0202
73.0087
69.5555
70.8165
71.6204
74.9597
76.7754
75.1202
74.2887
73.8198
75.959
79.5323
77.4353
73.8362
76.1238
81.6927
75.0666
72.0591
71.7489
69.3842
72.4165
74.1785
75.7892
78.7805
80.7624
80.8669
76.3038
76.3213
73.7517
72.9714
78.0244
73.2198
69.4324
66.0001
66.68
73.5889
73.9426
74.9991
75.4233
73.2038
75.1625
75.8524
72.2596
74.898
80.0544
76.2806
76.0717
72.881
64.348
67.2947
74.4352
74.3688
76.5023
79.7544
76.5404
74.6157
75.5059
70.6015
72.1345
78.1983
76.0977
76.7254
71.8985
68.9346
69.6524
71.0707
72.8067
72.5558
77.6187
78.3853
74.1317
75.8697
75.5886
74.9653
79.7734
74.6324
73.9782
80.9848
71.3267
67.8748
74.6826
70.8793
69.808
75.0892
74.7189
73.5321
77.0861
74.3965
73.6133
77.4054
73.3999
73.8498
78.2963
70.0575
66.921
69.471
70.5418
74.1812
72.3746
74.4352
77.3007
74.7915
73.7137
73.692
74.1675
76.3854
78.8395
74.3273
69.3698
72.0851
69.4179
67.7438
75.0751
72.7405
72.5795
78.4006
75.1428
74.2777
78.638
75.4973
75.7318
78.5484
73.5862
71.5333
72.393
73.0567
73.4808
73.4403
71.2454
72.6982
76.643
72.648
73.0114
75.884
73.3192
73.635
75.8121
73.4592
69.9643
71.7309
67.2359
62.9763
65.9065
70.8567
73.4835
71.3929
74.9485
79.3367
76.0543
72.2674
73.3891
71.187
71.3241
69.869
65.2699
68.4603
71.8701
71.2784
73.006
76.0109
73.3057
72.8943
71.9037
72.8916
74.3854
71.2936
74.3218
73.3326
66.0917
67.0062
71.9114
70.4871
73.0247
76.7784
70.9824
71.9037
77.7514
77.5344
76.3475
73.6377
70.7864
73.2333
70.7314
66.0393
70.809
75.8639
71.5743
71.3776
75.6802
72.3694
72.4165
72.1319
71.1567
73.0007
69.9864
69.6646
73.2681
71.0757
66.1989
69.3914
71.1415
72.1996
75.7547
70.7089
71.7824
75.6544
70.1681
70.1016
74.6882
72.812
73.1529
76.4672
65.0957
62.5078
67.2314
68.3177
73.97
69.8178
69.9643
75.8984
72.6348
71.2682
76.1151
77.7242
77.0327
78.5361
72.1215
66.66
69.5362
70.3507
71.8623
74.4685
71.9891
74.0521
76.646
74.7971
75.8409
73.4592
71.8004
73.7599
70.5592
67.5447
70.1754
64.6454
64.0677
72.3066
69.1563
68.8587
73.779
70.5293
69.8153
71.4566
69.9864
73.0647
72.8943
71.6974
68.0619
61.799
65.3616
73.2735
70.6414
71.0959
74.574
70.1434
70.9446
70.9622
70.5816
74.7412
72.5768
71.4107
75.6001
69.1898
64.2694
69.5386
68.7971
70.5144
75.4888
73.443
75.5287
78.9983
76.3359
75.0666
75.5572
73.3299
70.995
71.8675
66.2142
62.5234
66.1004
70.2642
74.7719
74.7664
72.5295
71.7721
71.9114
72.8571
75.0863
73.6947
71.9321
72.2204
69.9007
66.2844
65.8263
66.8516
69.1683
71.0682
72.5742
74.1675
71.0353
69.056
71.6358
72.0851
72.982
77.0921
72.1215
69.935
69.4011
63.8345
67.0893
74.7664
73.2306
72.7988
74.0604
68.6295
67.2721
69.6403
71.398
72.9528
69.3001
70.9597
75.4717
64.8109
64.4496
73.2574
69.4203
67.7667
71.5692
73.7517
74.8503
73.2654
74.6296
75.0413
71.0581
72.9235
73.3218
69.718
60.2428
57.0548
62.0463
67.39
71.1896
72.0929
72.8173
70.8943
72.3066
76.0081
75.7232
77.3096
74.6742
70.4473
68.6601
67.3083
68.4229
69.808
72.6586
70.2864
70.8994
73.8552
71.0858
72.3903
71.3089
70.5393
72.3327
70.3581
67.3514
65.8957
66.6622
70.2321
71.803
71.8881
72.1084
70.7364
69.4107
71.9942
73.9481
71.5103
72.0929
71.1339
69.1133
70.9245
67.0826
65.3381
70.7389
68.8682
67.4946
71.6076
70.5791
71.564
75.7949
74.2363
72.9076
70.8265
70.4945
66.3262
61.2295
63.8182
69.1228
70.1385
70.7639
73.4646
69.0536
69.6112
71.5436
71.1187
71.6255
68.7214
70.3383
70.2765
63.8305
65.6664
73.711
72.1631
69.512
70.6739
70.8291
72.0228
70.5965
69.6961
72.1761
69.4252
69.7642
69.9668
64.1849
66.28
72.8916
71.6384
71.5999
72.1215
70.3631
71.0177
69.3914
69.5459
71.9761
67.9256
69.2305
69.7788
61.3968
61.0631
66.2581
69.1515
67.5767
65.634
69.389
72.8597
69.5265
70.7689
76.0052
70.7714
69.0203
63.4679
59.979
65.8805
67.3786
69.4396
73.7463
72.59
70.2075
68.646
66.5979
68.2594
68.2152
69.65
73.5592
67.6796
64.4309
68.7994
67.7553
68.3995
73.2038
70.614
70.4126
70.7739
71.0051
73.6187
70.7289
69.2425
72.2178
68.1896
64.2983
66.1223
66.1288
66.2032
67.2337
69.7593
73.303
70.799
70.4002
72.6164
69.684
68.0758
70.4424
72.4716
67.3741
64.0738
65.5544
68.2477
70.0403
70.9522
73.1529
70.6964
71.2276
72.8651
70.5965
69.6209
70.0329
68.9988
66.6178
62.191
60.1305
65.2635
68.1896
69.5749
73.062
68.6248
66.538
71.0379
71.1465
70.3111
73.3111
71.0909
67.44
65.0301
64.0677
66.0415
65.9522
67.3197
68.6908
70.2001
73.5998
69.3938
68.9394
73.5754
69.8739
67.6521
69.0536
64.6433
60.9607
60.5473
65.8827
71.9994
68.4346
69.4927
70.7639
66.291
69.4541
74.0192
69.5604
69.6112
70.4598
63.3834
61.7132
66.4872
70.1213
72.4061
69.3914
70.1287
74.3218
67.8541
67.5699
70.8541
70.4101
70.4622
64.2612
64.9984
65.6556
63.7491
68.7332
67.9394
66.6622
69.4131
69.5362
70.9723
73.381
71.0404
69.9276
70.0452
67.914
67.1885
63.5062
65.3873
70.4573
67.5333
68.4275
71.4107
67.8979
65.7246
67.1524
68.7049
68.7073
65.3232
67.3741
66.8404
61.2764
62.8082
66.8472
69.6258
72.4375
69.9081
69.2018
71.5001
68.8942
69.3337
71.6153
68.3293
69.3722
72.3982
60.4595
59.8444
69.1181
68.2082
69.471
70.2617
70.8767
72.0617
70.4126
68.8871
70.5442
71.0884
70.1311
69.9692
66.368
65.8805
67.4332
67.5607
69.3481
68.6036
68.1408
69.2521
69.5531
71.253
62.4337
61.5764
70.4126
67.4673
67.8265
67.2653
59.2382
60.7533
66.7958
68.299
70.9774
70.2691
69.087
67.5219
66.4275
66.0655
66.1485
68.1547
68.9299
63.0457
60.746
65.9652
68.2827
69.7399
67.2585
66.2427
68.0921
64.9077
66.9344
69.8788
67.4263
68.4697
67.3287
63.2231
63.9816
66.6178
69.4035
71.5436
67.5607
67.4218
71.048
72.4979
72.6533
69.8446
68.8137
70.7089
68.1268
64.3604
63.4437
64.4039
66.4916
67.4036
68.4041
69.558
67.5767
69.3169
72.7035
68.362
68.3504
70.6564
67.6682
62.9545
60.6962
64.5953
69.8568
69.5024
71.0328
73.4781
71.9424
67.193
66.3592
69.2737
68.9869
66.8807
67.6201
65.8827
64.9287
68.6884
65.2443
66.3746
70.5766
65.7505
66.1004
71.0707
69.9032
69.3121
71.4082
67.9694
62.8634
60.1395
63.4317
69.6549
68.8729
69.3987
70.8617
61.2989
60.8291
66.1507
67.4195
71.2428
61.1864
57.4614
60.6962
48.294
48.663
57.6502
61.2145
69.6258
69.9668
68.4065
68.7285
70.0305
67.4536
68.292
72.4927
60.6888
59.1593
67.7369
69.3049
69.8275
67.6773
69.4758
70.4846
65.5544
63.4699
67.5516
71.4337
73.1101
71.4464
65.3851
63.4095
65.066
66.749
67.7576
66.9837
68.8444
66.0829
64.4662
68.9085
69.7399
68.646
71.5436
65.1402
60.1395
62.315
65.0978
67.3174
65.937
68.2734
71.5077
68.6837
66.5093
66.2164
67.4241
71.0606
69.957
63.5546
60.0132
63.5425
66.977
65.1869
66.5225
70.9673
68.7829
67.5106
71.5692
68.9394
66.5048
70.279
71.9606
69.5241
63.5607
60.4833
64.4974
64.082
66.1266
69.8714
69.0036
68.9489
66.3945
66.5247
67.9902
66.1551
68.2291
68.4439
63.0378
65.3766
61.0035
60.4357
68.1245
67.6865
68.32
69.1683
68.7285
70.3631
68.6695
68.0573
69.3602
66.9815
66.0677
58.0939
56.9039
61.5006
62.7254
67.2812
66.1923
67.891
72.3929
69.9692
68.3293
69.6937
66.8449
62.5547
59.4937
61.6466
68.451
66.0437
66.1857
68.7569
66.2208
68.7853
68.6625
68.5659
71.5973
66.6933
65.2061
64.2446
60.5987
65.2188
66.8472
65.9413
69.6233
66.2142
65.4922
69.4228
69.2185
68.3504
66.3152
67.0039
66.2383
58.6941
60.5877
65.8328
65.6664
68.5683
69.1228
68.2291
68.5753
66.8785
67.769
70.9723
68.0735
66.4894
63.6983
61.3949
65.8003
65.0111
64.7878
69.0036
67.838
68.3153
68.0689
68.1268
71.3216
68.2291
67.3673
65.9718
60.2337
63.0159
66.6956
65.987
68.7711
67.8887
67.1501
70.6115
68.2012
67.7231
67.5379
67.563
69.6913
56.9152
56.3587
65.8285
64.8614
67.9094
66.223
65.4707
71.0278
68.0897
67.1434
66.6756
65.2933
67.5836
62.8674
57.4119
56.9379
62.7412
68.3527
68.7545
68.3037
68.4065
67.2902
66.6023
66.807
66.2932
68.7592
57.1919
51.5597
61.6884
66.5447
65.0872
64.9519
65.8263
65.8436
67.3151
70.4722
67.1299
67.4878
71.3827
69.0536
58.3158
57.7617
62.106
64.4787
68.4299
66.5159
65.2188
64.9393
66.313
66.9254
68.0967
68.8326
65.4236
64.2963
63.591
62.7392
66.7445
70.5094
68.7356
68.3223
67.3696
66.6001
68.4018
67.1659
65.6771
64.8845
65.6771
61.7227
57.9307
63.9632
67.7254
66.2537
66.0851
65.1126
66.2317
67.547
66.3658
66.0131
64.7794
62.1427
59.446
59.7372
62.543
63.9407
66.7534
69.0155
67.6224
66.9591
69.5797
70.8843
69.0775
65.3488
65.3616
66.7423
61.3535
61.4345
67.1411
69.1133
68.8539
65.4429
66.5557
69.3818
66.8271
66.6445
65.0957
64.7375
67.1817
60.5144
58.2479
55.8722
57.617
67.7667
67.0848
66.8382
69.4613
68.3574
67.2224
65.0491
64.0964
66.7379
64.2405
58.8547
59.2049
65.6125
70.2716
66.6978
66.7
70.7414
68.1315
66.0197
64.7543
64.7899
67.3106
63.0895
59.5451
60.5492
64.6831
67.8817
64.3004
65.6426
68.8326
66.0349
66.3284
65.2827
63.2391
65.9
67.0107
65.0999
59.4318
58.3959
65.1042
69.0083
68.5307
68.451
65.7765
65.7095
67.4809
66.313
67.331
65.136
65.6901
65.7181
59.8176
61.6371
64.3998
66.0284
70.4746
66.4606
63.9857
65.2443
66.8941
68.6554
65.7095
66.0153
68.9727
64.3915
58.744
61.8372
68.8729
70.7089
65.1317
63.1293
64.7501
62.8318
64.6392
65.028
64.748
62.9882
60.8051
56.7988
55.9534
62.3791
63.5566
65.1806
66.6667
65.1721
68.8208
72.5531
70.8793
71.048
73.2038
71.8933
64.3998
56.1656
61.2858
72.759
70.0231
69.1252
72.7511
72.3903
73.3057
74.5907
69.8617
69.8275
71.8546
70.0501
72.1163
62.7038
60.5473
72.1943
71.0076
69.1348
72.0643
70.3012
72.5558
76.0485
71.2099
71.7952
72.8385
70.8868
72.5242
64.6538
64.1828
72.4611
68.3434
65.6276
69.6937
67.9602
68.3574
71.7489
72.0461
73.8062
70.8592
71.4005
72.4087
66.2142
63.3754
63.2691
65.8371
70.7064
68.3971
67.4696
71.1921
71.0076
70.7389
73.022
69.025
67.6293
72.2961
68.8942
68.3831
69.0393
65.5072
64.0369
63.5546
64.6872
67.7484
68.8042
69.3505
71.7849
69.0536
68.7262
68.8563
68.0434
65.4536
58.4232
59.0075
64.7124
66.2427
68.6083
71.2124
71.2758
72.1059
68.4861
67.9302
70.9648
66.4872
66.8539
69.9423
67.2066
61.2257
58.9918
64.3894
68.2477
67.3129
69.1228
70.932
72.759
72.3798
67.5151
69.1061
73.2708
69.5967
59.1961
55.6529
63.1772
69.9105
68.5565
68.9917
71.426
70.2247
69.7934
71.495
71.0303
71.0656
71.1845
71.7463
70.0378
63.3192
63.3352
68.3901
68.1942
69.3577
71.6949
67.5835
68.4814
72.5926
71.8856
71.2428
67.2631
67.193
66.8338
61.4742
62.9089
66.4849
67.944
70.1434
66.5225
68.0342
72.2961
66.3967
65.8393
68.3293
65.43
61.6485
60.4558
61.8162
66.3989
66.2603
66.7468
66.107
66.0611
71.8313
68.9513
67.9579
70.604
70.995
70.8617
68.2384
60.9255
62.2995
66.9837
68.4838
72.9501
68.2501
66.9927
70.4374
66.357
64.8908
65.7009
67.1276
68.3597
65.4879
62.9981
64.5765
66.313
68.1338
70.0329
70.3012
69.4589
66.6134
68.8089
72.4533
68.8113
69.4276
65.9131
60.1594
60.4467
62.8259
68.2547
69.5483
68.2198
69.0155
67.49
67.1389
68.4182
67.4468
69.9325
72.4848
60.573
59.7122
66.8092
67.9879
71.9683
67.8495
68.0828
71.0934
66.072
66.5026
71.1997
67.7117
66.0044
62.3616
58.3277
63.2191
66.8137
66.8986
68.0573
68.8184
71.852
70.2124
69.0131
70.7764
68.2268
66.2076
69.4059
70.7814
64.1746
53.0124
56.7972
63.3292
63.3673
68.3691
66.1923
67.4923
68.8753
67.4127
66.7401
68.1129
65.7311
59.0197
56.1514
61.5555
63.2631
64.2859
67.611
64.4849
65.0195
68.9109
71.0682
69.8202
67.643
68.8705
65.1105
59.423
62.6527
68.1756
67.4013
68.0156
69.1061
67.6064
68.157
67.0196
67.0623
67.792
65.7333
63.3894
59.3895
61.1864
66.8472
65.8545
66.6644
69.1611
67.0916
66.0022
66.3614
65.2614
67.2834
65.5609
64.1396
59.2856
53.5561
59.5274
63.7897
63.1692
64.9224
65.4386
67.1434
67.288
64.8887
60.9719
62.3928
68.8255
62.8951
58.0299
62.6625
67.643
69.7083
67.861
67.3469
69.4975
67.7323
66.2164
67.1953
66.6689
67.6384
68.1617
64.0533
61.931
63.8672
66.4033
67.2359
66.8382
68.472
67.0017
66.8025
71.0177
69.0203
67.8541
67.3197
65.9478
65.9218
60.7626
61.3666
68.011
65.647
67.0309
70.7439
69.8275
69.8056
65.3723
65.9413
68.1385
65.2273
66.368
66.4628
60.7165
61.9291
65.4943
64.3045
65.9065
66.9613
68.1129
68.2477
68.6931
72.4611
68.2012
67.2925
71.0606
63.9345
58.5806
61.6238
65.2614
67.0691
69.3385
68.8089
67.0286
64.4205
65.5029
66.1857
66.9478
70.9295
65.937
58.3277
58.7199
63.3573
67.7576
69.2425
66.6756
66.6911
64.8971
65.4365
64.704
64.2137
68.0967
66.9613
60.1685
54.3508
58.1345
65.6405
65.7225
65.3275
67.7231
70.0845
70.614
65.8827
65.0576
70.0035
67.3151
65.6901
63.0179
60.3264
65.0449
64.973
65.9739
70.0574
65.7397
65.7073
66.6756
65.5115
67.3559
65.6685
65.6814
69.9325
61.0389
55.0131
60.6943
64.9646
66.454
66.324
67.3446
65.8025
64.5474
68.4861
64.2096
64.7941
72.5163
67.0466
61.7151
62.7589
65.0809
66.7334
65.2358
64.2921
61.314
61.2539
68.2408
68.6365
67.9648
68.7309
66.8874
64.1293
61.2595
63.4478
67.8357
66.3614
65.1402
66.7557
68.0295
67.974
66.1419
65.9304
66.8315
65.7484
63.3653
61.1883
63.7531
67.5447
63.1652
63.482
65.9391
65.3253
67.0578
67.1727
67.4992
68.8682
67.0758
67.2405
57.12
54.8516
60.9998
62.1292
66.5314
64.5515
63.6943
67.8495
68.1129
67.2631
68.4205
68.3714
68.8231
60.0998
55.5586
62.5763
63.857
64.0061
67.6064
66.9658
67.6933
66.0131
65.9674
69.0846
67.0578
66.72
65.1572
60.8754
61.4081
63.2151
66.0502
66.5314
66.8025
70.0697
67.5197
64.5932
66.1048
66.9389
65.6707
62.2432
64.5724
61.4005
59.2663
65.2167
63.7267
63.5566
65.7916
66.5956
66.3284
66.2186
67.3832
68.0087
65.4879
66.6311
67.7254
59.0197
59.1996
65.6125
65.2976
66.4827
65.4065
66.1026
69.4252
67.6888
67.3809
63.484
63.8264
66.9411
61.2014
60.0258
63.9754
65.0745
66.0895
65.0682
65.1954
68.1315
66.379
66.7334
65.5329
65.5802
69.2521
63.8529
56.273
56.3412
61.4609
66.9434
65.2678
63.9427
64.8908
67.0871
70.932
65.9826
63.908
66.1901
65.6707
66.3945
58.0248
57.0467
57.7317
58.4642
66.5071
63.589
62.9644
66.6245
67.0511
66.4827
65.9478
65.647
68.1896
57.0825
