1.0873e-311
inf
1.06866
3.92072
3.95865
3.95522
3.79631
3.43877
3.13834
3.18731
3.3212
3.24358
3.2565
3.54955
3.45005
3.25095
3.42931
3.46912
3.62871
3.74476
3.66498
3.20731
2.87874
2.92235
3.08571
3.09682
2.88871
2.81851
2.84384
2.99513
3.09553
3.07404
3.1164
2.77563
2.83258
3.21953
3.21551
3.32402
3.26462
2.8711
2.75287
2.71446
2.62012
2.79439
2.88799
2.77373
2.86362
3.18813
3.23623
3.04078
2.89565
2.86315
3.07018
3.39733
3.52169
3.4187
3.35838
3.02992
2.65524
2.81281
3.04777
3.21959
3.46426
2.84368
2.62947
2.96932
3.1569
3.16186
3.04943
2.90425
2.85246
3.10862
3.41279
3.5828
3.16222
2.74994
2.62775
2.82851
2.87822
2.6532
2.61227
2.18004
2.28697
2.79488
2.51123
2.62361
2.61921
2.54519
2.97847
3.03686
3.05236
3.11361
2.62079
2.59372
2.74402
2.51155
2.47596
2.60551
2.80155
2.94346
2.98387
2.98582
2.77095
2.58253
2.6556
2.84614
2.84412
2.69603
2.55903
2.6295
2.79198
2.75449
2.68676
2.47626
2.59627
2.811
2.81509
2.75152
2.41377
2.39962
2.47341
2.53245
2.55178
2.52167
2.47319
2.45431
2.69569
2.81282
2.7675
2.62126
2.65635
2.65579
2.64025
2.45521
2.27263
2.47802
2.65792
2.76314
2.72285
2.46312
2.52556
2.75371
2.82823
2.86398
2.71086
2.52317
2.56789
2.60635
2.67308
2.70452
2.4308
2.56814
2.84094
2.85223
2.71015
2.49925
2.61387
2.79254
2.89748
2.93928
2.7653
2.56974
2.68184
2.90667
2.8613
2.71043
2.51732
2.64933
2.83979
2.88976
2.90551
2.71349
2.55028
2.63503
2.83958
2.82648
2.74139
2.57697
2.70772
2.88478
2.85221
2.90992
2.82994
2.68
2.7234
2.87603
2.89547
2.78728
2.57139
2.69008
2.82891
2.7675
2.89364
2.81922
2.59321
2.63267
2.89808
3.02233
2.93728
2.60504
2.64254
2.8932
2.92225
3.01156
2.90865
2.63704
2.6571
2.88603
2.89503
2.9302
2.70626
2.62524
2.86556
3.04276
2.99265
2.88097
2.72151
2.63848
2.757
2.88826
2.9317
2.62696
2.58938
2.85979
2.90897
2.86035
2.88091
2.7635
2.67323
2.74133
2.88287
3.02046
2.83823
2.65385
2.66674
2.60809
2.63914
2.76399
2.66012
2.63598
2.79657
2.86715
2.88286
2.70331
2.5787
2.76502
2.89814
2.89184
2.78503
2.60519
2.45865
2.43684
2.48174
2.40303
2.38249
2.67378
2.86342
2.78959
2.8535
2.83988
2.67519
2.65566
2.82758
2.92068
2.73721
2.47399
2.60667
2.90008
2.88734
2.88915
2.88804
2.64104
2.52886
2.66191
2.78692
2.80191
2.54653
2.58994
2.82066
2.9013
2.97454
2.77513
2.57029
2.68591
2.8887
2.89526
2.89164
2.62264
2.54646
2.73475
2.84221
2.89904
2.84571
2.60484
2.62421
2.86159
2.88587
2.91762
2.64361
2.57717
2.77363
2.85309
2.92226
2.83759
2.58036
2.62342
2.87391
2.87965
2.80392
2.54575
2.56902
2.78732
2.86608
2.95476
2.83695
2.57272
2.61144
2.85806
2.89781
2.82634
2.57048
2.58962
2.81493
2.86165
2.8509
2.81377
2.67603
2.62737
2.8069
2.90335
2.83207
2.59038
2.63806
2.8692
2.8867
2.85617
2.71167
2.63223
2.76298
2.87933
2.93888
2.96483
2.67774
2.60062
2.81599
2.94473
2.97252
2.85109
2.61863
2.69804
2.8331
2.8473
2.86301
2.65427
2.56531
2.68946
2.87121
2.88692
2.79318
2.58788
2.65218
2.86157
2.85943
2.88856
2.64033
2.52592
2.70833
2.88879
2.98527
2.89169
2.67063
2.5711
2.73264
2.85819
2.83228
2.62322
2.58177
2.75666
2.8367
2.87357
2.85459
2.66034
2.5918
2.77419
2.92846
2.93268
2.72155
2.49101
2.56672
2.85277
2.92614
2.81386
2.55607
2.66148
2.86041
2.82716
2.87971
2.8551
2.65671
2.63463
2.8471
2.91978
2.86731
2.57625
2.60026
2.85559
2.88274
2.89245
2.81596
2.58721
2.59554
2.78817
2.79232
2.80757
2.64516
2.5851
2.75727
2.85956
2.86303
2.73862
2.66286
2.74381
2.83614
2.87718
2.90582
2.68753
2.57893
2.73514
2.8733
2.94687
2.81681
2.55005
2.61017
2.83561
2.83906
2.79015
2.54807
2.58834
2.76808
2.74799
2.77576
2.56917
2.56337
2.76536
2.83539
2.88303
2.81768
2.64076
2.46469
2.60676
2.83233
2.7729
2.56085
2.61592
2.80856
2.79321
2.84047
2.81358
2.60105
2.6133
2.82762
2.87132
2.83955
2.56954
2.49113
2.70362
2.81781
2.85887
2.68316
2.48922
2.63759
2.85807
2.89836
2.86586
2.60241
2.50874
2.69502
2.81531
2.8574
2.70248
2.61178
2.71303
2.82136
2.87224
2.85722
2.61141
2.54138
2.73156
2.84672
2.90434
2.75289
2.6005
2.71018
2.87551
2.83429
2.80676
2.59358
2.57674
2.76691
2.84112
2.87406
2.69996
2.5785
2.67615
2.84764
2.86088
2.6958
2.51354
2.62172
2.79659
2.77617
2.7836
2.62335
2.54768
2.70986
2.83197
2.84423
2.71293
2.60723
2.6851
2.80707
2.76944
2.68626
2.58753
2.60922
2.70222
2.7587
2.86868
2.7429
2.55791
2.6727
2.85745
2.83755
2.7173
2.55436
2.64707
2.76217
2.73356
2.77207
2.60978
2.52548
2.65134
2.76391
2.79268
2.72191
2.5374
2.57103
2.79556
2.83122
2.7909
2.60948
2.49899
2.64536
2.83038
2.88338
2.68565
2.5554
2.63296
2.75887
2.84501
2.76662
2.452
2.47673
2.77067
2.80774
2.77396
2.54586
2.53562
2.76354
2.83447
2.81752
2.71232
2.55212
2.62626
2.78604
2.77577
2.7038
2.51522
2.55502
2.75895
2.79628
2.76035
2.51181
2.55929
2.83629
2.82778
2.82825
2.8671
2.69117
2.5311
2.665
2.82816
2.85133
2.59092
2.5921
2.7872
2.80928
2.84315
2.70029
2.54302
2.61804
2.75998
2.77538
2.73071
2.53117
2.37041
2.35358
2.41544
2.36837
2.25803
2.39659
2.64025
2.72663
2.75173
2.48781
2.4934
2.79334
2.83768
2.7686
2.55407
2.60518
2.79237
2.79662
2.7937
2.69057
2.60202
2.69996
2.81452
2.79924
2.81453
2.55819
2.51922
2.77182
2.88359
2.89468
2.63031
2.53164
2.6527
2.76978
2.791
2.79791
2.56089
2.56813
2.83074
2.8041
2.79005
2.52178
2.58453
2.83187
2.77931
2.78167
2.63113
2.56517
2.67187
2.78567
2.81051
2.73872
2.50721
2.54656
2.81352
2.889
2.86438
2.71549
2.52324
2.53352
2.76195
2.83792
2.77183
2.53758
2.57263
2.85721
2.82388
2.71834
2.5098
2.45265
2.66863
2.8251
2.86393
2.77824
2.55004
2.57185
2.81558
2.8679
2.82078
2.56221
2.55376
2.79581
2.86451
2.84543
2.64422
2.50661
2.63219
2.78882
2.79611
2.75924
2.67211
2.5698
2.67659
2.88251
2.86953
2.60099
2.56949
2.76463
2.79547
2.80612
2.67724
2.50965
2.61074
2.83291
2.8655
2.73714
2.50552
2.58471
2.80179
2.80073
2.79158
2.62771
2.4637
2.57769
2.70847
2.74883
2.73788
2.52166
2.57474
2.82859
2.88381
2.84357
2.64573
2.6207
2.76798
2.86924
2.86765
2.66955
2.55996
2.68843
2.82238
2.81305
2.69271
2.43656
2.39787
2.58977
2.70787
2.70043
2.46883
2.48676
2.72297
2.73612
2.77799
2.54298
2.49826
2.71691
2.75414
2.82539
2.75904
2.52037
2.53968
2.71579
2.79218
2.78122
2.51844
2.52845
2.72069
2.78486
2.86985
2.53216
2.51026
2.80573
2.82629
2.8061
2.68806
2.47627
2.54601
2.75762
2.74826
2.75559
2.51721
2.52557
2.8049
2.84591
2.75449
2.50755
2.4989
2.69952
2.74315
2.74372
2.75473
2.51933
2.50775
2.60904
2.64113
2.73874
2.40997
2.43311
2.60304
2.35174
2.20599
2.28757
2.54869
2.66718
2.76624
2.66446
2.48622
2.70094
3.03465
3.14996
3.0734
2.81073
2.73452
2.91582
3.06116
3.08938
3.07111
2.87535
2.76152
2.98161
3.08681
3.06778
3.08036
2.95513
2.72794
2.85965
3.09425
3.05602
3.15393
2.90752
2.76778
3.06777
3.18195
3.13656
3.10918
2.92158
2.67617
2.66214
2.86566
3.04644
3.15366
2.84192
2.84548
3.16226
3.13461
3.09243
2.7417
2.4342
2.65009
3.03874
3.14636
3.16934
3.17965
2.93726
2.7676
3.00091
3.19909
3.22287
3.12076
2.75772
2.85116
3.12105
3.05962
3.03018
2.93301
2.86725
2.78302
2.93509
3.16197
3.17746
3.14563
2.8305
2.83963
3.17375
3.18351
3.17403
3.08239
2.78872
2.85084
3.11972
3.09225
3.13598
3.20559
2.86899
2.81954
3.10478
3.16942
3.23207
3.24531
2.92015
2.80605
3.06204
3.18413
3.17917
3.126
2.97572
2.82094
2.99059
3.12438
3.08621
3.13842
2.82669
2.77759
3.12643
3.20394
3.19536
3.17332
2.95975
2.7715
2.95039
3.12495
3.11227
3.14329
2.96753
2.85949
2.99471
3.10532
3.12077
3.13769
2.83239
2.74125
3.03941
3.16952
3.13322
3.18234
3.08074
2.78974
2.92235
3.14277
3.1355
3.14705
2.84245
2.73831
2.8915
2.6272
2.43356
2.72058
2.76103
2.78951
3.10218
3.13634
3.16273
2.90536
2.60552
2.5087
2.55515
2.78874
2.67663
2.40447
2.59833
2.92193
2.86638
2.78819
2.62158
2.39993
2.49629
2.79006
2.85205
2.60991
2.56851
2.80007
2.92544
2.7899
2.68267
2.50931
2.44728
2.62241
2.70342
2.69141
2.51262
2.61937
3.02107
3.14247
2.9475
2.70359
2.41524
2.257
2.39154
2.51699
2.59019
2.63219
2.75105
2.71535
2.69333
2.71787
2.5369
2.56676
2.7943
2.96846
2.97778
2.6578
2.4967
2.81243
3.00285
2.98573
2.7813
2.53086
2.58647
2.72322
2.62525
2.2664
2.06401
2.17267
2.11065
2.06792
2.31052
2.32573
2.35909
2.49313
2.43922
2.36997
2.34373
2.44616
2.56717
2.63202
2.48233
2.46923
2.51394
2.483
2.58097
2.5681
2.5723
2.79804
3.10498
3.08841
3.00822
2.76813
2.82787
2.92376
2.90975
3.04006
2.6178
2.42287
2.71037
2.80253
2.64362
2.60062
2.57769
2.54978
2.69598
2.725
2.6107
2.4885
2.57315
2.85759
2.81008
2.75891
2.7335
2.54041
2.57658
2.82722
2.88561
2.95993
2.65039
2.55175
2.86549
2.83657
2.83259
2.70049
2.63788
2.80887
2.93136
2.99079
2.99758
2.8377
2.71649
2.94414
3.1123
3.10777
3.11142
2.78761
2.7131
3.00908
3.08325
3.08529
3.0364
2.8702
2.60156
2.58507
2.6216
2.28875
2.21946
2.17359
2.10872
2.14491
2.11336
2.03137
1.98829
2.03173
1.97574
1.9243
2.16027
2.63582
2.61065
2.22909
2.15695
2.50813
2.76731
2.80612
2.6468
2.57472
2.81998
2.88223
2.86382
2.79801
2.62044
2.78221
3.03218
3.00189
2.98512
2.47328
2.45855
2.97807
2.89303
2.77251
2.70542
2.54025
2.54867
2.68341
2.64477
2.79883
2.76296
2.57438
2.73154
2.90134
2.90991
2.84908
2.64738
2.72825
3.00368
2.74056
2.64915
2.47869
2.51633
2.77993
2.72879
2.74662
2.65264
2.60644
2.81157
2.98219
2.99362
3.03423
2.66443
2.62586
2.87209
2.84583
2.8765
2.67859
2.61637
2.87193
2.99662
2.85885
2.77293
2.63053
2.61302
2.74154
2.6261
2.59784
2.59776
2.61922
2.78635
2.81871
2.66175
2.47126
2.48995
2.59304
2.62123
2.64165
2.62547
2.61437
2.75444
2.8334
2.77198
2.8721
2.86151
2.70312
2.69014
2.71275
2.7166
2.8815
2.74352
2.76345
3.03752
2.76792
2.73215
2.99295
2.66832
2.41416
2.67454
2.99931
3.08463
2.74778
2.72909
2.99464
3.01541
3.03633
3.02034
2.72057
2.70939
3.00171
3.07461
3.09157
3.02985
2.62657
2.61427
3.02648
3.08898
3.13444
3.15487
2.77044
2.64816
2.83345
2.8608
2.56959
2.32432
2.51834
2.83946
2.78685
2.73377
2.67661
2.55939
2.64976
2.73175
2.74948
2.59095
2.44387
2.51057
2.59318
2.613
2.55494
2.36594
2.45324
2.69041
2.72152
2.62657
2.39012
2.4283
2.575
2.64046
2.63637
2.46136
2.55577
2.66121
2.61687
2.56836
2.16977
2.19533
2.64193
2.69624
2.57397
2.43454
2.53416
2.70501
2.73582
2.73863
2.49633
2.44039
2.66089
2.68563
2.65519
2.47739
2.34513
2.5366
2.48414
2.35868
2.38328
2.49831
2.83749
3.02276
2.99992
3.01405
2.68956
2.73021
3.0664
2.62071
2.60476
2.66104
2.55251
2.75977
2.74864
2.56947
2.46177
2.32024
2.37498
2.71057
2.94178
2.99742
2.77111
2.68153
2.6342
2.59345
2.78976
2.5869
2.59032
2.93339
3.05599
2.90986
2.50425
2.43451
2.62243
2.84796
2.96445
2.88377
2.50025
2.36528
2.73671
3.0263
2.89294
2.74461
2.70959
2.83161
3.01751
3.00782
2.90084
2.60115
2.49867
2.5214
2.5038
2.66764
2.74713
2.60877
2.59773
2.82697
2.9329
2.80975
2.56864
2.66207
3.04984
2.99877
2.98
3.00388
2.71571
2.81215
3.0163
2.95642
3.06627
2.74051
2.63623
2.96308
3.06306
3.05739
3.06287
2.84939
2.696
2.83972
3.0093
2.75177
2.51847
2.41426
2.39675
2.37113
2.32087
2.5418
2.58025
2.70621
2.81924
2.60568
2.26623
2.1419
2.39113
2.51722
2.51092
2.52817
2.50951
2.6751
2.9531
2.98977
3.02629
2.79619
2.5726
2.67908
2.77298
2.71078
2.56864
2.59164
2.83788
2.93772
2.91168
2.93096
2.57259
2.32716
2.53435
2.59463
2.26977
2.22547
2.43697
2.468
2.42596
2.37328
2.28211
2.37671
2.55129
2.62899
2.60405
2.49115
2.66746
2.90399
2.89681
2.92575
2.71487
2.59876
2.81827
2.95704
2.94589
2.82766
2.61527
2.64591
2.75261
2.67696
2.52185
2.29853
2.42784
2.65372
2.65561
2.78901
2.49211
2.45195
2.80389
2.61637
2.62366
2.54959
2.57817
2.90194
2.97371
3.05344
2.91677
2.60161
2.60512
2.66664
2.62384
2.6406
2.32961
2.41167
2.57463
2.54666
2.63006
2.57314
2.45674
2.43278
2.59904
2.66739
2.51916
2.31768
2.3864
2.59363
2.56398
2.45862
2.35206
2.34134
2.47714
2.5268
2.37963
2.35863
2.49447
2.41013
2.40085
2.41397
2.28108
2.35867
2.2437
2.14216
2.32828
2.38355
2.14191
2.0447
2.21761
2.1656
2.18845
2.34991
2.43893
2.47949
2.50389
2.59036
2.61623
2.69428
2.53672
2.29467
2.20722
2.39042
2.49876
2.58227
2.84095
2.91217
2.86573
2.71238
2.45988
2.53187
2.85452
2.88375
2.84454
2.53345
2.56993
2.78099
2.80813
2.78035
2.66225
2.5342
2.61223
2.8947
2.9693
2.98249
2.5936
2.56045
2.84557
2.92671
2.99862
2.90612
2.60309
2.65114
2.93747
2.92891
3.00903
2.89333
2.60759
2.43624
2.44095
2.41679
2.1881
2.21932
2.43237
2.31804
2.14159
2.03224
1.95455
2.09465
2.36478
2.36443
2.23866
2.28339
2.34539
2.31587
2.37256
2.24421
2.24793
2.36003
2.34827
2.46731
2.6282
2.63816
2.71174
2.62349
2.65077
2.84345
2.72781
2.77639
2.82792
2.6299
2.63452
2.81074
2.67242
2.68904
2.72509
2.53953
2.59681
2.76605
2.81429
2.85255
2.67141
2.54116
2.68272
2.82093
2.80275
2.58977
2.44861
2.65016
2.892
2.97587
2.83366
2.51753
2.57292
2.778
2.76306
2.82685
2.6714
2.60701
2.79964
2.80741
2.66465
2.52278
2.50201
2.66385
2.83304
2.91901
2.74203
2.57773
2.63811
2.60593
2.54593
2.48044
2.32944
2.34476
2.50961
2.52953
2.61168
2.50281
2.54858
2.8661
2.94422
2.90285
2.6167
2.63379
2.91313
2.92313
2.91213
2.94975
2.60323
2.53798
2.70018
2.68117
2.84887
2.7187
2.48028
2.63683
2.71079
2.7318
2.86486
2.51908
2.53937
2.87442
2.92757
2.97145
2.69946
2.55521
2.79947
2.84225
2.72611
2.64756
2.605
2.80477
2.95289
2.9545
2.92875
2.76219
2.62957
2.74384
2.86599
2.88592
2.79691
2.66194
2.77209
2.73136
2.71624
2.89283
2.70622
2.57275
2.50061
2.64193
2.96857
2.80806
2.58447
2.72103
2.95364
2.93637
2.89615
2.81714
2.57725
2.56609
2.80979
2.92376
2.85812
2.49715
2.54171
2.89332
2.82012
2.78717
2.64843
2.59781
2.79717
2.88692
2.88206
2.88549
2.56846
2.53045
2.81105
2.84377
2.89667
2.68852
2.57617
2.75872
2.92192
2.89217
2.77486
2.50745
2.6063
2.90475
2.75969
2.74839
2.39886
2.23064
2.41082
2.53651
2.4778
2.31202
2.55669
2.87841
2.82303
2.88484
2.67435
2.64776
2.90111
2.89743
2.81969
2.7536
2.64589
2.72136
2.91366
2.79052
2.7567
2.73958
2.5375
2.59587
2.82191
2.84814
2.80153
2.53591
2.60706
2.7751
2.68973
2.64282
2.40333
2.47691
2.63294
2.69249
2.87633
2.72172
2.54405
2.68512
2.85336
2.85207
2.80195
2.54081
2.59085
2.83981
2.84995
2.88921
2.7443
2.56445
2.634
2.82059
2.82772
2.77043
2.59458
2.66919
2.86341
2.83221
2.90432
2.67327
2.66019
2.88895
2.93984
2.97898
2.94659
2.6335
2.6563
2.91794
2.92184
2.92172
2.73309
2.53308
2.69153
2.89521
2.83974
2.90185
2.7758
2.54397
2.64489
2.89602
2.97117
2.81957
2.52041
2.61018
2.83619
2.87957
2.94462
2.67498
2.57692
2.83953
2.95188
2.84618
2.77196
2.54599
2.5831
2.8415
2.86149
2.9232
2.70132
2.51413
2.7022
2.91861
2.88905
2.72218
2.60041
2.65734
2.81269
2.87603
2.8737
2.62216
2.56141
2.79432
2.85161
2.90458
2.92231
2.60401
2.59256
2.85173
2.82672
2.90663
2.65738
2.42665
2.68332
2.90183
2.91216
2.86734
2.63666
2.64281
2.85087
2.87487
2.79681
2.6017
2.571
2.83224
2.9635
2.90538
2.76944
2.5665
2.66044
2.85056
2.9324
3.01991
2.854
2.61329
2.75153
2.98755
2.97854
2.97468
2.65887
2.61348
2.89711
2.95142
2.92826
2.95425
2.75087
2.616
2.81709
3.00018
2.99316
2.77296
2.62278
2.79113
2.98911
3.01627
2.99717
2.76392
2.67123
2.82107
2.91578
3.00734
2.90787
2.598
2.6929
2.96901
2.90468
2.81441
2.68931
2.51876
2.66715
2.92813
2.91328
2.90277
2.65342
2.48869
2.56772
2.79581
2.83763
2.54159
2.43794
2.65225
2.79384
2.59458
2.48407
2.6396
2.87242
2.9711
3.0024
2.98998
2.75204
2.68488
2.88686
2.98925
2.99069
2.79021
2.56105
2.55089
2.73696
2.95651
3.02532
2.67413
2.6771
2.99149
2.99516
2.96757
2.90047
2.55939
2.59236
2.90298
2.7988
2.78253
2.52226
2.57324
2.91953
2.89177
2.90935
2.86892
2.56056
2.63789
3.00511
2.94691
2.77309
2.49196
2.63859
2.99538
2.94189
2.98677
2.96966
2.5545
2.50333
2.78164
2.78417
2.83915
2.87183
2.74531
2.63571
2.74962
2.99592
2.99749
2.58362
2.60016
2.93284
2.88293
2.74885
2.67134
2.55635
2.45714
2.47548
2.52999
2.43481
2.4127
2.56731
2.6373
2.6918
2.5281
2.41839
2.50279
2.60545
2.55609
2.59928
2.59148
2.68479
3.00053
2.91988
2.83697
2.60111
2.65054
2.91042
2.86839
2.90396
2.90697
2.64764
2.65863
2.97133
2.84741
2.818
2.77629
2.5039
2.63325
2.85333
2.90285
2.92877
2.63158
2.68381
2.98249
2.97835
3.01857
2.90133
2.63068
2.7356
3.00195
2.96975
2.89593
2.84342
2.70063
2.57151
2.72913
2.97562
2.88576
2.59041
2.66675
2.95698
2.96903
2.97381
2.80713
2.50248
2.60712
2.93422
