1.40925e-311
inf
2.21205
21.0695
21.2202
24.1879
15.3466
15.2155
24.6466
24.4768
26.8821
27.2506
27.4695
27.2918
26.2595
26.236
26.2791
25.353
23.6928
20.6922
20.8548
23.006
20.726
20.0164
20.7954
22.3085
24.52
23.9484
23.3261
23.6942
24.6217
24.7709
24.3362
23.6133
23.7285
24.6819
24.7479
24.1371
23.2799
23.4527
24.4538
24.7323
24.18
22.7954
23.4607
24.9094
24.7669
24.2222
23.3721
23.6214
24.478
24.6636
24.221
23.3301
23.8087
24.3158
24.4951
24.1097
23.578
23.9759
24.0096
24.4705
24.3914
23.8206
24.281
24.721
24.4981
24.7045
23.8755
23.6036
23.627
22.059
20.5212
21.2501
23.788
24.8087
24.8735
22.9245
22.0948
23.4698
24.5746
25.2379
24.4699
23.5941
24.0151
24.8065
24.8376
23.8138
24.0885
25.0313
25.3283
25.4223
24.695
24.4765
24.6652
24.7204
24.9963
24.6953
23.6558
23.9644
24.766
24.8056
24.1284
23.4351
24.1048
24.7816
24.8694
24.0108
23.749
24.5236
24.9364
25.0263
24.8404
22.9471
22.6501
24.1147
24.466
24.3005
24.0941
24.455
24.577
25.0979
25.4359
23.9598
23.7614
25.3351
25.28
24.6099
23.4778
23.7937
24.8945
25.1477
25.1594
23.9423
24.0497
24.5248
24.7066
25.1389
24.271
24.0474
24.7142
24.7653
24.4433
23.3921
23.7102
24.9172
24.8139
24.4783
22.9505
23.4822
25.1632
24.7326
24.3662
23.1838
23.2761
24.8725
25.0184
24.4696
23.906
24.3905
24.9707
24.7213
24.1733
23.8189
24.0503
24.3861
24.9345
24.3653
23.3721
23.7386
24.5318
24.8179
24.8194
23.5394
22.9466
24.2442
24.6475
23.9386
23.0404
23.5125
24.2524
24.1517
24.6935
23.038
22.6585
23.7637
24.3386
24.5089
23.7349
24.009
24.376
24.2468
24.4323
23.7321
23.5705
24.5369
24.8481
24.443
22.7131
22.7474
23.8581
24.5293
24.197
23.0704
23.7183
24.7878
24.6169
24.1911
23.1739
23.7248
25.3482
24.8114
24.4505
23.5054
23.4219
24.5933
25.2325
25.2768
22.9416
22.8347
24.4254
24.253
23.4758
22.4972
23.4456
24.4903
24.5107
25.2286
23.5541
22.604
23.7595
24.4135
24.9358
23.2167
22.9353
24.9265
25.5522
24.7739
23.1844
23.353
23.8937
23.7852
24.0012
23.5527
24.238
24.7378
23.9289
23.7144
23.388
23.8803
24.7344
24.7036
24.5534
22.6974
22.5043
24.0778
24.3223
24.3223
23.3831
23.4822
24.5869
24.7874
24.4684
23.3138
23.3413
24.3816
24.7265
24.0787
23.2234
23.79
24.7703
24.6813
23.7423
23.303
24.1359
24.9355
25.0394
24.5927
23.9183
24.0278
24.4215
24.3801
23.6644
23.0859
24.0451
24.9445
24.8657
25.1481
23.2434
22.1472
23.9352
24.4481
24.3179
23.7699
23.5026
24.131
24.3318
24.4747
23.0966
23.2756
24.7124
25.1203
25.3136
23.5247
23.6102
24.5405
24.2365
24.6944
23.3008
23.2204
24.5851
24.7051
23.9541
22.9962
23.7392
23.8977
22.8269
19.9842
20.6352
24.026
24.3217
24.2751
22.4583
22.2106
23.5051
23.7971
23.702
22.9882
23.0412
24.1876
24.3377
24.1791
23.686
23.456
24.3623
24.3078
24.0923
23.5178
23.2642
23.4662
23.4711
24.384
23.6967
23.1289
23.9564
24.1601
24.322
23.79
22.7513
23.4132
24.4541
24.2433
23.4406
22.6601
23.1618
24.1651
24.2119
23.538
22.3112
22.8118
24.161
24.1981
23.8104
23.0899
23.3201
23.9627
24.2769
24.2786
23.0537
22.9489
23.1305
23.3231
23.5743
23.0579
23.4006
23.9363
23.9567
23.262
23.2712
23.9877
24.4415
24.4831
23.0617
22.9993
23.8399
23.8299
24.1429
23.2285
23.3675
23.9883
23.7897
23.9163
22.637
22.6557
24.0987
24.3046
24.154
22.4952
22.5892
23.7239
24.044
24.3573
22.8517
22.7772
23.9358
24.0833
24.4004
23.9129
23.3738
24.0662
24.2507
23.9587
23.1559
23.2772
24.0729
24.3579
24.5224
23.5258
22.9603
23.1624
23.7645
23.9303
22.3384
20.5432
19.7431
19.2487
17.5162
17.9136
19.9722
21.7977
22.8118
22.2437
23.558
24.0353
23.0734
22.5068
22.8376
24.0004
24.2621
23.8461
22.657
22.9758
24.2254
23.5732
23.1943
23.1648
23.6678
24.1721
24.0584
22.9927
22.8089
23.9163
24.068
24.0497
23.1656
21.907
22.7211
23.9808
24.0515
22.2551
22.0095
23.9877
24.6494
24.1891
22.8066
22.9271
24.0197
24.3271
24.3983
22.6506
22.677
24.4843
24.5345
23.8288
22.9303
23.4938
24.1967
23.98
23.7138
23.1527
23.1473
23.5139
23.7485
22.9859
22.6791
23.5613
23.7719
23.872
23.8951
22.1897
22.2876
23.9386
23.8169
22.6367
22.5142
23.5372
23.7727
23.9969
23.4274
23.0213
23.6504
23.9372
23.9943
23.0359
22.4175
23.4134
24.079
24.0056
22.6239
22.5327
23.5971
23.6874
23.7059
22.7635
22.6886
23.6586
24.0286
22.6557
22.3237
23.6437
24.0203
24.2304
23.3787
21.8917
22.7182
23.9949
23.8626
22.6811
22.1639
23.2875
23.6796
23.8424
23.3054
22.9324
23.6061
23.9472
23.8763
23.5042
23.3503
24.0243
24.1493
23.92
22.2916
21.6819
22.9761
23.583
24.1628
23.1072
22.7314
23.7838
24.0564
23.2142
22.4959
23.2134
22.8287
21.0378
19.7352
21.1672
23.8823
24.0157
23.5034
22.3646
22.0437
23.5652
24.0706
23.4634
21.7361
21.6417
23.0356
23.3304
22.537
22.1732
23.2215
23.8444
23.7273
22.4931
22.1643
23.1382
23.8234
23.5449
22.5958
22.5848
23.1734
23.3678
22.6611
22.4474
23.711
24.0292
23.8135
22.7332
21.3746
22.3726
23.8598
24.1882
23.4885
22.3566
22.9861
23.453
23.5882
22.7936
22.4757
23.5971
23.7239
23.5544
22.5134
22.3446
23.5322
23.8487
23.9206
22.8133
22.3629
23.6871
23.9186
23.2094
22.6925
23.1538
23.6681
23.6167
23.006
21.9964
22.414
23.3155
22.9811
21.9546
22.1153
23.6947
23.8163
23.4395
22.7348
22.5637
23.6474
24.079
24.0275
23.179
22.8256
23.1688
23.8641
23.6465
22.3534
22.6922
23.8084
23.8365
23.1198
21.9118
21.919
22.5263
22.6032
22.4165
22.4813
23.268
23.7001
23.7057
21.8426
21.3461
23.091
23.483
22.935
22.2549
22.7092
23.4365
23.6908
23.8251
22.8391
22.8522
23.3577
23.0404
22.778
22.1388
22.1985
23.4563
23.6342
22.06
22.1543
23.3021
23.3855
23.6883
22.9253
22.54
23.356
23.7482
23.8229
21.7711
21.6233
23.8376
24.0408
23.6175
22.7002
22.4901
23.2804
23.7431
21.7202
21.5799
23.5997
23.5294
23.0248
21.9923
22.1759
23.3727
23.4847
23.4629
21.9551
21.8245
23.3326
23.3073
22.7715
20.9133
20.989
22.8037
22.9653
21.9351
21.1667
22.4361
23.9252
24.2836
21.7614
21.2556
23.4508
23.4414
22.6326
21.5114
22.1983
23.8265
23.8652
22.2432
22.2366
23.3498
23.6827
23.9731
22.6883
22.4376
23.4277
23.6712
23.6144
22.6252
22.1976
23.0232
23.4134
23.1624
22.2227
22.5639
23.1313
22.9991
22.3516
22.1102
23.1648
23.8339
23.7812
21.3671
21.0735
23.0744
23.5159
23.3978
22.1971
22.3045
23.385
23.5366
23.0782
22.3147
22.4235
23.0441
23.5894
21.9327
21.6179
23.4574
23.6373
23.5322
22.4462
22.4575
23.5034
23.553
23.6061
22.2284
22.1244
23.2737
23.5571
24.0295
21.5304
21.0385
23.4819
23.9601
22.9925
21.8107
22.1097
22.8781
23.453
22.7131
22.2809
22.4167
21.1334
19.2981
20.087
22.4595
23.2383
23.3675
22.0853
22.0451
23.2202
23.4758
23.5871
22.8472
22.6649
23.3429
23.2656
22.8407
21.8991
22.3584
23.3645
23.3149
21.2197
20.8989
22.8833
23.3258
23.405
22.2608
22.4909
23.581
23.4178
23.3549
21.9691
21.8598
22.9793
23.3321
23.2307
22.3942
22.4899
23.175
23.1811
22.5446
22.0315
22.8206
23.7959
23.9246
22.8778
22.088
22.7198
23.0723
23.1726
22.7824
22.002
22.5066
23.5048
23.713
20.1992
19.366
22.3929
23.3697
21.069
20.2986
22.24
23.4623
23.6829
22.0617
22.0877
22.7118
22.5741
23.1514
22.6035
22.7373
23.7804
23.9636
22.2247
21.8395
22.9687
23.2769
23.2504
21.889
22.0235
23.0463
22.8144
22.0136
21.3201
22.3714
23.3424
22.6257
21.7257
21.6111
22.0965
22.5762
22.2217
21.4606
21.6859
22.7345
23.4208
22.3277
22.0751
22.9169
22.9337
23.0115
21.8852
21.5594
22.6554
23.1168
22.4734
21.9431
22.3834
22.7757
22.7459
21.7545
21.9077
23.0532
23.3506
23.1532
21.4883
21.7604
23.0688
22.8676
22.3155
22.0281
22.6209
22.9919
23.2531
21.914
21.7701
22.9108
23.1685
22.3957
19.9868
19.6413
21.4615
21.6141
19.9461
19.6924
20.1992
19.6899
18.6003
20.0447
22.9748
23.0966
22.8762
21.9142
21.9993
22.8778
23.1353
21.4691
20.7151
22.2759
22.6904
23.2113
22.4014
21.6929
22.6191
22.9874
22.4563
21.9983
22.3646
23.0537
23.1
22.0746
21.7803
22.6611
22.9331
22.9445
21.9517
21.8181
23.1163
23.221
20.0874
19.6317
22.6801
23.4516
23.119
21.8245
21.7099
22.7084
22.7775
20.578
20.5233
22.7177
23.0423
22.7265
21.238
21.2666
22.4863
22.9547
22.2742
21.6638
22.5142
22.9679
23.0436
20.8954
20.3778
22.217
22.2284
22.0838
21.6657
21.4135
21.9414
22.6152
21.792
21.6364
22.677
22.7728
22.8645
22.0454
21.8302
22.6501
23.3261
23.6036
21.0613
20.7633
22.726
22.8321
22.0281
21.3292
22.3424
23.1498
23.4869
23.0558
22.1268
22.109
22.6301
22.8592
21.8527
22.0049
22.5754
21.7891
20.5465
19.3293
21.0478
22.8616
22.8736
22.5971
21.2508
21.2897
20.9371
21.1707
21.8854
22.1095
22.8754
22.1403
20.1658
20.8773
22.3726
22.4921
21.7026
21.3111
22.5246
23.059
22.6899
21.4841
22.1589
23.4129
22.7614
21.6899
21.427
22.3047
22.9563
23.2334
21.742
21.4795
22.8011
22.6019
22.9111
22.0809
21.19
22.4276
23.2121
22.0656
21.6772
22.2507
22.2849
22.9376
21.0906
20.3602
22.1973
22.711
21.6134
21.6088
23.1516
23.034
22.8459
22.0107
21.5262
22.1114
22.3829
21.9551
21.9592
22.3494
22.6393
22.9764
21.6786
21.242
22.3969
22.8029
21.9058
21.2954
22.1472
23.0803
23.1307
20.852
20.4687
22.5984
22.9287
22.0408
21.3991
21.9727
22.536
22.817
22.4613
21.3634
21.4475
21.9597
22.1352
21.2881
21.3201
22.5162
22.4724
21.9339
21.2757
22.0899
22.9655
22.6262
20.4593
19.0369
20.4822
22.2727
21.1113
19.7582
21.1723
22.6242
22.2067
21.5934
21.8138
22.3331
22.6603
22.2165
21.5903
22.3581
23.0601
22.7366
21.7349
21.4728
22.1909
22.8504
22.088
20.9628
21.8522
22.735
22.6185
21.5001
21.0051
22.0044
22.701
22.6727
21.3111
21.3739
22.5012
22.4044
20.7758
20.8019
22.078
22.2316
22.5063
21.3459
21.4335
22.3846
22.1924
22.0814
21.5857
21.1737
22.0005
22.5159
21.1276
21.4261
22.6173
22.5787
22.0369
22.0386
22.684
22.6375
22.4147
21.2909
21.4834
22.5068
22.9737
23.2639
21.0639
20.5664
22.408
22.8511
22.4868
21.6892
21.8417
22.5578
22.4626
21.3317
21.3111
22.5248
22.417
22.7306
21.89
21.3415
22.6585
23.2356
22.087
21.7092
22.9777
22.8308
22.2762
21.36
21.2031
22.3584
22.9392
21.1921
20.3691
21.7993
22.5499
22.6083
21.3338
21.8029
23.0768
22.3476
21.4578
21.008
20.4445
19.7486
20.0751
21.2321
22.218
22.2383
22.5073
21.9908
21.7649
22.6436
22.7376
21.4337
21.3929
22.2792
22.0315
22.3224
20.6464
20.5396
22.3047
22.1251
21.0617
20.8781
22.0121
22.2717
22.4936
21.5957
20.942
22.034
22.5645
22.0505
21.7294
22.1513
22.565
22.5479
20.3809
19.7765
21.6619
22.3629
21.0069
20.405
21.4832
22.3282
22.7004
21.5969
21.2732
22.0626
22.5175
20.8986
19.4894
18.9777
18.9097
18.4785
17.5243
17.9804
20.6969
21.5473
20.8444
22.0821
21.8854
21.3186
21.4516
21.75
22.2279
22.5428
21.4186
21.5731
22.4754
22.3504
22.1388
21.2154
21.2328
22.5652
22.8357
22.1656
20.929
21.4572
22.6855
22.4012
19.9573
19.9868
22.0894
22.0221
21.4073
21.2553
21.8062
22.2561
22.6606
21.2879
21.304
22.2259
22.0897
21.2499
21.1171
22.155
21.9503
21.204
20.6471
21.3975
22.6968
22.7482
22.1966
21.6647
21.8653
19.5743
19.1732
20.6639
21.3995
22.3464
21.8022
20.2842
20.4694
22.1971
22.4135
20.1772
19.6277
21.4834
20.6738
20.1652
20.8945
20.4132
20.7917
21.8205
21.1972
20.7577
18.8827
19.2201
21.314
21.3349
22.2425
22.5769
21.4321
21.0139
22.086
22.5507
21.5306
20.6804
21.4735
22.4039
22.0493
20.3502
20.1672
21.6713
22.2457
21.4174
21.1363
22.1621
22.3806
22.4765
20.8442
20.7033
22.0146
21.9969
21.6946
20.371
21.0458
22.1305
21.7002
21.2193
21.5962
22.032
21.8088
20.4317
19.935
21.3796
22.0221
20.377
19.2079
20.7295
21.932
21.8773
20.9137
21.0946
22.299
22.7814
22.0056
20.8934
21.2945
21.9568
22.308
21.3849
21.3554
22.2427
22.3894
22.096
20.5467
20.9723
22.6239
22.4772
21.8136
20.7615
21.0588
22.1685
22.5131
20.7654
20.6951
22.478
22.1048
20.8967
20.9455
22.1146
21.238
20.8036
21.1242
20.9864
21.6635
22.0121
21.5132
20.4872
20.9457
22.4722
21.5457
20.8925
21.6183
22.0199
22.0129
21.5174
21.1761
20.7581
19.7867
17.5866
18.5603
21.9411
21.7825
20.4392
20.2994
21.3045
21.8555
21.1405
20.5539
21.5281
22.1224
22.0877
20.942
20.7559
21.6022
21.7905
21.4532
21.6422
22.2215
22.0386
21.9587
21.5892
21.5366
21.9532
22.1386
21.5105
20.4937
21.314
22.5304
22.0437
21.0704
20.7224
21.2614
20.4935
19.5687
20.3436
20.2394
20.6143
21.6158
19.5965
19.8724
21.7106
21.884
20.8078
20.9273
22.1983
21.9778
21.3365
20.7997
21.7
22.0522
22.5301
21.8938
21.4355
21.8646
21.7271
20.9492
20.8651
22.1759
22.312
21.3933
20.5713
21.2716
22.2906
22.1036
20.0102
19.8807
21.9183
22.0578
21.1887
20.8112
21.2359
21.4811
22.0199
20.0323
19.1887
20.951
21.7413
20.3853
19.9058
21.6896
22.2687
21.664
20.8692
20.6445
21.5689
22.1012
20.5139
20.4015
21.9147
22.1205
20.9892
20.5918
21.5079
21.9284
22.3826
20.221
19.2474
21.1939
21.883
20.6516
20.5596
21.5378
21.0855
20.6337
20.7727
21.5017
21.9814
22.1056
21.015
20.9505
21.9727
21.9152
21.3031
21.222
21.6155
21.8076
21.8117
21.089
21.2601
21.6882
21.8388
19.8957
19.7239
21.7642
22.0948
20.8494
20.6966
21.7188
21.7763
21.3723
20.6315
21.3006
22.1413
22.3142
20.9727
20.7564
21.9431
21.9344
21.8353
21.3607
21.6642
22.1026
21.82
20.5019
20.5691
21.9633
22.0514
21.5438
21.0915
21.5657
21.4411
21.7292
20.2298
20.0509
21.8527
21.3415
20.6009
20.711
21.992
22.4396
21.9238
20.3662
20.5088
22.3052
22.5344
19.581
18.1273
18.0209
17.1173
17.071
18.2944
20.6486
21.7912
21.4199
21.0551
21.3233
21.6732
21.665
20.4155
20.6098
21.6504
21.5924
20.7097
19.7206
20.8457
22.3182
22.1614
20.9903
20.5732
21.3792
21.7623
21.6174
21.1006
21.3773
21.6331
20.4105
18.7333
18.2239
20.084
21.0349
19.6142
20.2464
21.6162
21.6359
20.708
20.4119
21.6053
21.7988
19.4329
19.25
21.1336
19.9374
17.3351
16.8091
19.2343
21.097
19.8855
19.712
20.8307
21.0303
20.0222
20.0545
20.9196
21.1784
21.4673
20.7136
20.8438
21.6106
21.2685
17.3465
15.36
16.0889
15.8152
16.1238
17.0039
16.8631
16.7125
18.3656
20.6633
20.3037
19.5586
20.4255
21.456
20.4874
18.4839
18.7732
20.8644
21.6478
20.8516
20.6122
21.459
21.4254
20.0176
19.7149
21.3201
22.0194
21.1936
19.934
20.1698
20.7622
20.3859
18.7352
18.8733
20.3645
16.5876
14.9509
15.516
15.6637
16.5772
18.9075
21.7365
17.6056
16.6038
17.3118
17.1021
19.4092
19.2206
19.6549
21.1169
19.0984
17.1246
16.2963
17.0427
20.0407
20.7758
20.1122
20.8917
19.2487
19.2173
21.5424
21.188
20.2398
19.9553
19.7681
19.685
18.6947
19.2853
21.4378
21.4326
20.5922
20.9543
21.768
21.5794
21.4408
20.8479
21.0252
21.3863
21.1356
20.1556
20.3223
21.8759
21.6772
20.4861
19.1626
19.8874
21.433
21.0433
20.7222
21.2843
21.2895
21.0899
19.174
16.25
15.9574
17.5551
16.3584
15.6534
18.1869
19.8472
19.2734
18.8413
18.2715
17.0628
17.3358
19.1166
18.4271
16.5303
18.1315
18.3436
15.8549
16.5519
19.3827
21.442
20.7723
19.8189
19.6634
18.3029
16.0594
16.0366
16.9268
18.3954
18.3778
17.3019
17.401
16.3424
17.2246
18.0701
17.5942
16.6076
16.7077
18.6897
19.0894
17.9115
17.5724
18.9908
19.072
19.0552
20.7527
20.0038
17.2068
16.2982
16.7988
16.1466
16.6328
18.8021
20.4123
20.3772
20.6094
21.4025
21.5513
21.841
20.9041
20.42
21.1887
21.8902
20.8212
20.394
21.3719
21.5017
21.0595
20.8692
21.2094
21.4989
21.2861
17.9501
16.6117
18.2028
18.572
18.668
19.6442
19.2206
18.2287
19.6618
21.6183
21.5778
21.5694
20.7419
20.7684
21.2691
20.8381
20.2525
20.4899
21.3874
21.5431
20.8479
20.8127
21.9756
22.1151
21.4675
20.6785
21.2648
22.0709
21.8057
19.3759
19.2167
21.2515
21.5297
20.6877
20.599
21.304
21.3847
21.0331
20.5861
20.9192
21.0859
21.7099
20.2341
19.5591
20.864
20.9503
20.2128
19.7231
20.2357
20.79
21.0741
20.5214
20.801
21.7146
21.8917
20.7155
20.6394
21.5615
21.5019
20.6562
19.6537
20.3087
20.9725
20.7014
20.5271
21.1249
21.4675
21.2965
20.2733
20.4771
21.6574
21.4629
20.8651
20.3707
20.8359
21.2409
21.3879
20.3772
20.5122
21.4007
21.3156
21.1636
20.5278
20.9347
21.5142
21.2836
19.8616
20.0389
21.3525
21.339
20.1126
19.9041
20.6039
20.8633
20.093
20.1678
21.4417
21.43
20.17
19.6125
19.0054
17.4252
16.8795
17.38
18.3977
18.5654
19.2106
20.5499
21.3238
21.6132
20.2636
19.7373
20.4855
20.3913
19.933
19.9818
20.9039
21.4176
20.636
20.4361
20.9503
21.0378
21.2195
20.6262
20.671
21.554
21.571
20.2959
20.3378
21.5012
21.4362
19.8924
20.002
21.548
21.4664
20.91
20.2507
21.1198
22.0702
21.4082
20.277
20.3838
21.1383
21.4197
20.025
19.4492
20.5307
21.0135
20.6171
19.8884
21.0292
21.7387
21.4973
20.5217
20.5404
21.623
21.1475
20.6697
20.3062
20.8054
21.2931
20.8978
20.4257
20.6592
21.0336
21.1278
20.0327
20.0248
21.3213
21.5475
19.4955
