1.2945e-311
inf
1.92547
12.9256
9.51366
9.18434
12.6582
13.1878
13.1362
13.5584
13.0367
13.0075
13.0248
12.7495
12.9685
12.6911
12.7398
13.0728
12.7251
12.524
12.48
12.4507
12.6117
12.2446
12.1861
12.4393
12.1632
12.3754
12.3086
12.0613
12.2015
12.0725
11.9798
11.8069
11.9672
12.3154
11.8493
11.7796
11.8575
11.8599
12.085
11.2473
11.1666
10.5352
9.54112
9.64348
10.3737
11.3021
11.6246
11.824
11.6194
11.6095
11.5255
11.509
11.6129
11.63
11.866
11.2351
11.2076
11.295
11.1734
11.5932
11.5471
11.5939
11.455
11.6347
11.7637
11.4826
11.7476
11.5318
11.5537
11.8132
11.7019
11.7731
11.3771
11.3153
11.2623
11.2408
11.4657
11.5573
11.4914
11.5347
12.029
11.6338
11.5268
11.705
11.7169
11.9067
11.5048
11.6782
11.3195
11.1919
11.8777
11.7608
11.8771
11.681
11.6113
11.6736
11.5389
11.7196
11.6003
11.7191
11.8334
11.8202
11.8694
11.304
11.3988
11.5428
11.5524
11.3887
10.8514
11.0235
11.1727
11.5782
11.688
11.6725
11.7187
11.6942
11.9538
11.6014
11.6649
11.6128
11.4496
11.8423
11.678
11.5955
11.5009
11.4139
11.3134
11.3757
11.405
11.0838
11.4058
10.699
10.5971
11.7074
11.5853
11.3902
10.8993
10.8969
11.4923
11.419
11.3743
11.4766
11.599
11.6005
11.6207
11.8469
11.6913
11.5146
11.5456
11.5892
11.971
11.6433
11.4993
10.9618
9.80166
9.15156
9.32349
9.60869
10.0032
10.2045
10.4665
11.0112
10.8469
11.1032
10.9705
10.8328
10.809
10.8792
10.6119
10.6045
10.665
10.4737
10.9806
10.9566
10.91
11.3068
11.6348
11.529
11.4303
11.7664
11.2936
11.0167
10.7541
9.3722
9.44586
10.6982
10.2042
9.71813
10.6338
11.4426
11.4964
11.5548
11.6819
11.4442
11.4383
11.5477
9.89169
9.36001
9.94075
9.37928
10.0298
10.8985
10.6816
11.2071
11.1567
10.595
10.5949
11.3882
11.4575
9.69053
8.58542
9.02315
9.95055
10.9835
11.3927
11.3255
11.723
11.5131
11.2459
10.6863
10.1093
10.0268
10.4281
10.8351
11.233
11.0673
10.386
10.0361
9.7703
10.7121
11.4101
11.3689
11.7387
11.7472
11.838
11.5384
11.4157
11.4862
11.5764
11.804
11.5067
11.5495
11.6436
11.6931
11.4455
11.3299
11.8671
11.2508
11.1363
11.4396
11.5089
11.9753
11.5386
11.4691
11.7347
11.7284
11.936
11.6429
11.5649
10.9363
10.9603
11.5085
11.1731
11.3681
11.3826
11.5334
11.5588
11.5902
11.7209
10.8151
10.5465
10.484
10.6694
10.8601
10.568
10.6251
9.77479
8.69429
9.13701
9.58897
9.20709
9.0245
9.0005
8.6672
8.22321
8.74455
9.62816
10.0797
9.54937
9.60666
9.6782
10.1533
10.921
9.8762
10.0485
10.0221
9.30592
8.85312
8.42439
8.96483
9.07968
9.98218
10.9329
10.2208
10.1751
10.3958
11.1631
11.0969
11.1718
11.7449
11.2757
9.92802
9.77092
9.84567
8.65393
8.02752
8.12711
9.14875
10.6184
9.37642
7.53074
7.1388
7.52635
8.15934
7.7801
6.48391
7.03346
8.60937
8.43327
7.31237
7.28189
8.18897
7.74761
7.96635
7.77073
7.44854
7.54541
7.42087
7.35302
8.77474
10.7065
9.71732
9.60126
10.6168
11.3596
11.0226
11.3322
11.3415
11.3577
11.4701
10.4063
9.00528
9.12138
9.21574
8.97606
9.77708
10.2646
10.8422
9.57043
8.52286
9.89046
10.8855
10.8744
10.9637
11.1382
11.89
11.7343
11.8678
11.5282
11.2453
11.3936
11.0069
10.7843
10.4156
10.6806
10.87
10.6251
10.7258
10.897
11.097
10.9004
10.8587
10.051
10.2391
10.7841
10.8972
11.1017
10.7283
10.7133
10.5381
8.96708
8.10107
9.22122
10.7883
10.3756
10.3581
11.6694
11.3428
11.3129
11.3886
11.3277
11.8097
11.8558
12.153
11.7507
11.32
11.4482
10.7661
10.8234
11.6344
11.8561
11.3378
11.1847
11.4342
11.3777
11.5808
11.1021
11.045
11.4204
11.4531
11.4473
11.6934
11.7854
11.2133
10.2777
10.106
9.5757
9.39881
10.6851
9.68364
8.754
9.17351
8.75442
7.89447
8.08796
8.71023
9.68003
9.85693
9.75529
10.809
9.60749
9.64023
9.89516
8.53184
8.88159
10.4867
10.1079
9.18354
8.17765
7.55261
7.66234
7.87433
9.43187
10.1084
9.68181
10.3061
10.8793
10.6889
10.4418
8.74027
8.27157
8.99248
8.91731
9.07684
9.74075
9.94461
9.65456
10.2166
10.5402
10.8023
10.9981
11.1903
11.3232
11.4632
11.2898
10.6749
10.4156
10.7688
10.8131
10.0625
9.45774
8.96403
8.47677
8.21581
8.65168
9.41083
10.1849
10.8131
10.336
10.5538
10.8383
10.7189
10.842
10.899
10.8416
11.0336
11.2873
11.3945
11.4532
11.0925
11.2932
11.2969
11.2535
11.6492
11.3479
11.1946
10.9121
10.989
11.0581
10.9541
11.0862
10.7533
11.0822
11.0281
11.1386
11.2848
11.1565
10.3067
10.3534
11.2379
10.4867
10.689
10.7991
10.4954
10.4223
10.6442
10.1394
9.98926
10.3913
10.5977
11.3004
11.1329
11.3423
11.4844
11.1724
9.76968
9.827
10.7836
10.9443
11.4179
9.71539
8.4872
8.98315
9.86145
10.2936
10.1092
10.1686
10.5291
9.90668
9.49929
8.81846
8.78306
8.6675
8.28336
9.24471
8.63092
7.17003
7.38103
6.99266
6.26366
7.16209
7.42228
7.03542
7.2619
7.47789
7.31085
7.34892
7.04724
6.94134
7.56284
7.32209
7.48946
8.23968
8.39701
7.98776
8.67897
9.77703
9.68364
9.89722
10.0252
9.86286
10.636
11.0892
10.8306
10.5876
10.5172
11.0095
11.2613
10.9448
10.7353
11.2056
11.0984
11.1449
11.2165
11.249
11.2948
11.0837
11.5101
10.9747
10.6988
10.9801
9.33062
9.35681
10.8182
10.9851
10.8893
10.0364
9.76782
10.5054
10.4525
9.48929
9.25613
10.0375
10.4391
10.8636
10.891
10.7773
10.9578
11.0969
11.3987
10.9337
11.0542
11.0794
10.8835
10.6883
10.7809
11.2029
11.0241
11.0691
10.0069
10.1113
10.8071
10.5924
10.5682
10.4508
9.52921
8.50062
8.39927
8.33778
8.46324
8.33851
8.29693
7.6843
7.07596
7.45996
7.83496
8.88699
9.99435
7.96473
6.27741
7.22165
9.37638
9.01868
8.5578
8.74604
6.47744
6.21363
7.53758
6.9519
7.99217
10.3488
11.1532
11.055
11.0104
11.1699
10.5411
10.0232
10.2291
10.1895
10.1834
10.4356
8.60537
8.84917
11.0119
10.0935
9.42289
8.3012
7.75985
7.08567
7.17751
8.85152
10.4405
10.8156
10.6846
10.8418
10.4926
11.0383
11.4232
11.2998
11.1527
10.9583
10.5118
10.6726
11.3214
11.1627
11.3103
10.939
10.7477
10.9407
11.0534
10.801
10.3849
10.8283
10.9027
11.161
10.841
10.4911
10.4893
10.1061
9.65684
9.76348
9.70342
9.09409
8.98731
9.11889
9.87601
10.6178
10.4462
10.5885
10.008
9.92349
10.6233
10.6376
10.7643
10.6138
10.6296
10.4651
10.6844
10.7143
10.8657
11.1344
11.1036
10.7092
10.5254
11.1451
11.2399
11.348
10.8472
10.6815
10.9785
11.2206
11.3489
11.0743
11.2899
10.9405
11.0375
11.2535
11.2547
10.8302
10.3579
10.5365
10.5397
10.8617
10.7887
10.592
10.1728
10.465
10.95
10.6489
10.1199
10.0366
10.5225
10.2753
10.3615
10.3515
10.2984
10.5006
10.7909
10.8554
10.7179
10.7701
10.7485
10.6855
10.8192
11.2924
10.8714
10.5579
10.255
10.4172
10.67
10.7264
10.7911
10.7028
11.0689
10.9841
11.0618
10.5284
10.4847
10.8123
10.8029
10.5316
10.3882
10.4331
10.7138
11.1227
10.4206
10.674
10.6128
10.5949
10.8806
10.7375
10.8271
10.7347
10.9573
10.8754
10.6637
10.2218
10.4564
10.8701
10.8727
11.1238
10.7533
10.5993
10.2163
10.2997
10.5703
10.7682
10.8478
10.6442
10.9783
11.0616
10.8579
10.4645
10.4742
10.5798
10.8686
10.0447
9.10055
8.8913
9.24535
10.2814
10.9981
10.6768
10.5114
10.5672
10.6415
10.9369
10.4669
10.6397
10.8249
10.8911
10.9626
10.9901
10.8954
10.5974
10.9058
11.1517
10.9807
10.7966
10.9611
10.807
10.8428
10.6066
10.5518
10.5392
10.4755
10.7703
10.8128
10.9169
10.8554
10.73
10.5341
10.8969
10.9078
10.7221
10.6947
10.2317
10.3692
10.3227
10.4023
10.715
10.6397
10.4405
10.6982
10.9546
10.2293
10.1928
10.2578
10.5045
10.2902
10.4584
10.3985
10.231
10.7663
10.8091
10.796
10.5751
10.4548
10.6273
10.9625
10.6597
10.7349
10.4527
10.4788
10.6963
10.791
10.5476
10.227
10.4496
10.5954
10.9334
10.614
10.6357
10.4388
10.4005
10.8264
10.8064
10.4344
10.3829
10.7652
10.7661
10.8735
10.352
10.065
10.334
10.7176
10.7289
10.4189
10.1204
10.4042
10.6408
10.7448
11.0652
10.5289
10.4592
10.2727
10.5713
10.7723
10.4328
9.73601
8.53869
8.87091
10.4696
10.7152
10.5102
10.4764
10.6323
10.5905
10.29
10.5752
10.6717
10.6358
8.93723
8.87973
9.90722
9.34544
9.92842
10.9346
10.623
10.3941
10.0048
10.2283
10.8336
10.7705
10.6044
10.5759
10.6344
10.4357
10.6902
10.4582
10.5149
10.7793
10.7509
10.3537
10.1989
10.2797
10.3388
10.6124
10.2257
9.8448
10.0769
10.3106
10.0746
10.1681
9.91287
9.74911
9.42045
9.4771
8.69883
7.71019
8.29696
8.81449
8.96728
9.51144
8.9098
8.79109
10.1137
10.1301
9.9503
9.756
8.07034
7.38615
7.51917
7.06075
7.01523
7.06399
7.49881
8.96527
9.3106
9.02442
9.42103
9.68645
9.66604
9.69368
10.1347
10.4141
9.42791
9.04482
10.0338
10.7186
10.7771
10.2969
10.2777
10.0905
8.49712
7.45218
8.03665
9.91581
9.59886
9.28259
9.88313
10.0013
10.4195
10.5892
9.48033
8.7033
9.45823
10.4281
10.6295
10.2128
9.98846
10.1364
9.40995
9.13743
9.3861
9.66375
10.3816
10.5167
10.7103
10.1529
9.9997
10.2647
10.4085
10.4248
10.3996
10.3141
10.2793
10.544
10.5022
10.8214
10.435
10.3602
10.5717
10.6863
9.03644
7.43843
8.14044
9.0409
7.91158
7.52479
8.5515
8.95624
9.3188
9.88909
10.2491
9.80714
8.05795
7.57805
7.86717
8.42503
8.77112
9.33628
9.88699
9.76911
9.84746
9.61294
9.50909
9.9292
10.0574
9.07079
8.62936
8.20843
8.04784
8.69161
9.00297
9.26492
9.78488
8.88601
7.9805
8.50973
9.40035
9.23596
7.52001
6.61065
6.97209
5.46447
4.33166
4.82873
6.22545
7.46904
7.50816
7.64962
7.94117
6.79408
6.36995
7.28125
8.19414
7.804
8.17511
8.98848
8.85563
8.02282
7.53222
8.04644
7.13246
6.61402
7.49816
7.96175
7.63295
7.39869
7.89668
8.32362
7.62436
7.45556
7.47513
7.35408
8.05095
8.73591
7.45018
7.10036
7.44338
7.3069
7.38664
7.11212
7.65527
7.9748
6.91436
6.88935
7.67692
7.5333
7.27786
7.12091
7.02247
7.03042
7.11916
7.3531
7.50878
7.42228
7.85077
9.19063
9.29282
9.28514
9.3962
9.33049
8.68697
8.74042
8.29442
7.33956
8.10199
8.84783
8.91198
8.822
8.80549
8.47986
8.66889
9.30081
9.07149
9.1932
9.39113
9.32831
9.34942
9.34868
9.14319
9.09513
9.13488
8.64536
7.6076
7.50441
8.66071
9.33275
9.05338
8.78167
8.46009
8.21342
8.70432
9.00852
8.94414
9.17389
9.22484
8.93803
8.64457
7.80747
7.17517
8.13292
9.34326
9.42303
9.45466
9.16994
9.1208
8.93823
8.86128
8.80441
8.8717
9.09285
9.1886
9.22152
8.84408
8.43971
8.19464
7.96505
7.13837
6.80717
7.58495
8.22876
7.97531
8.94574
10.1853
9.72398
8.3477
7.25476
8.05532
9.11922
8.72974
8.64353
9.24236
9.29593
8.13438
6.88021
7.10179
7.74368
7.41141
7.19476
7.18884
6.77709
6.84004
7.44873
7.62404
8.58671
8.95339
8.76978
9.00143
8.81251
8.71866
8.56098
8.25079
8.54715
8.54099
8.67687
9.52209
9.62969
9.53571
9.79557
10.0674
9.83826
7.9615
7.23108
8.40696
9.74146
9.2073
7.59573
7.22035
8.40979
9.9977
10.1357
9.75315
9.67698
9.95436
9.72134
9.47782
9.26123
9.67665
10.019
10.0493
9.98826
9.63247
9.95253
9.99465
8.26262
7.54991
7.74815
7.37999
7.64091
7.97432
8.06959
8.42503
8.71293
9.14173
9.51728
9.54299
9.69189
10.0414
10.14
9.9786
9.93271
10.0578
9.75396
7.51905
7.08153
8.20449
8.98986
8.96443
9.03894
9.76481
9.13784
8.31397
8.88273
8.99123
8.32743
8.81077
9.35638
8.63371
8.19548
8.21902
7.53035
7.30919
8.57809
9.86004
9.91473
9.99605
9.80599
9.54968
9.46092
9.57382
9.74877
9.73971
9.53921
9.61192
9.93532
10.0591
9.78454
9.28436
7.76639
6.73
7.74987
9.5841
9.83734
9.89996
9.95461
9.73639
9.63354
9.58653
9.55626
9.74345
9.7768
9.66324
9.90251
9.59108
9.48852
9.52971
7.931
7.37694
8.02919
8.90964
9.65004
9.89707
9.87225
9.76582
9.88142
9.75543
9.33132
9.52667
9.56174
9.41495
9.67324
9.94609
10.0902
9.85188
9.75049
9.60555
7.67209
7.01267
8.40033
8.29776
8.40806
9.03457
9.12142
9.34335
9.37537
9.44269
9.40455
9.69706
9.69077
9.84131
10.0603
9.89903
8.38005
7.43555
7.39566
8.17819
9.58189
9.95362
9.87757
9.81354
9.70582
9.68758
9.55466
9.60892
9.62066
9.1848
9.39925
9.80114
9.82511
9.71029
9.44608
7.96495
7.00351
8.05095
9.40942
9.77555
9.9679
9.72157
9.53971
9.48884
9.57804
9.62839
9.73402
9.789
8.31165
6.83476
6.52563
6.62377
7.4539
7.42198
5.53168
5.1162
6.56265
7.99658
8.29927
8.72224
8.45287
8.40082
8.58797
8.60171
9.07503
9.41495
9.6513
7.5057
6.04485
7.20635
8.46543
8.98824
9.63544
9.5724
9.70681
9.48303
9.05957
9.1049
9.50647
9.6652
9.43503
9.07379
9.35467
9.76443
9.42516
9.13597
8.2893
7.31872
8.43711
9.46553
9.4539
9.72829
9.79336
9.75553
9.58378
9.59302
9.72928
9.8174
9.72744
9.2563
9.30302
9.6695
9.60836
9.53803
9.08525
7.27611
6.72391
8.56972
9.48425
9.64878
9.87674
9.761
9.72876
9.61543
9.57455
9.69617
9.5506
9.49451
9.67338
9.75258
9.89947
9.78258
9.03808
7.41677
6.78765
7.94647
9.64171
9.52381
9.42547
9.37585
9.64902
9.71685
9.63419
9.8256
9.71185
9.8355
10.101
9.87557
9.68936
9.46741
9.35073
9.52181
7.91048
6.82291
7.78101
9.43427
9.62381
9.77823
9.843
9.97979
9.79849
9.59951
9.82024
9.60827
9.49325
9.72815
9.7936
9.60583
9.6596
9.25206
8.03681
7.15336
6.93361
7.01307
8.3803
9.25853
9.06047
9.50403
9.49221
9.70808
9.59813
9.40636
9.67127
8.99099
7.7929
8.66454
9.77584
8.12117
7.20547
8.44242
9.65997
9.3321
9.50186
9.73189
9.70699
9.58543
9.48168
9.41487
9.64967
9.64106
9.6645
9.55046
9.53407
9.66496
9.34483
7.73317
6.68192
7.79356
9.52826
9.59882
9.90923
9.70601
9.39881
9.34274
9.2626
9.64869
9.74673
9.58952
9.5434
9.67525
9.47921
9.46034
9.74597
8.94234
7.34231
7.7453
9.01429
9.13263
9.46298
9.17604
9.22467
9.31979
9.50851
9.60158
9.50372
9.56206
9.59988
9.61719
9.64874
9.25275
9.17297
8.41804
7.04047
7.33808
8.82371
9.63322
9.62306
9.65405
9.5558
9.57974
9.48317
9.43334
9.18704
9.07915
9.43556
9.54053
9.26462
9.27085
9.4501
9.4745
8.81756
6.85136
6.82296
8.35073
9.32688
9.4076
9.3365
9.6934
9.36939
9.14771
9.25643
9.51688
9.38632
9.31151
9.58878
9.7935
9.29865
9.12988
7.97989
6.9087
7.18285
8.30944
9.44305
8.84971
8.95993
9.30267
8.95303
9.13576
9.52467
9.07219
9.06836
9.75867
9.67698
9.43307
9.36216
8.24715
6.88362
7.72305
9.33019
9.48164
9.61104
9.49262
9.43436
9.33833
9.26973
9.34043
9.45716
9.18295
9.25104
9.36005
9.30579
9.27536
9.04237
8.61493
7.35554
7.24255
7.57593
8.27489
9.53516
9.29269
9.22424
9.3168
9.4551
9.30899
9.3788
9.45162
9.62867
9.4666
9.31576
9.60555
8.72528
7.03163
7.58325
9.5011
9.48888
9.48515
9.55338
9.277
9.16296
9.03
8.87138
9.20789
9.29524
9.34357
9.34191
9.35038
9.2617
9.49605
9.50403
8.39528
7.38225
7.14281
8.25048
9.37668
9.42729
9.27295
9.34243
9.41531
9.35616
9.37607
9.31589
9.3379
9.37814
9.52127
9.13764
8.80204
9.02678
8.26453
6.96803
7.75621
9.4501
9.49478
9.40393
9.35616
9.15269
8.8636
8.97368
9.33045
8.9228
8.4503
8.88186
9.11145
8.88759
8.46995
7.56533
6.74418
6.7914
8.07699
9.28665
9.38853
9.19232
9.03171
8.91405
8.71802
8.51473
8.37163
9.14123
9.49145
8.76048
8.72764
9.17032
7.81287
7.05622
8.44516
9.23024
9.2421
9.42765
9.19731
9.27911
8.88553
8.53188
8.9306
9.39236
9.308
9.41642
9.30354
8.93076
9.04454
9.27373
8.59768
7.33934
6.94811
7.60344
8.80646
8.99248
8.81333
8.74141
8.56256
8.69176
9.11021
9.34256
9.27738
9.41092
8.93963
8.60685
8.11244
6.91396
7.58777
8.92228
8.75277
8.82952
8.66679
8.70307
8.87973
8.66116
8.6126
9.13634
9.41301
9.78225
9.1406
8.66769
8.71672
9.00451
8.99147
7.7888
7.07349
7.61177
8.8821
9.13271
9.08558
9.30505
9.48366
9.04793
9.0677
9.63145
9.19967
9.02727
9.16154
9.36623
9.32288
9.3331
8.71931
7.31783
7.64587
9.01473
8.9888
9.02234
9.20459
9.13075
9.2967
9.27781
9.23497
9.26454
9.34767
9.48987
9.42685
9.11162
8.67626
7.50841
7.42451
7.618
6.79172
7.79071
9.42276
9.38223
9.33023
9.30025
8.58708
7.32955
7.69796
8.02291
7.76575
8.60193
7.80939
6.79249
6.76915
6.71729
7.05756
7.6599
8.06796
8.76267
8.29555
7.89101
8.54752
8.605
8.29483
8.23005
8.42843
7.40979
6.82724
7.3642
6.44004
5.8536
6.03058
6.32251
7.28367
8.19414
8.59018
8.40177
8.30692
8.69894
9.12596
9.28997
8.83232
8.8169
8.47662
7.58754
7.00207
7.70066
9.16468
9.19371
9.00795
8.85261
8.59672
7.97531
7.95052
8.22064
8.2428
8.72985
8.50033
7.99204
7.52655
6.86526
6.72898
7.84431
8.59775
8.42357
8.60752
8.96523
9.24146
9.10345
8.97267
8.85183
8.9094
9.05518
9.15864
8.86301
8.77174
8.39194
8.41085
7.36515
6.75756
8.24307
9.23497
9.03734
8.8605
9.03273
9.16817
9.18594
9.2087
9.03436
8.95993
8.87001
8.97428
8.86407
9.11631
9.12409
8.18321
7.25524
6.94958
7.90876
8.82118
8.87954
8.70095
8.45734
8.6392
8.51259
8.56014
8.66439
8.98263
9.32092
9.30748
8.84924
7.72207
6.56737
6.75064
8.34435
9.14984
8.97114
9.09666
9.14658
8.57769
8.01986
8.31031
8.79956
8.72106
8.93196
8.8521
8.9576
8.64155
7.11941
6.70666
7.0622
7.9349
8.77212
8.893
9.19523
9.27906
9.38747
9.32805
9.15416
8.82258
9.02079
8.93863
8.98214
8.90222
8.16547
7.62634
6.92619
