8.75337e-312
inf
2.71181
295.159
335.008
360.101
384.689
448.732
449.843
436.11
398.804
432.9
511.771
508.001
500.25
499.875
457.457
443.951
482.742
504.796
493.827
475.851
477.441
462.428
374.392
347.041
414.68
236.435
190.967
313.922
491.28
564.016
608.643
531.491
494.193
563.222
615.574
592.066
477.327
434.783
418.585
434.783
511.117
566.733
634.115
659.413
589.102
543.626
477.441
473.821
589.797
649.562
649.351
647.668
647.878
652.955
669.568
332.779
308.261
539.084
570.776
552.486
515.331
341.647
344.531
226.989
232.207
520.562
528.681
615.574
643.708
629.921
624.025
631.912
633.112
584.966
407.083
396.04
562.905
643.501
654.236
641.231
648.508
632.711
426.076
296.516
333.056
461.255
535.619
555.401
490.798
32.3373
32.5664
591.541
627.353
637.146
570.288
439.754
455.166
612.182
667.111
672.269
657.462
605.51
602.954
544.959
486.855
546.448
634.921
674.082
674.992
659.631
649.562
645.578
559.128
496.032
526.039
572.574
572.902
514.933
515.331
547.345
463.499
492.005
629.921
654.236
655.093
651.466
661.157
654.236
447.728
406.835
535.762
595.238
618.62
597.55
602.047
643.501
531.067
506.073
574.878
536.769
503.905
502.765
541.126
496.648
435.73
515.464
589.275
556.483
566.733
546.001
562.272
505.945
431.313
394.945
421.23
506.073
506.971
420.345
390.016
345.602
307.55
358.616
403.307
383.803
414.079
450.146
408.998
384.986
374.953
421.763
531.632
565.771
580.72
646.621
669.12
671.817
442.87
365.03
452.182
521.105
500.375
490.677
511.902
444.642
460.405
562.43
581.564
612.933
614.439
606.428
612.745
539.52
522.193
576.535
614.439
616.713
590.842
568.343
562.746
463.177
444.346
550.206
568.99
571.265
597.907
626.763
594.707
443.459
434.972
565.131
625.391
634.921
620.732
617.093
531.773
462.428
493.583
556.019
509.035
415.024
440.335
428.541
423.28
516.529
552.029
589.449
614.251
615.574
578.536
498.008
494.315
535.762
570.288
627.156
612.37
611.247
602.954
468.165
438.02
494.927
424.628
400.561
471.921
454.029
432.807
492.611
530.645
575.705
625.782
575.208
567.537
538.648
523.286
603.318
501.756
372.926
388.35
418.673
404.858
425.985
490.076
568.505
581.734
608.273
579.206
323.52
296.472
395.648
418.41
506.329
459.137
410.004
461.148
531.208
578.035
570.939
568.343
390.93
361.729
515.464
568.505
499.875
441.599
470.81
414.164
398.883
466.962
511.247
579.206
594.884
545.852
446.13
457.666
561.798
587.371
557.88
531.067
461.255
386.399
422.386
517.598
555.093
564.175
575.208
598.265
562.905
448.43
417.798
500.5
564.175
552.944
534.331
518.807
467.181
484.614
577.201
602.773
500.751
456.413
543.626
521.784
486.855
533.049
547.495
518.269
528.541
598.444
548.546
440.141
448.833
536.913
570.451
547.196
539.374
570.613
468.604
441.501
492.975
438.116
424.088
471.587
451.875
414.25
424.628
450.146
482.859
473.037
432.713
387.147
413.138
502.639
455.477
358.744
381.098
405.433
355.177
420.168
467.617
375.023
286.164
317.108
473.709
507.614
526.039
564.812
559.441
444.741
434.877
503.018
501.002
533.76
539.084
478.698
360.101
384.763
527.148
534.759
537.49
546.448
459.242
432.994
486.145
513.743
525.624
481.232
476.872
470.146
466.2
524.797
478.813
449.843
449.539
434.972
413.394
439.174
524.109
543.183
543.331
525.624
499.251
448.43
421.23
459.137
499.501
506.586
530.645
562.272
513.084
499.875
566.091
591.366
390.168
331.29
400.561
406.339
453.412
546.597
561.01
555.247
548.998
430.942
409.417
518.269
581.058
540.979
506.329
546.15
588.062
496.278
481.116
479.731
448.934
489.956
521.512
503.652
390.778
403.388
471.143
462.107
486.145
500
483.676
478.011
515.597
382.482
342.056
383.583
352.237
282.725
294.291
411.692
471.476
332.005
281.096
364.498
474.947
539.811
566.893
413.394
366.703
438.596
472.144
498.008
476.077
342.466
336.587
469.153
512.821
519.886
528.821
497.884
420.698
416.927
479.846
488.52
488.52
521.648
452.489
426.894
468.055
470.367
490.798
445.137
403.551
426.712
478.469
505.433
514.668
546.001
561.01
555.556
437.924
410.846
475.398
465.441
489.237
540.687
504.796
464.576
470.035
524.246
526.87
445.137
441.404
403.959
393.933
485.084
542.888
533.903
480.077
449.944
423.012
453.721
517.197
536.193
561.01
570.613
582.92
516.796
428.908
423.729
415.8
407.415
462.963
462.963
424.899
471.143
551.572
541.565
453.823
400.561
375.305
396.825
476.417
513.611
535.619
466.092
436.3
396.196
365.43
436.967
496.278
453.104
393.314
313.136
282.486
355.682
470.588
505.817
405.351
311.09
309.215
361.011
413.65
324.044
335.683
479.042
461.894
451.365
470.921
413.65
393.468
446.927
492.854
535.762
537.924
462.856
416.753
466.201
463.499
404.449
361.076
310.8
342.466
430.2
431.779
448.029
479.846
449.438
416.233
453.926
511.509
520.698
523.834
509.424
422.297
390.244
437.063
468.494
416.406
420.61
461.148
452.489
483.559
517.197
537.346
547.945
530.223
423.729
371.54
404.285
451.162
488.639
507.228
513.215
441.112
417.624
388.048
386.922
481.812
512.689
424.538
426.712
530.645
558.191
536.913
494.438
483.559
415.11
374.672
425.441
495.663
530.926
537.924
466.853
342.818
333.389
414.508
423.549
438.5
430.663
428.816
401.526
331.455
374.181
470.921
404.204
393.391
485.084
427.442
343.348
301.069
343.643
473.597
500.877
481.812
478.469
362.582
337.496
448.531
506.457
486.855
489.956
496.278
427.259
421.585
477.327
495.417
396.668
357.654
382.482
411.184
457.038
473.934
505.178
500.375
414.079
389.788
424.088
453.618
501.756
479.386
306.373
300.165
424.088
381.17
394.011
489.237
395.179
377.572
482.975
507.228
521.921
479.157
381.971
371.402
403.959
426.348
476.531
515.996
460.299
399.68
368.936
390.549
465.008
475.172
377.501
362.319
435.066
438.597
426.803
454.545
393.468
381.461
462.214
493.705
512.295
514.668
490.677
407.166
358.487
396.432
467.617
496.648
511.117
453.001
443.066
506.971
483.208
377.858
372.509
380.228
381.316
462.321
508.906
527.844
498.505
288.018
281.492
433.745
336.474
317.662
325.839
342.642
444.741
471.143
476.531
458.19
392.619
412.456
504.668
484.614
404.285
379.651
352.485
389.56
496.401
504.668
524.384
525.901
473.821
393.391
393.623
432.246
441.696
474.947
508.647
450.45
407.581
406.835
382.19
409.082
465.658
407.914
390.396
457.875
509.684
527.704
474.834
390.168
387.898
421.23
434.877
471.143
486.027
438.789
393.701
369.072
388.123
417.798
426.894
397.298
396.668
467.29
471.254
428.174
435.161
422.922
391.543
437.541
478.583
467.181
475.851
508.518
417.537
347.403
387.297
448.33
450.552
457.457
395.257
394.011
464.684
470.81
473.261
460.617
427.077
428.174
470.699
496.771
392.696
295.072
317.007
414.68
469.153
482.276
504.286
519.346
307.882
260.247
338.409
358.744
321.543
338.352
411.1
402.495
338.123
312.695
364.166
427.077
455.27
490.798
516.796
515.863
425.26
388.199
446.329
421.852
406.669
451.773
409.333
402.82
451.773
429.461
423.37
430.849
389.181
389.484
433.276
468.274
467.071
421.141
378.215
397.456
450.653
456.413
419.111
399.202
395.413
386.324
367.242
390.168
472.032
485.673
405.844
381.17
444.642
449.236
426.712
459.031
435.256
412.371
452.591
490.918
516.662
517.598
492.975
366.838
357.462
443.754
458.716
457.98
437.733
378.931
355.24
387.822
433.088
469.484
426.53
397.456
414.079
436.681
455.477
454.442
376.79
351.803
363.372
342.642
346.2
320.667
335.909
411.1
445.434
440.82
326.797
273.898
346.38
473.709
447.527
406.174
360.75
369.344
440.82
475.737
472.367
463.07
433.745
376.223
389.94
371.126
362.582
432.526
411.438
401.768
435.825
367.782
374.953
475.285
417.188
396.511
457.561
466.309
479.386
451.365
392.003
402.495
468.604
461.894
427.716
408.831
378.501
386.623
411.946
431.034
438.212
432.9
391.083
399.361
481.928
506.586
462.642
455.581
501.253
432.152
406.091
453.104
468.494
484.731
478.583
414.25
367.444
410.256
456.934
441.014
461.68
406.669
397.693
468.055
436.491
412.882
430.2
390.244
387.447
436.015
444.642
470.256
444.939
317.36
327.065
456.413
388.576
353.982
355.619
355.366
317.864
318.979
424.989
427.716
384.837
421.674
494.56
445.335
357.398
313.283
349.528
445.434
491.763
512.689
506.073
454.752
360.49
370.37
415.196
400.641
437.733
419.639
419.639
464.36
404.531
382.263
437.445
393.159
378.358
450.349
486.618
503.905
441.891
379.363
380.156
415.196
446.429
467.29
467.508
406.504
403.47
431.872
426.167
456.204
487.805
482.625
392.619
385.282
470.588
480.769
439.174
423.012
393.856
390.168
449.741
455.789
448.33
463.499
421.407
367.04
386.623
438.5
465.983
489.117
423.012
404.776
421.763
409.082
443.853
475.511
420.08
390.778
429.553
438.116
447.728
439.947
335.909
344.293
437.35
435.54
451.467
478.011
428.357
395.726
429.461
468.713
423.28
379.219
373.065
400.24
473.261
508.518
396.983
358.68
282.207
282.845
436.015
450.146
423.101
355.935
364.697
448.531
456.621
460.299
442.674
338.009
326.851
356.443
354.233
379.723
331.345
355.303
451.467
465.116
451.875
440.82
392.234
401.929
488.878
491.642
479.501
486.736
398.248
349.223
362.779
380.3
418.498
438.404
324.992
320.513
432.246
421.941
428.908
462.107
419.727
381.534
416.493
447.127
451.06
419.551
351.185
375.305
450.45
456.83
462.856
464.145
387.747
360.946
407.83
438.404
473.373
499.251
389.636
357.846
415.628
420.698
421.407
363.042
370.508
454.442
433.182
405.104
421.23
374.252
355.745
416.927
463.929
438.5
314.12
319.438
418.498
443.951
426.53
330.087
298.597
365.831
466.418
500.375
503.398
498.878
360.295
301.932
357.59
412.797
427.259
399.68
385.802
426.894
382.848
371.609
457.875
392.311
369.754
451.06
485.791
493.705
472.925
457.143
424.178
422.744
438.885
415.369
427.442
439.078
384.468
329.544
352.547
416.667
422.119
370.92
369.004
394.089
387.898
417.886
467.836
422.03
404.94
464.684
477.327
441.599
417.624
346.921
347.343
450.653
457.98
448.229
474.608
397.377
383.877
407.914
390.778
418.585
431.499
368.596
366.166
447.227
462.535
371.126
297
339.732
439.56
454.442
473.934
488.639
437.637
392.619
391.466
406.835
439.464
428.816
368.324
384.689
451.264
294.811
284.981
295.334
280.82
405.022
455.892
472.813
371.126
341.064
388.878
399.122
441.696
476.077
413.223
380.445
336.984
338.238
424.268
409.668
385.208
415.887
456.725
431.127
399.76
400.561
423.639
436.967
420.875
444.247
474.608
431.686
384.394
353.544
372.926
443.262
480.307
454.029
425.713
451.467
487.211
452.591
408.998
419.287
412.116
417.362
452.182
471.587
486.5
471.921
383.583
361.468
423.819
453.823
439.367
435.161
395.257
389.788
422.476
441.112
492.732
506.073
447.928
400.641
420.433
451.264
447.127
400.882
339.098
369.959
464.684
473.934
477.783
489.237
464.253
416.753
427.533
461.894
468.823
480.077
482.16
434.028
414.594
432.994
399.92
347.102
351.37
364.564
346.861
348.553
382.555
427.807
372.093
324.781
314.564
355.809
450.146
398.327
389.029
375.235
348.918
387.522
330.797
344.828
458.085
454.649
445.931
441.696
398.248
403.633
457.875
482.276
457.247
429.277
399.76
361.468
361.794
409.752
465.658
482.044
435.635
377.501
403.551
446.13
423.191
436.015
428.357
414.594
444.247
475.059
485.909
487.567
431.499
330.633
336.814
406.174
422.565
460.829
450.857
415.024
383.583
392.157
449.337
474.271
420.787
391.85
430.385
460.405
445.831
377.572
303.168
319.387
407.083
457.457
474.158
465.549
406.752
394.555
446.528
444.247
428.449
429.553
390.396
384.32
420.08
386.772
359.971
376.011
366.569
354.045
324.202
328.084
342.231
365.364
442.576
451.06
427.625
302.526
274.763
325.627
309.023
336.7
325.574
317.612
394.789
429.738
407.664
390.778
357.59
371.333
431.034
440.335
425.351
349.467
301.477
336.587
415.11
423.819
425.985
358.616
364.1
453.823
438.308
443.557
473.149
389.56
377.572
453.309
474.496
479.962
460.617
347.524
333.222
397.772
399.441
430.015
430.942
406.421
379.507
395.179
465.549
495.05
498.132
401.687
358.68
388.5
407.83
360.295
308.785
355.366
435.35
441.599
436.586
431.499
377.216
381.825
444.741
460.617
481.232
454.133
348.068
348.553
407.249
382.482
408.497
327.225
318.37
436.967
441.794
356.189
309.741
359.518
438.116
459.77
460.617
433.463
316.056
274.273
302.893
343.23
399.68
343.879
348.857
438.693
441.794
377.359
307.078
343.112
434.311
452.796
467.617
456.934
361.794
319.846
356.443
371.816
385.951
362.253
359.002
433.934
448.229
424.719
438.693
407.581
405.762
464.145
483.442
473.261
461.148
386.922
358.938
397.693
415.369
439.464
461.467
420.168
394.089
399.76
408.413
444.543
461.042
427.991
417.449
445.137
465.983
476.304
438.116
375.164
360.946
388.576
426.076
447.427
442.576
403.551
358.487
378.143
419.111
406.256
405.844
374.742
374.672
428.357
389.029
375.94
433.276
408.247
403.714
468.933
489.956
487.448
384.986
335.177
395.648
453.104
462
473.821
471.143
348.797
329.707
376.081
387.147
444.642
319.795
306.89
424.268
455.892
450.958
451.162
387.372
381.825
412.797
396.04
421.141
409.836
322.061
329.056
436.491
460.617
430.2
347.403
355.809
447.527
434.028
391.85
414.079
402.82
381.898
411.269
421.674
413.223
344.531
346.981
439.174
444.642
440.432
467.727
471.921
420.345
393.468
426.257
457.561
480.077
467.617
393.391
403.633
466.201
472.813
441.306
383.289
361.925
383.436
429.369
439.85
429.369
442.087
391.236
390.93
468.165
479.157
481.928
479.501
402.091
348.736
340.194
329.815
367.107
383.362
388.651
443.361
457.352
468.165
475.172
370.028
345.423
295.902
295.203
425.08
402.414
397.141
425.985
278.203
278.823
323.887
315.956
392.157
389.788
415.887
415.8
403.633
430.663
438.596
459.982
479.042
448.934
377.216
359.906
402.982
425.17
418.848
370.028
377.572
450.755
425.804
407.997
455.166
425.08
389.94
430.293
474.608
467.836
451.773
336.134
333.333
455.996
468.165
451.671
431.22
408.998
417.624
420.875
420.61
437.35
432.152
382.409
370.37
406.504
418.498
401.284
337.952
336.134
413.822
456.83
461.894
477.555
467.181
387.898
362.122
407.249
431.499
447.628
459.137
394.711
382.336
424.989
374.532
370.576
396.354
393.468
416.927
440.141
467.617
480.654
395.804
370.028
422.922
418.498
411.692
446.229
432.432
406.009
306.279
306.232
438.789
466.744
364.964
313.136
322.529
355.745
435.73
386.623
375.657
430.663
442.38
438.116
386.473
354.925
357.974
408.33
458.716
465.549
445.434
380.662
386.324
428.082
408.08
425.441
434.028
408.831
431.593
467.399
469.925
468.823
363.438
321.699
375.164
415.973
455.477
483.092
439.078
411.862
405.844
386.175
395.413
416.147
388.651
388.727
448.43
480.307
470.81
408.497
373.204
408.58
454.959
454.649
459.453
465.875
459.137
399.92
378.215
396.904
390.854
409.92
382.995
386.473
399.76
372.37
387.672
435.35
395.257
372.926
404.367
407.83
437.637
424.809
398.01
427.077
456.621
454.236
466.853
454.133
400.24
381.098
357.462
369.959
419.551
302.115
306.654
440.82
452.899
355.051
276.932
330.743
448.632
472.701
488.998
461.361
333
312.647
390.625
397.219
401.445
390.244
364.564
386.399
425.713
450.755
467.399
422.744
377.43
407.664
454.029
466.092
479.157
309.215
277.469
380.228
413.223
436.872
411.946
331.84
331.62
393.856
416.753
418.76
380.952
359.971
398.804
449.135
397.456
363.504
390.396
398.963
414.336
440.238
437.541
392.465
394.4
447.527
436.872
423.998
452.284
472.813
419.199
411.438
443.557
368.528
355.114
353.294
365.564
444.939
449.135
425.622
407.664
388.576
407.498
450.755
458.821
412.371
414.336
423.729
392.003
380.88
392.85
443.164
462.749
378.072
375.516
464.468
471.032
370.165
266.241
296.121
424.448
446.329
462.107
428.174
292.74
305.857
438.885
382.629
374.742
321.027
326.691
425.894
423.908
460.087
482.858
377.786
332.945
387.297
434.499
441.112
332.336
326.584
431.593
455.477
466.853
467.29
414.852
370.92
391.696
385.282
384.763
433.276
381.752
374.042
436.205
412.286
352.858
301.796
335.064
406.918
408.497
435.161
463.499
390.93
383.583
464.037
474.834
476.417
466.636
413.993
408.998
455.27
371.955
338.524
403.959
368.528
364.232
444.642
479.271
473.149
367.715
351.865
421.319
425.351
443.066
476.304
463.07
412.371
335.514
336.361
410.088
429.553
379.003
390.092
442.674
454.959
411.184
395.648
313.283
310.029
441.794
466.309
469.263
461.787
370.989
313.234
298.597
311.333
299.356
314.762
