1.42227e-311
inf
2.36463
125.786
134.517
137.382
131.51
132.17
137.334
137.353
135.74
137.665
137.77
120.97
118.899
123.381
109.697
84.0866
88.8534
115.148
117.11
120.185
117.564
27.2179
27.1422
128.025
132.864
130.446
129.794
126.406
124.146
125.541
132.153
119.303
97.9624
101.384
111.346
112.101
121.389
127.918
128.427
131.415
134.517
133.005
130.71
130.022
131.848
127.307
130.166
131.553
133.138
136.184
132.996
130.787
127.146
130.319
138.093
133.887
128.502
127.82
113.766
118.603
119.717
119.396
123.671
116.232
129.091
135.823
132.908
127.105
123.198
124.324
129.141
134.075
128.974
127.291
126.638
126.912
126.59
127.235
126.191
129.938
135.99
137.25
138.966
133.681
126.199
128.254
119.99
115.294
124.031
126.271
132.882
134.147
131.891
128.115
131.501
134.454
127.73
129.308
120.25
118.885
129.207
131.51
134.798
128.172
126.263
136.565
129.525
122.767
127.016
125.117
99.4283
93.4885
114.41
118.807
118.842
124.262
128.312
134.391
129.416
123.327
126.992
127.714
128.033
122.858
125.047
132.039
131.744
128.238
121.855
126.67
121.19
120.649
127.51
123.062
121.095
113.766
117.654
120.243
120.882
122.956
117.516
125.172
126.799
124.906
126.614
127.551
126.855
126.534
119.51
120.758
131.527
127.567
122.805
120.2
126.904
134.345
135.648
132.442
122.677
126.326
120.142
120.46
118.892
114.718
120.402
120.127
131.726
131.354
122.812
125.368
133.174
132.811
124.906
116.293
119.674
127.397
127.041
127.502
120.635
124.463
131.019
130.899
125.968
112.196
121.588
133.815
117.405
105.469
107.095
107.735
106.304
113.559
120.584
120.265
122.332
119.325
118.189
114.495
115.747
129.634
126.183
119.503
118.885
127.202
131.113
125.762
119.818
116.802
125.29
125.392
109.063
101.776
103.691
115.327
118.392
106.923
112.492
123.586
124.906
122.88
114.976
112.568
117.481
125.384
124.247
110.023
113.54
125.266
127.372
124.86
115.081
117.151
123.632
125.921
117.213
102.114
101.302
108.29
115.935
112.524
109.812
118.948
121.603
122.212
115.861
115.969
124.502
123.793
117.069
110.199
111.926
121.751
124.085
114.916
111.713
113.482
117.696
111.346
103.354
114.718
116.809
116.72
111.557
102.412
111.676
114.227
116.591
116.144
112.619
119.133
117.98
107.141
109.117
117.64
122.534
125.628
119.639
118.835
118.245
116.158
109.993
100.761
107.504
110.363
108.921
112.771
108.331
109.427
112.848
107.51
111.297
119.282
121.242
123.686
115.327
116.421
116.795
115.654
113.276
110.828
117.185
115.447
115.627
113.688
102.517
108.53
103.761
96.353
112.416
115.062
109.016
108.855
109.433
113.591
117.096
113.688
106.236
112.215
120.62
119.904
116.564
107.521
114.653
120.62
116.598
109.577
107.933
118.099
111.526
93.1966
95.4563
104.635
103.713
106.377
102.255
102.934
110.73
113.804
108.372
112.613
120.635
121.462
120.178
114.685
117.966
120.591
121.264
111.676
103.799
110.193
111.352
96.5204
94.0778
102.844
106.712
115.507
107.227
104.499
114.943
115.141
110.199
108.648
106.553
111.297
112.982
104.102
109.135
113.753
114.91
112.581
107.221
112.568
113.205
102.533
107.73
106.304
99.2359
104.893
108.472
111.445
115.088
116.802
106.598
108.237
116.659
118.406
115.287
106.786
111.976
119.033
120.897
113.662
108.401
116.911
119.232
115.52
102.496
91.3034
95.9923
106.547
104.97
105.585
113.43
111.876
109.027
111.801
113.385
115.327
111.433
108.091
117.062
120.048
118.448
115.507
112.026
116.775
114.482
107.869
110.852
112.575
107.383
105.82
96.0753
100.392
110.217
105.285
106.451
109.004
110.699
109.487
106.033
103.258
109.129
111.105
112.139
113.462
109.794
110.564
109.709
101.327
104.739
113.533
103.056
91.4328
100.04
111.142
112.867
104.965
100.08
110.096
110.516
109.212
104.954
100.035
105.904
112.537
107.573
104.8
111.29
111.926
101.041
107.643
117.268
109.158
110.448
103.024
104.01
105.357
101.215
99.7855
106.225
116.205
114.077
106.918
102.596
112.139
113.09
108.442
110.803
112.943
109.83
111.888
102.396
102.48
112.81
110.797
103.734
102.323
97.2905
89.8553
98.8826
104.156
100.528
109.709
109.493
103.332
112.347
115.46
111.167
106.321
107.706
115.327
115.996
103.242
105.313
111.601
106.174
109.763
98.9658
93.1272
104.521
102.817
100.08
106.264
107.256
107.239
107.753
107.147
104.816
109.451
106.689
105.053
113.662
112.816
102.965
104.866
113.507
112.956
113.193
108.015
102.15
106.701
101.724
95.3289
106.975
110.047
106.078
103.082
104.297
111.123
112.101
105.263
105.893
107.811
107.515
112.848
108.313
109.415
114.771
112.562
99.6612
95.2381
103.622
105.809
101.621
101.204
99.8203
103.525
106.304
103.778
108.637
111.694
108.46
105.983
103.215
106.587
114.976
104.031
104.123
114.403
112.816
105.977
105.569
109.099
94.1886
97.177
105.893
99.1375
104.91
101.771
100.195
112.189
115.976
115.908
112.353
108.091
111.501
112.765
103.461
100.477
109.325
112.051
107.078
105.625
108.015
105.703
98.0681
100.215
111.657
114.338
112.385
102.14
94.9442
94.4376
95.3562
102.727
106.889
110.327
110.387
100.16
104.668
111.894
101.807
101.015
107.417
105.452
92.8247
81.2315
82.43
96.8945
110.871
109.842
101.502
100.624
104.286
99.8602
98.9903
107.788
108.026
96.3948
96.9697
96.2279
97.5086
106.078
105.014
105.269
108.601
102.323
96.1723
98.4785
96.432
75.8553
69.9643
81.9269
80.8081
87.0284
106.633
110.339
104.112
104.915
109.123
109.26
107.747
104.668
104.02
106.411
104.308
98.1691
85.2515
92.7816
103.066
96.1723
106.479
107.881
98.4107
101.823
109.697
104.877
101.353
99.4629
100.392
107.221
108.102
101.874
96.8758
96.6324
104.075
97.1298
98.4834
97.0026
86.3632
97.9336
107.147
104.058
99.4283
101.271
109.836
105.396
98.0633
96.7726
101.932
111.445
99.1867
90.938
103.162
106.496
92.8203
90.009
103.509
96.0846
81.8063
84.8033
93.0276
88.9007
82.8466
92.0259
95.1068
91.4788
99.5818
99.0639
86.9716
81.6827
93.6988
86.7905
81.4399
90.1998
95.584
89.9078
79.5197
83.0565
90.7853
103.761
92.9757
84.6632
93.9055
91.0084
84.3562
93.006
105.274
100.847
100.306
101.379
104.811
105.385
100.725
106.513
106.513
93.0233
87.127
100.085
105.764
93.7383
97.3947
105.169
100.508
98.3332
105.014
106.872
109.141
101.693
95.6434
102.575
106.281
102.822
100.644
107.492
109.481
111.167
102.312
90.5838
92.6097
104.998
94.2463
85.5578
93.1793
97.7326
102.375
103.627
107.158
100.452
97.0356
106.82
108.015
104.866
103.912
106.706
111.229
113.449
108.601
101.543
96.7165
93.9099
91.9794
98.3139
107.573
105.781
101.921
105.613
106.14
103.375
107.591
108.091
106.281
109.218
107.945
106.366
112.341
110.803
106.86
101.994
99.945
103.439
96.2835
86.8319
93.7339
108.442
112.013
97.1534
98.6826
110.926
106.011
104.844
104.444
102.417
106.287
102.407
96.1446
101.662
109.745
109.319
108.495
108.802
107.869
110.387
101.01
89.924
90.3098
97.2432
103.332
104.827
105.125
100.175
97.0308
102.633
104.499
101.942
98.6096
104.27
110.982
107.666
101.626
101.348
106.468
111.216
103.077
94.7463
104.145
105.169
92.5412
98.7752
101.107
98.3381
101.005
100.482
104.542
107.481
99.686
94.9758
101.425
106.564
101.523
99.3049
108.897
111.458
100.903
101.41
102.338
90.9174
91.5332
102.727
107.573
107.038
103.616
98.6777
98.1162
102.344
102.297
99.9101
107.348
105.219
97.1817
102.323
106.457
104.248
100.72
94.518
95.0525
101.895
104.75
93.3445
93.1576
107.596
103.734
96.8617
101.128
102.333
96.0384
91.9921
100.528
109.439
103.003
103.552
105.053
102.96
105.719
105.402
104.559
105.865
87.382
78.6782
90.5633
105.357
100.588
93.6768
101.225
105.753
99.2211
94.9983
104.4
108.237
99.8652
101.973
104.537
102.596
101.652
100.301
104.981
110.278
108.19
86.5164
81.3041
95.1611
99.0491
96.637
96.8382
103.799
102.025
100.195
109.343
110.895
103.045
103.541
104.904
101.394
102.833
101.056
101.23
108.061
109.643
93.9011
95.057
102.317
95.5931
93.576
97.4279
101.158
97.3473
102.512
106.411
105.469
109.571
103.74
98.1306
104.466
108.003
95.8451
97.8139
110.76
109.715
103.729
102.02
96.14
90.8884
98.4591
105.703
106.536
110.497
105.563
96.2835
101.317
108.026
97.7183
96.7633
106.163
103.848
93.8527
97.281
106.061
105.369
104.297
101.041
101.807
98.5028
91.0788
93.9982
100.085
104.959
102.527
97.4232
105.263
109.135
98.3961
98.7654
100.543
98.4494
101.174
102.981
104.205
100.796
98.8191
99.96
101.209
97.229
94.3352
88.9007
90.5305
101.709
99.5966
96.0061
102.77
105.686
97.2573
98.8729
107.608
108.938
107.863
106.803
107.776
108.378
106.033
104.679
106.769
104.123
98.7703
94.7643
95.5794
92.4898
90.7729
99.5768
103.772
102.015
101.59
106.304
104.998
100.22
106.14
106.718
105.658
109.727
105.574
92.1404
92.4898
103.821
103.082
99.3049
87.447
78.5639
79.6686
88.7745
101.538
100.761
94.7015
98.7606
102.622
102.119
95.8268
99.3542
104.756
99.8452
103.67
102.449
101.724
107.313
99.9101
94.7239
92.9498
86.9301
95.6617
104.592
105.91
104.959
97.1251
99.4926
108.542
106.253
97.5467
102.69
109.577
103.605
100.316
103.024
106.672
108.684
106.746
103.718
102.155
101.466
91.6968
94.6656
104.183
97.8761
92.7343
97.9048
105.463
103.263
100.974
99.5074
103.242
106.883
103.568
99.6661
102.907
104.042
95.4654
93.2531
100.226
96.4832
86.6101
89.4935
101.266
99.3838
89.8473
96.4599
107.17
101.735
97.7422
102.87
104.27
97.177
96.5298
100.215
100.316
103.167
99.4678
93.5497
96.965
102.934
95.3198
82.8569
89.4254
99.691
96.1492
95.7488
100.316
98.9756
97.2148
100.751
104.232
100.326
98.2753
101.906
102.654
95.7121
93.5935
99.935
101.194
95.7579
97.0167
98.4979
93.4143
90.9256
98.1691
103.794
99.0393
97.1723
97.4421
99.1522
99.6314
98.7216
94.069
92.885
102.722
102.981
97.8905
97.7326
102.213
104.564
99.4431
93.9276
92.7042
85.0774
84.1397
103.146
104.357
97.045
100.533
105.452
101.363
97.5324
101.271
102.828
101.087
102.512
99.054
96.4832
100.609
98.9658
95.0751
89.9483
92.5755
87.6808
82.413
90.4855
90.0414
97.1204
104.816
99.0148
99.0197
101.312
101.523
101.973
98.8924
98.7411
102.48
104.756
95.47
92.4129
104.91
95.2018
80.4699
84.3597
96.0938
97.3662
96.0154
95.5384
99.5322
99.94
99.2654
105.219
106.406
100.432
99.6264
106.815
107.296
98.4931
99.0737
102.522
98.3865
95.9509
87.6271
90.4568
92.7042
86.2478
95.5247
100.959
97.6801
98.6096
96.0476
87.9894
85.3279
96.3345
102.428
98.3526
95.2472
98.3332
101.384
98.8289
98.174
94.3841
89.4174
78.061
77.3365
92.4257
101.667
95.2699
89.1266
93.7075
102.291
97.8665
94.6208
101.642
100.432
85.5945
81.4498
90.7153
96.1446
92.1701
87.1612
86.1067
90.9463
95.6389
92.115
94.5448
96.6324
93.1532
92.4684
100.276
103.21
97.8809
96.3577
101.148
97.9864
94.2996
104.45
99.2359
78.8302
73.408
78.3576
85.4117
97.6992
100.518
96.918
93.8879
99.458
103.482
96.3716
97.2526
97.0685
97.3236
94.697
97.4137
104.493
102.512
97.9096
92.1786
94.3218
98.0344
94.1442
86.8432
90.3383
97.1817
96.1677
93.0146
93.3271
98.8435
96.043
95.47
95.229
96.8007
101.678
98.7849
99.7059
102.365
95.2835
92.8203
99.7954
92.383
90.009
85.859
81.0603
80.8473
86.719
97.9576
95.5155
97.3141
98.6096
97.6372
90.7606
94.3886
98.8777
97.3331
97.2479
99.1375
97.5515
95.1611
85.7743
87.4776
93.6988
86.6138
96.7773
105.081
99.5223
93.69
100.675
99.1277
90.0536
87.2867
95.0706
104.728
100.578
93.4187
95.5384
101.533
98.0729
84.9979
88.3431
95.813
88.1407
94.1044
101.117
95.8267
91.5877
99.3986
101.838
96.6697
90.7853
92.1447
101.461
103.493
101.698
97.0732
93.8879
97.4184
100.19
100.624
98.0104
93.2053
91.083
89.1583
90.7853
94.4599
97.996
98.464
98.8973
101.343
100.04
98.3332
97.4801
94.9668
92.8678
94.518
99.5966
97.1204
97.0874
104.772
94.4555
81.8967
86.8206
92.9584
95.7625
91.3284
88.5936
94.9983
94.8587
95.057
96.1307
96.2094
95.1837
96.857
95.511
99.3246
98.3478
92.7773
95.0029
95.4836
87.2372
84.3953
85.8811
82.8466
91.6338
99.0737
96.043
89.8432
93.5191
101.312
96.9603
90.9546
95.3607
102.981
100.17
100.226
93.985
92.0768
97.7565
99.8901
92.383
85.4299
85.4555
93.5672
98.1932
92.1107
89.8917
97.9576
102.464
95.7258
89.9564
96.7165
101.384
91.638
91.7768
100.105
103.252
95.3107
99.1522
101.112
87.0322
77.4833
80.4343
93.7822
96.1862
92.6183
93.1142
95.7717
92.3873
91.7263
95.7717
98.0681
91.9456
88.5034
94.9172
99.8104
93.6856
91.0871
96.2835
90.3751
80.9356
82.0244
93.1316
91.6338
94.8722
101.673
96.8617
91.2409
94.2951
97.2242
94.3174
96.0523
96.0846
97.8953
101.543
99.935
93.8703
93.1923
94.1442
84.631
86.326
95.4062
88.4799
94.0071
100.075
96.8476
89.5897
92.8333
102.69
98.527
98.0056
98.0488
100.852
103.348
99.8452
95.9049
96.5111
101.937
89.4334
82.5287
93.9585
94.6298
95.8773
99.9201
99.6711
98.1065
97.5039
98.8631
100.17
97.704
96.5577
97.6181
99.0589
94.2996
91.0996
98.9315
99.0835
93.8659
90.2772
98.1932
90.4282
83.8258
93.0665
91.7768
93.5541
96.6604
96.4274
98.464
95.1792
93.576
97.8617
103.295
100.837
93.9496
96.9697
103.589
95.6343
93.7734
97.1581
85.3752
84.0583
93.2488
99.3493
96.768
93.2357
94.5358
85.9919
85.8922
94.2729
96.446
102.37
97.996
91.1452
90.8141
92.8247
99.0344
96.432
86.2292
74.3273
73.8334
88.8021
92.5669
90.4159
96.7399
103.215
96.2094
91.4537
99.3542
103.348
93.1619
79.5893
78.5207
79.6495
89.662
98.1065
86.464
78.183
76.4497
80.6387
89.3455
96.14
91.2326
86.0141
88.9561
92.4813
91.68
91.3242
97.0214
100.195
91.3617
86.6664
94.585
103.724
71.9373
57.5357
72.6771
89.1703
88.4525
91.0954
97.6563
96.1631
89.5736
89.6982
96.0246
96.6277
93.301
97.5419
98.227
92.0006
89.3296
91.5457
91.2159
89.1266
89.6419
68.8516
62.8615
76.555
79.6495
84.6561
95.5338
102.062
99.1277
98.6242
98.824
95.048
92.816
97.8234
98.8826
86.5651
70.9824
67.1975
74.5406
84.5594
94.6477
97.6896
93.5235
92.7042
98.1065
97.7374
91.1619
89.1862
93.7647
99.8353
96.302
97.5372
99.5272
95.9555
92.0302
86.6852
89.3775
89.7344
91.1577
93.8747
98.7459
97.9336
95.2154
100.761
100.095
91.0208
91.0539
97.6276
97.6706
88.098
89.9402
102.685
90.4691
86.0807
87.8272
88.7626
91.1286
86.6852
86.2441
85.408
91.7936
100.624
97.8378
94.6074
98.2511
101.02
97.2905
92.2339
96.6884
102.833
97.6992
93.1185
92.302
86.9943
81.0537
76.9764
78.0518
92.3489
94.5403
92.3276
97.281
101.812
97.7852
92.8678
98.9658
97.9288
89.1782
90.1104
95.9785
93.7734
93.7207
97.5562
93.4099
82.9703
85.9808
92.2254
93.7471
95.9279
89.2299
89.5095
89.6901
92.5712
97.1015
96.2047
95.4791
97.8426
99.3591
95.2699
96.432
95.1203
91.8906
90.7935
82.6071
87.974
92.285
84.3419
88.4173
94.9577
97.4137
88.476
88.8691
97.0215
88.8376
88.1135
95.057
95.6343
95.3653
92.7945
93.5541
95.5521
86.1809
84.6059
85.0774
82.7712
89.3655
96.3206
95.648
89.0789
92.4214
97.2432
96.8429
90.3302
89.7908
97.3568
89.3336
88.6407
96.0476
98.1547
88.1446
78.6844
78.9017
79.2864
86.04
91.8189
91.0539
86.4342
85.9365
95.3425
97.4611
94.6029
95.7946
98.1354
93.7559
89.6419
91.8569
97.0356
90.9959
88.0863
92.9325
81.8666
81.2348
89.8392
90.7112
83.7591
81.2975
93.5454
93.985
88.877
92.3276
98.0152
95.1701
91.2909
94.451
98.1884
94.7194
89.7787
92.1999
98.3139
87.222
76.234
74.1675
74.4879
82.8123
92.5241
96.4413
92.9411
93.1359
98.4931
92.3063
89.1067
96.2649
101.6
94.0734
89.5656
93.4361
97.9048
87.4049
83.5596
85.1898
83.2986
96.7165
98.8191
89.2578
77.7424
76.2718
90.905
94.1708
76.3417
69.1994
71.3012
75.7174
79.6305
75.2899
72.7564
78.1586
77.5855
70.7139
82.085
95.3653
88.5269
88.7193
93.5235
92.829
90.8926
89.5817
85.0376
89.4855
85.063
81.2612
80.8669
79.2707
79.6622
73.7817
74.5268
81.5195
74.8755
70.2395
87.1612
96.251
88.2106
94.2019
102.844
94.9082
90.3873
98.8338
102.365
94.3886
90.7029
96.3391
86.2813
79.7067
88.5465
91.0747
89.6258
92.2424
96.0707
99.0442
97.5372
91.7852
90.8554
96.9932
95.5658
91.0954
95.8497
100.735
94.2019
86.4491
88.7824
80.6777
74.1675
87.8426
95.511
93.4623
96.0984
97.4042
95.8497
92.3404
91.8653
97.3805
96.0015
91.8105
98.9609
102.27
94.4153
92.1362
96.4227
94.9307
88.1484
82.4538
84.2922
78.2626
77.8301
89.4895
91.5081
90.9256
96.3763
98.2029
88.4956
87.036
96.5344
96.7773
90.2242
93.301
100.381
93.3533
89.2419
93.2749
81.7896
71.9114
84.7063
97.8139
91.3868
90.6824
92.5712
95.2517
89.9361
88.9917
93.9143
94.3396
92.4898
94.2019
97.0261
96.9039
91.5961
90.3587
96.7867
80.5607
74.7915
79.4281
80.6744
85.6311
89.7143
96.3066
93.0492
89.3775
93.423
97.5657
89.9038
87.0095
92.2424
