1.17073e-311
inf
1.42278
4.3166
4.96622
5.86552
5.67258
5.65579
5.30766
4.75758
5.18789
5.72843
5.61736
5.41505
5.27011
5.52206
5.78791
5.69544
5.57317
5.25218
4.80828
4.42615
4.13316
4.72459
5.57167
5.49762
5.52856
5.52465
4.93269
4.31719
4.6904
5.47416
5.07558
4.59845
4.5019
4.82819
5.3409
5.27664
5.27848
4.70656
3.82584
3.81265
3.96556
4.11946
4.48823
4.13877
3.78885
3.73308
3.54662
3.91979
4.87782
5.06975
5.04444
5.10626
4.85445
4.3173
3.92849
3.84809
4.14801
3.82169
3.63085
4.26245
4.07406
3.42223
3.39248
3.93151
4.41966
4.47784
4.55359
4.38841
4.22724
4.18437
3.94506
4.21111
4.69018
4.57934
3.9928
3.64864
3.7585
3.82047
3.55504
3.63221
3.70095
3.67626
4.02807
4.37872
4.38426
4.07213
3.79401
3.57149
3.75719
3.93389
4.08844
4.3268
4.19728
3.82506
3.88399
4.31265
4.46799
4.54744
4.61555
4.64368
4.69186
4.59003
4.31796
3.92954
3.99918
4.45124
4.57324
4.35424
4.21685
4.51087
4.27594
3.98503
4.43692
4.79918
4.66814
4.60563
4.68785
4.77645
4.74257
4.69652
4.15811
3.87867
4.2976
4.54888
4.59225
4.74561
4.76589
4.37556
4.20998
4.07977
4.30292
4.8732
4.6372
3.98304
3.89216
3.85573
3.63334
3.98289
3.7898
3.64053
4.05689
4.34577
4.61844
4.7409
4.74043
4.26369
4.02728
4.49512
4.77119
4.67412
4.71599
4.55675
3.92396
3.87029
4.10183
3.74658
3.65876
3.97786
4.40116
4.56176
4.17527
3.96118
4.13862
4.17991
4.15066
4.36796
4.51336
4.5864
4.68276
4.6801
4.64838
4.08553
3.67303
4.11227
4.69473
4.5055
4.20906
4.08759
4.17529
4.34882
3.81988
3.6458
3.98032
4.11482
4.36951
4.62712
4.74191
4.58357
4.26144
3.92846
3.85221
4.02269
4.31433
4.55282
4.61798
4.6345
4.59818
4.22324
4.31157
4.75296
4.61763
4.60903
4.76005
4.83166
4.66798
4.31917
4.02419
4.08528
4.4103
4.48064
4.46122
4.5832
4.68455
4.38936
4.01199
3.87581
4.16499
4.38443
4.2885
4.34545
4.49758
4.20881
3.70469
3.84094
4.39206
4.61366
4.60408
4.66588
4.71369
4.75508
4.6345
3.85434
3.84465
4.61943
4.68675
4.4449
4.42115
4.55081
4.39255
4.33558
4.41088
4.05218
3.95553
4.32077
4.49038
4.64783
4.76867
4.62211
4.52916
4.02092
3.94482
4.51634
4.51128
4.32136
4.46727
4.71768
4.65297
4.55028
4.54542
4.19311
4.20265
4.59644
4.50311
4.56369
4.72198
4.73974
4.61742
4.01496
3.97191
4.59068
4.67115
4.39684
4.3383
4.53084
4.53002
4.11851
3.9785
4.25864
4.18007
4.17736
4.50339
4.71328
4.8055
4.65945
4.40177
4.26917
4.27513
4.44114
4.5385
4.54219
4.68847
4.65161
4.57893
4.29046
4.08472
4.43953
4.77034
4.61857
4.42948
4.50282
4.65765
4.56823
4.40728
4.09019
4.19416
4.69092
4.61273
4.60395
4.80037
4.68359
4.47731
4.02976
3.826
4.23915
4.58887
4.61419
4.74178
4.58845
4.49911
4.46628
4.08127
4.27051
4.75666
4.60459
4.56019
4.69406
4.72622
4.78001
4.69183
4.27622
3.92314
4.11582
4.54934
4.67088
4.67969
4.69575
4.67499
4.45088
4.12866
4.34963
4.75276
4.60345
4.47941
4.64002
4.71225
4.62336
4.60253
4.23907
3.86444
4.10266
4.50345
4.58147
4.72771
4.76507
4.6655
4.25456
3.84835
4.18176
4.62194
4.37382
4.32825
4.52769
4.54905
4.50252
4.58567
4.1797
3.72406
4.03563
4.55595
4.534
4.4505
4.35811
4.39226
4.11853
4.049
4.50475
4.65366
4.52399
4.5158
4.615
4.65336
4.61351
4.4781
4.09065
3.69788
3.75834
4.09019
4.19752
4.21888
4.03184
3.65343
3.42761
3.48162
3.941
4.08338
3.91797
4.32569
4.9028
4.70867
4.23008
4.62178
5.29653
5.158
5.15392
5.23633
4.99034
4.10958
3.54892
3.93451
4.89221
4.55957
4.34024
4.21595
3.92934
4.2374
4.00705
3.90256
4.13851
4.52964
4.27357
3.79399
4.07518
4.6556
4.66093
4.04817
3.64179
3.70235
4.07317
4.25935
4.24349
4.31282
4.24914
3.97504
3.66178
4.05452
5.09961
5.32137
5.29503
5.17897
5.07717
5.13146
4.92165
4.38314
4.62165
5.22538
5.14242
5.10879
5.1286
5.15433
4.60507
4.32357
4.61265
4.31149
4.36012
5.0309
4.9887
4.60495
4.42219
4.01905
4.02067
3.88775
3.54291
3.98184
4.3888
4.26412
3.92178
3.722
4.11911
3.92311
3.49553
3.80423
3.79338
3.86044
4.01382
3.80095
3.87266
3.6034
3.7574
4.41531
4.51577
4.53759
4.63668
4.68556
4.59403
4.20708
3.73665
3.8904
4.09107
4.16305
4.47956
4.62908
4.60748
4.14589
3.95375
4.28555
4.59408
4.58957
4.54475
4.60268
4.6016
4.54514
4.11426
3.64232
3.78976
3.99461
3.99424
4.23931
4.16994
3.65673
3.44039
3.60221
3.96438
4.05993
4.17913
4.56418
4.52986
4.47729
4.26485
3.88977
4.15858
4.60194
4.32927
4.25137
4.5029
4.32281
4.1904
4.09504
3.93583
4.26136
4.55173
4.50677
4.59937
4.62814
4.54802
4.37991
4.00753
4.00114
4.43585
4.60263
4.52689
4.52031
4.59158
4.62379
4.46291
4.00134
4.04103
4.45064
4.44232
4.50689
4.61045
4.63214
4.54469
4.17957
3.86449
4.07689
4.46708
4.52129
4.47524
4.54706
4.63276
4.53509
4.19025
4.04334
4.30181
4.34455
4.29696
4.46186
4.46825
4.43783
4.11589
3.73598
3.92825
4.39244
4.47729
4.32226
4.27835
4.37754
4.45827
4.13328
3.90596
4.11913
4.28143
4.19083
3.91773
4.16471
4.44675
4.05643
3.81571
4.1439
4.58902
4.48079
4.44394
4.4251
4.47161
4.37429
4.21963
4.04016
4.18701
4.46076
4.45159
4.51149
4.54718
4.5208
4.39234
4.16157
3.8577
3.7454
4.06275
4.49297
4.50692
4.43317
4.44276
4.14998
4.14558
4.47154
4.50965
4.40464
4.38512
4.55175
4.56827
4.46852
4.16414
4.01176
4.32212
4.48466
4.44783
4.57157
4.63302
4.53902
4.17792
4.05093
4.37161
3.92412
3.7881
4.12487
4.2277
4.48474
4.04607
3.67424
3.72862
4.01241
4.35078
4.45748
4.51153
4.52876
4.50395
4.02321
3.88467
4.3194
4.50549
4.4419
4.43208
4.47195
4.50168
4.46602
4.25242
3.73459
3.77883
4.18424
4.24668
4.41545
4.5097
4.4045
4.05132
3.97837
4.32426
4.55784
4.42743
4.35137
4.4013
4.48635
4.38747
4.22355
3.94239
3.9328
4.27809
4.38304
4.32322
4.27195
4.31935
4.10118
3.70295
3.90062
4.29576
4.25952
4.3316
4.44204
4.45979
4.36059
4.04044
3.80923
4.08403
4.33019
4.17625
4.18687
4.33802
4.18329
3.86769
3.95197
4.37945
4.42629
4.34029
4.43989
4.42256
4.32495
4.13516
3.81153
3.90724
4.34021
4.27031
4.12728
4.34135
3.97452
3.89988
3.94894
4.01821
4.16521
3.50591
3.69093
4.35801
4.12383
3.71316
3.26182
3.46815
3.93185
3.89525
4.07451
4.31286
4.35177
3.8871
3.86411
4.21702
4.31996
4.32138
4.28686
4.38972
4.40072
4.25182
4.01751
3.86921
4.05955
4.29765
4.35524
4.11075
4.13531
4.4348
4.20146
3.77162
3.99022
4.45609
4.45064
4.41538
4.38434
4.39117
4.47329
4.26625
3.82342
3.79395
3.98545
4.17722
4.3579
4.40681
4.32518
3.74217
3.83484
4.50817
4.3886
4.21539
4.20921
3.99799
3.86183
3.84802
3.82169
4.17468
4.25767
4.26114
4.14448
4.15207
4.08553
3.94216
3.89986
4.04127
4.40713
3.87486
3.80215
4.19196
4.21302
3.91537
3.70081
4.09458
4.52114
4.40566
4.35791
4.45457
4.44602
4.39105
3.87318
3.86646
4.3688
4.32614
4.40856
4.47829
4.4768
4.40334
3.88876
3.68207
4.14065
4.41665
4.33177
4.38209
4.36831
4.34668
4.35899
3.8831
3.91131
4.37327
4.32523
4.42176
4.47766
4.46904
4.3637
4.10642
3.87557
4.08197
4.44783
4.37539
4.42784
4.39531
4.30747
4.02681
3.79153
4.13438
4.4448
4.33273
4.34802
4.33642
4.25254
4.25762
4.25469
3.8866
3.94441
4.35443
4.38834
4.48434
4.48025
4.37533
4.3513
3.72299
3.57845
3.95316
3.59575
3.40905
3.74702
3.96629
3.56666
3.87907
4.51787
4.20121
4.30498
4.72621
4.27526
3.71851
3.55551
3.34626
3.42053
3.83039
3.95166
4.04334
4.19586
4.21606
3.94641
3.51702
3.42639
3.8298
3.90312
3.6752
3.97676
3.57732
3.50126
4.00034
4.07545
4.23939
4.24322
4.17725
3.99218
3.70963
3.51708
3.71276
3.96163
3.90448
3.57059
3.4126
3.96019
3.73605
3.38327
3.84005
4.06028
4.03493
3.93769
3.94466
3.87405
3.61979
4.11026
4.7011
4.79483
4.90468
4.87392
4.89662
4.74907
4.20922
4.28593
4.75811
4.71503
4.86626
4.90951
4.74851
4.47989
3.98383
3.83761
3.67848
3.59117
3.59836
3.45885
3.56945
3.89807
3.85718
3.45718
3.78035
4.46174
4.7483
4.89907
4.85715
4.90678
4.86861
4.42392
4.04364
4.36779
4.9257
4.76811
4.32406
4.24966
4.58444
4.19795
3.59525
3.39229
3.90643
4.72321
4.58893
4.1157
4.01383
4.47171
4.56237
4.05889
3.62876
3.66379
3.90532
4.18692
4.51178
4.58886
3.85532
3.39337
3.37729
3.17022
3.3309
3.55269
3.45551
3.29518
3.13597
3.50902
3.93543
3.85734
4.16172
4.46121
4.20747
3.85296
4.10155
4.50993
4.28974
4.28752
4.41315
4.36925
4.34564
4.04097
3.77899
3.90153
3.91588
4.15125
4.40531
4.6006
4.8263
4.15674
3.70007
4.24127
5.01589
4.94068
4.3239
3.95726
4.08305
4.39679
4.32949
3.90396
3.84323
3.54139
3.24221
3.57478
4.20732
4.61703
4.30971
4.11132
4.67222
5.05213
5.07764
5.14149
5.094
5.06059
5.06175
4.14125
3.37399
3.87419
4.72466
4.71287
4.91213
4.70933
4.58211
4.86121
4.70278
4.18079
4.43741
5.07712
4.94107
4.89023
4.99097
5.03226
4.98508
4.97948
4.87886
4.29681
4.20686
4.76387
5.02697
5.02549
4.96794
4.98205
5.03969
4.91433
4.23755
4.19404
4.61879
4.42744
4.3718
4.71681
5.03167
5.00424
4.67434
4.06629
4.20122
4.68533
4.64183
4.71525
4.91972
4.96851
4.94601
5.00128
4.67971
4.37575
4.63112
4.98543
4.914
4.90208
5.03271
5.04597
5.01228
4.63624
4.11622
4.39456
5.01614
4.8298
4.78654
4.56816
4.57421
4.88847
4.83615
4.3377
4.36343
4.98845
5.01555
4.94361
4.79435
4.82291
4.98097
4.97936
4.97609
4.55581
4.20861
4.47242
4.79004
4.8525
4.86215
4.90378
4.99206
4.91646
4.37402
4.29902
4.83357
4.97953
4.94038
4.93827
4.8468
4.89545
4.9728
4.73723
4.31749
4.30768
4.79889
4.91217
4.86026
5.03625
4.99631
4.91212
4.96163
4.64563
3.93709
3.97216
4.24346
4.07605
4.15621
4.19103
4.10841
3.7849
3.58815
4.02774
4.36693
4.24401
4.34058
4.41678
4.24393
3.84366
3.58598
3.96203
4.29593
4.17927
4.35306
4.68147
4.93327
4.88267
4.5052
4.04464
4.25044
4.76122
4.8518
4.87335
4.87581
4.97488
4.98108
4.97628
4.30271
4.24822
4.9625
5.0379
5.02547
5.04294
5.02042
4.99796
4.91559
4.4342
4.16279
4.57662
5.01769
5.00442
4.88386
4.92716
5.0774
5.03934
4.83603
4.06338
4.13853
4.94234
4.95692
4.90926
4.97504
5.06821
5.01547
4.95426
4.67677
4.15505
4.32678
4.9156
4.86264
4.81202
4.95263
5.03825
5.00294
4.62286
4.17458
4.41462
4.95626
4.83129
4.81635
4.95979
4.94198
4.90215
4.85466
4.61292
4.27861
4.28928
4.62373
4.83272
4.75248
4.43882
4.10368
4.00376
3.70213
3.85832
4.35056
4.22736
4.14822
4.25115
4.39693
4.36379
4.15953
3.78676
3.62616
3.89438
4.05527
4.17836
4.39137
4.31972
3.85486
3.65202
4.08072
4.23927
4.11075
4.20015
4.35404
4.32918
3.98402
3.67449
3.65515
3.80243
4.00145
4.26691
4.40722
4.26749
4.18868
3.70763
3.73946
4.33079
4.26735
4.31217
4.33725
4.3776
4.34026
3.99572
3.6363
3.88509
4.30341
4.29856
4.3831
4.37937
4.27118
4.06898
3.65465
3.83124
4.29656
4.28266
4.37909
4.29425
4.20183
3.92281
3.57711
3.8756
4.21689
4.18597
4.3603
4.37444
4.17794
3.59614
3.74093
4.37349
4.32332
4.24095
4.24365
4.30407
4.29197
4.23922
3.82321
3.72328
4.13176
4.21497
4.20026
4.30158
4.36722
4.31662
3.92292
3.87727
4.18829
4.2501
4.19136
4.29121
4.3937
4.29939
4.09714
3.73802
3.93179
4.27389
4.153
4.21143
4.32422
4.34256
3.88444
3.90766
4.35569
4.34943
4.27048
4.32203
4.43846
4.39204
4.18957
3.94389
3.67021
3.89217
4.29712
4.27293
4.41723
4.42895
4.25795
3.87175
3.89952
4.32349
4.36162
4.17497
4.15151
4.27793
4.30658
4.25971
3.90472
3.69756
4.02546
4.30008
4.24435
4.04025
3.74474
3.90911
3.70024
3.75609
4.31155
4.20546
4.19267
4.18805
4.29769
4.30524
3.95267
3.70779
3.95611
4.22461
4.283
4.30179
4.24168
4.19586
4.00057
3.92534
4.09483
4.19433
4.18964
4.11194
4.0929
4.10085
3.78472
3.65196
4.04317
4.30167
4.22919
4.27945
4.26285
4.24814
4.22614
3.8414
3.90445
4.29417
4.2464
4.28062
4.27459
3.94421
3.71443
3.67621
3.81516
4.13313
3.6742
3.36665
3.39283
3.19633
3.2739
3.70925
4.10147
4.05778
3.88868
3.86438
3.74407
3.41615
3.28549
3.64177
3.96294
3.9867
3.96353
3.99455
3.84561
3.78824
4.17132
4.32738
3.96813
3.84891
4.03951
4.10226
3.88443
3.39355
3.38726
3.74778
3.72648
3.75635
4.06543
4.12023
3.78137
3.76279
4.08085
4.15231
4.12741
4.13479
4.13002
4.09882
3.73819
3.58544
3.95305
4.10999
4.02422
4.17653
4.21365
4.06208
3.88998
3.82178
3.6657
3.41406
3.63558
3.90301
3.90817
3.8684
3.34912
3.55194
4.22967
4.16823
3.1885
3.27242
4.24888
3.64422
3.35319
3.5505
3.72247
3.83043
4.08025
4.20351
4.07115
3.56574
3.6385
4.16478
4.08273
3.82828
3.83984
3.98479
3.94666
3.78122
3.64702
3.50806
3.74723
4.08298
4.13421
4.19722
3.8383
3.58695
3.88528
4.11383
4.09516
4.25824
4.21303
3.86896
3.62042
3.43368
3.65843
3.75554
3.71279
4.00943
4.07873
4.15341
3.91409
3.63847
3.83809
4.00195
3.83194
3.89054
3.88571
3.25427
3.27687
4.09479
4.20135
4.12469
4.13454
3.74616
3.65005
3.54655
3.57718
4.0726
4.12791
4.06083
4.06059
4.10076
3.70467
3.40831
3.78898
4.23602
4.17524
3.99326
3.90995
3.94458
3.88453
3.4983
3.66112
4.11753
4.18267
4.2785
4.26792
4.26898
4.01886
3.6787
3.87529
4.18093
4.09396
4.25111
4.3524
3.52663
3.37265
3.72378
3.81713
3.69934
3.48524
3.56752
3.56335
3.41325
3.34412
3.15781
3.25594
3.71563
3.87115
4.06876
4.02086
3.46896
3.48186
3.70588
3.73134
3.81765
3.71224
3.7337
3.5188
3.54171
3.74613
3.75795
3.95554
4.20983
4.29959
4.08291
3.70178
3.80794
4.20916
4.18372
4.14914
4.27452
4.22436
4.12231
3.66036
3.57763
4.07643
3.9108
3.54848
3.65021
3.63581
3.29897
3.23093
3.52258
3.73306
3.56716
3.64851
3.95065
3.73761
3.35706
3.46156
3.54648
3.5583
3.83564
4.06726
3.94793
3.42987
3.36743
3.67405
3.54436
3.5209
3.79786
3.73078
3.34463
3.38239
3.84325
4.06941
3.73959
3.63622
3.32455
3.21908
3.70986
3.7112
3.72342
3.94004
4.13901
4.21108
3.83221
3.46768
3.7729
4.00651
3.93563
3.62662
3.36813
3.59941
3.35094
3.03362
3.17048
3.58652
3.79909
3.87841
3.7708
3.44609
3.56098
3.8542
4.01523
4.02031
3.98942
4.04163
3.91949
3.56516
3.73359
3.98515
3.89289
4.03038
3.94382
3.96229
3.77277
3.5209
3.82653
3.91737
3.91442
4.12858
4.01155
3.98418
3.94756
3.58484
3.60423
3.92918
3.82578
3.85224
3.95122
3.96543
3.69312
3.58667
3.88528
3.87861
3.982
4.02278
3.85175
3.62023
3.31693
3.48786
3.77186
3.7954
3.75466
3.73694
3.69427
3.34656
3.45384
3.69995
3.64855
3.80939
3.87447
3.80947
3.50087
3.37951
3.78815
3.71593
3.02781
3.17999
3.90525
3.4189
3.02549
3.43312
3.90099
3.75573
3.50266
3.64718
3.718
3.37738
3.30821
3.38553
3.66622
3.9876
4.02623
3.71306
3.67039
4.16137
4.25681
4.18399
4.13255
4.08689
4.13737
3.8665
3.69368
3.9008
3.9517
3.93045
4.11798
4.22789
4.02041
3.99466
3.66317
3.59038
4.06976
4.09944
4.19123
4.11106
3.59676
3.23465
3.22324
3.48768
3.72699
3.78736
4.09372
4.38645
4.34698
3.96815
3.86074
4.43182
4.81794
4.82488
4.81972
4.85526
4.89066
4.6229
4.09437
4.14173
4.58413
3.91702
3.42591
3.57894
3.9212
4.19416
3.72516
3.44729
3.47407
3.66535
4.28424
4.75407
4.84186
4.85404
4.22222
4.04944
4.62309
4.78268
4.13633
3.70968
3.63391
3.49603
3.56402
4.09087
4.42481
3.93139
3.82722
3.98585
4.28787
4.62754
4.30147
4.12702
4.54588
4.83467
4.30745
4.22345
4.46646
4.50981
4.38163
3.80743
3.63221
4.15268
4.74298
4.85664
4.85705
4.87388
4.80872
4.46603
3.98988
3.9312
3.77833
3.77338
3.804
3.92345
4.57493
4.21291
3.7229
3.86579
4.30198
4.5626
4.62993
4.7006
4.7612
4.71839
4.73244
4.29844
4.0636
4.52615
4.60483
4.5911
4.77863
4.80611
4.8702
4.0223
3.57119
3.91053
3.82011
3.5818
3.56928
3.46753
3.46241
3.57887
4.00278
4.55732
4.66604
4.10636
3.937
4.33966
4.57552
3.82967
3.44265
3.79915
4.10766
4.29417
3.81838
3.50554
3.48784
3.64741
3.53754
3.77592
4.57108
4.60807
4.46398
4.17608
3.8945
3.67857
3.78879
4.10797
4.27616
4.4329
4.51877
4.46879
4.33401
3.904
3.92276
4.47157
4.58149
4.50267
4.47974
4.51867
4.38212
4.09351
3.67218
3.70032
4.13457
3.64016
3.52968
3.87201
3.90628
3.7578
3.6453
3.95018
4.15908
4.23505
4.18984
4.18822
4.16361
3.89867
3.60957
3.82676
4.22326
4.22616
4.23353
4.2944
4.27986
3.9302
3.50501
3.64169
3.8699
3.92623
4.17647
4.19133
3.58655
3.29653
3.7038
3.69797
3.49925
3.55904
3.8944
4.08888
3.95276
3.81962
3.9788
4.28605
4.20301
4.17696
4.08498
3.82501
3.51107
3.6371
3.85974
3.9375
4.16691
4.27252
4.26969
4.13033
3.82956
3.73075
4.04091
4.24955
4.22295
4.23864
4.2326
4.13532
3.58234
3.5494
4.16749
4.12617
4.0113
4.19705
3.9988
3.63367
3.30594
3.25591
3.42648
3.37332
3.61731
4.12466
4.11517
3.75178
3.52808
3.86909
4.20524
4.11513
4.20843
3.79729
3.42822
3.45195
3.58787
3.71139
3.70967
4.00553
4.27598
3.99264
3.95058
3.79401
3.85337
4.40882
4.51413
4.4893
4.36806
4.41375
4.53347
4.0599
3.80428
3.98585
3.85397
3.39426
3.51706
3.7567
3.5344
3.54795
3.87843
4.30889
4.12238
3.80243
3.79205
3.75246
3.68532
3.8559
4.19481
4.24309
4.14981
4.34676
4.54769
4.54301
4.21313
3.89181
