7.77557e-312
inf
2.44451
158.278
190.349
241.313
248.602
253.55
257.765
261.37
232.91
225.505
245.248
255.395
249.252
251.953
240.935
191.077
204.457
257.898
248.139
250.219
260.281
269.833
265.287
254.194
251.099
150.376
154.095
242.454
110.546
99.0442
28.9792
30.2179
253.711
259.639
279.603
259.673
246.033
249.844
266.418
264.55
266.916
293.513
294.811
263.957
261.609
292.74
296.252
245.278
240.732
262.158
229.964
229.41
262.192
266.064
224.467
230.521
274.763
229.226
206.484
221.902
229.489
235.905
256.97
274.537
207.297
150.5
148.555
186.741
214.823
180.278
182.066
226.757
236.77
231.992
205.36
193.836
209.93
239.492
252.589
217.604
227.041
276.358
247.341
236.295
261.609
254.033
253.839
268.132
274.612
265.006
261.917
280.741
274.763
237.22
237.869
275.141
284.616
260.994
250.847
265.781
258.799
258.131
281.571
259
230.044
251.477
281.77
283.286
255.82
250.188
274.99
272.665
260.552
246.518
220.119
190.096
188.005
214.316
223.789
238.237
262.226
249.657
251.036
247.158
247.433
246.64
251.604
269.397
257.069
259.875
277.701
273.112
258.766
231.428
241.546
288.268
266.454
251.857
253.582
232.802
236.967
270.783
282.048
243.813
234.962
256.838
256.312
248.602
246.002
260.01
255.853
249.501
260.383
244.738
237.643
260.247
279.252
288.392
252.08
244.618
276.014
261.438
246.275
214.8
191.957
223.689
276.587
284.9
220.216
215.239
237.304
204.771
208.355
232.153
232.666
243.191
269.433
269.796
246.366
247.249
273.785
280.978
241.022
204.228
219.443
231.723
239.664
258.331
251.193
253.453
259.943
261.917
217.297
200.662
234.274
246.609
236.239
238.237
246.822
232.829
234.165
224.744
210.46
236.072
263.435
241.4
218.938
192.567
179.791
211.484
226.244
212.067
219.274
237.304
199.7
198.059
247.985
195.236
171.939
210.904
211.663
212.179
235.045
226.321
232.829
251.477
258.732
220.143
212.925
241.838
238.607
242.307
237.954
220.046
216.99
224.19
210.593
204.228
212.993
199.481
201.857
228.65
241.167
230.335
228.232
211.864
195.963
215.169
232.748
224.115
234.137
233.672
211.909
218.962
227.635
225.555
235.1
246.245
225.073
199.342
211.932
241.196
195.065
182.983
195.027
192.086
210.393
200.401
205.17
235.544
234.192
211.282
206.207
207.965
218.603
234.604
235.294
225.352
224.442
239.091
211.573
208.965
235.821
232.829
221.484
224.24
224.871
228.65
247.617
211.349
197.122
225.963
240.587
220.677
223.789
245.761
225.606
216.403
217.841
213.47
225.175
244.978
236.546
189.807
193.517
222.965
211.977
200.16
176.835
192.086
228.571
219.491
224.417
240.848
222.891
207.727
223.015
238.635
216.732
209.03
216.31
213.424
230.974
228.859
188.129
194.212
229.358
213.22
216.45
234.357
220.872
222.717
221.092
211.506
216.357
230.947
236.827
234.247
241.313
242.571
232.315
219.034
225.861
219.78
221.803
239.693
211.149
194.439
189.988
192.382
173.626
164.487
205.486
236.883
219.804
220.58
240.674
246.822
207.383
200.521
223.414
214.869
218.079
228.938
218.794
214.938
228.728
192.382
184.894
210.615
201.329
213.927
241.867
220.653
208.225
213.767
206.143
217.889
234.384
211.954
211.484
232.612
220.07
214.661
195.81
181.604
209.996
230.627
196.967
195.925
222.99
194.118
188.875
224.643
184.655
166.431
178.221
185.082
212.382
189.663
182.732
217.984
208.225
202.86
229.358
216.685
209.974
220.361
196.889
203.19
237.558
233.155
210.084
207.404
213.083
216.24
221.239
206.334
213.038
234.165
235.045
215.448
215.517
231.562
217.865
190.549
192.105
210.261
224.871
221.337
203.666
215.773
230.548
186.012
182.916
224.694
171.939
170.765
204.583
209.118
237.671
211.126
202.122
223.264
213.995
200.723
215.633
222.841
215.123
223.889
187.424
188.377
228.598
215.587
209.688
218.436
212.472
202.819
194.382
194.818
219.467
235.96
212.224
200.381
216.685
217.014
215.1
196.367
179.437
201.471
229.148
214.202
206.804
222.941
215.239
205.825
218.962
204.144
182.183
193.986
204.269
189.358
199.223
194.571
197.044
223.689
207.555
203.625
213.561
199.322
206.782
215.471
202.143
215.448
229.305
222.173
222.395
230.627
223.589
224.014
217.061
204.729
217.202
233.182
212.404
198.157
210.217
210.793
211.327
212.562
200.642
212.472
234.604
213.333
210.948
227.79
202.963
176.103
184.86
199.124
180.652
195.484
207.018
183.993
172.28
185.305
216.943
208.899
207.857
226.783
213.47
212.044
231.16
199.561
197.006
223.364
213.106
213.379
223.314
209.666
202.655
210.217
186.463
191.975
227.894
203.853
194.894
215.564
218.531
210.46
201.43
195.427
208.355
209.161
188.413
196.541
222
220.751
213.311
220.483
206.761
206.122
188.288
169.607
176.694
160.552
179.63
230.947
212.834
203.915
214.362
196.098
200.381
223.439
195.925
198.985
229.384
219.684
205.233
205.846
196.059
197.609
204.604
193.33
207.749
228.65
203.853
197.804
215.68
214.615
205.36
201.41
195.963
203.604
220.167
212.585
215.169
220.629
187.935
183.284
201.674
190.676
190.422
173.822
182.765
224.442
171.233
161.538
176.741
179.517
211.506
196.928
196.194
215.355
181.67
183.15
222.296
207.082
197.006
204.834
199.283
195.484
193.592
198.768
212.925
203.48
201.532
212.404
207.857
207.727
200.602
189.555
206.292
226.27
201.066
197.355
209.886
194.837
192.456
211.037
209.468
208.943
217.628
188.2
189.573
223.289
177.101
170.911
186.047
181.488
205.486
193.442
174.963
184.383
196.638
208.203
221.705
195.446
190.132
208.398
210.904
185.426
181.967
213.516
217.32
191.663
192.585
210.615
207.061
194.515
196.754
195.829
199.78
219.78
211.932
206.377
204.374
183.201
190.84
222.643
207.275
200.481
211.126
199.521
199.82
191.883
167.574
188.715
208.507
196.986
156.043
147.558
170.227
164.15
180.734
205.634
198.196
203.066
199.8
195.16
199.183
191.589
205.508
218.103
180.75
174.917
210.349
210.704
184.98
183.773
197.57
201.106
188.84
190.349
211.954
192.994
176.072
191.443
198.57
194.685
207.34
207.061
209.336
210.526
175.377
168.095
182.832
188.324
175.3
165.59
180.668
179.437
190.024
216.286
191.498
187.547
201.776
193.349
184.01
182.199
198.926
217.439
197.707
191.663
209.952
206.249
195.446
202.45
198.629
200.823
214.064
204.666
211.752
214.754
187.723
188.679
213.197
207.641
201.633
214.247
211.282
209.93
220.022
199.88
191.902
195.255
186.237
184.553
174.703
188.857
215.308
176.258
173.868
203.438
184.758
187.512
200.1
194.989
194.496
192.753
207.577
221.951
196.213
187.793
203.046
196.947
181.984
191.626
203.666
207.254
213.288
201.633
204.269
215.1
193.367
191.479
208.746
204.583
206.804
195.829
197.141
211.887
181.209
180.148
211.932
203.417
202.265
209.666
180.505
183.756
172.31
158.579
197.531
190.277
184.451
210.993
204.687
188.076
192.419
200.16
209.118
197.902
166.293
180.034
205.233
186.846
190.476
197.941
200.24
207.318
199.382
194.515
193.742
187.371
196.928
200.421
198.059
214.225
207.663
205.297
214.615
183.807
181.818
214.592
206.016
194.761
199.263
196.021
198.354
181.094
167.266
194.326
196.444
196.464
191.223
181.077
189.988
190.313
199.481
208.247
193.143
189.952
208.268
204.562
189.699
189.304
188.59
192.493
200.481
201.552
210.084
207.318
181.62
184.723
192.585
185.305
195.027
189.807
195.484
202.86
171.895
174.672
201.43
202.388
210.084
200.501
196.967
197.278
187.003
172.295
180.538
194.761
197.961
180.62
180.522
194.515
173.085
189.268
208.117
186.393
190.694
211.82
196.889
185.288
186.724
200.924
213.652
204.374
203.438
212.675
201.939
187.652
198.236
190.458
190.15
214.454
206.954
203.046
207.598
190.349
193.836
214.915
197.55
194.42
204.311
206.292
208.79
194.685
198.669
214.869
197.219
193.78
175.809
158.228
175.654
174.307
171.6
187.354
185.977
195.867
218.364
190.186
178.38
182
194.439
212.63
195.656
197.648
214.247
206.654
185.408
186.933
192.827
185.891
190.84
196.638
205.698
186.324
178.492
201.227
203.666
199.461
200
194.704
192.326
176.554
173.521
199.82
197.18
199.442
200.28
163.988
165.837
201.959
166.736
154.154
167.462
171.866
193.573
188.448
189.52
189.97
193.611
205.74
196.483
197.961
209.71
186.864
180.505
195.255
192.845
197.297
194.212
199.8
211.752
191.883
193.723
214.846
202.799
196.329
199.362
195.503
203.853
189.609
170.488
189.376
197.922
188.947
196.599
194.363
185.031
169.362
143.01
156.629
176.554
175.055
196.175
192.493
191.736
184.145
187.529
205.698
196.252
196.541
206.122
178.859
174.795
196.194
197.687
196.098
188.822
198.551
205.698
174.11
176.18
208.333
197.863
194.363
193.386
180.815
174.11
176.32
192.827
207.555
196.309
198.354
213.858
193.874
188.041
182.548
189.018
213.402
168.819
152.393
176.507
177.636
182.465
188.715
192.623
200.461
184.911
192.493
209.008
180.164
180.002
188.715
184.775
204.541
196.812
186.411
182.849
173.596
183.402
191.571
197.941
208.616
198.886
195.886
187.494
174.277
190.694
205.023
193.106
187.283
183.1
183.773
185.684
179.195
185.77
191.865
179.453
186.306
175.886
174.246
203.355
196.58
195.274
209.096
192.234
195.274
207.125
182.415
185.237
190.64
191.571
207.061
197.511
200.08
207.684
183.117
187.021
209.271
179.969
160.436
168.322
180.131
169.119
172.906
200.965
190.712
191.479
209.446
187.811
171.321
187.793
196.483
198.236
188.484
182.249
196.676
163.292
162.92
202.143
166.667
160.862
181.028
190.676
214.362
184.434
167.043
169.076
184.077
207.987
195.503
188.519
171.556
170.329
197.316
190.494
189.304
196.271
185.925
187.091
189.825
182.932
194.081
191.608
190.949
205.613
197.765
188.271
184.758
181.571
192.567
193.274
181.785
197.687
202.552
156.25
155.304
164.406
166.806
186.55
177.952
182.149
184.826
193.442
194.288
183.959
189.591
190.949
198.511
195.867
170.707
181.143
207.512
195.982
185.943
190.006
202.593
196.812
180.603
193.424
207.857
186.829
186.133
201.248
196.928
182.932
174.414
192.474
202.532
185.77
189.807
206.462
177.51
158.103
168.421
186.846
166.431
170.3
211.663
178.412
174.596
200.985
190.494
185.151
184.315
186.393
195.676
176.025
176.382
194.42
182.083
189.143
207.879
200.884
184.043
172.771
185.58
205.677
183.352
179.276
203.521
198.138
173.958
172.682
192.604
197.863
182.332
183.335
203.666
190.512
160.694
160
183.335
159.35
152.695
176.211
158.14
169.578
189.915
183.655
191.259
179.211
177.321
175.84
176.819
195.599
189.879
188.982
196.657
191.132
187.988
193.274
184.587
187.494
186.463
181.967
189.681
186.741
180.261
186.445
189.952
181.67
178.444
186.532
205.55
183.453
177.038
157.766
164.948
194.005
169.678
184.792
203.231
168.025
171.792
186.515
181.538
188.786
184.757
195.465
173.807
171.63
208.052
195.103
195.313
205.339
185.065
173.25
186.376
200.18
204.918
188.111
183.234
200.783
195.274
186.637
193.013
197.531
196.098
201.268
191.773
192.548
190.549
174.932
180.881
173.355
178.46
207.512
163.039
161.407
168.549
168.095
198.098
188.288
195.963
194.666
189.52
187.301
174.095
184.723
200.582
192.827
192.215
182.765
178.54
182.866
176.866
193.405
205.233
196.002
200.08
192.623
176.741
184.604
181.521
187.846
198.768
183.251
189.215
191.223
176.6
180.636
185.168
185.977
195.084
169.362
174.581
174.703
151.837
178.396
188.288
189.143
192.16
186.289
194.194
186.672
196.638
209.118
200.14
199.681
203.874
187.389
169.794
168.435
190.367
211.327
184.536
178.667
201.735
189
184.179
183.05
184.434
200.12
196.812
201.268
210.438
176.243
168.919
195.58
197.785
196.021
192.585
186.359
168.634
160.051
184.672
168.591
164.136
195.274
184.434
187.917
174.978
176.616
208.247
188.982
185.701
200.642
191.241
167.757
166.931
195.58
210.438
187.617
183.016
199.641
186.829
186.916
202.614
182.282
174.353
183.402
192.771
204.248
175.223
171.13
198.413
194.856
184.74
180.881
191.883
205.973
169.033
166.058
167.35
170.459
184.247
167.588
178.619
164.989
168.776
205.677
186.289
178.301
175.362
183.436
185.874
167.476
185.77
201.147
195.963
199.86
205.931
170.853
164.962
184.196
190.567
188.929
174.825
184.196
185.082
174.322
178.939
186.341
193.367
199.521
179.211
178.731
168.862
171.145
205.825
172.503
171.807
186.029
165.961
167.252
170.054
185.632
181.752
178.444
199.461
184.519
170.054
171.984
185.082
198.629
189.466
189.609
202.245
189.43
178.205
179.437
186.585
194.571
191.975
194.837
203.066
178.142
177.399
202.634
193.592
189.879
191.626
184.757
189.107
164.217
162.351
199.382
173.025
162.641
166.945
145.381
140.796
160.914
182.199
191.883
194.913
175.423
164.677
180.571
182.698
183.672
188.129
190.313
199.76
186.689
177.368
186.359
188.964
189.502
194.609
194.78
197.025
170.605
171.409
196.696
188.2
188.679
198.926
196.175
199.064
173.837
171.674
204.415
189.645
180.408
178.46
185.632
165.03
151.194
174.292
165.085
169.434
191.828
183.217
173.506
169.938
187.6
200.3
183.739
185.943
198.866
171.218
163.079
174.277
183.554
196.831
188.501
190.042
195.446
185.168
182.1
182.932
183.016
191.424
183.335
182.332
163.532
165.673
200.723
189
188.253
201.816
191.571
183.385
175.3
183.638
181.389
165.686
183.638
160.321
153.539
190.006
180.685
182.183
175.577
172.013
200.944
177.132
172.295
196.117
194.609
194.231
193.555
196.04
204.457
175.024
164.406
192.197
192.92
186.689
183.57
187.003
191.994
164.177
169.635
199.561
191.443
183.993
182.983
191.498
192.474
174.262
185.477
168.393
163.908
194.913
159.413
155.352
170.955
181.521
197.161
182.382
191.847
207.49
170.372
158.768
170.969
175.346
183.587
179.598
188.661
173.762
167.912
188.094
180.848
186.098
177.904
179.019
179.067
160.979
175.223
178.158
184.027
181.455
151.895
151.469
166.681
183.993
190.386
157.642
163.519
185.529
166.945
139.48
150.523
180.44
178.047
193.106
184.638
171.6
177.968
178.843
178.158
184.145
190.114
199.223
174.444
173.265
196.078
184.332
184.247
186.411
191.681
194.628
172.325
176.351
190.821
179.308
183.807
179.469
173.25
179.372
176.289
188.235
196.021
197.006
183.217
167.015
143.761
141.283
180.979
185.856
174.49
190.803
190.621
189.412
197.044
177.321
172.34
181.851
186.654
200.24
168.435
161.97
184.963
177.968
189.34
194.742
186.654
176.632
164.366
180.963
204.248
188.75
180.31
180.018
177.762
169.448
173.883
196.232
182.966
173.025
168.848
161.225
177.164
169.794
174.338
195.886
171.984
178.285
181.159
168.435
184.196
183.503
174.718
170.926
180.522
201.593
167.743
163.026
190.73
189.555
196.194
198.57
198.768
185.151
168.606
180.815
196.117
193.705
196.387
190.549
189.197
180.946
165.879
180.815
186.047
188.058
194.25
176.663
169.005
156.764
167.378
197.746
164.935
155.388
147.395
152.975
191.663
163.613
161.212
183.301
179.131
166.334
162.298
177.888
179.292
179.372
190.549
191.773
180.881
170.488
184.179
204.771
185.443
177.447
176.134
175.392
171.659
164.69
187.143
201.025
183.79
186.341
187.776
171.086
180.148
161.173
158.818
174.978
156.838
165.248
178.396
182.732
173.265
174.627
193.817
185.77
180.538
175.239
181.373
201.491
186.411
178.715
184.502
174.978
170.605
166.389
178.317
182
182.332
200.783
186.445
174.596
181.357
179.356
180.099
170.097
166.945
186.116
180.766
179.195
181.143
158.768
164.406
183.184
178.492
150.568
147.46
164.962
170.736
186.254
176.975
178.317
165.563
163.666
188.235
186.898
192.345
198.768
187.056
174.672
159.987
172.876
199.8
187.248
185.391
185.977
177.462
176.149
169.607
181.077
184.775
179.453
194.704
190.132
177.305
187.688
188.164
163.399
160.94
172.801
178.428
161.07
163.787
174.963
179.292
199.025
185.099
181.389
167.49
168.322
197.103
185.271
184.826
192.567
187.056
177.368
167.308
183.739
202.143
177.054
174.216
181.736
167.842
174.095
178.428
185.34
195.848
195.351
200.521
191.241
169.779
173.898
177.62
177.651
186.55
171.807
180.391
158.028
153.988
160.333
160.668
181.439
183.688
196.986
168.336
162.048
180.473
179.743
186.637
183.066
186.759
174.764
160.333
183.469
188.484
185.288
194.818
182.698
169.391
168.322
184.894
197.433
183.52
181.802
194.609
169.348
161.031
171.277
180.881
193.968
188.822
196.618
193.087
153.057
157.704
170.155
165.673
175.362
162.734
150.342
163.239
196.618
183.251
179.678
194.78
187.389
170.955
159.096
175.131
200.562
179.051
168.393
181.802
184.417
182.782
177.038
185.822
182.415
177.857
187.108
176.944
176.305
186.445
184.01
185.134
190.894
192.474
194.288
164.217
160.836
177.368
158.378
