9.64785e-312
inf
2.46823
69.7253
72.4297
74.9962
74.9906
74.2528
72.3484
63.2271
45.335
48.2952
68.0874
22.6134
21.8539
60.4833
62.4727
56.5211
53.0842
52.9942
58.6665
62.9564
62.6999
64.1746
65.6707
62.7648
57.3181
57.6851
58.236
56.2825
57.3394
58.7786
61.1154
65.272
65.9413
66.9882
64.7249
64.3811
65.8155
65.4215
65.1997
63.8468
64.7124
62.7195
57.8637
58.6218
59.6872
60.8291
62.0983
63.3453
64.895
63.2531
62.4824
62.4259
61.9732
62.6076
60.4851
59.9413
62.6743
64.3708
67.0399
66.1135
65.8306
66.7134
64.9308
63.0438
63.2491
65.2614
66.9882
63.2371
59.5451
58.7096
59.2874
59.3842
59.9305
62.7058
59.8015
60.4138
63.6031
62.4688
64.9604
61.1677
51.9616
49.9788
52.9577
54.1404
59.5096
65.3445
63.4357
63.91
66.443
65.2273
61.1191
61.2445
64.3418
62.1717
57.3691
56.2952
57.9945
62.7392
64.2612
63.6517
63.7491
64.5578
67.4195
65.0787
63.7918
66.5402
58.5566
54.9979
58.8945
60.6741
62.9822
64.0964
63.6821
61.6998
63.3533
64.7689
64.9751
65.4429
61.3497
57.2262
55.7491
59.961
64.8929
62.3889
62.2568
64.5995
64.5682
64.8088
64.0574
64.9899
64.9941
63.9939
62.0463
56.3571
58.9588
62.8614
61.6371
62.9247
63.3132
63.484
62.3403
64.1293
66.7601
63.3132
60.6079
59.0319
60.9514
64.2281
63.4095
64.0082
63.5062
63.1074
64.7207
66.357
66.1288
64.539
63.7227
60.2809
57.2393
60.7017
63.1792
62.8516
64.7941
62.7963
60.163
61.7246
62.9188
64.5265
63.5203
62.7038
61.0128
57.1102
57.9525
59.6392
63.908
63.9754
62.7136
65.2848
65.7657
64.6412
61.5214
60.5492
62.8951
59.8068
56.4286
54.4766
57.867
64.834
62.8575
61.8869
61.9636
62.0155
64.9414
65.2592
63.0577
61.7322
61.361
56.7295
55.8456
61.9023
60.7165
61.4723
61.3309
59.9071
63.7125
62.1601
61.8085
64.5453
63.0457
62.4025
54.5331
54.2844
61.0072
60.3591
61.7513
62.5665
60.4449
58.7475
62.9624
64.3211
60.8088
62.9228
60.7773
56.0978
57.5473
61.222
61.6257
58.8824
61.078
62.9168
62.3364
63.7247
62.135
60.2773
56.8521
57.6203
58.9814
57.7167
60.5089
58.931
58.2886
59.5575
59.4407
61.2745
61.4515
61.9732
60.7644
59.6161
54.308
54.1903
59.6285
60.9422
63.0756
61.3535
61.0258
60.8476
59.6374
61.0519
62.0482
62.2878
59.4407
56.9265
54.8201
55.76
61.1527
58.9692
57.9274
58.3822
59.3049
62.1002
60.7183
59.476
56.8311
51.9656
51.9197
56.4525
57.3
58.7216
61.7799
59.4248
60.0962
59.7407
58.1159
58.7199
57.5838
57.4515
56.7344
57.5738
59.1698
58.5978
57.1445
57.0093
60.0492
60.5364
58.7872
58.5737
60.5565
55.4831
55.1238
62.1697
59.8176
58.8235
58.0906
58.4693
60.6888
59.7318
59.8122
59.247
60.051
56.4366
54.7196
56.3555
57.5126
60.6152
57.8035
58.6046
60.4047
58.1886
57.1216
58.4027
61.6219
60.8365
55.991
54.9496
58.8028
58.4847
57.2606
58.9345
60.4485
62.5684
60.2138
58.4966
59.8569
57.0044
56.3142
55.9409
57.3279
58.1176
57.4102
60.8236
62.2026
60.9013
59.0877
59.0859
57.5788
57.1559
55.5756
56.4207
59.7336
59.1121
59.9413
58.0147
58.4676
61.6713
60.241
58.3976
58.4368
52.2644
49.6155
56.5563
57.9056
56.0114
58.5909
59.7068
60.4906
59.3419
58.5686
58.3499
59.1296
56.7167
52.6468
54.5569
56.9979
58.6872
59.0145
60.2482
62.2026
58.3243
57.5871
58.3107
57.7101
54.1638
51.784
55.2547
56.8747
57.3723
58.9188
59.5717
58.3005
58.7751
57.6336
58.2513
62.251
58.5138
54.8291
54.775
57.0207
57.5722
57.3625
60.1793
58.853
57.1919
55.9519
56.5211
55.9347
54.1668
52.8597
53.6409
56.164
55.4017
57.9139
57.9324
57.2738
57.4102
57.9056
59.5806
58.1598
55.4954
53.8692
57.0012
56.9006
55.7538
56.8473
58.7113
59.8641
58.3584
60.015
58.7423
58.0434
54.6239
51.3005
54.8667
57.6635
58.7475
58.7855
57.9257
55.5834
55.9863
56.0931
56.7617
56.1199
49.6709
49.7154
55.0828
58.8651
58.0653
56.8666
55.1405
55.9785
56.7311
56.4717
57.5589
53.9869
52.04
53.4774
57.2688
57.2001
56.8473
58.8772
59.2715
58.5172
59.0476
59.6588
55.6684
52.9872
51.3347
53.5906
56.4732
57.3723
57.0548
57.089
60.2736
60.2482
60.1848
58.9431
53.087
50.9671
53.9098
53.3148
54.5926
57.7784
57.6951
58.2225
57.3263
58.9866
59.5185
57.5357
53.6049
51.307
55.4616
56.8473
57.089
57.9307
58.0585
55.0706
54.9511
57.8302
55.5262
53.7663
52.0508
54.1448
56.1419
56.5355
56.4685
55.76
56.5195
57.0744
59.8068
60.1775
59.0685
57.2639
55.4554
55.1405
56.8844
57.8587
58.6459
58.627
54.0804
55.4447
60.0438
57.1363
53.3248
49.0701
47.8091
53.8619
57.4003
56.5227
57.5324
56.5403
54.3404
54.0205
56.365
53.9258
50.597
52.0576
54.2461
55.1192
56.0742
59.3155
57.8888
56.0522
55.8644
55.5864
54.1829
52.9984
53.6769
55.8394
57.3987
55.5386
55.7833
55.9268
56.4605
56.3666
55.9503
53.7259
52.0115
54.4233
57.2557
58.0484
54.5345
53.1209
53.1321
54.3301
54.1815
54.8682
55.5417
53.7447
52.4054
53.349
54.2402
53.5776
55.5185
56.2461
55.9362
53.7605
55.5324
59.0545
59.5114
52.8807
51.7572
56.5739
56.5515
57.3477
56.478
56.6781
58.584
57.4977
55.7942
56.3095
54.0205
50.4643
53.6927
55.8519
56.5963
58.4642
58.4932
58.8304
58.326
58.7682
57.1167
54.5971
51.1378
50.7151
53.2382
56.1325
56.1798
56.0695
57.1543
57.7651
59.7175
58.6734
57.2639
52.2466
48.8067
52.0779
56.4828
57.019
54.3907
54.3316
56.5627
56.5787
54.9889
56.2477
51.6876
50.647
55.5509
55.8129
55.9628
54.6314
55.0161
57.2803
56.3539
55.6483
56.6444
52.4191
49.3547
51.6156
56.5595
58.3908
57.2099
58.0956
56.9006
57.1494
57.4944
55.9378
52.2084
50.5331
53.2155
53.5447
52.5265
54.5241
56.5835
55.4262
55.0949
55.2334
56.4318
56.5275
52.4535
51.4549
54.8983
56.3364
56.6316
54.6702
54.7675
55.3388
55.8176
56.9557
54.2402
52.8416
51.4192
53.8808
56.2335
54.3272
53.4631
55.2715
54.3464
55.7119
54.0964
51.9481
56.9882
54.1389
47.8835
48.5814
53.6855
53.011
52.836
55.7243
56.5723
53.8213
54.7765
58.2666
53.7591
49.1413
52.481
56.5963
55.9378
57.3691
56.8715
57.8285
56.0177
54.8787
55.9989
52.3464
50.1932
52.8276
54.308
53.5533
56.3333
54.6553
52.9157
54.444
55.8784
54.9768
52.9143
52.1159
53.4688
54.2785
55.4508
56.9136
53.7475
53.7996
55.8925
55.9989
54.9904
55.6793
53.4759
50.5817
51.8766
54.4307
56.0208
55.6824
57.3099
56.292
54.9934
54.095
54.733
54.1375
50.6227
50.4554
52.9101
54.2343
55.5463
56.5131
54.6284
55.4723
55.2379
55.2395
54.9466
53.7418
53.4759
54.9345
54.9254
54.9405
54.6687
54.0643
56.2161
54.817
55.6065
56.3698
55.3143
50.3005
46.2203
51.0595
55.6824
53.5189
53.7158
54.4099
54.7645
56.2161
55.4124
54.6448
48.6808
48.9692
51.8014
52.5224
54.3124
53.4416
49.8517
51.1156
56.4764
54.2859
53.7014
51.2492
45.0339
43.6005
41.5567
44.7197
55.1146
53.4274
46.7443
47.4147
51.5929
49.3705
51.8444
55.0812
52.278
53.904
56.3317
55.497
55.6204
56.134
54.2299
52.4233
52.9605
51.9049
54.4885
56.134
54.9375
54.2329
53.8924
55.9362
56.4701
55.4124
55.9034
53.7475
49.5184
50.4566
53.9403
55.3833
53.4102
54.4218
57.3197
57.4383
56.4621
56.4143
51.4271
49.7785
52.6538
53.3305
57.0337
57.5672
57.3444
55.1055
54.2888
55.1831
55.7538
51.3479
46.2032
49.4181
54.4944
54.8607
55.9159
54.1947
53.8808
56.5931
55.3572
55.605
47.7486
47.0533
52.7051
53.376
54.9858
55.0115
55.0934
56.5771
55.4185
53.9738
55.46
50.8932
50.5306
54.8396
55.571
53.904
52.4466
53.6567
54.2226
53.2964
54.7405
51.079
49.3474
50.5945
52.0413
54.9224
55.8285
55.4416
54.9028
55.5633
54.8893
54.727
53.3149
51.8591
49.9164
50.0764
51.4522
53.5418
54.3922
55.4093
54.2564
54.6612
57.1282
56.079
54.9451
50.7241
52.815
54.7405
53.7028
54.202
52.8444
52.9858
55.3633
55.1359
54.202
53.5518
48.3758
48.4473
53.0645
55.0191
55.5787
57.0012
55.9534
56.0758
55.6406
54.6448
49.5001
47.4046
49.272
48.4414
50.7267
53.7245
53.9069
54.28
55.5263
54.8005
54.7256
52.9325
50.5561
50.8984
52.5279
53.8895
55.054
53.7317
55.5864
54.4736
52.4315
54.3345
48.8305
49.3644
54.8802
52.0115
52.0549
54.7285
54.6881
55.1131
53.6581
53.5418
54.2402
50.8738
49.4866
52.3273
53.08
51.9926
53.0504
55.4447
56.6893
54.5019
53.295
54.1829
51.0621
48.8126
50.4083
53.1561
55.3771
54.0731
54.4588
55.0828
54.441
54.8953
55.3603
54.3729
52.1866
48.4954
50.3905
52.7663
52.4288
55.0115
55.955
57.6103
54.4084
53.0884
54.9602
49.3852
48.6571
54.5435
54.057
53.5662
53.3832
52.8667
54.0438
53.8634
52.3876
53.3532
52.5251
49.7574
48.1788
47.9593
50.0438
52.7148
54.3877
54.3183
55.6591
53.1336
52.0684
44.2302
44.9398
53.0138
51.7933
53.1448
53.3504
52.5638
52.9549
54.7001
55.1998
50.153
48.158
49.0064
49.7587
52.1173
53.3319
55.3296
55.2029
52.5376
52.3629
53.8996
51.0321
49.1364
51.8001
56.4255
56.2272
54.8201
53.3775
53.9418
54.8486
55.3633
52.7524
49.6537
51.2899
54.3892
54.8591
51.8955
51.9373
54.1961
57.2787
55.955
54.754
53.5432
50.4974
51.0373
54.2785
55.2715
53.1717
52.651
53.6999
52.6635
53.7143
53.2014
49.0364
48.092
49.7562
52.2452
54.2594
55.6328
53.9636
54.6403
54.8953
54.0234
53.8503
49.8318
48.2521
49.4315
50.4452
54.2255
54.2667
53.0617
54.1947
55.5031
57.4994
56.8408
47.8675
46.6287
53.9942
53.0898
53.5776
53.936
53.6538
51.7987
51.3782
52.6524
51.181
47.5003
48.0538
51.709
52.9689
54.2152
51.9305
51.7813
54.3183
52.1458
52.5458
53.1675
49.9588
48.6062
51.036
52.7607
52.9521
55.3848
52.6344
53.0391
53.5217
52.4027
51.6182
50.119
50.1756
51.1758
51.5278
52.203
53.2496
54.3833
53.7403
53.4374
54.1272
51.9737
49.2708
48.9105
51.2913
53.111
52.0467
52.8346
55.2425
54.0862
53.83
53.6179
52.561
45.8327
45.7603
51.7625
53.285
52.9858
52.2139
53.0068
54.2079
53.1788
52.8429
52.0915
48.3454
47.7555
50.0175
51.4126
53.8692
54.019
52.9759
53.8895
54.7435
55.3649
52.669
49.0328
48.7496
53.2212
54.8441
55.0995
53.1561
51.9751
52.5031
52.712
52.5928
49.2866
48.5649
49.1437
50.8233
54.5986
53.4431
53.251
53.1576
51.8296
53.687
51.7143
46.9032
49.3778
54.444
54.339
54.7945
55.4554
55.0115
52.1078
52.2644
53.582
51.9818
48.1313
49.8157
53.0898
54.2549
54.3493
53.7043
54.3021
52.4095
52.4893
51.8766
48.2649
49.7352
53.4688
52.7621
53.6021
54.308
53.8372
52.6122
54.2962
53.2864
49.6734
44.34
45.1988
52.644
51.4946
50.3069
52.2821
52.6898
53.2085
51.9009
49.8206
47.3608
48.6086
51.435
52.3437
52.2903
52.1132
53.5303
55.2624
54.7046
53.3518
46.9892
45.9147
51.8753
54.2446
54.5375
52.0942
51.3452
52.7524
53.9127
54.5583
54.487
49.1002
49.2308
53.6265
53.8488
51.7719
52.4246
52.4494
52.4219
53.6697
52.2384
49.3864
49.781
51.6022
52.4109
53.1802
53.569
52.9381
53.1124
54.2094
53.7909
53.801
49.3839
47.4068
48.7045
50.8854
53.9636
55.8036
54.5464
52.5376
51.4443
52.5334
53.2127
49.0485
47.8263
52.4907
53.1675
53.1448
54.5033
51.1274
50.597
52.5362
52.3642
52.5873
50.6881
46.5192
44.8893
49.2599
54.2138
53.2028
52.6011
53.4845
53.5676
52.6718
52.1023
49.8703
50.9463
51.1143
51.7331
53.1844
53.268
51.2046
49.1497
51.8645
54.0453
49.9264
45.9548
49.6081
54.3759
52.4838
51.7759
52.8583
52.203
51.4681
52.7816
52.2972
47.0843
43.877
45.4081
49.249
52.3245
53.3775
52.9479
51.2558
51.6142
52.1594
51.4814
46.1755
45.0045
48.7401
49.7463
52.6829
53.8561
51.2702
51.3373
52.5238
51.5796
50.5331
50.0663
50.7382
51.3005
52.1118
53.2056
52.9886
53.1223
52.8751
51.7451
53.1138
49.3145
47.3833
50.9658
51.2886
52.9255
55.6669
54.0964
54.5762
53.6942
52.7468
52.0847
51.4761
46.8955
45.2704
50.1404
51.7598
51.8363
52.0088
51.8175
53.1364
54.5777
50.9139
46.4738
47.895
51.1169
52.4852
53.5418
54.814
55.6266
53.4488
51.5397
51.8135
50.1895
47.8641
48.1522
50.8208
52.8569
51.6302
51.7719
53.4302
53.8793
51.5929
49.4462
46.9131
48.2009
51.0491
52.7259
53.3604
52.7357
51.8888
51.9427
51.6916
51.0464
48.1475
47.172
49.2344
50.8971
52.9493
52.4123
50.7048
51.0921
52.8053
53.166
51.3294
47.8732
48.4367
51.6209
52.0535
51.4046
52.0143
52.1091
51.994
50.8091
48.4508
46.9395
49.0858
53.1675
51.9602
51.6009
51.4178
49.4658
51.9562
53.5662
51.2059
46.3671
44.3076
48.5025
51.577
52.4164
53.3419
52.0874
51.2545
51.573
52.5114
50.8169
47.9973
48.6464
50.2361
50.477
50.8776
52.5307
54.1199
52.47
51.2229
51.198
50.374
47.7646
47.4823
50.9165
52.9157
51.573
53.5003
53.7259
51.7117
51.9669
51.0686
48.3898
48.1417
51.0165
52.3204
52.1472
51.7103
51.6769
52.4123
52.6094
53.1802
48.4931
47.6236
50.9269
51.3215
53.1152
52.1553
52.0793
52.55
50.8582
52.5997
49.8803
46.6255
48.5319
51.2203
53.2042
52.836
52.6829
52.8053
52.5984
51.4721
52.0224
48.8281
46.4835
49.7847
50.7872
50.8854
52.4728
50.9398
47.957
49.4474
53.7374
46.1212
42.983
47.926
49.9775
51.3967
50.4541
51.2321
50.6368
51.0282
52.8723
46.822
46.2535
49.8542
51.01
51.8578
50.491
51.4761
50.4694
51.2742
51.398
50.2904
46.9649
45.296
49.9338
52.017
51.036
51.3387
50.6291
50.1555
51.6049
52.1444
53.2283
51.0373
46.5907
48.1128
51.1169
50.0175
50.5204
52.0291
53.6985
53.2581
52.8025
50.0375
46.8669
48.4461
53.1505
53.5117
51.5424
50.1366
51.5983
50.9424
51.6396
53.2935
47.0921
47.1342
51.6649
52.04
52.5472
51.1404
50.984
51.5889
52.0251
50.2222
50.3613
50.1882
43.9531
44.4939
49.8766
51.2584
50.9074
50.3499
50.9372
50.7524
48.5814
44.1092
44.9196
50.1178
50.9736
49.7822
50.5599
51.8578
51.6036
51.7598
51.5517
47.3687
46.5528
50.3766
50.606
50.3449
50.7511
49.0786
50.9204
55.06
55.1374
49.755
47.6781
51.4403
52.9185
54.2741
55.0828
53.224
53.7028
54.8682
53.4031
51.3875
50.6663
50.2626
52.0467
54.9979
54.2638
55.4339
54.3036
54.0497
53.2354
53.5762
52.5514
50.5421
52.4164
54.3183
53.2
53.4802
54.1082
53.5762
54.6299
54.7226
55.7849
48.6677
43.7895
48.6914
52.9703
53.3689
55.4354
54.6657
53.8112
53.526
55.2303
56.3952
48.4039
44.9681
45.2837
47.6622
53.2028
53.5533
54.2564
54.4766
54.3596
54.8381
53.7028
49.0653
47.8641
52.7343
53.396
52.9241
54.0001
56.0318
56.3301
56.427
56.0491
53.8126
47.3328
47.2947
52.7454
54.0584
53.8532
53.3092
55.1694
55.816
53.5776
54.0731
55.6839
52.2521
51.1339
53.2992
55.004
52.2316
52.0752
54.6851
55.6808
54.814
53.1604
50.5715
49.5013
49.2259
51.6436
54.9149
54.2476
53.8126
54.4114
56.1845
53.9549
54.1389
52.2889
48.01
49.456
54.3508
54.3537
53.4331
53.8387
55.0585
53.2425
53.2283
57.6784
53.9986
48.7793
50.7498
53.9928
53.3675
55.9597
55.8378
53.9142
54.5316
55.9237
53.9636
49.3413
44.3931
46.7596
52.248
53.5992
55.2914
54.1228
53.7418
54.8817
53.4445
50.2159
47.201
48.7829
53.875
54.8231
55.1511
53.1505
54.2388
56.1278
54.6493
53.0926
52.2398
48.7306
49.4792
53.285
53.8213
53.9462
53.9462
53.2992
54.0205
57.4383
55.4324
53.1011
48.4004
48.5319
53.1448
54.2211
53.788
52.3341
53.2042
55.6994
54.766
53.6322
50.971
47.6883
50.6765
54.4662
53.4917
53.723
55.9253
52.7384
53.3205
55.8956
54.3213
51.4231
49.0473
50.4236
53.9709
54.8396
54.0395
53.4345
54.5643
55.0782
53.183
53.7288
54.0672
46.5203
44.6349
49.7203
52.6067
52.9731
52.2493
53.6236
54.3272
54.7091
52.0332
51.3967
49.7735
50.8324
52.9185
52.2575
52.8625
53.5647
53.9171
53.9113
53.8779
52.6344
47.9662
48.1545
54.3375
56.2857
57.6618
55.9534
54.8727
54.8637
54.308
53.5891
51.6662
47.1554
48.3688
53.5475
54.4247
53.285
50.8815
51.839
55.3097
54.751
51.9602
50.317
48.7353
48.6736
50.8259
53.3604
53.697
54.2241
54.7645
56.2082
54.1771
51.8188
47.6406
48.9021
54.4573
52.1921
51.4297
52.6413
52.633
53.9098
54.3124
53.9389
54.0979
46.7279
44.1764
50.1366
51.8229
53.0884
55.8191
54.9707
55.437
55.3403
54.9496
53.4974
45.4442
45.2919
52.6662
52.1308
51.9751
53.0912
54.4499
52.367
52.6524
54.0278
50.9632
49.3352
49.9476
50.7164
52.341
52.9451
53.3461
55.0221
55.244
54.5643
53.8199
54.769
48.6216
47.8835
51.5983
52.3793
53.2666
54.3523
53.8561
53.3035
55.6406
55.7088
50.6239
48.7187
49.4927
50.773
52.8457
53.2566
54.5688
52.9423
51.705
54.1991
52.1145
50.197
47.6066
46.6701
50.8841
53.6351
55.0934
52.2302
53.6452
53.4788
51.9602
51.944
51.721
51.1444
49.5001
50.2374
52.8123
53.4217
52.1907
51.6889
53.7605
52.6843
52.8318
51.286
46.6777
43.2208
45.8863
54.2564
54.0438
53.4416
55.0661
53.4702
52.4191
53.2396
50.3563
48.8914
48.9944
52.2275
54.2962
54.754
52.5486
52.4164
54.3124
52.776
51.9913
51.3677
44.4949
44.2527
48.1591
50.1945
51.8054
50.8492
52.7329
53.6021
52.8877
52.1907
48.3349
45.4659
46.9848
49.4829
51.6502
52.4535
53.8474
55.2044
54.751
54.4381
54.8682
49.7859
47.7156
48.9057
49.724
53.0026
52.5707
51.8565
52.9199
52.0413
53.2155
52.7287
50.3563
47.7373
47.9203
51.1705
52.7927
52.4755
54.5197
53.5863
52.1771
53.9651
54.5807
43.8433
43.1016
51.7799
53.9957
54.2417
52.9017
51.5637
52.3013
53.1929
51.8982
50.6432
