1.06699e-311
inf
2.65237
45.2448
44.4652
38.0409
41.9472
57.0727
59.0476
57.0662
45.1814
42.0018
20.9074
21.5936
54.6105
55.9848
55.057
53.1293
52.3972
47.1531
44.5147
48.294
51.6729
52.7037
52.7969
52.4384
52.7301
53.8387
54.5286
54.3139
51.6516
50.0927
50.374
52.0007
53.8938
53.7129
52.3642
52.8457
54.745
54.9798
52.6011
49.2951
50.2311
52.597
53.5748
53.7663
54.3301
54.9541
54.5762
53.7909
51.4946
49.1364
49.5368
51.7518
52.822
52.6454
53.2269
53.5318
53.2269
53.1703
53.4274
53.8286
51.2151
49.9588
51.5424
53.0771
53.8706
52.997
53.8271
55.8425
55.0449
53.9156
50.822
44.6867
45.5695
51.6089
52.9843
51.9211
51.8309
53.7028
54.805
51.8632
51.265
53.0941
50.6547
48.8174
50.8544
53.5533
54.3582
54.1067
53.5003
54.3833
54.793
54.4811
54.5717
51.9845
49.2271
51.1182
54.2241
54.1727
53.7866
51.847
51.1797
53.6711
54.5331
54.4277
52.3519
50.1366
50.7937
52.9143
55.1481
55.5787
54.6269
54.2005
54.3641
54.5941
54.484
52.2111
45.4897
46.7039
54.2829
54.7031
54.2594
54.5033
54.9496
55.0297
54.7091
54.1947
51.066
49.3109
50.7292
52.1921
54.0628
54.8381
53.6596
53.9782
54.727
54.7256
55.0721
52.5169
49.1352
50.2021
53.7042
53.8779
53.6999
54.1492
53.3789
53.9738
54.3109
52.4301
50.3563
49.434
50.6984
52.8807
53.9899
54.3582
53.3974
53.3276
54.1316
53.8257
53.2808
49.1618
48.0342
51.8941
53.3604
53.0012
52.8793
53.1011
53.4616
53.5891
52.8807
49.3255
48.5531
50.7164
52.2302
53.661
52.9115
52.7704
53.2836
53.4102
53.6567
53.3419
49.2041
48.3395
52.6025
54.0146
53.6553
52.7496
53.0969
54.3493
54.6553
54.5286
53.4774
50.9775
48.7496
49.95
52.5887
53.0279
53.6322
54.0219
54.0146
54.4944
53.9928
52.7204
51.369
50.3867
51.0777
52.7899
53.0012
53.1901
53.1802
53.0786
54.0088
53.7403
52.5762
48.4907
49.0737
53.3291
52.6787
52.7148
52.3546
52.5928
53.4316
53.2354
53.268
53.2623
51.6516
48.7995
50.0914
51.4602
51.8524
54.2388
53.2992
52.5472
53.3604
53.5003
53.1237
47.9846
45.9105
49.5638
52.4852
53.0997
52.8681
53.7793
53.2453
52.7524
52.8877
49.2817
47.1498
49.4071
51.7585
53.339
53.859
52.9956
52.6995
52.8527
53.4616
53.7967
50.3373
49.4096
51.6422
52.1132
53.3049
54.4514
53.817
53.2198
53.0012
53.1364
53.5361
51.3057
48.0434
49.1437
52.4246
53.4888
52.8471
51.7625
51.7987
53.1773
54.1727
52.0278
48.5767
49.5528
52.6191
53.0124
53.6006
52.9465
53.0349
53.8576
52.6662
52.8919
54.1082
47.2456
47.0301
52.51
51.7237
52.9928
53.0588
52.5638
51.6089
51.7197
53.1561
50.5242
48.1417
50.1329
52.5707
53.1717
53.5576
52.7746
52.5417
53.2496
53.0828
52.4054
50.2449
46.1563
46.4274
50.3157
52.2698
51.9386
52.0088
53.241
53.2964
53.6985
53.0279
47.8893
47.4125
51.2847
52.2139
52.5638
52.8234
52.5376
52.8555
53.7793
53.7014
52.3464
46.9748
46.6712
51.1104
52.4852
51.2834
50.6534
52.1907
52.7162
52.0643
51.5849
51.4761
50.9359
48.7734
49.4267
52.0766
52.6718
52.6288
52.608
52.7663
52.3341
52.5887
50.3132
49.1087
49.3583
50.2942
52.6898
52.7593
50.8375
50.4045
52.4054
53.2538
52.8095
50.8841
50.8195
49.4462
49.7611
52.9423
52.8164
52.2275
52.3588
52.158
52.0264
52.8011
51.7357
46.7946
45.8421
50.1128
52.8597
52.7079
51.9548
51.9791
52.2289
52.6025
48.5602
47.4913
49.2344
49.6981
51.6462
52.7482
52.0833
51.729
52.5224
52.5431
52.8751
48.2835
47.0046
50.2816
51.066
52.0874
51.8807
52.101
52.4136
52.1703
52.3382
52.7426
49.807
47.2132
49.0846
52.1023
53.0588
52.4384
52.139
52.1853
52.3642
52.8723
53.0096
48.4613
48.7282
52.9535
52.3821
52.3848
51.2085
51.3743
53.3376
53.1604
52.6662
48.7104
47.0478
49.8132
50.1065
50.3905
50.8945
50.9256
51.7773
52.8206
52.0643
50.8725
46.8242
47.0212
51.5278
51.5477
51.6356
52.2794
52.1785
51.9481
51.9467
52.2671
50.435
46.5398
45.7687
48.1533
50.923
51.2111
51.3795
52.4123
52.2043
51.94
48.9836
42.1257
43.2376
50.2588
50.1945
50.3791
51.2847
51.6596
51.9049
51.402
51.8739
49.0256
47.6724
49.6981
50.6163
51.1261
51.1417
51.4787
51.2663
51.0582
51.5716
51.7746
50.0839
46.3876
47.3126
50.7601
51.2334
51.7023
51.4178
51.4311
51.6316
52.0698
50.6355
49.1159
49.1993
50.435
52.2603
52.0738
50.4923
50.355
51.2913
51.4814
50.0063
47.4868
48.2276
50.8893
52.2261
51.998
51.5331
51.0621
51.1431
51.1784
49.9962
48.144
44.4514
44.826
49.4303
51.7036
51.835
50.9619
50.5919
51.2571
51.8861
46.2942
45.334
49.8753
50.7666
51.2728
51.3848
50.04
49.2102
50.6252
51.6222
49.2914
45.9601
46.9462
49.8666
51.3176
52.3533
51.8014
50.3233
50.3575
51.5677
49.9401
46.365
47.4665
51.0947
51.4456
50.9269
50.4898
50.9139
49.8219
50.0175
51.5066
48.5732
46.2749
47.5285
50.4414
51.9494
51.7947
51.3466
51.8672
52.3382
51.9562
49.5552
46.2471
46.6266
50.0313
51.5756
50.5715
50.6419
51.7224
51.5863
51.5278
51.4364
46.2631
46.1585
51.219
51.882
51.4893
50.7382
51.0803
51.1941
51.0921
50.4999
47.7042
45.4845
45.1365
47.3956
49.6438
50.0588
50.6586
51.0425
51.0869
50.9853
49.5552
48.0711
48.7817
49.8107
50.7962
51.4271
50.6457
50.7872
51.8175
51.784
50.4286
47.887
46.2193
48.1301
50.8673
51.701
51.9373
51.6236
51.1483
51.0087
51.0947
49.505
48.1162
49.6007
50.4745
50.3297
51.2755
51.113
50.8505
51.1993
51.1051
51.1745
49.0798
46.7268
46.6853
47.9088
49.581
49.6709
50.0914
49.5062
49.5393
50.4108
48.6594
46.2471
47.4608
50.2323
50.7447
51.6622
51.1117
50.6894
50.8453
50.8078
48.6665
45.9306
45.1335
46.2642
49.3072
50.2248
50.0964
50.7292
50.9437
51.3743
48.6748
46.8735
47.4316
48.585
50.7292
50.2361
49.4878
50.5894
50.9334
51.4165
48.4449
46.2214
47.4777
49.2017
50.9308
50.8233
50.6919
50.4439
50.3931
51.1954
48.4297
45.9369
46.741
48.7353
50.3677
50.5715
50.9256
49.1364
49.3389
51.2834
49.7686
47.7281
47.4518
49.3012
50.7537
50.7872
50.3816
49.4645
50.2235
51.2899
50.9905
49.2477
47.7099
48.8126
49.7401
48.6772
49.0112
50.274
50.8906
51.219
50.8479
48.2707
45.9432
46.9406
49.4364
50.1907
49.272
47.9076
48.9392
51.3294
51.2098
48.2859
44.5593
44.8632
47.3015
49.4817
50.6445
50.0701
50.6265
51.3835
50.1303
49.9476
47.7464
45.0501
47.417
50.4643
49.5074
48.9057
50.4465
51.053
51.1352
51.0399
47.1542
45.8642
48.3162
49.249
48.821
49.3072
50.1681
50.3423
50.7808
50.1857
47.2177
44.6538
47.1932
49.6339
49.8654
49.9875
50.0238
50.5753
50.4274
49.729
46.7792
46.7301
49.7946
49.087
48.9716
50.0488
50.2639
50.8311
50.6881
50.1002
45.4246
44.7097
47.6713
48.7199
49.5332
49.1268
49.5737
48.9297
49.2017
47.7156
45.5747
47.0068
49.2429
48.8043
48.546
50.3119
50.2147
50.746
51.1718
47.8286
46.5951
45.0603
44.4889
48.2777
50.665
49.0569
49.093
50.3816
49.687
47.102
45.1681
47.2836
49.7067
49.8517
49.9127
50.3183
49.9763
50.2058
50.4248
50.1794
48.6701
45.6986
46.9638
50.3335
51.053
51.581
50.8699
49.7265
48.9536
49.6635
48.4825
45.3309
47.2277
49.7092
50.0275
50.3271
48.7472
49.4976
50.3791
50.3651
50.6727
45.7938
44.484
48.4743
49.8331
50.2222
49.5381
48.771
49.4364
50.1203
50.9359
47.5964
45.9327
47.4575
48.28
50.5255
51.1889
50.035
49.6907
50.1517
49.6266
47.3339
45.9527
43.8491
45.3576
49.2429
48.9404
48.5814
49.1666
49.7228
49.9925
46.4695
43.4226
46.5095
49.4609
50.4261
49.807
49.2635
49.5491
49.4841
50.2866
48.0446
45.6673
47.1809
48.962
49.7166
49.3255
49.1509
50.369
50.7833
50.0726
44.8129
43.7417
48.2684
50.1756
50.7833
49.7154
49.2247
50.2033
50.1178
49.9675
45.3083
45.1549
48.5625
48.6098
49.597
49.4218
49.5442
49.6907
50.7511
50.4706
45.5135
40.9609
43.8856
47.669
46.3049
47.7418
49.2296
49.7389
50.7087
50.109
49.2684
44.402
44.2546
46.2171
46.607
49.9451
50.2121
50.5958
50.4719
49.7909
46.6059
42.1523
42.901
47.5138
49.6376
50.192
50.4987
49.3937
48.4707
49.1413
47.8183
45.0674
46.4987
48.2369
49.0112
50.1542
49.7673
50.2462
49.0737
48.499
47.4406
46.4091
47.7544
47.6622
48.7912
50.8699
50.7756
50.1681
49.5614
49.9039
46.834
45.1325
47.4642
48.2393
47.9076
48.9884
49.1872
48.84
50.3639
50.5497
47.7076
45.3494
46.5614
48.322
49.7067
50.4477
49.8604
48.4625
49.0268
50.4401
47.6032
45.583
45.8117
48.0596
50.3259
50.3575
49.3303
48.8138
49.0918
48.8747
47.462
44.5981
46.0978
49.0749
49.2987
49.4731
48.7662
48.8138
49.0364
49.6056
47.4541
44.6448
43.4906
44.284
48.1997
49.5589
48.4062
49.1063
49.7971
50.1429
47.0289
43.7111
46.2471
49.4915
49.98
48.974
49.3449
50.192
49.7376
50.1806
47.3844
44.9934
47.25
49.6339
50.2449
49.9189
50.0125
50.1379
49.3559
49.4535
48.2288
44.2282
45.1743
48.4226
49.0545
48.8794
47.9547
48.8102
49.8952
50.4185
46.9461
43.1965
44.9752
48.5956
48.962
48.883
48.1359
48.4731
49.5896
47.3238
44.9539
44.4969
45.4938
47.8103
48.9668
49.412
50.3842
50.3778
49.9825
49.3913
46.5019
44.9065
45.7697
47.2936
49.1292
49.7686
50.2058
49.1545
48.6606
49.4328
46.6461
43.2348
43.9145
46.6342
48.216
49.0677
49.0677
49.5037
49.1582
48.8138
46.8867
42.9978
43.0608
46.9561
49.0593
49.3681
48.5637
46.0034
45.2192
47.426
46.9406
44.0723
44.9479
47.5647
48.9656
49.2465
48.7163
48.3255
48.7769
49.4535
45.4483
43.9088
48.0642
49.6722
49.5062
49.2514
48.7591
48.0839
48.526
49.4584
46.0564
43.3783
45.8264
49.2756
49.4425
48.7626
48.2591
48.8079
49.5148
49.4768
47.2099
45.2407
47.2869
48.4825
49.087
49.087
48.0469
48.7045
49.687
49.3998
46.2545
42.8293
44.835
48.2824
48.605
47.887
47.903
49.4486
48.4062
46.2
43.3868
43.6557
47.6883
48.7936
47.7065
48.158
48.6322
46.9649
47.6622
42.8192
42.6831
49.373
49.8691
49.7265
48.0619
48.2695
49.0713
48.895
46.2396
44.1482
45.2991
47.619
49.3986
49.3839
49.2793
49.1207
49.4376
49.456
46.7585
43.5597
45.0268
48.0596
48.1591
47.8
48.187
49.0617
49.4511
48.6985
44.0937
44.1462
48.3103
49.4218
48.8186
48.4086
48.8747
48.9608
49.1811
47.6724
44.6778
44.613
47.5783
49.2878
49.0461
48.8759
49.3608
48.9512
48.3138
47.808
44.3725
41.6415
43.9319
45.5052
45.0664
47.1309
48.2404
47.6644
47.4811
47.9053
41.9024
39.1428
44.0044
45.212
46.2963
48.992
49.6623
48.9021
48.3162
46.7082
43.8183
45.2755
47.5624
48.0769
49.255
49.1642
47.9053
47.8641
48.8222
46.6092
43.6977
45.1579
48.1475
49.1256
48.9392
48.0469
47.7486
47.9766
46.2449
44.0742
45.4835
47.0932
47.8126
48.3477
48.6997
49.0605
48.2824
48.9392
48.1336
43.778
44.3626
47.5523
48.2556
49.2308
49.2187
49.1316
48.439
48.4696
46.7847
44.7117
45.4256
47.7327
48.9105
48.9045
48.2497
46.5149
46.8362
47.3182
44.5048
40.8438
42.8789
47.7772
48.65
48.3957
48.2276
48.0307
48.1383
46.788
42.4574
43.8683
48.7948
49.5368
49.0148
48.5932
48.2032
48.1301
48.6216
46.811
44.0228
45.7289
48.0215
48.1139
49.0822
48.4907
48.4931
48.1325
48.5968
44.4899
43.2507
47.4125
48.7365
48.883
46.8143
47.2132
49.1739
48.048
45.9306
44.6937
46.2663
48.0758
47.98
48.8055
48.9632
48.8639
48.1765
48.1939
45.9844
42.6876
45.3155
47.8973
47.768
47.816
48.0561
49.2708
48.9776
48.9309
47.0411
43.9078
44.2801
47.2757
48.1707
47.7669
48.1475
48.4602
49.034
42.7615
40.8614
42.3881
41.5775
44.34
46.8746
47.926
48.5237
48.7341
47.8595
47.0466
43.1602
42.7762
47.1387
47.6667
47.8755
48.8878
49.2283
48.9428
48.3162
48.6796
45.3947
43.8414
46.5972
48.3185
48.8436
48.322
48.0388
47.8847
47.1676
45.8316
44.3449
43.1611
44.7888
47.6066
48.4168
48.6429
48.2009
48.0619
48.5437
45.8474
42.7661
45.104
48.0607
48.3617
48.2195
47.9881
47.7464
47.5828
45.8768
44.606
44.3361
44.603
47.1832
48.0989
47.5184
47.2612
47.6917
48.3688
48.3945
45.6944
40.0561
40.197
45.9295
48.4625
48.3232
47.9352
48.0227
48.6358
44.7618
42.5233
45.5083
47.3619
47.7646
47.5376
47.2679
46.9583
47.1087
44.8551
42.5885
44.0189
46.9506
48.2544
47.9674
47.2959
46.8307
47.6974
48.0446
46.0469
45.4969
45.583
46.183
48.0538
47.8503
46.3908
46.1329
47.8274
48.8329
45.5249
42.2735
44.403
48.1105
48.6736
46.6048
45.107
45.8674
46.8856
45.8873
45.0248
44.7848
45.7655
47.7954
48.0457
47.9743
48.173
48.3349
48.0273
46.4652
43.5531
41.2414
44.0403
46.9131
46.3736
47.1731
47.9019
47.5998
47.1043
41.9727
39.4034
44.602
47.417
47.2657
47.7521
48.0354
48.18
47.6644
45.976
43.4122
44.9105
47.1353
47.8767
47.4597
47.3474
47.8423
47.5195
47.8252
44.3007
39.7836
40.1405
44.0733
46.0543
47.0179
48.2114
48.2323
48.0758
45.7697
43.0034
43.8154
44.9812
45.5166
47.04
47.5885
47.2244
47.4305
47.694
43.5474
42.8982
46.3553
46.7891
46.9572
47.0865
47.3821
47.7692
47.2155
45.5809
43.5493
43.7235
45.8989
47.6134
48.0792
47.6338
47.1843
46.594
45.5011
44.0742
44.8119
47.0234
47.7532
47.4823
47.2713
47.4372
46.9748
47.1054
43.3858
39.0976
42.1345
46.6222
47.848
47.5184
46.4555
47.3675
48.0077
45.3957
42.9913
44.2439
46.7432
47.8572
47.7452
47.7589
48.0434
47.5975
47.0478
44.6409
44.1862
45.8884
46.5224
47.7327
47.2534
46.4727
46.6374
46.2257
44.5147
42.6221
43.9551
47.1265
47.6872
47.4811
47.8813
48.3138
47.7601
45.9232
43.0533
44.0218
46.8307
47.1898
47.1187
46.422
46.8011
47.48
47.2166
43.02
41.6294
45.0999
47.3507
47.5624
46.7858
47.0289
47.4676
48.1139
46.3682
40.449
40.3665
45.6308
47.719
47.9237
47.9191
47.6077
47.719
44.4069
41.8174
44.5911
46.9848
46.8011
46.6952
46.9406
47.4226
47.8332
47.9237
44.7027
43.2807
45.4133
46.9594
47.5794
46.2043
46.1478
47.5896
47.9432
45.0907
42.1345
43.554
46.2428
46.4987
46.3682
45.9812
46.7377
47.8962
45.3001
41.7476
43.1583
47.1598
47.9846
47.8985
47.132
46.4641
47.5443
48.3465
42.6003
42.2092
46.934
47.5376
48.1928
47.8675
47.3059
47.1242
47.3272
45.469
42.8183
43.5284
45.8463
46.2974
45.7321
45.6767
46.8044
47.6792
45.1528
41.3959
40.5433
43.0728
46.1031
46.569
46.9848
47.5783
47.6542
47.3429
41.8603
41.806
47.2746
47.7601
47.2043
47.2858
47.1687
47.1398
47.344
44.7367
43.1081
42.8321
44.6568
47.7224
47.5975
47.0201
47.6474
48.3395
47.1465
42.2369
42.6239
46.0066
45.8621
47.0699
46.966
47.0721
47.5093
47.8847
45.4669
41.2601
43.1788
46.6114
45.9707
46.5214
47.4834
47.619
47.4518
47.4518
42.6557
42.6867
47.1698
47.1709
47.6315
47.1687
47.5059
48.0584
47.162
44.7287
40.7075
39.824
43.8548
46.6657
46.9241
47.8149
47.4597
47.444
47.5138
43.692
41.6675
44.3233
46.9936
47.4046
47.2177
47.3541
47.2244
46.7607
43.6872
42.694
45.0126
46.2663
46.5354
47.2813
47.269
46.4544
46.9021
44.9822
42.0027
43.4179
46.3124
46.9219
46.7366
46.6832
46.379
46.6516
46.031
44.8662
43.987
43.826
45.7289
46.9296
46.998
46.7497
46.3962
46.5614
42.4529
41.5351
46.1606
47.0599
46.6364
46.8834
46.799
46.3897
46.2984
42.3469
37.5411
37.6563
41.8165
45.0887
46.084
46.5506
46.6853
46.6353
41.731
41.008
44.5028
43.3332
43.7254
45.5726
45.9105
46.729
46.4414
42.8936
41.5818
44.2038
46.199
46.8011
47.1198
46.6712
46.4016
46.8647
43.9899
41.8708
44.1189
46.4026
47.1254
47.3698
45.8873
45.6986
46.7825
46.6266
44.4178
42.3953
44.2312
46.6657
47.1254
46.4069
46.6777
47.3451
47.0466
43.8953
41.2993
43.2526
46.2567
47.061
46.7443
47.1598
47.1776
47.0566
46.1606
42.6094
42.1825
45.3135
46.4684
46.6179
45.8253
38.8372
36.0004
39.2804
36.1827
38.1512
45.6736
45.6246
44.958
44.9216
45.2735
45.7498
46.2406
40.295
39.9473
45.3196
45.5913
45.5705
45.7498
45.9021
46.3317
46.3156
41.9217
40.9542
44.8129
45.2438
45.4763
46.2759
46.4328
46.9726
47.1076
44.7698
42.4574
43.5673
45.4236
45.0907
44.2214
43.6634
43.3783
44.1306
41.7702
35.507
35.0619
37.1457
35.3582
33.3161
30.9406
30.589
28.1302
28.499
32.6899
32.5887
32.5341
33.0191
31.8771
34.2202
41.8822
42.6339
42.4439
44.964
44.0597
42.8211
34.478
27.4394
30.3439
34.456
33.8387
30.7716
29.7009
30.1482
31.7763
35.6926
34.7524
33.9778
33.8989
35.7003
32.3426
32.1864
37.4315
38.1556
36.0562
34.7723
35.5044
33.7393
35.6303
41.4156
41.4688
41.7877
41.2193
39.5538
42.2458
42.5333
38.9492
39.0434
41.5343
42.7058
42.5242
42.5967
43.1546
41.413
41.0863
39.5961
37.8809
36.5424
32.7188
32.2997
33.753
34.2794
30.3688
29.7956
34.2847
34.5734
34.926
34.6819
34.4893
31.3809
33.0857
38.9529
38.7755
39.4968
39.4656
40.1671
37.9817
34.0124
34.5686
35.5215
34.4122
33.5031
36.1291
41.1785
38.1272
38.3281
42.8872
43.6176
43.3125
42.4592
41.9815
42.4052
41.8401
36.8528
35.5942
40.6669
41.9912
38.48
38.1468
38.7544
39.2495
40.2755
38.3833
38.5
39.0099
39.5671
41.5844
39.8684
38.2848
40.0681
39.3059
39.3337
42.0221
42.7378
43.0635
43.0422
43.5967
42.1008
39.2788
38.4091
38.6205
41.1167
40.6918
40.1711
42.7597
42.3873
42.6913
39.839
35.7085
38.8387
42.6648
42.498
43.7206
43.276
43.2479
39.419
37.1588
39.7899
41.2694
42.1328
43.1295
43.3116
