11.0894
186.185
202.184
192.976
201.715
223.814
212.495
239.234
254.582
186.811
189.861
259.135
199.501
202.655
262.536
260.688
215.169
197.531
78.3269
74.4408
111.173
106.411
120.664
112.752
111.167
125.086
186.168
196.792
156.924
151.895
183.688
166.085
79.7321
88.129
220.848
139.111
143.812
253.485
197.648
193.874
252.334
196.425
198.787
261.986
144.415
129.066
147.591
114.659
146.22
180.897
160.449
79.1672
73.47
164.568
246.579
193.911
196.58
286.328
188.822
166.639
230.441
226.655
209.578
242.219
205.952
193.836
227.531
236.967
271.26
257.599
187.811
195.561
264.76
276.091
256.97
254.518
279.174
289.561
247.862
242.63
280.662
278.242
276.243
282.566
27.1076
27.1337
297.619
231.508
225.022
289.478
301.978
281.809
256.377
257.268
266.88
255.232
245.549
271.37
264.445
250.031
256.115
259.673
242.189
248.355
235.849
208.333
243.784
284.819
296.604
268.962
268.097
302.618
301.568
243.843
232.612
268.817
247.954
245.339
250.031
241.809
245.67
269.179
276.129
269.36
254.259
255.918
283.166
277.354
266.667
273.038
271.223
241.633
245.972
252.334
245.549
240.471
251.984
281.334
283.93
246.761
239.952
272.405
276.358
231.911
229.832
265.675
240.761
227.764
248.201
268.276
257.965
219.563
228.702
258.632
274.123
237.784
206.676
239.349
277.239
295.029
241.138
240.327
297.575
299.267
250.595
236.602
262.778
262.812
252.557
261.131
293.255
293.169
274.65
258.231
264.62
241.604
240.877
261.986
269.07
269.143
271.37
299.625
282.406
247.831
250.219
277.971
275.255
267.415
279.525
293.341
291.928
238.209
237.107
299.895
289.352
252.493
245.912
255.918
257.036
277.662
260.044
252.749
259.336
263.992
268.168
261.54
262.433
261.199
227.583
210.726
258.264
299.76
286.944
185.77
183.756
266.134
231.294
233.836
286.287
254.485
230.335
259.134
287.977
261.267
233.209
250.25
279.291
246.396
239.866
264.655
255.951
262.295
269.469
257.136
254.001
275.748
297.663
274.311
232.666
225.073
252.27
269.397
270.49
275.293
272.109
224.065
196.696
228.441
252.781
264.375
276.472
274.763
263.123
265.745
289.519
253.614
237.982
250.627
261.746
268.637
263.922
252.781
269.542
220.167
201.106
260.383
300.842
252.653
240.529
291.206
303.536
246.214
241.284
290.023
266.987
257.666
263.296
275.52
217.794
207.943
259.202
252.207
270.856
269.034
232.019
230.92
271.555
293.513
258.331
239.952
262.881
291.036
262.812
231.267
239.034
253.325
183.301
169.076
211.126
241.255
260.417
272.294
263.366
259.841
278.668
270.893
250.721
244.32
259.639
257.235
238.578
248.108
288.309
251.794
226.244
248.509
278.28
247.28
247.28
304.692
254.291
221.239
227.687
249.066
248.108
231.294
258.799
253.614
249.345
257.566
260.824
252.557
252.94
274.198
257.5
247.433
268.168
300.842
229.463
220.897
282.247
291.078
242.424
228.493
278.901
289.729
261.986
240.848
234.439
225.225
230.282
260.994
291.503
271.481
261.849
252.621
245.399
256.739
256.674
252.175
241.955
259.202
290.107
292.526
239.32
244.888
284.779
267.702
209.074
196.696
239.607
244.23
235.849
262.674
279.291
260.18
250.689
267.165
262.709
256.871
261.917
260.078
268.565
277.047
278.125
259.067
250.721
268.025
297.708
269.034
243.013
264.971
291.63
283.648
219.394
226.193
295.247
266.028
224.165
227.687
244.559
251.762
265.993
272.74
246.548
247.036
258.565
259.808
254.13
253.325
276.319
252.111
252.493
283.246
299.985
261.233
246.214
263.193
267.738
241.4
246.518
293.298
262.64
206.548
225.53
291.078
226.809
185.151
209.93
219.37
220.921
249.594
261.849
268.348
272.183
276.74
249.345
253.936
284.495
279.799
241.4
245.128
290.487
302.939
275.672
253.004
272.889
291.163
269.869
247.77
241.4
255.82
280.505
271.076
266.525
232.45
229.648
268.24
265.111
261.575
276.358
289.729
270.234
250.532
270.124
292.44
254.421
234.274
266.809
305.111
307.22
251.699
244.32
285.225
249.221
220.24
241.488
281.77
210.371
198.177
256.674
240.529
238.749
240.154
226.655
239.664
274.461
275.558
249.066
256.641
280.584
280.269
242.512
239.751
280.978
302.16
270.966
268.492
266.88
185.718
185.822
258.933
272.74
263.539
264.306
269.433
246.275
259.639
292.997
261.438
226.372
228.467
257.732
240.558
251.288
302.115
301.614
243.516
240.79
291.758
305.111
258.264
250.438
295.465
306.419
269.796
238.237
247.097
257.898
222.568
215.378
265.922
257.865
257.732
238.949
220.41
249.439
256.838
255.656
251.889
272.591
309.119
293.6
231.241
236.183
255.493
252.589
250.25
262.158
254.745
210.993
220.824
263.783
298.597
272.072
250.878
268.673
262.985
261.643
294.464
255.951
189.627
208.616
284.091
285.919
271.518
259.336
262.364
248.385
260.484
295.902
303.674
257.136
238.464
276.243
286.369
258.264
236.63
246.853
270.015
284.779
270.783
249.128
213.607
235.322
248.201
212.45
241.255
269.36
244.618
228.885
259.707
296.868
271.26
247.463
269.651
300.3
290.234
242.571
247.893
292.269
289.059
266.525
237.982
252.016
268.276
267.559
270.197
267.559
271.813
277.971
274.725
259.572
231.214
224.09
261.609
272.814
260.62
255.037
267.773
228.467
220.386
271.887
296.077
258.431
254.421
297.089
287.811
242.542
221.288
248.201
262.02
266.809
259.471
247.402
244.768
265.393
256.805
215.169
234.384
276.014
279.213
236.183
240.645
286.082
219.829
212.224
273.149
286.533
230.574
228.964
293.643
286.123
234.384
233.182
276.052
264.831
259.269
264.515
273.748
252.813
257.301
272.851
265.182
255.46
222.099
220.799
217.533
230.15
273.898
282.566
267.165
281.334
281.928
203.542
207.469
291.121
304.183
260.146
235.349
231.642
235.349
264.936
262.467
273.973
261.063
262.847
275.71
265.887
236.183
233.019
261.199
212.314
221.435
289.519
290.318
231.214
219.804
266.134
285.347
236.155
237.699
300.661
272.554
224.24
231
272.368
260.349
242.277
264.061
244.111
240.79
288.143
276.052
241.984
247.341
260.078
261.199
261.335
277.546
295.902
232.721
221.141
262.502
286.205
284.131
271.887
286.082
274.499
234.055
226.27
259.639
285.673
276.51
261.952
273.448
284.86
272.183
280.034
270.197
261.097
234.055
221.435
244.499
245.158
268.025
258.465
210.217
217.865
255.46
283.447
238.834
228.938
291.46
299.222
258.365
247.586
263.783
220.921
214.846
264.445
283.648
260.349
270.856
270.051
239.981
223.414
212.292
228.728
212.472
212.653
222.321
218.986
255.689
270.234
207.835
194.25
249.532
264.62
257.832
274.763
262.674
224.543
204.771
230.734
240.038
231.027
246.275
234.412
239.435
241.838
235.266
226.732
242.895
275.255
212.811
207.965
253.165
258.398
204.687
203.998
192.901
161.668
197.981
227.066
238.663
260.824
257.533
244.948
237.84
239.866
237.332
217.297
233.863
262.261
248.447
259.74
252.27
234.522
257.898
239.406
244.32
222.074
204.666
240.732
243.427
253.133
238.124
216.99
231.857
239.034
237.897
233.618
210.018
231.857
230.92
233.945
261.472
225.378
217.132
236.602
231.669
215.75
224.039
256.641
236.128
235.627
251.193
216.802
212.359
244.798
270.709
261.131
245.761
262.467
264.901
248.911
234.88
245.58
256.213
257.003
296.121
285.919
261.165
262.778
275.028
292.141
262.709
255.102
289.059
297.398
246.944
235.682
271.961
250.031
250.282
264.061
275.938
280.348
275.634
261.54
256.377
264.096
279.525
272.554
255.853
236.379
241.022
253.646
233.918
259.707
298.374
298.018
219.756
221.19
300.345
310.752
214.156
204.436
284.131
245.761
225.403
263.296
301.614
270.307
239.234
256.904
271.555
265.887
263.089
262.709
265.182
265.887
284.779
276.893
252.27
273.973
275.596
248.016
244.738
264.55
268.962
273.112
230.097
213.311
245.972
235.377
240.269
270.307
278.242
274.763
251.288
243.161
253.775
264.69
275.141
278.901
274.273
265.006
282.366
271.444
248.725
262.502
286.492
269.324
231.992
247.555
289.771
271.113
232.91
242.219
292.056
275.217
252.781
241.517
243.22
247.985
243.843
264.831
269.107
261.335
271.924
274.499
254.55
261.883
287.109
271.961
255.33
275.141
298.82
280.269
225.149
222.321
266.631
255.591
247.831
271.481
298.151
263.054
225.378
232.315
246.7
252.876
262.536
281.69
263.783
255.591
273.823
256.542
245.278
251.794
270.673
274.348
255.135
266.845
285.144
265.71
258.098
279.994
244.888
211.06
228.467
253.357
271.223
239.234
225.657
255.984
249.781
233.563
252.781
271.85
255.624
272.48
280.938
269.034
246.579
248.231
267.344
240.877
244.439
271.85
287.068
266.028
266.667
300.345
311.333
257.898
247.739
296.824
309.358
217.652
205.994
282.446
221.386
188.288
211.842
213.447
245.248
299.805
299.625
268.348
233.563
241.313
195.523
194.42
251.288
207.189
201.816
237.869
219.635
227.661
203.666
165.098
156.421
182.765
185.891
199.025
282.087
257.566
262.054
272.665
276.129
256.542
251.953
297.265
273.187
254.972
284.86
291.248
242.16
232.099
266.845
297
279.681
254.291
274.236
295.159
249.875
227.324
262.812
302.297
272.405
222.272
231.723
239.091
246.518
288.642
293.04
275.862
270.709
288.392
266.845
250.094
278.862
294.855
267.917
255.363
273.823
289.981
295.072
239.091
240.269
278.164
241.955
235.045
257.865
290.782
237.332
213.881
264.48
254.453
237.079
269.978
279.955
254.939
248.942
280.702
277.894
252.589
271.813
286.41
280.426
248.262
250.094
295.508
307.409
243.279
238.806
303.444
307.882
274.688
223.789
243.605
279.486
272.665
261.575
248.911
251.604
268.601
255.297
225.505
228.076
259.707
292.74
258.732
247.862
266.064
277.393
230.627
234.247
302.939
298.954
250.689
231.616
241.488
225.403
215.983
255.526
303.628
232.802
200.965
230.84
212.202
204.52
252.175
259.605
246.305
251.762
251.889
244.738
267.344
284.414
252.717
243.309
270.088
300.661
245.008
236.827
286.697
275.406
250.595
240.993
258.431
277.662
270.783
260.926
257.865
250.847
258.632
259.774
261.131
251.921
255.689
290.065
254.647
224.618
250.878
286.451
262.123
257.367
287.109
303.767
287.48
248.849
262.502
307.503
275.786
231.938
241.313
280.269
257.832
221.607
237.954
251.889
255.102
256.377
235.655
229.806
245.7
257.268
267.917
267.058
245.519
261.438
254.485
254.162
292.954
296.56
244.588
243.191
286.738
284.819
251.477
240.819
270.416
292.569
274.123
248.509
263.887
254.582
254.874
267.344
262.192
247.617
251.794
281.849
274.688
249.377
256.41
266.738
224.014
212.675
244.469
286.656
267.845
265.604
305.951
284.293
192.827
198.275
296.033
271.628
261.199
238.067
235.655
257.5
263.574
244.588
208.052
241.926
285.592
260.756
239.32
263.644
295.552
259.572
245.942
271.37
295.946
251.762
236.1
277.162
278.396
230.468
221.484
245.308
242.542
241.196
246.245
260.18
261.472
261.677
255.33
259
264.375
265.851
275.103
251.351
241.051
242.63
250.501
225.225
224.09
266.596
236.686
211.171
208.182
208.79
230.441
267.451
297.265
267.702
243.072
235.849
232.504
247.678
259.808
223.539
214.064
257.533
295.727
271.297
239.349
250.188
278.28
269.034
267.415
291.758
300.616
252.366
236.686
273.411
284.738
271.444
234.467
246.548
295.596
281.611
267.165
278.94
293.686
276.472
268.204
264.48
270.416
263.331
262.536
282.048
253.518
245.369
253.133
272.035
252.972
245.549
277.162
279.994
252.366
257.334
301.796
308.976
255.951
236.602
272.109
264.585
256.18
252.334
243.546
231.911
238.067
254.842
254.162
224.316
225.023
253.807
215.61
218.079
260.688
235.183
239.12
295.508
313.627
230.15
219.708
274.725
265.217
236.602
244.559
294.898
292.056
284.414
260.62
262.261
274.612
275.179
303.352
271.776
226.065
243.427
284.657
257.832
239.923
265.781
286.821
249.159
244.648
284.616
299.267
249.626
246.457
290.698
297
278.164
256.41
274.461
299.94
274.01
264.936
262.055
269.578
278.125
249.501
249.408
281.373
231.75
219.298
258.933
230.814
248.602
293.643
269.651
231.455
243.191
268.528
242.571
253.068
293.427
299.133
247.801
217.344
249.252
290.867
277.701
252.366
251.036
266.347
262.847
265.993
267.738
219.178
230.707
287.935
268.42
244.2
268.384
292.654
266.667
248.016
273.336
297.974
270.051
244.529
263.054
297.885
266.702
234.604
254.356
295.552
272.777
265.006
259.302
267.13
281.968
278.552
274.198
266.916
257.367
218.794
220.897
238.039
256.148
288.392
252.493
220.58
245.791
291.8
277.393
220.289
211.887
246.822
247.005
255.526
290.994
307.55
273
235.488
246.093
263.539
270.307
