11.7077
103.082
155.824
314.465
293.686
152.718
158.316
334.952
336.247
339.674
182.365
179.003
333.444
177.305
170.721
120.977
124.595
325.203
258.398
254.81
333.444
365.497
233.019
225.378
336.757
342.877
337.667
238.834
244.23
362.647
350.631
161.865
130.839
146.499
177.699
232.045
159.248
175.362
245.369
268.276
279.174
124.549
127.738
293.126
305.483
322.425
337.098
309.023
279.916
213.129
222.717
243.072
226.296
160.282
169.319
285.592
247.525
206.911
149.891
145.688
221.533
316.957
145.773
133.556
147.167
138.976
193.63
189.988
209.183
213.881
121.426
110.187
130.907
106.581
151.573
334.84
337.496
369.549
376.364
198.551
188.306
322.581
341.705
195.848
188.911
279.72
303.536
257.765
254.13
358.359
352.671
245.278
255.885
382.19
275.786
241.75
300.391
324.886
348.918
220.799
197.726
275.748
305.437
343.584
27.6014
27.7116
369.686
353.669
369.617
380.011
357.207
369.754
378.716
375.305
386.922
339.559
337.895
366.771
341.705
346.141
353.92
364.83
404.694
418.322
406.918
312.11
305.39
382.117
387.672
387.597
311.478
308.024
396.196
416.927
422.833
348.189
320.513
342.173
363.372
407.498
352.051
327.118
327.172
323.887
348.432
337.838
342.524
380.156
410.846
391.389
376.223
355.809
347.766
356.443
331.95
324.728
351.679
387.072
387.597
370.233
325.203
306.044
352.858
402.172
346.681
295.683
313.381
365.564
403.877
418.498
426.076
341.239
313.676
371.816
393.391
402.658
359.454
349.895
365.497
367.58
409.92
364.83
333.611
375.235
360.295
332.945
313.578
326.211
391.389
399.68
370.645
364.498
358.487
375.305
423.012
431.499
391.85
309.454
306.326
359.002
374.602
394.867
369.686
330.524
341.53
380.373
398.883
357.015
316.606
340.368
385.728
405.433
393.391
357.654
350.201
329.544
324.781
295.247
294.551
350.447
365.898
380.156
341.939
341.064
347.524
346.141
349.345
303.03
331.95
406.587
372.232
289.813
274.839
351.617
423.639
346.2
240.471
250.376
351.309
370.851
382.19
354.862
316.606
338.581
362.384
385.728
352.796
335.064
357.782
360.62
391.007
344.709
338.352
390.396
354.736
341.647
317.561
318.776
337.098
350.939
341.647
277.624
306.56
395.179
416.753
359.842
301.887
334.28
381.898
384.172
411.862
339.905
305.81
361.468
403.47
421.407
362.253
315.706
348.311
377.786
388.199
361.076
343.289
344.056
350.079
396.432
356.252
330.196
384.615
265.498
222.272
296.472
358.873
387.072
353.357
287.191
286.944
336.361
380.228
272.146
258.933
373.622
401.929
391.16
246.822
238.039
360.231
395.883
412.116
335.121
288.184
330.415
386.548
411.015
356.57
335.121
335.965
336.474
385.877
337.61
332.005
398.327
363.042
345.125
332.613
336.814
365.364
372.717
341.472
301.523
341.297
415.024
426.167
385.505
303.49
294.985
338.409
362.122
394.244
349.65
324.728
368.121
405.762
410.931
373.065
351.865
331.62
342.29
395.57
406.174
350.57
322.373
333.167
357.782
402.658
355.809
357.207
428.908
382.044
362.976
346.081
349.467
398.406
404.204
368.324
326.958
346.26
386.175
410.931
420.698
295.421
278.59
388.5
423.729
418.673
406.587
166.044
156.495
279.33
283.768
333.667
348.311
360.62
334.001
326.158
335.233
338.352
366.3
353.107
359.518
368.868
347.524
353.419
346.5
346.981
366.032
378.86
360.101
323.258
347.524
383.509
384.689
372.787
324.254
344.116
400.16
377.359
383.068
360.101
299.76
326.958
401.284
353.482
320.513
329.272
357.398
391.083
393.933
359.518
345.244
356.824
343.761
349.345
315.507
301.796
359.648
358.166
358.102
335.739
327.279
363.504
367.58
339.501
306.044
350.57
416.927
424.719
400.4
323.363
270.38
305.157
390.701
419.815
324.359
311.964
391.313
398.486
335.909
278.901
274.424
324.359
390.092
401.849
361.337
357.91
352.175
321.958
332.447
292.184
302.801
368.392
385.951
399.441
353.419
343.289
371.747
322.165
299.088
345.244
396.511
419.903
425.985
385.505
301.432
307.787
382.117
390.016
398.327
338.696
325.203
362.516
365.097
390.854
353.92
309.215
341.53
400.721
414.852
383.803
337.61
305.717
336.191
410.509
333.222
325.68
408.831
355.177
342.29
349.101
242.542
261.986
361.664
331.62
354.233
394.477
420.433
420.256
388.274
337.439
342.936
388.576
397.377
394.555
286.862
283.889
328.893
312.402
326.264
299.088
325.786
371.333
373.413
360.166
347.584
374.813
356.506
292.869
268.745
312.842
383.73
344.887
324.412
306.984
306.091
347.102
354.421
379.435
340.31
349.406
431.034
434.783
395.57
312.793
313.824
349.895
355.303
393.778
325.839
298.775
359.518
395.726
414.25
365.831
324.886
335.458
365.831
403.47
379.651
348.979
342.173
363.769
395.883
383.362
316.556
302.572
337.61
364.166
389.332
372.162
372.787
399.202
358.809
352.796
364.431
370.302
412.371
423.998
412.797
311.042
292.783
350.877
378.86
407.664
307.834
293.6
379.507
396.354
357.846
296.736
300.526
364.83
401.284
393.468
298.507
251.889
294.638
335.514
287.026
291.333
329.164
326.477
340.426
312.744
319.387
358.551
336.247
298.329
325.415
396.196
419.903
401.849
322.217
315.308
387.222
410.256
408.413
414.422
343.938
312.207
350.754
390.472
407.914
362.253
325.627
348.493
385.505
407.498
384.32
361.141
336.984
346.981
402.01
364.83
343.407
378.215
387.973
303.582
259.943
270.819
319.132
321.13
243.25
268.853
383.656
395.101
368.936
345.423
351.679
390.396
416.147
422.833
380.3
258.699
276.052
422.03
428.816
343.702
319.438
290.023
301.296
398.168
300.345
244.439
296.428
386.772
316.156
301.25
387.147
354.547
341.705
346.141
338.238
358.938
372.509
351.617
310.463
301.978
332.779
391.85
365.898
317.007
350.385
417.886
419.727
403.633
342.936
321.182
368.46
408.413
393.005
392.08
362.319
296.428
295.203
355.809
392.696
363.042
374.462
374.462
379.579
396.511
346.801
357.718
404.449
354.233
344.471
353.669
341.705
367.85
398.089
359.454
316.957
356.57
416.58
426.076
404.694
271.887
249.501
340.89
393.005
409.082
342.877
333.111
404.04
414.164
406.752
409.165
320.205
261.986
274.123
334.84
293.04
267.523
320.359
348.857
325.574
320.77
359.648
345.304
362.647
359.195
339.271
342.583
363.24
363.769
324.202
348.311
407.914
399.361
361.402
307.834
306.373
365.898
352.734
346.021
316.106
308.499
383.142
390.93
373.692
356.888
338.868
336.361
357.143
397.377
368.936
348.797
382.702
375.375
372.995
406.009
375.799
375.799
399.521
354.988
350.079
329.652
322.165
376.364
398.883
363.703
319.693
334.504
393.623
424.448
400.962
328.353
325.733
374.111
375.023
386.922
394.555
290.065
275.255
375.446
426.712
385.208
352.671
373.134
396.511
393.701
391.389
359.712
361.141
309.741
285.755
311.721
316.907
318.928
288.725
324.254
322.321
309.023
361.991
373.832
333.667
300.842
338.753
399.042
384.541
336.927
320
345.722
373.413
386.175
401.687
340.368
314.317
349.711
363.174
364.166
331.675
317.712
349.223
369.208
363.438
324.412
331.181
344.828
343.879
357.59
326.904
343.171
391.466
364.83
348.129
348.008
334.392
363.372
353.294
328.192
308.785
313.185
364.232
346.921
319.081
318.522
348.614
390.625
389.712
352.609
307.125
333.723
401.445
390.32
355.366
356.633
354.359
343.466
360.881
397.772
383.73
352.609
334.336
320.205
324.675
313.48
335.177
365.965
345.602
281.413
281.452
357.462
389.257
354.925
291.8
309.358
376.861
377.287
344.768
311.478
344.412
392.619
395.961
415.196
300.888
284.819
371.264
383.289
368.732
327.6
291.503
308.69
366.703
400.561
340.657
283.688
322.217
400.882
396.747
348.736
364.232
398.883
332.668
312.256
309.406
318.117
342.877
341.355
338.181
345.781
372.787
391.543
389.864
325.203
324.412
391.313
414.336
410.509
404.531
362.976
345.006
388.35
421.763
424.809
386.473
339.213
320.976
332.226
369.549
400.08
356.316
345.722
352.113
355.872
261.199
256.476
378.788
357.782
324.465
305.577
327.869
387.747
367.715
301.932
275.9
326.477
407.249
389.029
287.77
286.985
376.577
404.613
416.233
402.739
310.27
292.912
352.113
365.764
343.23
332.945
340.426
359.583
398.645
381.243
352.547
368.596
353.607
349.711
385.802
368.664
361.664
215.82
187.882
274.801
324.57
365.831
376.011
341.647
346.62
374.392
354.673
348.797
310.849
317.763
385.356
394.711
403.47
375.375
258.198
264.795
376.081
369.959
338.868
341.064
381.825
406.421
423.998
380.735
354.799
348.493
331.565
346.141
306.701
315.607
383.436
361.729
358.938
248.88
239.063
335.514
333.556
301.25
313.431
365.297
350.939
320.359
296.78
333.723
401.929
420.08
421.319
311.964
298.73
368.392
378.215
383.583
345.483
309.167
322.893
362.516
395.023
368.8
368.936
353.045
335.345
376.435
334.057
328.623
381.971
352.796
353.357
358.487
351.803
390.93
365.631
324.254
311.964
347.584
399.281
403.877
392.465
315.756
310.126
363.636
389.181
409.417
312.744
296.384
376.435
401.445
392.927
357.143
357.143
351.247
335.064
362.188
334.784
328.839
354.233
338.639
330.36
294.855
299.356
343.879
345.662
338.581
301.75
306.654
313.48
244.738
237.361
280.859
323.102
353.732
298.909
308.642
370.645
380.59
385.282
318.421
308.309
369.686
409.417
398.168
349.895
330.142
349.101
364.631
379.363
368.868
346.44
327.547
336.984
365.297
336.134
339.443
371.058
355.366
361.729
372.439
363.24
369.276
376.506
356.888
322.997
331.236
371.955
389.56
378.215
289.981
285.714
369.276
389.94
411.015
406.339
331.236
321.44
375.446
394.477
403.226
357.143
313.972
334.616
387.372
408.831
348.979
339.213
358.359
363.967
365.764
328.03
346.56
382.19
364.897
373.692
376.011
369.959
387.072
382.775
365.631
280.191
249.159
279.994
253.036
249.969
315.906
370.851
396.118
367.918
291.843
308.119
386.1
389.484
382.117
340.136
319.285
343.348
381.679
379.003
326.744
341.705
372.301
375.164
376.577
330.196
338.811
379.147
350.631
354.862
336.304
326.477
380.228
390.092
354.359
313.725
341.472
403.714
401.043
388.954
341.588
339.616
393.236
405.597
414.594
415.541
321.854
272.814
328.515
399.202
389.864
365.03
348.311
365.297
400
409.752
359.906
349.223
354.421
360.815
376.861
339.732
354.862
404.94
358.487
344.59
371.402
346.021
362.319
399.84
360.881
329.652
341.064
378.573
391.85
379.507
303.352
290.065
362.845
397.772
415.973
421.23
261.097
231.884
324.992
260.994
251.067
346.5
391.16
404.694
342.877
320.102
306.748
318.878
377.644
344.768
344.709
382.848
356.379
354.233
349.711
331.29
367.242
407.249
366.502
311.429
340.194
408.914
413.309
369.686
314.317
319.642
352.983
373.692
394.789
355.366
313.676
325.839
316.206
327.439
323.415
297.044
342.173
393.082
365.097
311.526
336.304
352.051
339.905
354.233
336.587
346.26
372.648
357.27
357.462
349.345
352.734
397.062
412.967
390.625
364.431
365.364
394.322
421.23
395.257
333.167
264.48
290.276
401.606
427.533
411.777
285.919
275.103
369.617
393.314
338.926
296.252
292.912
317.108
362.056
306.466
290.867
337.61
367.985
368.664
286.697
272.889
245.098
243.457
320.616
365.163
402.172
363.636
317.864
334.504
390.168
391.619
388.651
355.24
317.511
356.888
383.73
359.131
335.402
320.564
355.429
396.275
386.25
387.597
374.181
351.247
362.713
397.693
423.998
359.583
340.716
394.633
359.712
322.529
301.341
324.097
387.372
359.195
362.516
360.101
324.359
347.343
395.335
369.072
308.69
322.789
394.166
398.01
372.024
302.206
281.096
327.011
370.851
402.172
313.775
295.639
320.77
322.633
347.766
335.57
315.657
348.129
400.08
385.728
348.675
354.736
347.222
326.584
310.463
297.309
337.952
330.743
326.797
333.611
331.071
376.223
399.521
342.407
301.386
331.126
394.4
409.584
399.92
351.865
333.444
381.388
411.777
415.11
417.275
310.849
302.297
388.727
396.118
402.577
353.544
286.985
313.725
404.694
421.852
367.175
319.132
318.421
359.324
397.693
359.906
359.131
393.391
364.299
366.502
369.754
345.125
350.816
347.222
334.392
316.506
331.4
375.375
376.435
388.048
335.008
320.667
362.713
333.611
348.311
322.373
306.326
325.892
313.824
338.926
321.595
301.25
338.639
385.579
394.555
354.17
371.816
370.92
344.471
368.121
346.981
360.946
407.914
320.205
277.2
304.09
339.098
365.564
311.429
286.821
349.162
415.455
394.867
380.952
327.976
294.811
348.857
393.314
400.32
362.976
326.531
364.83
403.145
403.145
416.233
322.321
278.629
338.066
396.118
402.495
354.108
354.108
349.162
345.602
