5.12274
26.6859
34.7536
50.109
46.8702
43.7397
44.3135
47.0301
48.0388
50.8311
55.5556
51.1078
51.4073
57.0695
52.1308
41.1226
38.3472
46.3156
19.3902
19.4955
57.2017
58.0551
56.5052
56.2035
53.4474
52.0332
53.8822
53.3817
52.5141
53.5418
52.3821
53.4731
57.3444
55.5139
54.2711
55.241
55.8862
53.888
53.4588
50.2702
47.3754
47.6963
44.4514
41.2167
42.1124
47.6111
53.83
52.2753
50.104
51.8699
52.9171
53.7692
55.5062
54.8486
52.4315
55.5047
56.0963
54.7495
52.0494
47.0212
47.5455
51.5318
51.1339
51.6022
51.7357
50.1128
51.6916
51.5623
51.8444
52.6136
50.9126
50.0188
52.9521
56.2825
55.0373
53.4945
51.8269
50.656
52.9479
56.3412
51.2229
48.8102
50.7524
53.3532
55.3756
54.796
53.5117
53.0377
56.4653
56.1026
56.0507
53.5031
49.8529
49.0858
50.8505
51.9602
53.3589
57.2803
53.4945
50.9411
53.1378
53.6351
49.724
50.402
51.8578
52.1676
54.158
55.517
54.0365
52.7148
52.2125
52.4123
55.6359
53.6021
51.5451
50.2361
50.7267
50.4847
53.0659
54.8908
52.9311
55.2151
56.2208
51.9103
48.6299
51.9521
52.2972
51.4311
53.6913
52.6635
52.5045
53.5662
54.5703
51.5504
48.398
50.9567
55.8597
55.1876
53.3319
53.1336
54.7915
56.6524
53.638
52.3423
52.1526
53.5031
55.0479
53.1406
52.0589
54.5093
58.5275
53.2255
50.1643
49.4535
44.601
42.4169
41.4267
44.08
47.4237
45.6496
47.5556
53.2708
53.5949
53.3575
54.4055
55.4124
51.3532
46.4199
48.3887
52.0888
51.6863
50.3639
52.1907
54.0044
53.9738
52.2152
51.7424
52.8248
49.98
49.884
52.5003
51.7157
53.0026
56.9039
55.6979
53.4674
53.2538
54.1389
54.2123
52.6219
51.2308
52.2985
56.0381
54.781
54.5033
54.305
53.9549
56.443
54.4055
51.6356
51.9508
52.7245
51.6009
54.2005
55.4693
53.5676
53.8561
53.2581
51.7183
53.3149
57.0776
52.6718
51.5903
53.3732
54.2049
52.7106
51.4549
51.5119
52.5818
54.9617
54.5837
52.5403
47.2355
46.901
50.25
53.817
54.9345
53.1561
52.5997
52.4095
51.3321
52.1404
53.4316
52.6995
53.9055
52.9297
53.3461
55.3174
54.2285
54.1331
55.7756
57.2869
52.2111
46.2107
48.2311
55.0297
54.2417
52.8248
52.7301
53.4316
55.8067
53.5834
49.9301
45.0217
42.9314
42.053
42.0203
47.0799
52.0508
53.723
54.1565
55.8753
54.9828
52.8877
51.0438
50.8143
53.9011
53.5533
55.8456
56.0004
54.5241
54.4158
53.1364
51.6489
50.3931
47.0433
47.102
53.4516
55.27
53.92
53.1618
52.9759
52.5376
53.8068
55.1253
53.2722
50.782
51.1195
55.8956
57.019
54.5093
51.697
52.8779
57.0012
54.7106
51.7639
52.5928
52.7899
51.4178
53.0166
53.5475
54.5241
55.7165
54.7031
53.2694
53.5404
56.5771
54.3419
52.3574
51.0764
51.6476
53.1152
52.7454
51.5238
52.9872
55.6777
52.3656
53.8141
55.0752
52.8346
49.2526
49.1388
50.8544
52.2493
53.08
53.2808
52.2411
50.6765
51.0217
49.3876
48.2276
51.2702
54.6179
50.6406
51.717
54.6179
54.6807
53.5705
53.2099
52.6163
52.04
54.7181
51.443
50.2021
53.2836
54.5911
55.2715
56.164
54.9843
53.9171
56.9752
51.4536
47.1242
51.1195
55.7041
54.6657
53.7634
53.1011
52.8095
56.4048
54.5703
54.0409
52.2152
49.163
47.8515
48.9153
49.0376
48.1047
47.2144
47.2311
48.6228
49.8542
48.5897
47.8343
52.8011
55.4739
51.725
51.0921
54.0278
53.3049
52.2411
51.4522
53.2325
54.8501
53.2354
48.2486
48.7876
52.9031
54.0614
54.2417
54.0994
53.8097
54.1463
57.1298
55.788
51.0425
46.9296
49.3754
52.532
52.822
53.4788
52.6898
55.1739
53.6942
50.8906
51.9224
53.7244
52.0752
52.0643
52.6413
53.5934
54.3036
54.1096
55.6344
53.4974
54.6448
54.7315
51.3703
51.565
54.4277
54.6971
55.0464
54.3877
52.7677
55.6143
52.5555
51.9778
54.9285
54.8847
49.3291
48.4825
50.3385
49.581
48.5201
48.7734
53.6797
54.0687
53.0209
50.9983
49.8082
51.1378
54.3641
54.0146
53.6078
52.9787
53.6366
56.6203
53.496
51.0048
52.1064
53.111
50.8001
52.9577
53.6999
52.6732
54.7285
54.177
53.9491
53.0068
54.8155
54.1433
52.0752
49.7104
52.0305
54.0336
51.1587
49.6623
47.2735
44.284
42.4448
41.3565
43.6157
50.0125
54.5301
56.319
55.8082
52.9675
53.0828
54.6762
54.4262
53.5719
52.1853
53.322
46.5853
45.5166
49.9538
52.4013
54.8983
53.4974
53.6078
55.2975
56.2446
55.3189
52.9858
50.1983
49.3925
51.4946
56.0365
55.869
49.8965
51.2085
53.7765
54.3124
54.9315
50.6997
49.7698
52.7371
52.7663
54.0906
54.8155
54.2888
54.3951
52.5887
50.6727
52.6067
56.5947
51.5066
51.7063
53.0363
52.2972
53.7244
52.8919
51.971
53.3191
54.9405
54.745
53.8416
52.12
52.6607
51.8686
53.6078
57.1723
56.9541
54.0176
51.2046
53.4102
51.4642
49.1715
49.4181
51.2728
54.6493
51.6809
51.8565
54.9979
52.9801
51.9642
55.2746
56.1388
52.51
49.0521
50.6099
51.2282
51.9588
55.4862
55.3679
56.1419
55.0312
50.6368
52.5431
53.5719
49.6845
52.5417
50.7588
46.6559
50.3943
47.4192
45.7582
52.5114
49.9463
45.8306
42.8725
44.402
50.1995
52.5942
54.0833
54.5881
54.6001
54.1961
53.2085
53.3021
51.9764
49.8182
52.9045
52.8667
54.1184
52.51
49.8293
51.7746
53.0926
49.6561
49.7673
53.638
50.5599
50.9463
51.6356
50.4096
52.0156
54.2682
53.0391
53.83
56.8537
55.3174
52.5735
49.323
49.5896
53.3817
54.6986
51.5198
52.0969
54.4188
54.2138
54.0818
52.7398
49.5099
49.889
54.447
52.2807
50.773
54.0263
55.6638
54.7106
53.8025
52.7997
53.0349
53.4645
49.7339
49.5123
54.1404
55.2029
53.2879
53.2921
53.9782
55.1131
54.539
52.5045
49.9114
50.3094
53.3419
51.6542
50.8143
51.3505
51.9521
51.6996
51.6916
53.3035
51.6209
48.1012
50.9606
52.2071
52.0616
56.4111
55.0752
54.2226
53.4817
53.3846
53.322
51.5956
50.01
50.8427
53.0574
53.6913
51.2728
52.101
57.3247
56.4621
53.5949
52.1635
53.2652
51.9386
50.4604
47.4248
45.2673
44.615
44.7417
44.6548
45.5602
49.65
51.5889
51.3571
52.2002
54.4173
54.1345
52.7718
53.1208
55.9456
55.537
54.9768
52.8248
50.4299
49.9226
51.8444
50.2235
49.8219
52.5238
52.5238
54.739
56.3016
53.4917
50.4032
49.1087
48.6808
53.2566
54.5881
52.8723
52.7704
53.3305
55.4093
54.6418
54.4944
49.4083
49.2041
53.6538
52.3177
48.7686
49.9264
53.7533
53.749
52.7886
52.7245
55.8176
52.6857
49.0725
50.8647
55.6344
55.212
53.3974
52.3437
52.0508
55.2975
55.2944
52.8947
50.1542
52.4742
53.5045
53.936
54.4974
52.6496
52.5914
53.4031
51.5943
51.2203
52.5431
47.8011
47.0102
49.2174
51.7063
52.0643
52.4714
53.9928
53.5848
52.2248
53.049
53.8604
51.9953
53.1067
54.6359
55.2669
52.9325
52.1989
53.376
53.984
53.8822
55.0146
55.7243
50.8053
50.2084
53.7938
55.6653
54.7181
54.4944
52.8751
48.0769
46.5398
45.437
41.772
45.2407
52.3519
54.4736
51.3281
48.6997
50.5165
53.2297
54.6433
52.9367
50.8427
50.1467
54.1815
54.4974
53.4259
54.4514
54.0103
53.0166
53.3276
54.3021
50.1492
44.8451
46.3134
50.3145
50.7988
52.1308
54.4395
53.5676
50.4401
52.8975
52.9437
49.995
51.9467
52.8011
51.9521
52.7009
56.4239
55.4078
52.9886
53.8242
53.5432
52.4027
53.1773
50.3664
50.035
55.8831
54.1638
52.8039
52.9115
53.8982
52.3588
50.8505
50.683
48.8198
49.7574
51.8162
52.5127
52.3464
55.1314
54.1096
53.4831
52.8318
52.5265
54.2314
52.5072
50.0889
51.9913
53.2141
52.7287
55.0782
53.322
51.7277
51.7558
51.3123
50.6316
46.8263
46.4457
52.3985
55.7243
56.2873
55.4985
52.7913
51.4655
54.114
55.107
51.9602
52.1064
49.3852
49.5258
53.4917
54.0263
51.4483
51.5291
55.3894
53.5074
52.1295
51.3373
51.6689
52.3588
54.0336
52.2193
51.8834
53.8213
52.3793
50.4706
49.9925
53.3461
52.4068
49.5197
49.8405
51.6929
49.6327
45.5042
44.479
44.9337
46.1649
48.1568
49.3194
48.746
49.6672
52.4962
54.6135
56.0884
49.4535
48.5037
50.5178
50.6586
52.2193
49.8343
50.2904
50.9217
51.0686
52.3177
50.4706
50.7833
54.769
51.9764
52.0847
53.4845
51.3993
50.7395
52.6067
53.5533
53.2722
56.5115
55.3113
50.8091
52.8416
57.1053
55.3051
52.1444
48.3617
48.8723
53.7765
54.4544
52.3026
53.7418
55.6948
53.386
53.8822
53.4802
51.9805
48.1406
46.6952
48.65
51.8713
53.7028
51.94
52.7482
51.4854
51.5504
53.5289
51.7987
50.9892
52.4219
49.2405
49.4548
47.0135
46.1649
48.6228
50.2222
54.3036
53.2368
51.6622
51.0347
50.2879
53.0265
57.138
53.9593
53.4531
54.0351
52.7593
55.2013
56.4956
54.252
51.3901
52.2903
52.5859
50.5357
52.4631
55.4385
53.087
53.8387
53.6625
51.7464
53.2042
45.5747
43.3548
48.0134
46.2332
46.4501
46.0798
45.3412
45.7844
46.0236
45.9791
46.8
49.1739
51.8861
53.2907
52.8807
53.2907
52.4136
52.3834
53.9287
50.4566
47.2813
45.9074
48.1522
51.843
50.4414
54.0409
55.8285
53.8692
52.499
52.5472
48.3933
48.2148
54.5971
53.6581
52.5155
53.1166
54.7196
56.0507
55.299
54.5554
53.217
52.4246
51.0777
52.0183
54.1463
54.7495
53.2368
52.7218
54.0424
53.6337
56.3746
56.2177
51.0686
49.7934
53.506
52.9269
52.6745
54.0935
54.4455
54.9179
54.4262
53.8459
54.536
56.933
52.7607
50.374
50.9528
53.7288
53.2481
53.2481
53.736
52.2166
51.4575
48.8556
45.8264
47.081
50.5855
50.5012
51.7103
52.9549
53.7418
50.9152
51.9751
55.1374
50.9554
50.0751
51.6249
50.1052
52.4164
55.1983
52.7955
51.3334
53.569
56.4701
54.2373
53.4003
49.9451
49.7711
53.9462
52.3629
51.7036
53.3518
56.1545
52.7858
51.553
53.7461
54.2417
50.3081
45.8169
45.3659
47.2322
45.4731
42.1328
47.0533
52.6787
47.627
43.9792
47.7772
52.6635
51.2886
50.5089
50.822
52.5666
49.1884
48.9428
51.0634
49.6574
46.9539
46.6886
52.426
55.3817
53.7259
50.5842
53.2396
53.749
53.9374
53.4345
50.4325
48.8627
50.4668
51.0803
49.9888
51.4231
52.3903
55.0131
55.83
54.2549
54.0716
54.3419
48.0908
48.7436
54.778
54.2564
55.5787
53.1025
49.5209
52.9787
57.7701
54.8411
52.2644
48.8938
49.5626
52.5597
54.0161
52.4659
52.0766
53.0138
53.4231
55.4662
54.8366
54.9632
48.3734
48.4215
51.4192
52.6759
51.917
49.9077
49.9463
51.0152
52.8555
51.3202
52.7371
51.3769
49.5466
50.9697
53.5203
53.8343
54.7825
53.9491
53.9986
55.0388
53.6078
54.8667
50.8608
49.1666
51.3532
54.1389
53.569
52.3546
55.3036
54.4944
56.3984
53.7562
47.3799
44.7878
46.5625
45.7834
43.02
48.4004
49.7327
48.1812
47.7327
48.6535
48.6381
48.5331
51.561
50.4528
52.1907
52.6829
53.4931
54.2329
55.0252
54.3537
53.3703
53.0166
52.4164
53.08
51.6396
53.3163
52.3218
50.4465
48.432
50.1706
53.9418
51.4893
50.6009
52.7454
52.5818
53.2935
56.7263
55.9081
55.0161
53.0983
53.3433
55.3879
53.4974
47.3406
47.2043
51.6102
52.5045
52.7357
54.308
56.8133
54.754
54.3183
53.3319
50.6714
50.0563
49.6327
49.9663
52.7273
56.1325
52.9157
50.1781
53.1096
56.1467
51.9683
48.3279
49.0244
51.9521
52.5666
53.1336
54.5583
53.3333
53.8561
54.808
53.0898
52.4838
52.1703
48.0411
49.516
50.4452
49.0653
51.3611
53.7967
53.5733
54.8471
55.3863
50.597
49.5356
51.1444
52.7093
51.7933
53.1039
53.1618
51.7572
52.3999
53.2964
54.603
52.8234
50.8182
50.1467
50.5229
52.0657
54.4618
52.8891
51.9494
52.7051
54.6837
55.3495
50.4096
47.8709
51.0295
55.1648
54.4989
53.2666
51.4205
50.4859
48.336
44.9418
42.0548
39.1957
42.7305
51.7518
56.8182
55.9284
51.4218
52.0711
55.4954
55.6638
50.3195
46.4716
47.112
49.9575
50.8479
51.0048
54.3463
54.1067
51.9764
51.5504
50.6945
49.2138
51.369
53.0856
54.7061
54.6612
53.3092
55.3067
53.8546
52.6274
54.8125
54.5986
49.6167
49.8567
53.2368
53.5088
53.0884
53.5045
53.8982
53.5561
56.6075
56.2319
54.8396
48.2323
47.6894
53.2538
53.3291
51.6836
51.8014
55.7134
52.4205
49.7451
53.2751
55.3388
51.8686
52.5472
54.6747
51.9116
53.4488
57.7567
55.1557
53.234
53.2085
50.8453
51.3518
45.5996
45.9601
51.6783
50.7473
52.5376
52.7732
50.25
52.1186
55.5293
53.2935
52.1322
50.6086
50.3563
53.2467
55.6576
53.3106
53.2652
53.5103
53.6999
53.234
51.8175
49.1316
50.1895
56.6492
53.8112
52.4274
51.4126
52.082
51.913
49.6142
46.7968
41.6146
41.6285
42.2735
44.3597
46.7957
48.9608
51.8874
53.2368
56.0412
54.6403
51.5783
51.164
53.4102
52.3588
52.2794
52.5389
53.9098
54.3596
50.421
51.4708
51.439
47.8354
47.5195
49.4951
52.8625
54.2829
51.9764
52.7886
54.0526
53.1166
55.4324
56.1246
53.5604
48.7805
50.0163
53.2907
52.9339
52.2931
52.0264
55.7911
54.4321
52.0007
53.0307
54.5227
52.2234
51.1889
51.3795
53.0138
56.9784
54.79
50.8182
51.7478
56.5339
52.687
46.6016
49.2599
53.6251
52.0847
52.1485
53.1717
53.6999
53.6136
54.7046
53.9113
51.9427
53.8228
54.0292
53.3106
53.2453
55.3633
51.9265
50.3499
53.7707
51.94
49.4267
47.3586
47.8962
51.4417
50.9684
50.5702
54.2108
53.1025
53.2637
55.6855
53.9069
53.3931
52.367
50.2109
51.8001
53.6394
53.3988
55.5988
55.9175
54.2402
52.1404
53.526
57.1102
52.4508
48.7413
52.4783
56.443
53.3276
