13.0936
293.6
422.386
737.735
695.41
718.907
782.167
791.139
800
889.284
912.825
597.907
594.53
877.963
971.817
1037.88
903.342
816.66
875.657
942.507
1010.61
1028.81
1011.12
1010.61
928.936
895.656
962.464
972.29
872.22
790.514
796.495
890.076
934.579
696.621
686.342
928.936
984.737
997.506
848.536
775.194
773.694
562.905
595.948
835.771
845.666
764.526
761.905
729.129
720.721
830.22
166.196
163.292
675.676
684.463
523.423
180.963
197.55
670.691
721.501
831.947
926.784
928.074
937.647
898.069
883.783
928.936
957.854
959.233
936.768
946.074
965.717
261.54
161.616
269.978
691.085
816.327
764.234
796.495
812.348
739.098
807.754
894.055
876.424
866.927
820.008
840.689
938.967
939.408
719.424
652.316
805.477
888.099
866.927
862.069
837.872
802.568
846.74
839.983
829.531
893.655
530.363
520.156
574.878
303.168
360.231
303.582
297.752
797.448
717.103
710.227
892.857
925.497
863.931
838.574
715.563
623.441
720.721
849.979
916.59
942.063
907.029
876.424
911.577
943.396
934.143
935.454
916.17
821.018
808.734
863.558
892.459
922.084
829.531
807.102
877.578
876.04
865.801
889.284
914.495
899.685
844.595
858.001
914.913
902.12
883.002
886.918
908.678
933.271
937.207
913.242
903.342
937.647
917.852
783.085
785.855
910.747
940.291
916.59
893.256
882.613
872.981
860.585
868.432
908.678
891.266
833.681
863.931
942.951
984.737
988.631
977.995
893.655
876.04
950.57
987.654
1032.52
1037.88
1029.87
991.572
959.233
986.68
1011.12
1044.39
987.654
912.825
904.977
906.618
899.281
904.159
923.361
884.956
844.238
862.441
856.531
890.076
986.68
994.036
925.497
881.057
892.857
908.265
912.825
399.361
365.831
672.269
621.504
645.786
782.473
841.751
821.693
842.815
917.852
460.829
414.164
607.533
652.955
493.34
499.127
766.871
828.844
875.657
851.426
814.332
849.257
885.348
874.891
921.659
897.666
866.176
904.568
972.29
1077.01
1124.23
1072.96
868.432
801.925
896.861
940.734
962.927
969.462
943.396
977.517
1062.13
1001
937.646
984.252
1021.45
957.854
876.04
824.742
863.931
1011.63
1088.14
1068.95
1079.33
1151.41
1187.65
1093.49
1038.96
935.891
873.362
922.084
887.705
849.618
866.176
932.401
995.52
1038.96
1092.9
1108.65
1090.51
1062.13
1060.45
1020.93
960.615
918.695
811.359
783.392
822.03
859.476
914.077
931.966
936.768
892.857
884.173
888.099
897.666
922.084
829.876
829.531
893.256
882.613
909.918
946.074
918.274
909.504
956.938
970.874
1037.34
1075.85
1098.9
1091.11
715.82
686.577
877.578
895.656
751.597
687.994
845.666
943.841
958.313
950.57
935.016
902.12
876.04
881.057
692.281
717.875
999.001
913.659
847.458
874.126
891.663
911.993
962.001
1040.04
676.361
611.808
891.266
997.009
999.5
1089.92
1178.55
1181.33
1142.86
943.841
871.46
990.589
1103.14
1100.72
1003.01
930.233
993.049
1086.37
1046.03
1025.12
1040.58
1073.54
1055.97
952.835
860.956
867.303
892.459
796.813
579.039
642.467
1043.84
1111.73
1091.11
1117.94
1163.47
1124.86
1146.13
1160.77
1153.4
1183.43
1192.61
445.534
425.532
1059.88
1133.14
1156.74
1197.6
1148.77
1172.33
1199.76
1166.86
1142.86
1140.25
1131.22
1152.74
1063.26
965.717
33.5728
33.6423
1144.16
1221.75
1270.65
1281.23
1256.28
1269.84
1226.99
1174.4
1202.65
1222.49
1106.81
946.97
899.281
900.901
979.432
1133.79
1175.09
1116.07
1075.85
1099.51
1167.54
1141.55
1068.38
1121.7
1192.61
1189.77
1081.67
929.8
813.339
848.896
1038.42
1168.91
1194.74
1186.24
1133.14
1030.93
1036.27
1126.76
1199.76
1186.24
1161.44
1193.32
1170.28
1063.83
940.734
942.063
1042.75
1095.29
1103.75
1099.51
1139.6
1063.83
937.647
944.733
1052.08
1167.54
1179.25
1113.59
744.879
724.113
1072.39
1114.21
948.317
942.063
1076.43
1137.01
1158.08
1153.4
1178.55
1203.37
1128.03
868.81
613.874
680.735
1028.81
1122.96
1138.3
1038.96
886.132
837.872
948.767
1120.45
1171.65
1172.33
1112.35
1031.99
638.978
596.659
845.309
892.459
970.403
1068.95
1130.58
980.392
914.077
1033.06
1005.03
953.743
937.647
679.579
709.975
1085.78
1181.33
1165.5
1161.44
1122.33
1117.94
1155.4
1158.08
1204.82
1044.39
928.074
916.17
890.076
364.299
374.462
1090.51
1179.94
1204.09
1196.89
1193.32
1198.32
1212.12
1215.81
1050.42
858.001
798.722
900.495
1015.23
993.049
1015.23
1086.37
1112.97
1113.59
1145.48
1178.55
1101.32
1072.96
1156.07
1128.67
793.336
620.925
729.661
979.432
1094.09
1152.74
1109.88
1112.35
1179.25
1129.94
1098.3
1124.23
1144.16
1112.97
908.678
842.815
925.497
1047.12
1038.96
963.855
1057.08
1109.26
1152.74
1190.48
1216.55
1241.46
1241.46
1243.78
1238.39
1220.26
868.432
816.66
1053.74
1074.69
1004.52
843.882
733.945
858.001
1096.49
1068.38
1095.89
1079.33
1063.26
904.568
802.568
968.523
1137.01
1144.82
1127.4
1165.5
1190.48
1177.86
1176.47
1080.5
952.835
944.287
966.184
878.349
594.354
638.366
1017.81
1042.75
1056.52
1055.41
1041.12
1042.21
1071.81
1053.74
1022.49
1083.42
1151.41
1122.96
859.107
783.392
988.631
1057.08
1009.59
1050.97
1081.08
1091.11
1067.24
1073.54
1134.43
1133.14
1136.36
1179.94
1010.61
846.382
697.593
711.997
955.11
1109.26
1190.48
1209.92
1152.74
1065.53
988.142
1030.4
1107.42
1122.96
1026.69
776.397
775.494
974.659
1037.34
1028.81
1033.06
1101.93
1172.33
1162.79
1095.29
1121.08
1157.41
1128.03
1112.97
889.68
723.327
789.889
864.304
816.66
848.536
891.663
923.361
982.801
1041.67
1004.52
931.099
894.855
878.735
944.733
963.855
967.586
739.098
381.17
425.804
930.665
932.401
890.076
611.06
611.434
959.693
1044.39
1054.85
998.502
1006.04
807.428
754.148
883.002
863.185
926.355
928.505
702.247
750.188
1059.32
1167.54
1171.65
1075.85
1054.3
1103.75
1098.9
1055.41
1112.35
1055.97
973.71
1003.01
822.03
823.384
1071.24
1129.31
1135.07
1167.54
1181.33
1193.32
1145.48
1135.07
1177.86
1187.65
1176.47
1156.07
1174.4
704.722
609.385
882.613
1066.1
1117.94
1144.16
1198.32
1191.9
1196.17
1212.12
1178.55
1136.36
1160.09
1199.76
1184.83
914.495
824.742
929.368
997.009
1093.49
1112.35
1119.19
1150.09
1140.9
1162.79
1188.35
1155.4
1167.54
1154.73
1165.5
1055.97
809.389
855.798
1105.58
1000
922.509
898.876
865.801
957.396
1095.29
1166.86
1132.5
1109.88
1154.07
1122.33
876.808
860.585
1052.63
1138.95
1139.6
1158.75
1179.25
1024.59
968.523
1053.19
1148.11
1186.24
1201.2
1201.92
1150.75
1064.4
971.817
993.049
1118.57
1123.6
1124.23
1212.86
1189.77
1175.09
1134.43
963.391
890.869
967.586
1092.9
1164.14
1049.32
848.536
883.783
1114.83
1156.07
1158.08
1194.03
1162.79
1186.24
1215.07
1199.04
1201.92
1201.2
1015.23
930.665
1001
895.255
859.107
1014.2
1132.5
1109.88
1105.58
1161.44
1198.32
1181.33
1172.33
1143.51
1149.43
1166.18
1164.82
1202.65
685.166
628.338
1027.22
1137.01
1148.11
1226.99
1197.6
1170.96
1215.07
1209.19
1198.32
1181.33
1175.78
1189.77
1193.32
1152.74
933.707
800.641
811.359
876.808
914.077
917.431
975.134
1044.93
1064.4
1083.42
1150.09
1188.35
1153.4
1087.55
898.876
884.956
1047.12
1094.09
1130.58
1174.4
1195.46
1150.09
1041.67
904.568
916.59
1076.43
1113.59
1130.58
547.345
449.64
637.552
695.169
582.92
626.763
884.564
983.284
1127.4
1161.44
1077.01
740.192
737.735
1067.81
1164.82
1114.83
1058.76
1103.14
1120.45
1072.96
919.963
852.515
959.233
1060.45
1050.97
998.502
952.381
1010.1
1092.9
1093.49
1154.73
1191.9
1191.19
1176.47
1172.33
1177.86
1162.12
1146.13
1007.05
1003.01
1062.13
1007.56
1017.81
1088.73
1168.22
1189.06
1121.08
1104.36
1201.2
1199.04
1142.2
1160.77
1203.37
1193.32
1152.07
1171.65
1173.02
659.631
624.025
1025.12
1118.57
1115.45
1156.07
1166.18
1136.36
1135.72
1117.94
979.912
956.48
1053.74
1079.91
762.195
637.146
747.943
819.672
884.956
978.474
1016.78
1055.97
1082.25
1120.45
1101.93
1023.02
1070.09
1044.39
986.68
1037.88
1078.17
1064.96
1098.9
1050.97
988.631
667.334
599.52
802.89
913.659
1003.01
930.665
851.426
956.48
1146.79
1223.99
1245.33
1254.71
1260.24
986.68
852.152
1011.63
1194.03
1234.57
1243.01
1268.23
1265.82
1145.48
940.291
895.255
1030.4
1167.54
1215.07
1238.39
1254.71
1265.02
1267.43
1043.3
914.495
1004.02
1071.24
1029.87
728.332
680.504
920.81
1061.57
1094.09
1077.59
1090.51
1112.35
1114.21
1126.76
986.193
838.574
558.659
400.882
554.324
1024.59
570.776
564.334
968.992
978.474
1071.24
1184.83
1160.77
1089.92
1017.29
931.966
972.763
1115.45
1138.95
1124.23
1158.75
1185.54
1137.01
1156.74
1215.07
1163.47
1158.75
1148.11
1158.08
1190.48
1004.02
823.045
707.714
762.195
973.71
1100.11
1173.71
1142.86
1153.4
1175.78
1168.91
1180.64
1168.22
1153.4
1137.66
860.585
802.568
1033.59
965.251
909.504
1072.39
1175.78
1186.94
1185.54
1189.77
1180.64
1185.54
1063.26
1036.81
1108.03
913.659
899.685
1103.14
1191.19
1202.65
1036.27
660.502
684.697
1068.95
1146.13
1174.4
1161.44
1122.96
1093.49
786.164
769.823
1082.25
1170.96
1167.54
1191.19
1209.19
1170.28
1181.33
714.541
635.93
883.002
917.011
608.273
565.931
823.384
987.654
1128.03
1099.51
1088.73
1149.43
1153.4
1163.47
1071.24
885.74
938.086
1133.79
1045.48
925.497
980.873
1156.07
1191.9
1177.86
1139.6
1160.09
1163.47
1140.9
1183.43
1167.54
1142.2
1146.79
1165.5
993.049
856.531
849.618
919.118
1072.39
1161.44
1142.86
1150.09
1140.25
1098.9
1143.51
1186.94
1137.01
1142.86
1144.16
1149.43
1022.49
869.565
812.348
886.132
1120.45
1184.13
1133.14
1129.31
1162.12
1164.82
1117.94
1116.07
1160.09
1194.03
1204.82
1079.91
803.858
824.742
1081.08
942.063
889.284
1065.53
1125.49
1126.13
1141.55
1084.01
1074.11
1077.01
1058.76
1019.89
797.766
765.404
1014.71
1148.11
1117.94
1082.84
793.336
781.25
1005.03
1009.59
1023.02
1041.12
990.589
682.361
635.93
862.441
960.615
992.556
1054.3
1088.14
1126.13
1166.18
842.105
792.393
948.317
899.685
557.103
550.509
945.18
947.867
902.12
987.167
995.52
925.497
939.85
1001.5
1028.81
1083.42
1078.17
841.043
816.327
1024.07
1009.08
980.873
1092.3
1187.65
1158.08
1137.01
1130.58
1101.32
1105.58
1131.86
1057.08
576.701
552.029
910.332
1019.89
1078.17
1117.32
1146.13
1170.28
1173.02
1119.82
926.784
929.8
1081.08
1103.75
625
528.122
752.445
953.743
1001.5
1042.21
1122.33
1079.91
1111.11
1126.76
1146.79
1148.11
1121.08
1010.61
780.031
844.238
1125.49
881.057
822.03
986.193
1082.84
1143.51
1174.4
1138.95
1052.08
1049.32
1100.11
897.263
751.033
851.789
1035.73
1094.69
1065.53
920.81
725.163
714.031
784.314
892.857
1075.27
1060.45
948.317
863.185
869.565
995.025
1109.26
1094.09
1124.86
1142.2
1031.46
919.54
873.744
906.618
871.84
796.178
643.087
670.691
959.233
1050.97
1044.39
1058.76
1117.32
1128.03
1101.32
1114.21
1031.99
719.942
605.877
626.174
735.024
983.768
979.432
987.654
1102.54
1142.86
1154.73
1075.27
1066.67
1124.86
1124.86
977.04
854.701
847.817
865.052
854.336
917.011
1059.32
1111.11
1139.6
1182.73
1212.12
1124.23
1027.22
1030.93
1008.57
1010.61
849.257
650.407
740.741
1026.69
1109.88
1040.58
1004.02
1041.12
1081.67
1122.33
1064.4
1050.97
1128.03
1038.96
730.46
747.664
1041.12
942.507
884.956
1026.17
1106.19
1121.7
1146.13
1133.79
1120.45
1122.96
1142.2
1160.77
1031.46
862.441
898.876
1072.96
1156.07
1116.07
1010.1
757.289
764.818
1056.52
1135.07
1074.11
1100.11
1155.4
1049.32
731.797
709.22
1003.01
1144.16
1126.76
1101.93
1121.08
1152.07
900.09
749.906
906.208
1111.11
1076.43
870.701
792.393
946.074
1110.49
1158.08
1159.42
1127.4
1129.31
1103.14
1070.09
1094.09
1042.21
907.441
906.208
965.717
896.057
941.177
1076.43
1042.21
1034.13
1061.57
885.74
808.734
899.685
1040.58
1149.43
1120.45
1118.57
973.71
598.623
628.338
1031.46
1027.75
1038.42
1066.67
1063.26
1131.22
1123.6
1025.12
1000.5
1075.27
1156.74
1108.65
620.925
540.394
762.486
888.099
910.332
957.396
1024.07
1017.29
970.874
962.001
1012.66
926.784
660.502
715.82
1061.57
957.396
981.354
1107.42
1067.81
1105.58
1181.33
1192.61
1138.3
1107.42
1137.66
1156.74
1065.53
921.234
917.852
1034.66
1123.6
1086.37
902.527
844.238
891.266
917.011
999.001
973.236
871.46
800.32
637.146
682.361
1012.66
1192.61
1189.77
1181.33
1194.74
931.099
842.105
979.432
1043.3
1089.92
776.096
543.922
670.241
983.284
1028.28
1096.49
1123.6
1114.83
1066.1
1028.81
1025.12
892.857
809.062
889.284
874.891
766.577
767.165
863.185
957.854
1080.5
1200.48
1135.72
1101.32
1132.5
1152.74
1166.18
1177.16
1175.09
985.707
823.384
