10.1295
169.722
184.366
187.97
189.843
199.82
184.775
192.585
198.531
180.196
169.578
175.346
179.727
168.011
187.494
217.297
200.682
196.928
198.491
110.656
93.3794
108.986
117.973
136.361
109.709
108.992
159.451
189.555
191.388
119.531
90.2772
126.606
125.691
115.307
152.427
148.06
161.734
131.208
120.773
120.591
106.394
124.821
138.37
164.731
183.453
194.231
222.123
159.617
132.538
146.103
163.079
148.522
129.057
156.777
209.118
227.713
207.749
208.464
231.08
213.061
209.93
227.273
200.12
198.138
231.992
226.27
219.998
233.209
184.792
161.708
198.079
171.6
93.3794
99.4184
26.5361
26.9596
200.622
199.223
211.82
207.727
190.821
200.421
212.675
218.412
228.912
218.603
222.841
238.436
205.761
203.915
237.586
208.117
198.177
221.705
217.77
219.974
234.274
202.819
173.656
191.498
208.616
207.641
203.604
179.179
173.566
161.212
166.127
206.164
199.025
200.965
227.661
204.478
195.58
191.259
173.611
189.879
158.466
147.471
181.045
193.218
197.006
186.48
183.688
183.672
176.243
190.132
219.901
165.33
141.623
164.568
181.984
186.689
174.171
184.502
192.567
151.217
136.78
156.998
190.567
199.322
166.265
154.261
171.659
124.339
123.655
180.603
200.18
218.293
176.663
179.163
226.629
201.025
194.723
206.889
199.88
208.442
212.608
190.44
190.531
204.394
200.461
208.921
210.926
208.464
216.638
187.459
183.756
216.567
221.852
220.946
227.118
207.082
201.939
202.491
198.373
218.771
217.912
190.223
197.531
222.469
200.441
169.75
123.977
128.883
170.94
185.891
219.756
198.491
172.637
192.957
188.2
175.654
200.24
194.496
196.928
207.943
207.125
203.169
189
189.717
208.095
208.943
206.975
201.674
183.587
193.33
218.341
197.941
182.382
208.594
212.947
213.972
227.713
219.13
196.232
192.957
198.985
205.149
210.239
212.743
228.18
237.982
188.413
181.045
188.715
169.736
182.899
177.651
187.793
206.313
194.515
200.602
219.034
203.707
204.165
208.355
204.061
218.747
218.198
206.441
204.415
187.723
186.012
208.312
192.086
197.863
224.165
200.381
195.695
218.986
201.776
204.019
217.179
195.925
199.104
225.073
219.419
215.494
192.604
183.016
209.996
225.861
210.881
211.775
220.022
173.22
159.668
169.563
190.567
222.494
202.963
189.681
204.019
214.846
183.655
186.202
202.224
197.785
213.561
211.595
217.108
187.97
173.205
207.792
203.335
195.733
219.539
222.742
210.261
216.286
201.511
180.002
203.521
223.939
203.046
213.789
210.548
206.569
204.457
187.038
198.491
215.983
216.685
218.771
222.222
215.726
190.531
195.676
204.478
189.161
201.167
167.196
167.196
186.185
168.776
192.382
196.444
194.231
221.019
205.867
209.908
239.063
226.014
222.494
222.445
194.25
198.669
231.535
213.061
209.118
231.401
222.941
171.851
175.024
205.613
210.128
236.1
220.459
211.149
220.167
221.803
191.04
193.667
194.609
197.18
233.127
217.391
207.533
217.226
189.466
178.428
170.343
172.652
212.067
185.134
185.563
221.656
182.116
185.219
209.052
184.23
197.902
221.779
209.249
212.022
186.081
168.393
200.401
217.037
207.965
213.197
207.922
217.179
209.052
181.324
168.081
186.48
201.674
196.754
187.231
180.391
191.388
154.369
143.823
171.365
197.103
218.866
212.834
193.705
203.231
188.857
172.414
196.715
171.101
168.124
194.231
193.667
203.376
196.773
201.511
217.746
208.355
210.793
203.211
190.006
206.654
221.558
191.589
195.542
230.867
195.733
183.453
203.894
210.815
192.938
176.913
194.043
228.676
221.141
200.662
213.106
209.6
210.128
235.599
204.415
188.964
217.699
218.723
205.508
208.594
211.73
196.696
202.347
203.625
185.34
193.274
200.441
213.538
204.792
185.065
190.404
176.678
179.211
204.415
198.847
209.49
225.175
193.069
191.644
225.555
207.835
202.347
215.517
197.824
198.196
219.684
210.438
202.224
193.05
191.168
218.293
236.967
190.458
183.436
195.714
188.911
215.378
235.128
215.796
210.615
232.748
228.807
220.946
229.463
229.489
187.441
175.608
183.621
194.78
204.855
195.141
209.886
179.905
178.987
230.68
198.748
187.494
224.266
227.505
216.567
205.023
198.61
194.382
210.881
215.843
207.082
221.754
202.204
194.837
141.533
144.144
224.593
212.653
209.249
210.526
205.634
212.134
211.797
198.373
185.168
196.464
208.79
212.947
224.19
198.689
161.983
172.936
197.297
168.11
150.659
183.537
189.771
151.607
157.99
174.216
191.113
174.612
158.04
195.084
173.717
173.521
225.657
201.572
203.025
177.636
169.506
188.715
191.718
169.248
128.361
135.355
174.171
199.96
213.607
176.46
181.422
181.719
162.827
197.472
204.939
208.79
227.713
184.128
181.719
217.226
173.581
177.588
229.489
215.077
184.877
160.591
174.11
221.951
213.561
206.462
208.052
203.355
218.555
188.768
166.459
174.353
201.086
203.749
196.136
222.519
220.921
217.628
206.377
185.546
192.031
207.533
216.896
234.082
226.424
189.663
198.551
199.78
167.084
183.453
182.183
186.672
232.369
213.288
194.59
212.947
191.15
176.491
184.638
172.741
165.782
160.539
185.856
207.49
196.425
214.523
216.967
184.621
188.75
202.286
179.921
181.012
189.43
207.275
239.981
204.269
203.915
231.562
221.729
221.976
203.397
175.67
191.791
224.947
210.305
199.283
208.899
186.741
189.717
214.431
192.734
202.922
214.823
213.288
212.314
205.255
209.512
195.925
183.083
197.355
208.377
181.192
185.219
209.6
177.305
184.638
217.25
196.889
202.757
200.823
204.96
230.282
219.66
214.961
193.517
173.732
198.432
229.832
204.019
201.005
221.263
190.06
175.948
198.946
203.335
213.288
237.192
229.727
208.138
208.834
214.777
200.965
210.128
221.459
221.558
231.884
217.817
219.178
228.754
164.948
152.683
203.293
185.254
169.967
191.186
199.342
201.43
186.672
181.012
204.478
201.715
207.555
224.972
199.78
186.012
201.066
200.26
197.609
218.747
215.61
200.884
201.187
214.777
222.767
220.192
200.723
201.248
207.62
202.224
208.203
201.227
187.091
202.224
220.775
219.708
227.247
230.734
220.824
226.809
222.916
210.881
217.32
167.28
166.334
227.092
193.648
184.587
216.614
193.573
178.079
208.268
202.799
200.1
219.106
213.379
214.018
218.031
222.445
201.066
197.609
194.42
197.278
227.842
207.318
196.309
186.759
189.322
216.544
215.564
205.719
215.471
233.399
216.967
221.828
205.529
194.496
219.01
232.829
210.659
207.987
236.77
220.459
188.111
194.894
181.571
183.976
210.371
186.463
189.286
198.177
180.832
194.742
184.23
168.166
193.592
197.981
208.877
219.322
210.172
177.651
154.799
172.444
197.083
196.754
203.5
197.219
194.875
210.637
151.32
148.017
207.879
206.377
211.595
225.505
206.74
198.768
212.269
215.773
224.77
230.521
208.986
192.864
200.985
187.6
187.617
181.324
170.054
202.388
188.253
185.995
202.799
179.292
188.59
208.117
200.3
212.269
212.517
211.595
233.672
232.019
221.631
226.04
182.415
168.223
210.128
213.174
209.512
211.663
190.114
200.12
230.229
199.302
185.031
215.773
219.25
215.68
230.203
220.702
214.707
183.722
171.674
194.666
213.242
217.817
218.508
217.652
183.033
179.63
183.335
182.183
209.6
205.931
208.398
232.531
196.194
162.774
184.468
203.957
209.008
226.757
216.24
221.459
204.29
179.437
198.295
233.945
208.507
202.306
229.463
226.27
209.974
214.984
223.115
195.676
191.644
202.593
211.932
225.734
212.585
219.853
220.119
177.983
187.406
229.964
207.404
207.49
231.348
215.054
181.045
132.952
146.638
157.431
157.493
215.424
163.787
145.022
144.425
158.907
185.374
190.785
181.934
172.771
200.723
196.175
169.678
186.272
224.795
202.511
196.29
199.96
182.232
194.818
210.128
190.204
201.918
205.698
194.477
152.381
152.439
190.549
170.75
168.209
164.555
184.213
227.402
185.426
172.176
212.157
197.844
178.031
200.26
193.218
188.661
185.718
154.119
164.312
164.487
172.295
209.6
205.297
219.515
170.314
160.282
211.864
210.926
207.943
197.648
194.496
198.491
175.886
180.636
204.541
178.333
181.406
220.726
208.703
192.252
206.016
207.039
203.583
225.606
187.882
165.276
181.274
168.591
173.807
188.058
192.308
204.144
166.82
173.671
191.223
178.317
174.095
176.196
195.046
204.269
212.112
216.076
181.406
183.486
213.106
181.159
182.017
214.477
206.228
207.426
218.293
213.015
210.194
217.699
212.45
210.571
216.685
208.052
193.536
203.936
199.78
202.102
205.952
153.692
166.472
214.638
206.037
196.232
170.025
165.536
184.349
198.118
220.434
212.314
204.269
225.428
217.297
200.743
185.117
183.335
204.729
226.86
212.789
211.573
210.194
171.63
183.925
223.09
191.534
199.005
242.925
229.2
210.261
219.298
215.378
195.752
194.913
192.845
196.734
223.289
222.395
205.994
170.213
168.52
200.944
199.8
193.723
188.218
193.949
192.734
208.29
192.994
182.448
220.848
190.621
173.974
182.966
193.573
190.985
172.295
195.944
225.327
210.283
207.361
220.24
196.85
198.354
223.164
193.986
180.034
206.996
212.067
213.129
217.723
193.798
175.747
184.587
205.17
216.38
203.521
204.061
228.102
214.638
188.519
192.419
193.498
201.837
238.351
200.16
193.93
226.014
178.349
160.398
160.72
180.375
238.294
227.118
197.278
197.278
198.906
200.14
189.179
173.04
200.361
231.214
199.064
197.648
225.657
185.839
180.522
211.842
206.932
202.984
204.019
209.886
214.754
205.255
209.842
199.382
177.289
197.278
232.234
211.484
203.77
221.828
183.773
184.4
232.019
197.064
180.278
207.9
211.104
211.528
233.127
182.249
169.262
203.811
204.687
217.912
192.901
183.486
184.213
167.364
186.463
213.493
204.562
202.163
207.061
204.499
223.115
218.579
193.986
197.785
204.311
191.553
201.898
206.271
190.404
178.412
173.974
202.778
225.149
204.918
210.859
233.836
227.661
201.309
193.648
170.896
183.722
236.351
195.351
193.63
228.415
212.269
186.081
147.46
143.062
169.765
195.065
208.507
171.984
181.242
222.916
179.308
185.391
226.989
200.682
194.647
209.754
193.817
197.589
226.193
197.006
187.582
197.006
208.03
207.404
189.179
186.272
189.072
182.983
191.388
223.264
200.682
197.219
228.807
202.429
200.2
227.661
204.855
207.318
229.463
204.604
208.943
232.72
220.872
200.884
174.963
179.404
219.298
241.575
170.78
165.139
184.928
189.843
221.361
183.925
188.111
228.206
200.602
198.255
226.04
214.408
191.718
203.915
204.415
193.968
218.794
210.593
208.659
192.086
175.316
196.29
194.496
200.702
231.401
217.085
208.268
215.494
218.603
206.654
210.062
224.291
211.506
207.943
204.207
211.349
203.707
182.899
198.768
209.183
191.132
196.367
218.794
216.802
180.799
179.131
173.913
171.306
192.197
202.901
227.972
207.297
188.59
197.902
193.648
195.81
219.66
213.835
210.438
220.386
214.592
214.179
214.133
182.698
184.706
212.925
194.875
207.577
233.372
187.793
184.01
226.449
210.018
208.377
237.023
219.587
206.911
225.403
207.771
196.522
182.448
167.35
182.698
187.6
185.322
197.707
189.394
163.305
176.382
200.421
182.648
162.351
168.308
167.126
165.714
130.617
140.066
197.414
159.757
171.218
161.407
165.221
194.005
178.524
174.627
167.224
180.783
152.045
145.222
193.237
189.879
190.531
227.687
210.283
205.107
197.18
174.368
188.413
208.377
212.202
200.08
188.661
201.918
198.807
178.126
192.567
223.964
179.147
175.531
209.534
191.939
184.792
192.771
201.187
206.228
197.492
205.529
217.25
204.834
193.705
198.059
178.38
178.174
218.341
195.714
195.255
221.533
142.045
140.154
184.434
193.892
238.124
214.133
195.217
181.868
189.663
200.844
163.961
179.662
237.756
206.462
177.399
188.661
207.275
221.607
209.908
188.023
208.138
238.521
168.99
162.061
184.809
189.448
203.273
180.44
194.704
225.581
220.604
212.902
214.915
188.359
198.649
235.599
211.126
204.855
217.841
213.789
223.239
236.323
226.68
202.943
185.443
185.908
202.041
220.386
211.349
209.864
194.932
181.538
213.015
203.666
194.609
220.119
223.214
220.264
207.706
202.655
164.772
166.459
189.322
198
225.098
200.642
191.241
185.925
182.782
204.52
215.564
209.908
223.239
234.962
220.702
202.122
214.11
215.054
209.908
229.779
209.996
199.621
218.842
206.825
183.251
182.482
197.746
221.459
230.574
195.599
195.733
217.889
221.926
235.821
231.401
181.291
179.824
209.293
199.9
191.92
186.202
193.311
211.104
196.831
186.498
203.231
199.501
209.666
227.402
202.881
195.008
181.934
187.143
219.829
213.311
212.247
224.391
236.323
186.237
184.672
229.621
209.008
212.314
231.884
202.984
205.486
238.18
218.007
199.025
179.937
184.366
220.97
213.106
