15.1863
309.215
489.117
1319.26
1584.79
1436.78
1330.67
1477.1
1694.92
1982.16
2222.22
2333.72
2288.33
2312.14
2259.89
1857.01
1725.63
2049.18
2293.58
2336.45
2347.42
2325.58
2325.58
2214.84
1972.39
1843.32
1956.95
2012.07
2089.86
2105.26
2129.93
2270.15
2169.2
2120.89
981.836
920.81
1530.22
1620.75
1769.91
1743.68
1839.93
1976.28
2183.41
1910.22
1793.72
1848.43
1488.1
1284.52
1446.13
1705.03
1769.91
1796.95
1824.82
1980.2
2022.24
1926.78
1779.36
1095.29
1024.07
1450.33
1623.38
1663.89
1650.17
1740.64
1862.2
1800.18
1819.84
1921.23
2049.18
2123.14
1902.95
1821.49
1774.62
1515.15
1439.88
1776.2
2141.33
2224.69
2244.67
2280.5
2341.92
2185.79
1811.59
1646.09
1811.59
1867.41
1960.78
2152.85
2232.14
2344.67
2283.1
2288.33
2265.01
2270.15
2288.33
2293.58
2280.5
2252.25
2277.9
2173.91
2190.58
2205.07
2214.84
2207.51
2244.67
2059.73
2010.05
1921.23
1122.33
489.596
523.423
1213.59
1378.36
1275.51
1277.96
1429.59
1471.67
1591.09
1679.26
1676.45
1605.14
1552.79
1672.24
1728.61
1774.62
1615.51
1412.43
1391.79
734.484
711.238
1453.49
1819.84
1855.29
1902.95
1937.98
1930.5
1976.28
1928.64
1839.93
1846.72
1958.86
1869.16
1746.72
1788.91
1970.44
2123.14
2055.5
1908.4
1715.27
1543.21
1085.19
901.307
1076.43
1223.24
1417.43
1766.78
1872.66
1941.75
1966.57
1872.66
1881.47
2002
1934.24
1912.05
1972.39
2040.82
2008.03
1912.05
1828.15
1628.66
1437.81
1488.1
1479.29
1124.86
860.215
974.659
1236.09
1315.79
1579.78
1191.19
1203.37
1736.11
1766.78
1600
1366.12
1170.96
1059.32
1234.57
1215.07
1098.9
515.597
465.441
422.744
370.37
589.102
610.128
713.267
977.995
728.863
756.43
978.474
885.74
964.785
1049.87
951.475
1082.84
622.084
592.242
1206.27
1459.85
1493.65
1478.2
1529.05
1558.85
1623.38
1507.16
1614.21
1838.24
1943.63
2006.02
2008.03
1921.23
1673.64
1682.09
1722.65
1787.31
1780.94
1661.13
1719.69
1828.15
1865.67
1742.16
1736.11
1569.86
1531.39
638.366
422.744
683.994
1578.53
1796.95
1805.05
1892.15
1936.11
2006.02
1913.88
1923.08
1470.59
1387.93
1591.09
1669.45
1970.44
2127.66
2034.59
1945.53
1618.12
525.901
502.765
988.631
1117.94
1517.45
1655.63
1294.5
1098.9
1107.42
1046.57
1238.39
1299.55
1411.43
1862.2
1399.58
642.261
721.761
1217.29
1038.96
1249.22
1435.75
1762.11
1839.93
1759.01
1796.95
1872.66
1811.59
1710.86
1776.2
1808.32
1776.2
1740.64
1730.1
1659.75
1592.36
1522.07
1447.18
1461.99
1478.2
1583.53
1749.78
1951.22
2008.03
2066.12
1955.03
1754.39
1956.95
2120.89
1773.05
1699.24
2066.12
2114.16
2100.84
2094.24
2063.98
2150.54
2066.12
2066.12
2006.02
2040.82
1986.1
1792.11
1748.25
1834.86
1980.2
1934.24
2028.4
2188.18
2259.89
2280.5
2306.81
2341.92
2341.92
2400.96
2320.19
2309.47
2239.64
2242.15
2283.11
1966.57
1640.69
1773.05
2207.51
2181.03
2032.52
1904.76
1917.55
2055.5
2249.72
2355.71
2341.92
2267.57
1974.33
1855.29
1851.85
1853.57
1883.24
2036.66
2150.54
2181.03
2034.59
1921.23
2004.01
1936.11
1915.71
1988.07
2157.5
2249.72
2219.76
2096.44
2072.54
2152.85
1962.71
1816.53
1558.85
1460.92
1598.72
1733.1
1765.23
1734.61
1792.11
1834.86
1902.95
1682.09
1663.89
1928.64
2079
2032.52
1881.47
1857.01
1845.02
1855.29
1782.53
1858.74
1958.86
2014.1
2006.02
1917.55
1872.66
1915.71
2030.46
2012.07
2042.9
1661.13
1524.39
1687.76
1619.43
1572.33
1771.48
1829.83
1439.88
1380.26
1457.73
1290.32
1231.53
1567.4
2083.33
1675.04
1606.43
1945.53
2032.52
1874.41
1831.5
1876.17
1874.41
1886.79
1881.47
1843.32
1785.71
1576.04
1402.52
1573.56
1725.63
1536.1
1356.85
1482.58
1722.65
1834.86
2030.46
2127.66
2185.79
2068.25
1939.86
1769.91
1739.13
1843.32
1974.33
2272.73
2053.39
1785.71
1800.18
1998
2055.5
2100.84
2176.28
2076.84
1939.86
1730.1
1737.62
1749.78
1853.57
1982.16
2072.54
2207.51
1515.15
1259.45
1432.66
1740.64
1818.18
1721.17
1736.11
1669.45
1596.17
979.432
917.852
1415.43
1351.35
302.663
305.904
1296.18
1176.47
1267.43
1801.8
1404.49
824.742
819.001
1040.04
1032.52
571.102
447.728
683.527
992.063
1186.24
1328.9
673.401
691.324
1336.01
1396.65
1343.18
1184.13
620.925
613.497
1210.65
1371.74
433.088
446.13
1627.34
1725.63
1740.64
1730.1
1623.38
1618.12
1689.19
1710.86
1821.49
1644.74
1573.56
1587.3
1629.99
1683.5
1716.74
1737.62
1736.11
1808.32
1728.61
1780.94
1841.62
1893.94
1923.08
303.674
225.785
571.592
1510.57
1593.63
1677.85
1610.31
1591.09
1633.99
1584.79
1239.16
1207
1479.29
1603.85
1748.25
1716.74
1752.85
1728.61
1745.2
1851.85
1719.69
1516.3
1266.62
1295.34
1309.76
1323.63
1470.59
1540.83
1618.12
1609.01
1622.06
1578.53
1642.04
1713.8
1751.31
1754.39
1876.17
1984.13
1170.96
1061.57
1607.72
1904.76
1417.43
1299.55
1606.43
1643.39
1629.99
1737.62
1885.01
1692.05
1579.78
1682.09
879.894
831.255
1607.72
1821.49
1869.16
1879.7
1578.53
1440.92
1686.34
1897.53
1860.47
1252.35
417.885
360.101
676.361
660.72
625
948.317
1203.37
1189.77
1260.24
1177.86
534.045
512.821
907.853
982.801
943.396
813.67
1029.34
1501.5
1420.45
1422.48
1508.3
1618.12
1751.31
1746.72
1684.92
1675.04
1677.85
1510.57
1401.54
1393.73
1587.3
1670.84
1623.38
1603.85
1594.9
1712.33
1639.34
1636.66
1686.34
216.357
209.732
1196.17
1411.43
1389.85
1285.35
1425.52
1265.82
1215.81
1399.58
1244.56
1302.08
1466.28
813.008
302.526
354.673
1444.04
1618.12
1420.45
1362.4
1497.01
1542.02
1632.65
1731.6
1819.84
1932.37
1803.43
1788.91
1895.73
1955.03
1831.5
1724.14
1675.04
1514
1295.34
1272.26
1557.63
1776.2
1867.41
1923.08
1754.39
1589.83
1644.74
1867.41
1968.5
2006.02
1996.01
1930.5
1892.15
1960.78
1895.73
1774.62
21.5747
21.5682
1740.64
1790.51
1782.53
1790.51
1976.28
2053.39
2026.34
1972.39
1926.78
1986.1
1945.53
1955.03
1923.08
278.087
243.843
915.332
1557.63
1636.66
1755.93
1721.17
1715.27
1676.45
1754.39
1895.73
1978.24
1978.24
1785.71
1693.48
1620.75
1568.63
1514
1463.06
1571.09
1661.13
1647.45
1766.78
1879.7
1915.71
1949.32
1857.01
1872.66
1917.55
1865.67
1768.35
1739.13
1755.93
1715.27
1719.69
1658.37
1646.09
1658.37
1619.43
1474.93
1554
1679.26
1662.51
1857.01
1865.67
1740.64
1696.35
1740.64
1719.69
1668.06
1618.12
1706.48
1846.72
1712.33
353.669
284.657
695.41
1250.78
1657
1913.88
1795.33
1676.45
1626.02
1706.48
1722.65
1745.2
1745.2
1755.93
1623.38
1502.63
1540.83
1619.43
1777.78
1836.55
1857.01
1768.35
1623.38
1610.31
1736.11
1779.36
1705.03
1716.74
1713.8
1579.78
1525.55
628.931
589.449
1198.32
886.525
909.091
1364.26
1106.81
1002.51
571.429
399.76
559.128
964.32
1130.58
1336.9
1425.52
1485.88
1451.38
1201.2
1371.74
1545.59
1443
1510.57
1626.02
1407.46
1376.46
1526.72
1460.92
1573.56
1690.62
1693.48
1745.2
1620.75
1518.6
1640.69
1768.35
1591.09
1443
1440.92
1479.29
1425.52
1466.28
1571.09
1647.45
1659.75
1662.51
1742.16
1655.63
1593.63
1493.65
1495.89
237.671
237.614
1502.63
1529.05
1519.76
1543.21
1755.93
1737.62
1314.92
468.933
508.13
1383.13
1370.8
479.846
474.383
1493.65
1493.65
1395.67
1303.78
1436.78
1523.23
769.231
709.975
1322.75
1430.62
1416.43
1654.26
1586.04
1512.86
1632.65
1725.63
1619.43
1385.04
1338.69
1488.1
1739.13
1865.67
1904.76
1890.36
1788.91
1709.4
1616.81
1562.5
1518.6
1636.66
1597.44
1543.21
1727.12
1919.39
1919.39
406.421
402.334
1404.49
703.977
688.231
964.32
736.648
826.105
1286.17
1642.04
1843.32
1816.53
1437.81
1236.86
1449.28
1257.86
1111.11
1179.94
934.579
1058.76
1564.95
1659.75
523.013
494.193
1243.78
1265.02
1333.33
1425.52
1540.83
1809.95
1828.15
1441.96
1181.33
1070.09
904.159
1033.59
1421.46
1015.74
463.822
455.063
861.326
824.063
963.855
1680.67
1828.15
1881.47
1870.91
1784.12
1745.2
1676.45
1609.01
1636.66
1803.43
1787.31
1760.56
1661.13
1524.39
1226.24
1186.24
1253.13
1187.65
1460.92
1627.34
1699.24
1848.43
1742.16
1573.56
1503.76
1615.51
1686.34
1696.35
1662.51
1622.06
1624.7
1680.67
1700.68
1684.92
1529.05
1438.85
1558.85
1579.78
1672.24
466.309
451.365
1592.36
1955.03
2178.65
2152.85
1883.24
1771.48
1872.66
1823.15
1845.02
1906.58
1932.37
1662.51
562.905
537.634
1246.88
1431.64
298.018
297.575
1494.77
1461.99
1091.7
494.682
577.034
1833.18
1843.32
1577.29
1524.39
1581.03
1631.32
1796.95
1886.79
2040.82
1937.98
1876.17
1885.01
1930.5
696.864
665.779
1588.56
1673.64
1721.17
1598.72
1584.79
1606.43
1687.76
1811.59
1881.47
1863.93
1939.86
2057.61
1984.13
1988.07
1988.07
2074.69
1926.78
1876.17
2040.82
2105.26
2014.1
1978.24
2169.2
2105.26
2125.4
2072.54
1568.63
1411.43
1584.79
1552.79
1571.09
747.384
691.563
1440.92
1620.75
1610.31
686.813
602.047
637.349
673.401
1304.63
1586.04
905.797
626.959
933.707
1546.79
1607.72
1839.93
1818.18
1915.71
2129.93
2195.39
2125.4
1872.66
1562.5
1242.24
1194.03
1321
1479.29
1603.85
1657
1818.18
1662.51
837.521
776.397
1382.17
1713.8
1492.54
1459.85
1768.35
1917.55
2014.1
2134.47
2150.54
2107.48
2141.33
2061.86
2055.5
2127.66
2169.2
2018.16
2049.18
2205.07
2148.23
2141.33
2171.55
2018.16
1833.18
1466.28
888.494
962.001
1751.31
2092.05
1974.33
1998
2059.73
1601.28
1605.14
1934.24
1904.76
1930.5
1910.22
1710.86
1651.53
1766.78
1877.93
1530.22
199.481
203.335
1622.06
958.773
893.655
1343.18
1611.6
1737.62
1788.91
422.297
407.083
1668.06
2010.05
2132.2
2123.14
2141.33
2169.2
2152.85
2134.47
2173.91
2103.05
2111.93
2150.54
2081.17
2087.68
2070.39
1754.39
1464.13
1561.28
1773.05
1945.53
1934.24
1643.39
1484.78
1543.21
1636.66
1689.19
1719.69
1816.53
1848.43
1879.7
2047.08
2040.82
2059.73
2125.4
2081.17
2024.29
2118.64
2049.18
1960.78
2079
2178.65
2136.75
2034.59
2059.73
2171.55
2227.17
1906.58
1303.78
629.921
691.324
1643.39
2012.07
2109.7
2057.61
2134.47
1893.94
1833.18
2044.99
2107.48
2085.51
2036.66
1982.16
1955.03
2012.07
2008.03
1982.16
2092.05
2120.89
2070.39
2055.5
2181.03
2132.2
1876.17
1739.13
1757.47
1550.39
1403.51
1655.63
2002
2076.84
2068.25
2089.86
2040.82
2089.86
2134.47
2072.54
1976.28
1932.37
2055.5
2114.16
2044.99
2024.29
1976.28
1982.16
2129.93
2105.26
2072.54
2087.68
2089.86
2032.52
1994.02
1934.24
1836.55
1795.33
1870.91
1943.63
1853.57
1754.39
1431.64
1332.45
1486.99
1742.16
1885.01
1951.22
2089.86
2020.2
2032.52
2118.64
2100.84
2107.48
2188.18
2109.7
2107.48
2136.75
2176.28
2143.62
2000
2026.34
1851.85
1551.59
1557.63
1647.45
1831.5
2085.51
2105.26
2169.2
2004.01
2026.34
2157.5
1876.17
1736.11
1908.4
1998
2002
2012.07
2047.08
2014.1
2018.16
2109.7
2107.48
2197.8
2114.16
2111.93
2107.48
2120.89
1984.13
1655.63
1384.08
1359.62
1290.32
1457.73
1934.24
2026.34
2022.24
2055.5
1943.63
1663.89
1737.62
1902.95
2061.86
1955.03
1600
1589.83
1988.07
2098.64
2066.12
2049.18
2055.5
2092.05
1982.16
1984.13
1663.89
1506.02
1392.76
1395.67
1635.32
1624.7
1733.1
1956.95
1984.13
2000
1943.63
1966.57
2100.84
2068.25
2118.64
2195.39
2109.7
2098.64
2152.85
2087.68
1867.41
1650.16
1610.31
1680.67
1759.01
1787.31
1798.56
1508.3
1381.22
1579.78
1710.86
1818.18
1833.18
1876.17
1857.01
1834.86
1823.15
1845.02
956.023
880.282
1538.46
1725.63
1824.82
1888.57
1845.02
1733.1
1823.15
1663.89
1589.83
787.712
723.327
1259.45
1556.42
2061.86
2232.14
2092.05
2034.59
2159.83
2014.1
1986.1
2103.05
2055.5
2034.59
2169.2
2068.25
1622.06
1453.49
1103.14
1066.1
1538.46
1707.94
1724.14
1622.06
1572.33
1679.26
1356.85
1282.87
1655.63
2016.13
1992.03
1924.93
2061.86
2152.85
2028.4
2066.12
2217.29
2159.83
2188.18
2152.85
2034.59
2057.61
2202.64
2105.26
2105.26
2141.33
2157.5
2006.02
2022.24
2127.66
1910.22
1460.92
1283.7
1572.33
2020.2
1816.53
1468.43
1586.04
1917.55
2096.44
1980.2
1915.71
2066.12
2164.5
2096.44
2103.05
2157.5
2129.93
2152.85
2176.28
2209.94
2171.55
2036.66
2057.61
2214.84
2042.9
2092.05
1937.98
1140.9
1005.53
1456.66
1872.66
2042.9
2139.04
2141.33
2085.51
1986.1
1899.34
1512.86
1537.28
1936.11
2105.26
2012.07
1787.31
1464.13
1495.89
1692.05
1647.45
1749.78
1823.15
1702.13
1527.88
700.771
702.988
1724.14
1924.93
2049.18
2150.54
2107.48
2094.24
1994.02
2066.12
2068.25
2096.44
2188.18
1754.39
1412.43
1485.88
1819.84
2103.05
2114.16
2132.2
2107.48
2129.93
2148.23
1990.05
1439.88
1093.49
1281.23
1792.11
2055.5
2057.61
1902.95
1745.2
1705.03
1650.17
1780.94
2096.44
2148.23
2087.68
2016.13
2100.84
2188.18
2157.5
2125.4
1800.18
1657
1818.18
1814.88
1996.01
777.907
737.735
1765.23
1848.43
1892.15
2051.28
2139.04
2134.47
2120.89
2034.59
2120.89
2155.17
2155.17
2129.93
1992.03
2004.01
2127.66
2000
2040.82
1990.05
1917.55
2061.86
1996.01
1939.86
1886.79
1779.36
1677.85
1611.6
1152.07
997.009
1320.13
1836.55
1984.13
1924.93
2022.24
2181.03
2183.41
2136.75
2143.62
2169.2
2079
2047.08
2085.51
1992.03
2089.86
2148.23
2125.4
2022.24
2068.25
2162.16
2034.59
2049.18
2173.91
1988.07
1765.23
756.43
720.461
1690.62
2070.39
1988.07
2032.52
2152.85
2107.48
2079
1953.13
2032.52
2010.05
1870.91
1834.86
1936.11
2162.16
2100.84
2114.16
2148.23
2044.99
2076.84
2224.69
2063.98
2085.51
2107.48
1690.62
1588.56
1838.24
2020.2
2049.18
1862.2
1784.12
1923.08
1984.13
2085.51
2074.69
2114.16
2141.33
2105.26
2030.46
2081.17
2183.41
2166.85
2157.5
2141.33
2176.28
2103.05
2036.66
2072.54
2181.03
2145.92
2120.89
2109.7
1507.16
933.271
1075.85
1885.01
2148.23
2178.65
1994.02
2100.84
2042.9
1655.63
1531.39
1609.01
1646.09
1863.93
2051.28
1972.39
1915.71
2038.74
2132.2
2105.26
2139.04
2038.74
2148.23
2197.8
2139.04
2024.29
1492.54
1122.33
1214.33
1643.39
1921.23
1937.98
2072.54
2169.2
1939.86
1974.33
2034.59
2076.84
2164.5
2152.85
1724.14
1336.01
1426.53
1843.32
2047.08
2002
1990.05
2136.75
2068.25
1921.23
2044.99
1964.64
1544.4
1118.57
1211.39
1748.25
2066.12
2114.16
2055.5
2139.04
2152.85
2096.44
2096.44
2109.7
2127.66
2118.64
2026.34
2129.93
2176.28
2162.16
2032.52
1956.95
2085.51
2212.39
1941.75
1651.53
1543.21
1554
1368.93
1327.14
1586.04
1675.04
1782.53
1818.18
1924.93
2120.89
2118.64
2000
1958.86
2049.18
2173.91
2116.4
2010.05
1960.78
1926.78
1986.1
2098.64
2169.2
1943.63
1974.33
2120.89
2096.44
1890.36
1763.67
1564.95
1453.49
1480.38
1488.1
1483.68
1141.55
1212.12
1910.22
2103.05
2026.34
2197.8
2164.5
2176.28
2032.52
2000
2129.93
2107.48
2120.89
2159.83
2114.16
2143.62
2083.33
2076.84
2229.65
2105.26
2103.05
2098.64
1874.41
1716.74
1642.04
1620.75
1713.8
1759.01
1591.09
1515.15
1612.9
1578.53
1516.3
1534.92
1332.45
1448.23
1943.63
2141.33
2183.41
2171.55
2192.98
2224.69
2249.72
2249.72
2247.19
2249.72
2247.19
2249.72
2320.19
1994.02
1725.63
1712.33
1746.72
1713.8
1782.53
1976.28
2109.7
1751.31
1669.45
2036.66
2257.34
2280.5
2272.73
1982.16
1785.71
1913.88
1829.83
1766.78
1841.62
1819.84
1784.12
1833.18
1776.2
1816.53
1773.05
1325.38
674.536
709.975
1626.02
2049.18
1974.33
2028.4
1962.71
1913.88
2116.4
2068.25
2098.64
2150.54
2100.84
2136.75
2190.58
2176.28
2150.54
2171.55
2116.4
2150.54
2028.4
2081.17
2192.98
2022.24
1923.08
1577.29
1104.97
1212.86
1773.05
1996.01
2111.93
2100.84
2205.07
2152.85
2079
2038.74
2002
2051.28
2103.05
2105.26
1557.63
1246.88
1429.59
1643.39
1616.81
1731.6
2014.1
2049.18
1956.95
2098.64
2094.24
1278.77
1083.42
1531.39
2051.28
2171.55
2107.48
2120.89
2155.17
2076.84
1970.44
2076.84
2249.72
2141.33
2150.54
2141.33
2148.23
2132.2
2129.93
1890.36
1574.8
1549.19
1692.05
1719.69
1763.67
1870.91
1926.78
1519.76
1130.58
1321.88
1787.31
1890.36
1943.63
2053.39
1972.39
1652.89
1692.05
1892.15
1902.95
2030.46
2145.92
2141.33
2150.54
2006.02
1974.33
2094.24
2173.91
2105.26
1934.24
1545.6
1556.42
1829.83
1709.4
909.918
913.659
1673.64
1831.5
2002
2068.25
2162.16
2105.26
2120.89
2123.14
2111.93
2136.75
2150.54
2129.93
2141.33
2143.62
1955.03
2002
2092.05
2066.12
2129.93
2155.17
2111.93
2070.39
1980.2
2068.25
2079
1620.75
1494.77
1694.92
1806.68
1883.24
2004.01
2129.93
2049.18
2022.24
2190.58
2166.85
2141.33
2129.93
2155.17
2134.47
2134.47
2132.2
2109.7
2109.7
2127.66
2139.04
2049.18
2157.5
2209.94
2053.39
2083.33
2197.8
2024.29
2032.52
1518.6
775.194
677.277
1042.75
1592.36
1780.94
1956.95
2129.93
2061.86
2036.66
2051.28
2081.17
2024.29
1980.2
2089.86
1966.57
2059.73
2136.75
2109.7
2127.66
2123.14
2049.18
1872.66
1743.68
1228.5
1218.03
1687.76
2004.01
2143.62
2116.4
2083.33
1846.72
1516.3
1492.54
1751.31
1865.67
1908.4
2087.68
2188.18
2066.12
2103.05
2068.25
2105.26
2010.05
2008.03
2150.54
2028.4
