14.8765
303.859
512.164
1730.1
2038.74
2132.2
2355.71
2971.77
3159.56
2022.24
739.372
841.751
2754.82
3294.89
4273.5
3220.61
3215.43
4629.63
3838.77
2560.82
2747.25
3378.38
3338.9
3220.61
3048.78
2424.24
2197.8
2919.71
4132.23
5249.34
3649.64
3448.28
5012.53
3868.47
2614.38
2886
4273.5
4566.21
4854.37
4106.78
3194.89
3629.76
2512.56
1303.78
1549.19
3159.56
3174.6
3838.77
4761.9
4597.7
4405.29
4705.88
5115.09
4842.61
5063.29
4773.27
4618.94
4866.18
5089.06
4750.59
4705.88
5249.34
5449.59
5633.8
5494.51
5319.15
5434.78
5390.84
5221.93
5263.16
4784.69
5050.51
5714.29
3053.44
1924.93
2288.33
3676.47
3875.97
4192.87
3565.06
3058.1
4149.38
5333.33
5882.35
6230.53
6269.59
5050.51
4694.84
5154.64
5347.59
5586.59
4694.84
4796.16
5865.1
6116.21
6309.15
5899.7
5434.78
5681.82
6006.01
3795.07
618.812
609.57
3144.65
3091.19
3021.15
4056.8
4255.32
4434.59
4357.3
4683.84
4310.34
4415.01
4338.39
4282.66
5420.05
5934.72
6153.85
6211.18
5882.35
4464.29
4201.68
4587.16
4219.41
3992.02
4566.21
5037.78
4366.81
2691.79
2375.3
3629.76
4246.28
3649.64
3649.64
3952.57
4310.34
4842.61
4694.84
4807.69
5665.72
5899.71
5479.45
5479.45
3984.06
3305.79
3816.79
4494.38
5555.56
5988.02
2635.05
1666.67
1492.54
1706.48
2631.58
3460.21
4016.06
4282.66
4672.9
5154.64
5208.33
4474.27
3412.97
3350.08
3418.8
2998.5
3164.56
3577.82
3454.23
2994.01
3236.25
2691.79
2673.8
2724.8
2583.98
3466.2
4255.32
4192.87
4123.71
3944.77
3868.47
4640.37
3577.82
3003
3412.97
3868.47
3891.05
3300.33
2869.44
3003
3072.2
3200
3853.56
4683.84
4484.3
4089.98
4444.44
5102.04
2949.85
1333.33
1131.86
1790.51
3210.27
3616.64
3401.36
3294.89
4048.58
5509.64
6042.3
6289.31
6349.21
5780.35
5865.1
6578.95
6578.95
6578.95
6557.38
3875.97
3696.86
5797.1
3898.64
3809.52
5347.59
5681.82
3891.05
3361.34
4739.34
5665.72
6042.3
6230.53
6289.31
6172.84
6230.53
5681.82
5665.72
6389.78
6472.49
6535.95
6514.66
6493.51
6514.66
6493.51
6493.51
6514.66
5797.1
5830.9
6578.95
6578.95
6535.95
6250
5263.16
2270.15
377.216
335.57
960.615
1327.14
1348.62
1947.42
984.737
896.057
2207.51
3316.75
5571.03
6060.61
6230.53
5714.29
5730.66
6309.15
6349.21
6493.51
6557.38
6578.95
6557.38
2702.7
2361.28
4192.87
3952.57
3642.99
3976.14
3724.39
4081.63
5405.41
4651.16
4514.67
4750.59
3929.27
3838.77
3861
4255.32
4866.18
3868.47
3205.13
3220.61
3875.97
4987.53
5571.03
4210.53
3906.25
4597.7
5115.09
6172.84
6230.53
6230.53
6389.78
6329.11
6289.31
6410.26
6309.15
6289.31
5882.35
5780.35
6349.21
6557.38
6535.95
6430.87
5405.41
5167.96
5917.16
6230.53
5780.35
5865.1
5730.66
4784.69
5181.35
4662
4464.29
5714.29
6079.03
6211.18
5865.1
4662
4651.16
5797.1
6211.18
6269.59
4175.37
3976.14
5128.21
4514.67
4618.94
4761.9
4683.84
5464.48
6211.18
6369.43
6493.51
6514.66
6514.66
6557.38
6600.66
6557.38
6557.38
5952.38
6006.01
6600.66
6430.87
6329.11
3521.13
3115.26
3072.2
3007.52
3257.33
3389.83
3311.26
2881.84
3184.71
3424.66
3322.26
3189.79
3466.2
3898.64
4016.06
4395.6
811.688
773.694
4024.14
3787.88
3236.25
4081.63
3853.56
3149.61
3430.53
2574
2574
4158
4338.39
4807.69
5730.66
6024.1
6079.03
5952.38
5952.38
6079.03
6006.01
4301.08
2649.01
2994.01
5249.34
5882.35
3344.48
552.181
528.961
1584.79
2016.13
3571.43
3929.27
4115.23
5194.81
6024.1
6191.95
6349.21
6349.21
6230.53
6172.84
6172.84
6172.84
6172.84
5586.59
5249.34
5540.17
5813.95
5988.02
6097.56
6191.95
5988.02
5194.81
4830.92
5181.35
5128.21
5464.48
6289.31
4926.11
4385.97
5050.51
5586.59
5952.38
6060.61
6134.97
6134.97
5665.72
5780.35
6389.78
6389.78
6369.43
6389.78
6389.78
6389.78
6410.26
6389.78
5747.13
5763.69
6472.49
6557.38
6557.38
6535.95
6472.49
6410.26
6451.61
6451.61
3412.97
2857.14
4424.78
5649.72
3773.59
3436.43
4761.9
4237.29
3703.7
4132.23
3846.15
3976.14
4705.88
3883.5
1334.22
1357.77
3717.47
3868.47
3448.28
3496.5
4264.39
4123.71
4597.7
4842.61
3424.66
2557.54
2557.54
3603.6
5208.33
5714.29
6116.21
4608.3
3490.4
2877.7
2721.09
2607.56
2915.45
4158
5000
5780.35
5479.45
688.705
672.948
4273.5
4494.38
3906.25
1160.77
1079.33
2816.9
3484.32
3623.19
3502.63
3717.47
4149.38
4454.34
3984.06
4106.78
5208.33
5730.66
5970.15
5934.72
5865.1
5970.15
6079.03
6060.61
6006.01
5464.48
5665.72
6430.87
6349.21
6451.61
6472.49
6329.11
5813.95
5780.35
6042.3
4761.9
3267.97
3184.71
4081.63
4629.63
4357.3
4395.6
4264.39
3745.32
4301.08
5390.84
5747.13
5405.41
5494.51
4073.32
3407.16
4405.29
4926.11
4640.37
4597.7
3115.26
2828.85
3868.47
4926.11
5235.6
2789.4
1919.39
2457
919.963
848.536
2844.95
2247.19
2195.39
3603.6
3883.5
3490.4
3539.82
5037.78
3669.72
2971.77
2624.67
2169.2
2171.55
1067.24
941.176
702.494
663.35
1558.85
2466.09
2105.26
2237.14
2457
652.103
416.233
733.945
2014.1
2341.92
2089.86
2020.2
2617.8
2789.4
1207
1153.4
2541.3
2590.67
2721.09
3430.53
4246.28
4098.36
2702.7
2564.1
3478.26
4219.41
4444.44
4819.28
3062.79
2684.56
3984.06
4866.18
4158
2066.12
1400.56
1562.5
1327.14
1252.35
1624.7
1953.13
2252.25
2758.62
4210.53
4535.15
3571.43
3412.97
4385.96
3584.23
2989.54
3521.13
3944.77
3891.05
3448.28
3200
3759.4
4255.32
4587.16
4975.12
5037.78
5154.64
5405.41
5730.66
5037.78
5025.13
5952.38
5952.38
5934.72
6024.1
5714.29
5617.98
5934.72
5988.02
6042.3
5128.21
5000
5797.1
5813.95
4219.41
3816.79
4739.34
5181.35
3205.13
1232.29
1314.06
1906.58
2188.18
5167.96
5249.34
5249.34
5524.86
5602.24
5571.03
5376.34
4728.13
3952.57
4065.04
3527.34
2824.86
3338.9
4494.38
4166.67
3952.57
4395.6
4132.23
4140.79
4210.53
3759.4
4016.06
4608.3
4750.59
4914
5141.39
5361.93
4405.29
3846.15
4338.39
4338.39
4366.81
4975.12
4926.11
5025.13
5167.96
4889.98
4524.89
4739.34
5102.04
4819.28
4123.71
4366.81
5128.21
5102.04
5141.39
4796.16
3952.57
3533.57
3960.4
3766.48
3745.32
4301.08
4683.84
5181.35
5263.16
5277.04
5249.34
5333.33
5376.34
5305.04
5305.04
4464.29
4494.38
5617.98
5747.13
5540.17
5586.59
5847.95
3629.76
3120.12
4237.29
5000
4796.16
4889.98
5633.8
5102.04
4255.32
4291.85
4950.5
5208.33
5249.34
5291
5305.04
4395.6
4444.44
5617.98
5813.95
5063.29
4608.3
4444.44
4273.5
4750.59
5434.78
5763.69
5089.06
5037.78
5602.24
5649.72
5813.95
5882.35
5882.35
5952.38
5988.02
5847.95
5167.96
4629.63
5167.96
6024.1
6060.61
6097.56
5988.02
4716.98
4149.38
4629.63
4175.37
3484.32
3752.35
4032.26
3960.4
3759.4
3921.57
4040.4
3649.64
3367
3496.5
3868.47
3773.59
4210.53
5012.53
5235.6
4889.98
4444.44
4175.37
4672.9
5571.03
5698.01
5763.69
5263.16
5376.34
6060.61
6134.97
6079.03
5730.66
4504.5
3294.89
3521.13
4566.21
4914
4444.44
4192.87
4434.59
4291.85
4444.44
4291.85
4454.34
5141.39
5376.34
5449.59
4975.12
4366.81
4773.27
5698.01
5830.9
5249.34
5249.34
5813.95
5089.06
2500
2212.39
3149.61
3412.97
4291.85
5235.6
5221.93
5221.93
4705.88
4329
4728.13
5208.33
5333.33
4728.13
4434.59
4651.16
4395.6
3327.79
3039.51
3466.2
4024.14
4210.53
3262.64
3246.75
3883.49
4484.3
5420.05
5730.66
5780.35
251.067
241.342
2083.33
2928.26
4444.44
2081.17
1890.36
3490.4
4514.67
4750.59
3976.14
3610.11
3780.72
4008.02
3976.14
4282.66
3436.43
3086.42
4175.37
4662
4587.16
5063.29
5025.13
3179.65
3030.3
4576.66
5305.04
5479.45
5221.93
4854.37
5277.04
5780.35
4535.15
4175.37
5089.06
5665.72
5797.1
3030.3
2617.8
4115.23
4950.5
5361.93
5681.82
5797.1
5649.72
5681.82
6097.56
6211.18
6172.84
5665.72
5681.82
6250
6134.97
6079.03
6172.84
6153.85
6134.97
6191.95
6153.85
6134.97
5586.59
5524.86
2132.2
1960.78
3717.47
4158
5449.59
5797.1
5970.15
5714.29
5586.59
5333.33
4975.12
4819.28
5000
5434.78
5602.24
4032.26
3289.47
4000
4866.18
5208.33
4819.28
4796.16
5263.16
4140.79
3921.57
4694.84
4210.53
4301.08
5235.6
5025.13
4878.05
4796.16
4987.53
5698.01
5865.1
5847.95
5882.35
5917.16
312.207
309.119
3361.34
2789.4
3448.28
3294.89
2844.95
3129.89
1970.44
615.006
705.467
3616.64
3929.27
4175.37
4040.4
1290.32
1250
3731.34
4524.89
4319.65
3944.77
3418.8
3149.61
3610.11
4149.38
3676.47
3220.61
3759.4
4608.3
4975.12
5050.51
3992.02
3597.12
4237.29
4938.27
911.162
851.789
3527.34
4854.37
5347.59
5405.41
5464.48
5571.03
5714.29
5649.72
3787.88
3034.9
2998.5
3120.12
3944.77
4694.84
4950.5
5037.78
4385.96
4366.81
5037.78
5235.6
5000
4597.7
4524.89
4796.16
4926.11
4683.84
4750.59
5181.35
5494.51
2976.19
2793.3
4405.29
4950.5
5797.1
5917.16
6042.3
6191.95
5813.95
5509.64
5464.48
5617.98
5988.02
5509.64
5586.59
6289.31
6172.84
6079.03
6134.97
6211.18
6060.61
4878.05
4535.15
3521.13
3273.32
4640.37
5479.45
5747.13
5952.38
6042.3
6042.3
6079.03
6134.97
6172.84
282.845
275.748
3252.03
3338.9
3294.89
3134.8
2089.86
1776.2
2285.71
3053.44
2954.21
2433.09
1774.62
1752.85
2453.99
2898.55
3472.22
4273.5
3558.72
3139.72
2824.86
2551.02
3086.42
4016.06
3225.81
2590.67
2967.36
2770.08
3095.98
2202.64
652.316
680.504
2197.8
2962.96
3378.38
4273.5
4705.88
5037.78
5479.45
5277.05
4081.63
3164.56
3378.38
4246.28
4683.84
4975.12
4524.89
3571.43
3454.23
3597.12
2773.93
2902.76
3952.57
3861
3642.99
4073.32
4651.16
4149.38
1990.05
1731.6
2192.98
2487.56
2989.54
2706.36
3169.57
3577.82
4008.02
5376.34
3831.42
3571.43
4454.34
3913.89
786.782
769.527
3034.9
3629.76
4098.36
4040.4
3284.07
2259.89
2169.2
3095.98
2652.52
2320.19
2680.97
2361.28
2954.21
3284.07
3134.8
4219.41
5115.09
5571.03
5847.95
6006.01
6006.01
5970.15
5988.02
5479.45
5509.64
6116.21
2906.98
2649.01
4796.16
4106.78
3710.58
4228.33
4073.32
4140.79
1119.19
423.012
440.335
1207.73
3210.27
3316.75
3846.15
4175.37
3184.71
3067.48
4008.02
2277.9
1928.64
2635.05
3058.1
1736.11
1709.4
2518.89
2597.4
2695.42
3105.59
5167.96
3484.32
2797.2
2998.5
3636.36
5221.93
5714.29
5089.06
3558.72
2949.85
2484.47
1444.04
361.141
374.953
1727.12
3067.48
4201.68
4106.78
4629.63
3472.22
2699.06
3389.83
3189.79
3262.64
4545.45
3273.32
3546.1
4819.28
5102.04
5813.95
5115.09
4504.5
4750.59
4347.83
4255.32
4140.79
3853.56
4545.45
5167.96
5347.59
5602.24
5797.1
5865.1
5882.35
5277.04
5333.33
6006.01
6097.56
6230.53
6191.95
5934.72
4597.7
4357.3
5291.01
5633.8
5012.53
5154.64
5434.78
4545.45
4494.38
4878.05
5063.29
4796.16
4301.08
4237.29
4158
3752.35
4098.36
4357.3
3861
3787.88
266.312
261.335
2898.55
2861.23
2597.4
3322.26
2677.38
2688.17
3752.35
3891.05
3007.52
1642.04
1743.68
3460.21
3355.7
2758.62
3442.34
4415.01
5154.64
5633.8
5830.9
5988.02
5730.66
5617.98
5747.13
5780.35
5797.1
5194.8
5000
5586.59
5934.72
5617.98
4962.78
4866.18
5291.01
5698.01
5586.59
5376.34
4773.27
4866.18
5714.29
5747.13
5847.95
5988.02
5797.1
5555.56
5555.56
5405.41
4662
3824.09
4081.63
5167.96
5434.78
5361.93
5291
5494.51
5882.35
3442.34
2785.52
3696.86
4132.23
4545.45
4914
3906.25
3944.77
5063.29
5464.48
3460.21
3327.79
4629.63
3490.4
3502.63
4705.88
5305.04
3984.06
2724.8
2098.64
1906.58
2107.48
2352.94
2617.8
3401.36
4866.18
5681.82
5194.8
4750.59
4651.16
4484.3
4784.69
5141.39
5390.84
5698.01
3795.07
3610.11
5221.93
5747.13
6024.1
6116.21
6097.56
6116.21
458.61
443.164
2525.25
2197.8
2503.13
2717.39
2751.03
3159.56
2886
844.951
771.605
1841.62
2038.74
1986.1
1964.64
2383.79
3460.21
2624.67
2670.23
4228.33
5076.14
3139.72
3039.51
4975.12
5025.13
4761.9
4878.05
5319.15
5319.15
5319.15
5813.95
5405.41
5390.84
5376.34
5405.41
5037.78
5076.14
5988.02
5952.38
5970.15
5952.38
5524.86
5076.14
4938.27
5181.35
5665.72
5347.59
5376.34
5970.15
5988.02
6060.61
6153.85
6116.21
3407.16
3200
5249.34
4098.36
3703.7
4889.98
5000
4065.04
4228.33
3898.64
3616.64
4301.08
4761.9
5128.21
5141.39
4705.88
4629.63
5154.64
5449.59
5291.01
5420.05
5917.16
5899.71
5797.1
5882.35
5882.35
5347.59
5390.84
6079.03
6172.84
6097.56
3395.59
3129.89
5012.53
3333.33
3025.72
4149.38
4672.9
5305.04
5524.86
5830.9
4608.3
4651.16
6116.21
4618.94
4166.67
5102.04
1841.62
1251.56
1658.37
1204.09
801.925
1253.13
3787.88
3773.58
408.747
390.32
1587.3
1438.85
1990.05
2436.05
2840.91
4115.23
4962.78
5347.59
3780.72
3710.58
4032.26
4024.14
4273.5
4376.37
5665.72
5970.15
6079.03
6097.56
6134.97
6060.61
6006.01
3787.88
2980.63
3053.44
