7.07864
117.357
112.423
104.335
92.302
101.466
118.106
108.589
92.0302
85.6348
88.68
80.3923
47.887
48.7282
101.184
119.567
68.6931
72.7008
128.378
126.366
129.191
106.09
97.7374
114.175
113.947
75.5801
64.1108
80.2085
80.0897
73.1342
77.7152
92.7988
97.4516
88.6407
84.4737
86.7491
112.651
142.827
137.382
25.5761
25.3926
124
123.487
132.943
136.547
133.511
136.416
143.482
143.781
145.582
142.613
142.542
143.123
140.706
142.197
143.513
147.362
136.528
131.648
140.677
137.845
135.538
145.804
129.492
111.34
126.936
123.115
113.54
130.967
127.657
133.529
141.413
143.338
142.217
140.796
133.52
129.803
140.036
138.504
131.002
136.855
137.052
130.056
137.353
146.962
144.907
129.041
124.116
130.056
133.271
120.228
118.427
115.808
125.282
140.588
135.833
129.241
127.885
134.862
140.351
144.498
123.701
123.755
133.672
137.969
143.4
143.864
139.189
138.427
150.534
140.776
137.893
139.256
125.502
131.527
141.533
139.014
139.772
126.598
108.548
121.795
123.312
112.613
116.686
112.911
130.899
141.774
123.289
120.12
115.015
124.922
138.083
137.608
141.074
136.883
132.092
131.57
138.313
133.878
129.601
123.939
124.309
139.88
139.567
131.666
134.147
141.774
148.954
115.754
113.675
133.262
126.47
124.828
131.935
131.268
131.01
134.853
139.431
144.802
144.54
145.096
136.101
122.986
128.874
137.988
138.754
145.773
136.054
126.454
134.454
145.338
137.155
136.268
142.959
122.317
111.951
127.894
130.336
123.472
128.23
138.083
142.288
147.842
144.613
142.765
136.649
137.722
140.825
141.074
141.613
134.012
135.86
138.773
142.745
138.793
141.784
150.818
130.779
127.405
138.735
142.542
134.129
116.117
127.283
128.824
130.933
140.696
135.007
113.662
118.399
136.902
103.616
106.712
114.929
120.875
148.954
136.129
117.041
110.248
110.699
102.036
86.734
90.8348
124.17
130.2
130.378
129.735
126.622
136.082
126.775
126.823
132.97
141.353
151.515
151.665
148.577
148.038
138.581
132.354
134.264
134.716
140.716
136.855
133.69
145.296
148.028
144.77
149.209
143.462
138.947
137.448
141.313
145.73
141.233
134.237
99.4382
104.959
131.216
114.738
117.841
118.998
124.023
135.026
139.499
134.535
137.608
147.885
130.719
127.535
130.685
129.971
127.47
127.218
140.568
139.46
138.351
120.555
123.206
142.197
139.684
142.765
133.307
121.595
111.988
126.358
137.363
131.683
130.984
139.179
142.45
141.975
145.064
137.912
125.834
132.926
141.753
143.988
148.258
127.689
126.35
142.035
144.833
146.37
151.642
153.292
138.207
134.427
132.749
119.976
116.455
111.074
121.492
133.485
138.112
140.915
141.343
120.751
121.242
143.472
141.273
125.353
126.55
138.017
132.591
142.086
150.229
145.762
134.517
132.961
144.321
142.056
138.918
133.253
125.842
135.722
127.771
132.442
132.275
120.322
122.948
135.391
139.782
128.213
123.671
125.29
135.199
145.762
150.83
150.331
128.238
123.312
135.4
131.961
141.945
137.713
136.715
145.582
146.628
144.186
145.55
134.653
122.167
132.039
136.977
127.129
123.457
126.799
131.978
138.648
143.606
141.743
131.796
128.617
137.855
149.835
152.474
139.723
134.753
137.325
143.854
146.103
145.741
135.208
123.122
124.821
134.762
140.164
138.408
120.453
109.625
130.056
138.619
119.933
115.227
114.214
122.496
139.276
144.383
133.574
133.209
145.529
141.034
138.514
141.183
133.77
124.51
131.735
143.926
142.288
144.592
131.804
127.967
142.328
141.623
145.741
146.929
144.415
123.939
121.573
134.608
135.355
118.694
113.237
125.36
139.46
144.113
140.272
142.187
136.864
131.303
135.704
138.313
128.626
127.324
138.007
144.959
143.462
145.762
148.843
129.609
128.254
134.689
137.4
130.191
129.803
138.889
130.856
131.527
129.324
135.254
114.403
116.239
132.17
131.415
128.107
117.696
127.154
127.267
123.48
128.526
124.595
123.663
125.897
109.218
106.992
129.4
132.529
123.449
120.496
116.191
111.452
113.889
135.63
136.203
114.038
92.9411
100.974
129.719
124.108
120.809
109.529
105.569
122.812
134.499
127.453
126.223
137.684
143.123
145.064
149.365
141.303
138.764
147.362
146.843
144.113
136.547
130.157
131.096
139.509
116.863
109.194
121.315
115.553
129.049
142.45
146.52
137.014
135.842
144.259
146.843
141.553
137.344
139.616
128.32
133.941
146.552
150.399
150.648
122.971
105.814
124.533
143.554
130.719
126.992
119.875
120.613
142.878
147.243
138.495
126.51
120.33
130.353
145.964
136.37
127.202
134.825
144.061
148.599
146.983
141.004
133.797
131.944
138.87
136.949
139.762
149.488
146.274
136.78
133.663
140.766
149.165
149.054
139.538
141.693
147.863
148.368
148.998
139.451
140.007
136.091
136.79
131.787
131.096
125.873
122.684
146.724
139.247
139.88
152.207
143.513
123.32
132.538
150.15
131.13
128.37
133.761
137.061
148.599
147.427
148.898
141.985
141.343
134.599
134.354
137.127
123.655
115.694
124.549
137.212
135.483
134.871
138.908
144.791
131.337
126.215
140.528
149.399
138.37
134.499
131.397
134.68
139.811
143.195
147.362
124.1
120.97
140.213
139.227
140.637
132.371
134.898
140.558
132.468
124.649
124.961
124.992
125.636
122.317
126.59
139.753
118.224
122.407
140.321
140.667
144.383
137.146
127.041
133.067
137.798
135.474
137.912
138.074
133.449
138.744
144.29
141.683
130.993
125.573
131.079
128.139
137.024
118.807
116.85
138.956
142.542
141.123
143.761
134.282
118.596
122.444
131.38
139.811
147.059
128.775
119.875
133.2
146.22
134.102
128.025
130.668
123.198
134.898
138.504
141.233
140.548
129.794
125.644
125.77
122.647
129.099
125.953
114.025
132.214
148.489
148.181
146.017
139.276
143.906
140.321
122.88
130.047
128.559
130.022
143.988
144.613
146.252
128.684
122.918
135.897
142.066
142.491
138.985
139.821
135.74
136.584
139.111
137.325
122.13
123.946
142.41
137.315
140.017
143.246
148.787
140.302
132.363
143.338
140.915
136.463
136.314
137.08
142.308
147.831
146.445
138.773
144.718
140.164
133.788
139.694
133.708
117.137
125.392
128.609
123.48
128.999
138.141
140.262
132.714
130.753
138.122
147.842
137.599
127.779
134.807
144.509
150.466
148.071
144.791
137.221
123.701
129.55
138.293
131.692
115.868
108.637
103.482
103.595
110.742
109.963
104.205
95.8267
99.6165
94.1442
101.776
132.083
138.227
146.724
135.943
132.127
140.076
141.583
142.268
137.713
140.885
138.38
134.653
143.225
149.858
138.055
131.944
131.674
137.014
139.208
117.626
114.502
121.139
133.824
143.184
141.924
134.138
122.963
127.429
136.696
142.035
147.037
127.518
107.544
124.743
149.858
136.435
133.538
124.696
118.036
138.332
142.025
137.807
137.798
138.687
138.074
140.085
140.489
132.935
114.24
103.445
123.472
131.389
121.684
124.409
139.237
144.165
139.218
139.772
140.272
135.373
140.558
149.555
145.359
135.925
130.251
129.534
138.017
146.994
141.924
143.968
144.394
134.998
136.603
141.493
135.172
128.436
133.69
133.52
132.917
135.263
135.017
140.855
126.302
127.951
140.578
145.022
135.529
125.929
134.635
143.957
145.043
147.918
140.964
128.353
132.67
146.703
150.286
145.476
129.024
132.083
140.558
140.095
136.147
135.382
137.637
127.024
123.533
121.61
127.016
125.376
126.928
142.278
145.012
133.976
139.285
148.258
132.503
129.232
135.823
138.495
137.941
136.379
147.395
142.592
141.864
151.206
150.864
134.944
121.043
128.082
142.888
142.806
117.876
113.148
130.124
135.52
137.618
133.289
125.937
130.608
143.524
144.477
144.55
136.921
125.368
133.806
141.103
142.47
144.259
134.907
130.208
131.423
130.37
139.412
126.175
127.218
147.907
148.467
145.412
127.584
111.551
116.442
125.219
118.998
130.582
104.542
102.459
142.136
148.588
129.955
122.873
125.274
121.389
136.054
137.893
134.635
133.103
131.752
137.874
131.874
124.704
135.99
142.572
142.592
146.552
149.131
137.108
121.758
125.063
137.287
133.797
134.816
146.007
133.103
126.598
130.166
138.15
139.227
131.952
131.053
140.736
143.823
133.654
140.311
152.219
130.634
130.959
148.39
146.349
128.966
127.065
140.915
143.647
146.156
147.732
136.659
127.535
130.387
129.45
129.224
137.903
125.447
126.271
148.854
141.814
140.706
147.591
145.868
121.699
122.602
143.41
143.051
122.1
113.527
117.014
120.649
128.427
127.828
122.827
108.761
102.738
110.296
106.474
109.607
115.181
97.2384
109.812
138.87
138.543
143.359
131.822
106.832
114.587
143.359
131.848
135.3
148.732
151.24
145.719
141.924
152.602
152.87
151.057
142.015
132.899
140.835
144.791
140.944
141.113
123.381
115.567
129.735
131.874
139.169
130.225
129.383
135.419
133.681
139.743
141.093
135.86
124.642
128.057
140.311
148.688
128.874
123.655
143.895
144.071
140.193
144.938
131.553
133.049
140.716
134.192
126.414
131.259
117.751
115.181
111.838
114.87
132.345
126.928
115.467
114.071
139.909
137.912
134.354
134.98
132.855
136.883
132.424
128.775
136.091
133.014
131.251
140.459
146.509
141.914
139.383
142.633
143.719
128.833
124.727
140.42
115.888
115.841
135.327
128.891
126.646
132.723
132.45
138.619
147.7
145.064
143.369
128.378
128.526
142.066
145.001
148.61
137.382
137.732
133.209
132.564
147.46
145.264
149.187
140.4
134.291
143.999
142.674
138.629
130.039
131.208
134.12
129.182
132.249
133.032
131.57
134.102
146.316
146.843
141.784
127.559
128.057
139.412
142.908
133.165
127.429
132.635
131.441
134.825
143.761
149.779
136.93
129.794
142.684
152.114
146.113
143.092
142.237
129.149
122.692
124.587
130.191
126.646
120.084
135.566
147.831
148.049
138.591
141.533
129.997
125.408
141.623
143.225
137.165
128.107
130.693
142.268
144.959
146.434
150.094
132.433
128.156
139.636
140.027
143.678
140.017
132.118
131.449
142.106
130.191
125.628
127.951
129.391
131.909
134.372
143.627
128.593
125.415
130.659
142.837
146.617
140.361
131.735
128.46
128.874
134.093
139.034
121.381
113.895
124.062
132.926
139.782
130.839
120.54
128.074
131.484
132.679
122.033
120.257
126.295
131.726
141.844
131.874
127.275
128.279
130.967
132.723
136.705
139.987
136.528
136.528
137.694
133.923
139.684
142.796
134.409
123.739
132.057
142.136
139.997
128.066
129.744
138.217
128.908
132.793
140.371
128.991
109.117
123.586
144.009
139.636
131.614
134.935
140.538
136.808
142.521
150.049
145.085
131.458
126.783
137.174
141.623
137.457
132.345
135.556
141.413
138.16
147.167
146.908
139.919
128.477
123.977
134.481
137.893
130.745
127.38
135.483
143.575
139.101
142.045
150.943
133.316
132.688
139.929
141.113
126.486
120.192
140.499
140.076
145.762
146.531
137.061
132.153
126.622
130.344
139.519
124.766
108.548
112.265
97.8426
95.2472
123.305
114.436
118.057
117.371
115.194
117.994
114.247
141.683
143.318
140.193
138.074
128.841
127.316
125.565
122.617
113.295
125.739
145.603
135.602
138.85
145.012
117.779
115.075
128.246
131.97
130.813
116.652
117.911
115.46
128.667
141.173
108.749
99.5818
114.097
133.316
144.436
129.391
120.113
130.933
137.665
140.42
137.419
132.363
125.699
133.245
140.855
134.219
130.976
113.954
121.08
136.221
126.791
126.127
139.616
130.727
130.438
139.782
142.136
135.648
125.652
128.057
138.045
147.558
146.918
143.215
121.529
123.236
136.556
141.363
149.633
134.3
129.441
140.302
140.509
138.246
139.034
139.831
116.144
118.85
136.23
138.141
131.57
130.014
138.456
139.548
145.826
140.371
144.53
138.427
123.411
135.254
147.82
134.599
131.002
143.184
145.847
135.999
139.665
146.284
128.708
128.708
143.472
146.359
142.572
113.649
109.679
120.077
123.495
134.129
144.269
125.196
126.064
144.571
145.996
125.968
119.36
136.771
133.592
137.883
144.613
142.066
128.254
132.231
146.445
141.533
143.575
135.897
135.971
150.489
145.911
144.227
137.146
119.524
109.17
121.455
136.537
131.718
127.356
128.75
139.247
142.735
140.361
140.627
136.351
138.725
148.06
148.998
152.393
142.633
137.287
148.214
142.005
141.103
149.846
136.771
116.34
121.095
139.665
137.4
131.139
126.534
139.889
136.323
122.617
126.255
129.408
124.046
131.77
137.259
141.024
152.08
134.689
119.303
126.223
140.4
133.779
131.692
119.253
124.852
138.985
131.328
136.463
141.945
137.931
141.273
148.017
136.939
135.511
148.522
124.595
117.481
138.37
125.96
119.225
130.285
130.107
131.036
147.135
147.102
145.497
125.992
126.111
141.024
143.359
136.528
131.277
133.878
129.668
136.761
144.624
146.692
132.433
126.518
139.324
146.21
145.985
128.883
119.933
132.988
