10.816
276.932
330.797
284.172
295.727
464.145
453.104
455.685
471.587
471.809
354.673
264.515
304.414
412.797
259.572
265.393
355.303
357.462
440.626
443.164
490.918
465.875
473.709
517.866
510.074
337.61
293.427
419.639
400.08
388.878
473.821
425.713
356.189
375.869
475.737
157.406
145.603
375.164
248.756
182.698
213.789
254.388
268.817
350.017
500.626
155.159
141.884
372.787
452.386
109.975
106.615
411.269
423.46
406.918
460.723
427.533
398.724
441.891
481.928
446.429
221.166
192.326
333.333
144.697
143.988
217.037
195.179
316.756
290.655
293.556
324.254
285.022
231.455
268.528
361.664
380.952
262.674
266.631
344.828
297.044
207.792
175.3
223.189
328.569
446.927
236.016
229.595
363.174
377.786
154.048
141.343
318.979
408.497
429.553
444.939
490.798
506.201
511.378
531.632
484.144
466.092
487.329
504.286
531.208
460.299
307.692
317.511
473.709
365.631
276.549
204.415
246.093
516.529
564.972
590.667
460.511
329.924
371.402
518.269
524.934
194.25
191.259
467.181
502.513
477.897
467.29
355.429
370.096
608.273
644.122
638.57
638.366
637.755
587.544
465.224
465.983
579.878
624.22
638.774
641.643
631.313
393.005
364.232
492.49
513.479
568.343
619.579
640.41
639.795
538.503
511.247
598.444
574.713
534.331
572.902
614.439
626.959
474.158
428.633
437.254
357.846
384.246
309.31
317.259
32.2139
32.0169
458.295
513.875
450.755
415.887
461.255
460.511
503.778
617.093
621.311
554.939
462.749
487.211
612.182
648.719
574.383
549.451
619.195
598.444
520.969
540.249
589.797
597.729
611.434
616.143
564.812
537.779
524.246
536.481
612.745
624.61
627.746
626.763
605.877
614.439
450.755
425.532
530.926
536.913
563.222
571.265
572.246
499.75
480.307
564.653
622.278
637.755
641.026
631.313
630.915
641.026
529.381
421.585
462.856
557.258
589.797
613.121
613.685
599.88
495.786
498.256
554.17
462.642
471.587
580.72
606.244
501.882
473.597
481.696
455.063
456.83
490.196
575.705
483.442
439.947
506.586
463.07
428.908
374.742
334.616
407.166
519.886
566.733
586.51
546.597
523.013
411.438
403.226
526.87
566.893
585.48
600.781
565.931
534.045
442.282
444.642
568.505
591.716
579.374
552.792
563.38
505.05
478.927
476.872
490.076
586.166
635.324
646.204
638.366
521.512
465.549
545.852
498.878
459.031
554.17
572.738
427.899
415.196
533.903
586.338
547.795
486.855
522.603
494.682
471.698
502.765
523.697
590.493
609.199
511.378
479.157
471.921
499.127
602.228
598.623
595.948
577.034
587.717
521.921
412.882
464.253
520.291
512.558
574.713
586.166
595.238
469.484
406.256
483.676
551.572
553.863
568.02
587.717
522.603
484.379
453.206
456.1
542.888
588.062
614.439
593.648
474.608
465.224
542.888
481.58
479.846
532.198
483.325
398.089
419.639
518.135
467.399
387.973
416.84
431.406
418.323
497.512
574.713
613.874
627.746
418.235
327.493
419.199
574.053
617.475
613.874
589.797
535.332
318.878
315.457
480.654
430.385
405.515
459.031
306.138
315.607
594.707
611.247
613.685
601.866
556.793
460.936
409.752
460.299
537.057
573.23
604.047
596.125
449.337
432.9
564.175
535.189
525.762
577.534
553.71
486.263
454.856
516.929
590.319
604.047
506.971
485.201
576.701
504.541
438.212
483.559
567.537
616.523
594.001
522.876
459.031
458.61
526.039
590.319
612.182
597.907
545.554
471.476
475.398
561.956
573.559
578.369
622.084
604.047
576.868
606.061
396.354
372.301
560.224
579.039
581.903
572.41
567.054
510.334
496.155
502.892
471.698
515.198
589.797
637.755
653.168
507.357
468.494
512.295
491.28
548.847
622.471
605.51
594.707
512.821
509.814
618.238
642.467
537.634
434.877
447.127
453.412
479.272
492.732
498.256
580.383
543.626
291.036
299.625
579.542
611.434
614.251
561.798
560.695
332.668
311.818
492.489
498.132
470.367
466.092
436.491
398.883
462
568.99
618.429
629.129
614.062
593.824
484.614
478.24
472.813
442.674
544.366
598.623
580.72
553.557
480.192
494.927
593.824
495.786
460.511
544.662
590.842
506.586
476.531
564.812
616.523
513.611
459.664
525.901
582.242
475.059
430.385
528.681
627.549
655.738
626.959
515.597
436.015
276.549
292.612
488.759
500.125
501.882
457.143
490.798
562.905
588.408
605.694
616.903
604.961
569.638
429.461
417.798
534.188
571.429
615.006
620.925
608.828
521.512
513.215
495.663
462.107
530.645
567.376
599.161
630.318
567.537
549.753
615.764
646.204
533.049
507.228
614.062
617.856
472.478
460.193
560.067
573.066
500.375
483.442
510.074
395.023
407
539.52
571.429
585.995
585.823
500.375
274.499
256.312
402.739
441.404
459.031
336.304
244.439
292.912
427.168
523.834
378.788
344.116
476.985
559.128
602.773
609.013
612.933
564.812
530.504
516.929
532.198
586.51
613.685
615.385
539.52
475.398
483.91
520.698
491.159
482.393
534.474
554.477
452.489
448.732
561.64
588.755
588.062
594.53
616.523
626.763
544.514
519.886
579.878
606.612
622.278
607.718
601.504
481.928
429.923
493.949
559.91
612.933
629.327
589.797
572.738
533.76
513.611
570.939
590.842
553.097
557.88
595.238
593.824
556.948
383.583
397.062
584.112
586.854
598.802
588.408
554.631
553.71
519.886
458.295
439.85
471.254
422.565
423.012
388.274
377.43
428.816
418.148
477.099
542.594
509.684
493.218
553.863
583.26
590.667
513.611
479.846
544.662
491.28
485.791
572.574
576.535
587.199
560.224
486.381
416.927
410.762
509.295
622.084
629.327
517.331
474.383
334.28
336.304
547.495
573.23
574.878
600.601
596.659
507.485
403.388
401.123
455.063
505.689
552.944
573.723
542.741
505.689
463.285
435.73
498.753
528.262
532.481
528.821
484.731
519.615
546.747
489.237
517.331
573.066
579.206
498.38
476.417
533.76
537.201
487.211
472.032
559.597
523.697
481.348
539.084
586.51
622.665
633.714
538.503
508.647
489.716
478.469
579.71
651.042
656.168
577.367
552.792
602.954
401.204
374.041
515.73
555.093
571.265
560.695
554.017
429.092
417.537
539.665
572.902
600.781
615.764
608.088
610.314
518.269
455.892
371.058
397.377
584.283
620.54
610.687
492.49
489.716
611.247
543.478
508.906
564.016
588.582
577.201
492.611
510.595
586.51
581.734
597.55
530.082
500.751
456.308
435.92
527.426
611.808
629.525
630.915
530.926
477.099
443.262
441.112
519.211
445.038
432.526
551.116
423.012
381.534
486.381
527.704
487.805
443.853
465.224
372.856
383.656
537.057
549.3
536.769
552.181
579.71
484.966
430.108
461.681
517.063
544.514
531.35
508.388
428.816
449.337
576.868
516.529
480.307
500.751
493.827
452.489
473.709
568.99
563.063
520.698
523.423
545.852
466.092
439.464
498.132
517.598
537.201
583.09
515.597
449.438
431.872
487.092
608.828
624.025
583.09
576.037
603.318
411.946
384.098
498.38
494.071
484.496
487.924
443.853
386.548
426.894
517.866
551.116
568.505
582.411
585.48
499.251
451.264
452.386
475.398
522.193
525.486
532.623
466.744
453.823
479.731
421.941
461.255
551.876
525.072
432.246
457.98
594.177
602.41
545.852
523.013
560.224
578.536
506.201
500.626
589.797
588.928
597.015
537.346
461.68
421.319
451.365
539.957
569.314
504.796
461.042
474.383
408.831
430.108
530.363
554.324
573.23
593.824
392.311
297.133
391.696
545.554
548.246
564.175
552.792
421.053
400.32
428.816
444.05
542.299
599.7
626.174
511.509
451.671
473.485
394.322
416.147
512.558
520.156
395.101
393.391
531.773
506.971
520.833
557.88
600.601
556.328
518.403
562.588
601.142
635.122
627.156
582.411
524.797
429.369
444.741
541.272
574.383
610.874
622.278
633.914
595.593
534.331
537.634
571.102
578.871
582.242
607.349
635.93
646.621
572.082
509.554
538.793
565.931
574.548
590.319
601.504
609.942
558.971
537.779
570.939
541.126
516.262
548.095
576.369
598.086
559.128
513.084
553.557
591.541
533.903
525.21
555.247
553.25
483.325
476.644
560.067
575.871
563.857
545.554
554.631
489.117
400.24
428.908
519.346
571.102
584.283
477.441
445.931
465.008
492.247
571.102
587.371
547.645
461.574
334.896
350.201
473.709
485.555
488.998
492.975
528.123
385.654
351.309
461.787
508.259
556.638
571.755
508.647
419.903
419.992
484.848
522.876
531.208
523.56
511.771
430.849
460.829
563.222
570.613
599.341
579.374
587.717
448.632
409.333
530.645
578.202
570.125
502.008
470.699
431.872
418.148
452.284
348.979
365.898
489.956
423.549
449.135
541.712
538.503
508.13
496.524
476.644
410.172
437.541
530.926
533.618
524.521
549.753
586.338
513.084
452.284
474.721
517.598
540.979
527.287
522.33
520.427
516.929
507.228
488.52
538.938
589.102
574.878
590.667
550.812
501.756
552.639
601.866
489.596
481.232
537.779
495.172
399.281
403.063
504.923
520.156
523.697
494.56
438.308
404.776
420.787
477.669
506.201
492.975
451.162
349.589
377.572
521.241
491.039
485.201
544.07
445.137
417.711
515.73
546.896
291.843
227.144
304.971
417.973
498.878
511.378
544.07
577.367
521.241
507.614
536.625
534.474
535.619
541.859
573.559
577.201
532.623
525.486
596.837
572.738
546.299
558.036
528.821
498.753
469.484
511.64
585.652
549.149
525.486
550.358
569.638
532.623
501.882
549.904
612.37
631.912
622.665
532.623
512.295
505.817
500.125
574.218
617.284
580.72
530.223
534.474
495.417
491.039
528.123
522.739
558.347
544.218
462.749
438.02
384.468
413.907
571.265
596.125
604.961
626.566
624.805
593.296
524.246
474.608
474.721
503.271
518.403
541.272
590.319
523.286
503.778
588.582
536.193
501.63
508.776
531.632
559.284
471.365
496.894
615.195
615.006
548.697
510.204
525.21
444.939
427.533
504.414
529.101
568.343
556.174
531.35
485.909
468.494
533.191
548.095
550.964
594.354
583.601
528.402
432.432
417.014
482.742
508.776
546.597
590.493
593.824
445.038
401.687
488.162
505.306
474.947
492.49
563.38
518.672
484.966
489.596
504.032
581.903
613.685
592.593
431.965
404.531
513.875
488.759
441.501
443.066
497.265
425.17
417.362
570.776
600.781
531.35
450.248
449.035
388.878
407.747
548.847
560.695
568.99
570.939
557.414
528.402
499.501
546.448
611.621
587.199
589.449
592.944
590.842
455.581
398.486
484.496
520.291
537.634
574.383
575.043
490.798
423.28
483.793
570.125
587.717
583.26
584.966
608.273
494.805
467.727
438.789
434.122
532.056
521.921
499.251
407.914
428.266
552.639
542.299
556.328
572.574
581.564
538.358
514.271
559.441
618.429
607.349
534.188
521.105
550.358
400.08
390.625
552.792
607.718
617.475
577.701
525.21
467.836
462
527.287
536.049
522.466
573.888
620.155
546.15
447.628
461.574
522.057
544.218
591.716
615.574
604.778
562.905
452.284
464.576
565.611
560.224
467.181
426.53
474.271
457.561
427.991
473.261
522.466
488.639
452.386
388.727
414.508
535.619
525.072
514.271
546.15
597.55
568.99
473.037
492.49
601.866
624.61
531.491
514.668
600.781
548.396
468.165
502.765
577.201
584.283
562.43
509.554
460.405
394.166
416.84
524.384
525.901
537.49
571.102
570.939
518.672
513.875
561.01
576.369
570.125
580.383
591.191
570.939
407.581
381.825
492.005
509.295
542.299
594.177
610.501
524.659
414.766
427.442
501.756
519.481
533.049
552.639
472.478
490.918
558.036
489.956
492.854
514.271
543.183
476.644
464.684
574.548
608.088
566.412
516.929
505.051
517.063
441.794
454.856
585.138
586.51
565.291
514.536
487.329
454.545
472.813
561.956
552.181
558.815
604.23
620.347
524.246
424.989
447.227
524.797
542.888
552.181
571.755
545.256
434.311
448.43
576.868
601.685
611.808
546.448
472.701
424.989
435.54
462.856
485.909
522.739
519.751
512.558
268.998
262.123
511.378
609.199
635.728
628.338
500.877
447.728
523.013
578.202
535.619
504.796
488.4
364.365
385.208
569.801
614.251
617.665
593.296
530.504
517.331
457.98
456.308
548.697
554.324
584.795
608.273
599.161
486.736
430.108
500.626
570.613
585.652
612.557
610.687
552.639
493.949
460.617
469.263
511.902
551.42
580.215
595.593
550.964
491.401
474.046
472.144
484.848
534.474
587.544
622.859
536.625
506.586
594.001
624.61
513.215
456.725
504.541
517.732
492.126
541.565
616.523
598.982
525.486
518.403
602.228
638.366
531.067
512.821
611.995
633.112
623.83
635.324
567.537
512.952
445.236
455.996
555.093
474.834
452.489
530.363
569.963
493.34
492.611
577.701
577.201
598.444
611.434
580.215
556.793
473.934
454.029
506.329
527.009
553.403
588.755
609.942
552.181
505.178
465.224
466.636
508.001
516.396
499.002
377.145
372.578
493.34
480.423
478.698
526.87
493.583
