7.48565
70.5567
79.8722
95.0977
92.5455
88.4173
90.0698
70.8742
69.2042
92.0344
101.291
47.6224
46.1904
97.352
64.973
46.569
60.6097
87.7848
84.7817
77.7665
76.6489
84.3135
95.8819
108.595
106.417
106.958
110.302
107.793
110.632
108.844
108.301
113.257
80.2214
54.7241
54.8471
78.1158
25.4722
25.4259
95.2699
96.5018
112.727
115.407
109.188
110.528
115.307
116.32
113.334
107.239
104.728
107.256
111.52
105.252
105.346
114.397
110.047
97.3852
98.5028
103.53
98.3961
94.9307
100.725
108.478
108.342
106.786
107.486
108.737
112.233
114.732
104.477
106.022
111.019
112.366
102.96
96.177
105.396
111.832
115.835
113.167
110.816
106.604
105.413
101.025
94.2418
104.477
113.792
99.97
101.225
106.86
103.215
99.6711
91.1245
95.4745
105.435
99.7556
86.2813
87.4164
90.1876
97.7613
107.521
99.3394
98.6047
93.4012
90.4404
97.3378
108.897
112.701
98.0873
102.775
114.416
111.352
114.325
105.669
102.796
110.846
108.278
95.1294
100.654
111.445
111.495
114.725
104.031
99.4184
97.5039
91.6506
91.3451
101.678
108.778
109.589
115.727
109.914
99.7258
105.591
104.199
100.261
111.501
112.252
111.191
113.591
104.559
100.695
111.988
103.557
91.5458
91.8105
90.5305
92.3063
85.3862
83.6995
78.7185
82.7404
92.3873
79.8531
74.2611
80.3406
100.883
110.644
98.4349
101.358
107.084
106.18
115.088
97.4232
88.4604
100.796
104.302
105.859
112.202
113.295
110.503
104.004
99.4728
103.455
107.84
100.07
99.7705
108.684
113.695
108.808
100.286
106.513
115.627
116.279
99.7954
89.3216
90.6084
99.6363
103.072
93.6768
102.538
110.809
95.7167
90.0779
102.459
109.969
101.487
93.4187
94.9127
105.552
115.254
108.855
106.633
114.745
108.05
101.952
96.7258
89.2459
88.4525
86.9263
96.6557
110.436
109.769
111.185
105.363
100.412
107.538
113.077
101.533
103.018
106.701
105.697
110.503
103.22
101.823
109.926
106.98
95.0977
98.4931
101.564
103.252
106.826
100.055
105.152
115.533
109.379
105.103
109.355
110.681
112.454
114.923
98.7118
91.5961
106.44
106.604
103.983
105.097
102.365
105.983
92.993
89.2419
102.496
101.817
100.311
107.032
114.489
114.764
111.669
106.975
101.399
104.118
103.284
100.705
106.377
109.806
109.266
101.348
104.789
109.794
106.039
102.213
97.2242
100.923
107.152
112.082
101.497
101.652
111.421
111.303
106.701
101.926
102.743
108.032
104.112
97.8857
106.525
109.589
104.471
106.106
109.709
108.056
110.644
100.246
87.0777
96.9791
108.844
88.8652
83.8258
105.219
105.053
99.5619
106.855
102.712
104.368
110.302
107.619
109.824
117.041
106.309
100.786
103.471
102.785
98.9364
98.3478
93.2705
92.366
106.576
110.351
105.014
105.949
109.884
108.389
101.42
103.993
110.975
113.675
110.308
102.098
106.36
110.644
107.614
103.429
103.306
102.822
105.025
101.611
90.3873
95.6709
111.844
103.853
101.415
108.909
107.701
111.154
104.395
99.3789
104.592
113.954
104.346
99.6264
107.267
108.879
117.144
106.786
100.893
96.9227
90.2975
92.8764
95.6343
106.781
109.367
93.6505
90.2283
96.0338
84.9185
83.8328
93.4579
85.3242
87.4661
93.506
90.3914
103.413
93.5454
79.7289
94.3841
98.227
88.0708
80.3148
80.4149
90.7894
101.678
108.178
107.672
110.387
109.105
99.4036
103.284
109.475
98.2077
99.0246
110.957
112.02
104.624
98.1306
98.3816
107.273
109.866
86.8018
80.2761
96.432
103.135
95.4381
94.2685
108.225
115.969
106.146
106.769
113.753
103.724
102.854
99.3838
96.0707
108.666
114.142
101.271
103.332
115.707
113.675
113.026
96.02
92.885
108.554
102.733
97.2384
109.117
112.682
108.572
108.761
102.764
104.129
115.46
107.469
98.4737
105.798
108.613
112.404
119.71
98.8728
95.4699
113.572
109.475
107.927
110.156
104.515
102.26
99.6761
97.4184
105.63
114.718
100.761
103.557
112.221
107.712
111.982
107.625
106.123
110.509
106.135
102.323
110.528
115.821
110.005
113.052
110.43
93.9541
100.336
97.833
86.7792
101.6
111.161
110.485
110.908
103.831
100.558
109.565
101.874
97.0732
113.09
115.393
105.831
102.585
101.859
104.559
110.32
106.202
104.987
106.735
102.38
94.2951
96.8758
99.5867
100.644
109.349
105.899
106.084
110.785
111.396
103.831
100.518
106.502
109.613
80.3794
79.8563
111.545
113.205
110.059
98.4591
95.5612
106.326
99.552
95.5886
104.734
109.087
101.082
102.512
106.332
102.302
105.18
101.209
99.0786
105.064
111.601
114.025
109.016
105.274
106.576
109.866
105.641
101.041
110.84
107.921
104.827
94.0336
93.8306
109.248
105.77
105.48
103.702
107.256
113.552
113.244
104.537
102.359
105.519
106.895
108.196
103.616
106.259
110.791
110.26
108.401
105.224
105.252
101.317
94.9352
94.1221
98.8142
110.914
103.708
104.15
113.501
105.988
105.658
109.23
109.631
109.493
111.776
110.272
108.478
107.296
105.569
101.786
101.554
105.258
108.826
110.754
93.1489
96.5484
103.858
89.7868
93.9585
90.4282
84.5559
84.3562
90.5469
85.955
82.4844
88.4877
92.7644
107.828
117.405
106.712
102.213
109.469
105.904
95.3607
95.8727
103.103
103.702
107.066
106.174
107.244
108.003
106.242
91.8147
90.0131
108.301
105.82
106.084
100.959
96.5484
112.296
111.099
102.796
108.903
112.663
102.338
97.833
98.1402
95.0525
100.06
104.981
103.983
108.454
112.039
107.538
100.376
102.643
108.407
108.968
106.457
103.295
109.577
111.272
108.684
107.956
98.4737
95.4472
88.2768
92.1065
102.801
100.771
108.844
102.643
98.7362
109.589
113.25
96.367
95.2653
109.314
112.271
114.679
105.357
99.2359
108.237
112.246
99.7407
98.3236
104.428
98.4204
98.6096
105.938
105.092
111.154
103.622
99.5322
115.3
107.916
106.326
115.741
104.822
103.194
115.334
107.648
102.401
109.331
112.771
111.408
113.231
112.032
110.023
109.242
109.553
96.1492
92.081
106.462
113.688
103.983
95.9049
108.56
113.404
104.882
107.417
109.854
105.882
103.242
100.135
99.1965
107.579
104.504
102.14
115.487
104.663
97.8761
98.227
94.0867
95.4517
101.528
109.146
93.9717
92.9368
107.486
106.598
98.0296
98.1017
110.108
105.865
101.958
109.337
108.015
100.99
104.026
104.559
105.291
114.181
100.21
92.7601
104.783
105.141
102.354
102.706
100.949
105.636
107.055
103.215
103.22
112.082
115.908
113.533
103.22
96.6277
103.67
112.86
108.702
108.968
98.8924
92.7988
103.402
98.6972
97.1817
98.5513
99.4728
101.374
106.638
116.843
113.707
112.315
112.873
111.694
119.531
114.824
102.328
104.844
110.448
106.883
106.315
100.923
96.8617
106.98
98.8875
85.2624
83.8012
92.6956
98.7021
84.9401
81.0668
88.7115
102.78
97.4279
93.8438
94.2774
87.9972
97.012
97.6038
81.4001
85.168
97.2242
92.6441
91.3659
78.6658
84.5416
104.674
97.045
97.8809
109.673
112.07
103.402
103.466
102.955
102.95
101.714
99.2999
103.407
111.037
105.308
94.5135
100.236
102.229
99.3739
81.3703
82.3825
107.643
98.5756
91.416
101.766
105.363
103.541
108.808
105.042
102.77
105.574
102.249
98.1933
104.734
111.676
109.951
110.558
112.467
117.254
114.666
107.043
106.838
105.619
104.031
108.36
104.981
101.652
111.888
111.445
108.832
109.063
104.216
108.755
114.502
104.341
106.621
112.082
106.684
112.924
104.772
99.0001
106.112
108.061
89.2857
88.1096
109.367
111.776
112.133
104.362
101.605
112.397
108.278
97.7995
103.783
115.875
109.649
109.86
107.273
101.792
108.909
107.492
103.691
111.932
104.161
98.8045
95.1837
95.7396
105.798
109.643
111.701
106.855
110.351
114.253
110.926
101.456
99.1228
105.915
114.469
110.693
104.844
109.499
109.481
111.012
107.452
104.976
113.934
109.182
99.4827
98.0729
101.117
105.641
100.888
101.999
107.325
111.154
104.493
101
103.891
108.067
114.521
101.693
95.2517
99.6016
107.417
97.6372
90.6084
102.041
98.1306
88.39
88.9363
93.8747
100.528
103.429
102.987
108.331
107.672
106.056
106.457
102.918
106.598
107.331
103.52
105.38
113.212
115.46
113.321
105.994
101.543
103.439
109.703
104.455
90.6495
97.4042
102.239
102.722
103.242
103.455
109.866
105.247
104.292
107.406
110.877
112.07
112.057
112.886
110.859
114.784
108.466
101.719
112.911
112.918
110.005
106.872
93.3445
95.039
97.4849
97.5372
102.072
105.352
112.943
113.785
107.049
106.838
104.91
107.585
100.675
94.1974
98.3623
95.9279
84.7529
80.2472
80.9127
74.1757
73.1904
76.4935
78.376
89.4015
103.525
106.593
112.594
103.934
100.417
111.458
113.302
105.848
109.757
113.218
103.263
107.98
109.884
110.491
101.968
99.681
100.472
97.7135
106.746
105.474
101.076
100.226
105.541
112.835
104.805
94.3574
104.816
109.081
105.507
105.224
97.5848
99.6661
103.274
102.396
94.1088
92.0387
105.352
106.849
100.528
107.933
111.944
98.2174
99.686
99.0737
97.0497
108.755
108.108
105.658
113.598
112.867
109.349
104.08
102.124
105.747
111.241
108.844
102.223
108.554
98.5173
98.0729
104.324
103.226
107.945
110.369
104.21
102.218
110.266
112.924
110.724
102.918
102.386
108.202
104.745
100.69
110.638
113.392
110.235
116.016
100.675
95.735
104.893
96.6464
94.9262
106.485
113.039
112.676
105.496
108.196
111.838
110.552
103.956
99.6711
109.361
111.657
110.945
109.367
101.807
103.194
113.154
105.086
101.291
103.794
106.769
105.714
99.1326
96.2001
98.4494
101.435
101.24
106.039
110.852
113.359
99.1424
102.669
110.717
106.866
108.855
104.064
104.921
109.373
114.032
104.422
104.422
98.8191
84.8176
85.9513
98.8484
107.869
103.611
101.968
97.7374
98.5902
110.053
101.143
86.8056
93.7383
104.01
100.492
87.9198
88.8218
106.067
112.822
113.475
111.97
103.3
104.57
92.43
86.5389
99.5718
107.805
105.843
103.013
108.909
110.254
112.076
105.792
104.156
106.741
110.558
107.25
100.01
110.711
114.462
113.999
103.103
97.352
108.015
97.8282
91.5667
101.595
111.757
109.908
106.883
109.727
106.389
112.79
108.613
98.912
104.844
108.986
107.383
101.071
106.23
111.167
109.111
107.038
106.151
114.764
108.643
97.8186
101.425
105.469
100.548
107.221
109.788
104.504
109.499
114.201
112.784
103.135
104.761
115.187
115.241
96.637
94.5224
111.136
110.619
100.619
80.1603
76.0052
90.151
97.2479
91.3617
89.5015
99.1129
100.751
101.286
98.0873
96.8195
102.067
96.5717
101.189
108.542
105.815
104.624
108.454
114.811
109.607
108.167
108.601
102.454
94.3263
100.12
96.5857
91.0208
104.767
88.68
84.0583
100.695
105.652
101.189
98.5804
104.701
108.601
106.073
107.434
108.891
105.474
105.859
102.638
101.41
113.161
110.235
92.5669
91.2409
103.365
107.591
107.458
99.5421
98.8777
108.091
113.347
105.269
104.362
115.707
111.651
113.282
107.302
100.477
108.867
108.278
98.868
106.146
112.765
108.849
108.378
104.384
98.9854
106.923
101.667
91.781
107.793
108.696
103.648
105.826
105.983
108.219
109.884
106.236
101.43
111.489
114.962
108.867
107.654
101.174
99.4876
110.619
105.552
94.3485
97.3994
103.498
104.592
101.895
103.003
103.125
103.745
102.828
104.237
110.779
113.135
114.26
109.206
104.745
111.857
112.02
96.8992
97.7947
111.551
113.96
106.474
105.887
100.12
98.3623
99.6165
100
108.66
107.452
104.417
98.3139
104.319
108.272
104.129
104.037
103.52
108.43
114.877
107.73
95.2472
103.268
110.516
109.763
101.138
93.8923
96.1261
99.8353
101.921
93.9938
99.1768
110.084
104.674
99.4481
106.445
107.383
100.929
100.715
100.296
104.493
109.26
103.034
102.349
113.116
115.002
106.912
95.4062
95.3062
103.88
103.072
101.466
108.69
117.343
112.905
110.803
103.81
98.4979
103.338
103.675
102.229
106.326
116.387
112.082
111.198
112.988
104.921
106.028
102.093
94.9623
106.752
110.982
104.833
97.6992
99.8452
109.099
112.221
109.969
102.606
111.037
106.838
101.698
102.202
103.316
107.828
109.884
103.151
97.6038
103.504
97.5229
89.0631
82.0176
81.0077
83.3681
84.0371
95.2835
103.939
105.859
92.1701
91.1536
107.962
103.654
102.155
107.916
111.093
112.322
101.061
103.568
111.638
108.986
100.271
96.6651
100.929
102.749
102.166
97.0732
104.668
110.859
107.308
103.928
104.882
109.739
116.117
102.617
85.7229
95.9647
110.632
102.297
97.9528
101.688
105.781
106.479
90.8513
85.8701
100.12
107.538
103.977
104.635
113.231
106.769
101.394
103.875
103.799
95.4153
94.8002
106.992
110.26
109.224
111.049
112.454
109.367
101.358
103.338
98.9266
96.8523
105.949
111.819
115.627
96.5484
99.5966
114.574
105.691
104.915
108.478
110.455
114.456
110.339
101.911
104.297
110.632
104.866
102.754
106.474
110.908
107.078
105.971
98.2608
97.5515
108.009
101.843
107.538
107.596
105.558
109.577
109.29
104.14
105.435
109.969
100.867
102.849
106.809
109.051
112.511
112.404
109.391
105.086
103.734
