3.20905
23.1326
24.338
21.9722
19.8367
23.7846
27.8346
14.6513
14.3946
26.3925
26.7677
25.0872
25.3075
25.3826
24.6296
24.4756
23.4667
23.5222
24.5026
25.7878
24.8216
23.3144
24.2442
25.0913
25.4634
25.9612
25.6138
24.9221
25.641
26.5979
26.4389
26.2529
24.6293
24.9125
26.2048
25.5689
25.7126
25.8298
25.279
26.1066
26.7458
26.9002
26.4736
25.4651
25.9562
26.6706
26.108
25.4952
25.0235
25.1446
25.423
25.6141
25.5679
25.3756
26.0339
26.0668
26.2809
26.3376
26.2509
25.976
25.2602
25.5921
26.2199
26.4197
25.2793
24.8016
25.9555
25.4091
23.9535
21.5346
21.801
26.0217
27.4876
27.2941
24.1365
22.8634
24.871
25.4667
25.6512
26.2048
26.2061
25.8144
26.6049
26.7616
26.3501
25.4972
24.7641
25.3149
26.5657
26.059
25.4172
25.2417
26.0021
26.4337
25.9323
26.1469
25.5249
25.1443
25.7559
25.7208
24.6475
23.6033
24.4063
25.8491
25.9906
25.8141
24.6005
24.6163
25.2318
26.5481
27.7031
25.6519
25.0888
26.2343
26.1952
24.5017
22.4631
22.3531
22.8295
23.2794
25.0671
25.5379
24.9004
25.5493
25.6069
25.4722
24.2718
24.3947
25.583
26.0862
26.3248
25.3907
25.5774
25.7533
26.4722
27.1389
26.6734
25.5542
25.2621
26.0675
25.6776
25.4149
25.243
25.1367
25.7848
26.245
26.5509
26.8611
25.3501
25.2328
25.9044
25.3878
24.9972
24.3188
24.5987
25.4033
25.2953
25.2194
24.9878
24.933
26.0885
26.1989
26.2113
24.9168
20.9822
20.5436
24.003
26.2533
25.8876
24.6576
25.1547
26.0383
25.8211
25.6641
24.9286
24.4466
24.777
24.8543
25.063
24.1429
23.8729
25.3743
25.892
26.6841
26.3957
25.5402
25.4375
25.3646
25.5359
25.6687
25.2462
25.468
25.1133
25.4547
25.7145
25.6177
25.9407
25.1199
25.5656
25.7995
25.0504
23.3705
22.8167
24.8778
26.5199
25.7882
24.2872
24.6108
25.641
25.2439
25.3659
24.0307
24.1952
25.9232
25.9128
24.9884
24.1453
23.8869
24.9097
23.2439
21.4581
21.7143
22.3396
23.5034
24.2498
24.919
23.6069
23.9627
25.1338
24.9168
25.4732
24.9517
25.2159
25.4249
25.6256
25.4001
24.4233
25.0473
24.9336
24.6667
24.7513
24.7948
24.3576
24.9984
25.6197
25.1623
25.1629
23.855
23.6005
24.567
23.7761
22.6721
23.3476
23.8834
24.4978
25.1899
23.7886
23.9229
25.0995
25.4897
25.432
24.7663
24.5878
24.6889
24.6564
22.6734
20.4244
21.1142
23.5065
24.4487
24.732
24.4744
24.5885
25.748
25.2277
23.841
23.5225
23.459
24.1356
25.3739
25.1234
24.2515
24.3674
25.0935
25.2918
24.9501
24.3096
23.6415
23.5422
24.3908
24.4684
24.1249
23.758
23.9306
24.4762
24.6716
24.4135
23.1594
23.0819
23.7931
24.3161
24.2798
23.6841
23.1479
23.7096
24.5749
24.4663
23.8033
23.7363
24.6716
24.765
24.0544
22.2455
21.444
21.7019
21.0305
21.4335
23.2626
24.1876
23.7363
24.3211
24.4837
21.7413
21.7254
23.8288
24.0755
23.4645
23.344
24.2401
24.6904
24.7871
23.4935
24.0142
24.9386
24.6573
24.4039
23.8027
23.9186
24.099
23.9768
24.3069
24.1651
22.7692
22.6065
23.3481
23.7408
22.8998
22.5091
22.9603
23.4772
24.0145
24.1388
23.5244
23.2674
23.7993
24.0249
24.4427
22.4909
21.0648
20.1536
19.4131
21.0312
22.7477
23.5183
23.7889
23.9909
22.8436
22.0451
22.1347
22.3339
23.2
22.2469
22.2727
23.8402
23.6684
23.2799
23.0054
23.6726
24.2536
23.9489
23.4324
23.1495
23.4742
24.166
24.1313
22.501
22.242
23.6684
24.0457
23.6175
22.8967
22.1995
22.6273
23.7279
23.4805
22.4157
22.8277
23.9157
23.9725
23.3326
22.9313
23.3519
23.7107
23.4368
22.7762
22.5665
23.0256
22.4479
22.3644
20.9004
19.9545
20.5905
21.9116
22.7752
22.2138
22.3601
23.0007
23.546
22.5543
22.7757
23.4222
23.8501
24.2292
22.1988
22.3766
23.7051
23.656
22.5281
22.0313
23.119
22.8165
22.419
21.966
21.9327
22.5451
22.9917
21.6303
20.7665
21.7193
22.7136
22.9313
22.4411
22.425
23.2118
23.6541
23.3198
22.4338
22.0863
22.593
23.0641
21.1638
18.587
20.3075
23.4343
23.9906
22.6871
21.6645
22.4233
22.8214
22.5337
21.2073
21.6188
22.1776
22.8144
22.5147
22.6132
23.8257
23.139
23.1691
22.6513
22.5251
23.0362
22.8875
23.2693
23.087
23.1538
23.7764
23.4538
22.6137
22.157
23.0814
22.9542
21.9563
20.9264
21.4371
22.8551
23.071
22.5507
22.3209
22.914
23.2696
23.2699
22.3982
22.6667
23.3984
22.5874
21.3465
19.6816
19.6866
20.1189
20.4989
21.6382
22.4896
22.5451
21.6251
21.1144
21.538
22.1808
22.8365
22.9555
21.8431
22.0933
22.7451
22.594
22.1491
21.6415
21.675
22.8681
22.8595
21.9245
22.3739
23.0036
22.6157
22.2774
21.9539
21.5901
21.4542
21.5871
21.179
21.2073
22.6917
22.7361
22.4833
22.033
21.9094
22.6017
22.9626
22.298
22.0039
23.0075
22.628
21.4383
18.2877
17.9094
20.5495
21.3625
20.8143
20.8786
21.8119
22.3656
22.5182
21.27
21.778
22.4886
22.0758
22.4553
22.0673
22.0992
22.4987
22.4987
21.1797
21.0062
22.24
22.3217
21.5151
21.2267
22.0807
22.3764
23.3057
21.7365
20.0341
21.3557
21.9664
20.9209
20.3324
21.5922
22.219
21.8574
21.4904
21.6321
22.1102
21.8322
20.1814
18.705
18.9437
19.6709
21.2028
21.285
20.9325
21.8379
21.394
19.9605
20.5804
21.7103
21.8754
21.1522
21.3687
21.8996
21.4876
21.8326
21.095
21.344
22.0129
21.8541
21.4149
21.2175
21.9407
22.6642
22.6889
21.5654
21.3308
21.7493
20.8182
20.3128
20.6817
21.259
21.9144
21.8193
21.2515
21.3297
22.0276
22.2906
20.9978
20.8034
21.6614
19.9816
17.7325
18.1268
20.5406
22.5071
22.223
20.024
19.8153
20.2809
20.5708
19.6098
19.6294
21.1276
21.6997
22.1237
21.6882
21.5125
21.7037
22.5159
22.106
21.0144
21.5012
21.9725
21.5209
20.8294
21.0599
21.5274
21.4087
21.2811
19.9114
19.7932
20.4107
21.0031
21.3698
21.0715
21.5038
21.5473
20.3269
20.63
21.8114
22.0602
20.7704
20.3984
20.9078
18.9277
17.9532
18.2517
19.06
20.5541
19.8566
19.6435
21.1111
20.8067
20.1855
20.652
21.9884
22.1513
21.6506
20.9903
21.2974
21.9464
21.1189
19.7787
20.1882
21.6598
21.3659
20.2429
19.9822
20.9104
21.3129
20.1386
18.8046
19.5286
20.7816
21.0719
20.5097
20.1325
20.516
21.0937
21.3602
21.1681
21.8706
20.3734
17.4683
17.3073
19.8464
22.1271
21.4482
20.3759
20.7678
20.7065
20.1739
19.9203
20.1106
21.0813
21.1245
20.2891
20.4943
21.2211
21.7623
21.1564
20.9712
21.2583
21.231
20.8134
20.7898
21.6371
21.4296
21.8091
20.9124
19.6452
20.5935
20.8559
20.5008
20.3136
20.4796
20.9573
20.8853
20.0706
20.3138
21.4747
20.394
18.6965
18.1519
17.8646
18.7975
19.5884
20.0266
20.9685
20.8067
20.0409
19.6271
20.2618
20.6162
19.912
19.7042
20.8151
21.7221
20.9637
20.201
20.5522
20.4897
20.6062
19.2782
19.2736
21.1305
20.559
19.8801
20.0753
20.9584
21.4809
19.435
18.3984
20.1254
21.0962
20.1652
20.1145
20.6014
20.9391
20.5255
19.9838
20.3855
21.2105
20.6354
19.6479
17.973
16.368
17.678
20.0407
20.1924
19.809
19.2345
19.2409
20.3631
20.6339
19.9637
20.1861
21.2004
21.0422
20.5474
20.2612
20.2595
20.6418
20.6712
19.9932
20.0594
20.6337
20.5095
20.0711
20.1912
20.68
20.153
18.435
18.6416
19.8488
20.3955
19.72
19.2524
20.348
20.4834
19.073
18.3727
19.1099
18.7019
17.0928
16.9344
18.5955
20.264
20.008
19.3397
19.6862
19.6941
19.384
19.2182
20.0876
20.7665
19.6715
19.5337
20.4721
20.4257
19.8728
19.0195
19.1968
20.548
20.5948
19.2095
19.7
20.4784
20.2208
19.2691
18.8322
19.2972
19.4307
19.347
19.8159
20.1104
20.1349
19.8898
19.6941
20.7587
20.2045
19.989
19.5433
19.1789
17.8993
16.7112
18.3746
20.1552
20.0638
18.251
18.0125
19.1291
18.7878
19.1413
19.713
20.5577
20.4491
19.4128
19.7558
20.433
21.0895
19.4312
18.7112
20.0757
20.3946
19.5601
19.4462
19.7775
19.9304
18.6736
17.8473
19.2615
19.5265
18.5922
18.9986
19.563
19.8106
19.5547
19.3076
19.3737
18.6014
18.3368
19.023
18.6981
18.4619
18.7928
18.7981
19.4273
18.9847
18.558
19.2298
19.3115
19.5292
19.0756
19.1064
20.2222
19.7828
19.6746
19.3095
19.4092
19.7898
19.019
18.8724
19.3527
19.8785
19.7227
19.088
19.0114
18.8733
18.705
18.7345
19.3487
20.0226
19.3418
18.431
19.0331
20.362
19.625
18.4621
19.0852
18.563
16.0263
16.1068
18.7273
19.5599
19.1336
18.7972
18.4739
19.1619
18.5479
18.8975
20.4528
20.0391
19.2704
18.8548
19.6423
19.6806
19.1642
19.5427
19.8198
19.7186
19.004
18.7229
19.1252
18.6487
18.2008
18.008
18.9245
19.466
18.6895
19.1466
19.3776
19.1091
18.7198
18.8228
18.8363
16.5994
15.9525
17.4386
18.5596
19.0867
19.052
19.0219
18.9009
18.2124
18.3019
19.2176
19.4873
19.102
18.9608
20.0341
20.1593
18.9878
19.1477
19.3033
18.8813
18.5221
18.6076
19.0545
19.4075
18.6346
18.0531
18.8124
18.0096
17.5863
18.8882
19.3235
18.4098
18.5575
18.9462
19.0116
18.7556
18.3187
18.1032
15.7421
16.114
19.3857
19.7861
18.9626
18.4674
19.3907
19.7373
17.7233
17.4187
18.3641
18.9157
19.3328
19.1121
19.3742
19.3379
18.8377
18.9054
19.3442
19.5471
18.8285
18.6339
19.4171
19.4209
18.6284
18.4795
19.1203
18.3449
17.4275
17.9942
19.6134
19.3598
18.1297
18.7628
19.6315
18.6246
17.9033
19.2738
20.0918
17.793
15.9321
16.14
16.3524
16.9079
17.6493
17.175
17.8744
18.5691
18.7973
19.0647
18.5896
18.3222
18.8637
19.1184
18.4157
18.3417
18.926
19.0741
17.1728
17.2239
18.8745
18.6031
18.4896
18.4809
18.4373
18.4769
18.2415
18.0299
18.8663
18.9374
17.8074
18.111
18.8081
17.2992
15.9389
15.9647
17.2539
17.9953
18.2023
18.4233
17.4089
16.3018
16.8057
17.9743
17.9858
18.0574
18.253
19.0823
18.2952
18.0247
18.9183
18.4152
17.9706
17.9919
18.3602
18.1059
17.4912
17.9918
18.3656
17.196
17.3485
18.3276
18.6841
18.4118
18.1375
18.8145
17.5316
17.0216
18.2281
18.2234
17.9313
16.9425
16.4437
16.4734
15.4073
15.8994
17.7814
17.6263
17.3366
18.059
18.0773
17.4145
17.7001
18.8925
18.7184
17.6929
17.7552
18.4308
18.2043
17.6554
17.8729
18.2138
16.9076
16.5743
17.6775
17.3589
17.0467
17.77
18.1168
17.6607
17.8277
18.1192
17.85
17.5806
15.1102
13.6379
15.4252
17.8484
18.4293
17.4814
17.2037
16.5986
17.2503
17.4345
17.0745
17.8993
17.2989
17.4043
17.7838
18.9186
18.5209
17.3265
17.7316
17.4444
17.2682
17.3145
17.2955
18.1319
16.9266
16.3613
17.8664
17.3638
17.3644
18.1196
18.1871
17.9229
17.5343
17.6613
17.6095
16.9195
15.4416
15.0728
16.2009
17.7991
18.4043
17.5409
16.6731
17.1777
16.9146
16.856
17.8407
17.5799
18.0798
17.7195
17.5708
18.6637
17.9033
17.2542
17.5471
18.0548
17.5148
17.1665
17.5391
17.6097
15.8421
15.7552
17.4576
16.9198
17.2371
18.1046
17.8223
17.3993
17.2285
17.6789
17.7903
17.5171
16.0992
15.0817
15.6948
17.151
18.1571
16.6942
16.5978
17.6272
17.4712
17.1557
17.2338
17.554
18.2166
17.6368
16.7949
17.8555
18.0123
17.5345
17.7672
17.7521
16.973
16.3671
16.58
17.6429
17.1296
16.806
17.7503
17.7705
17.6541
17.7311
17.4289
16.7246
15.9687
15.4531
15.2596
15.5596
17.4242
17.9308
15.7836
15.9294
17.5714
17.1031
16.9844
17.876
18.3448
16.902
16.5663
17.7387
17.3804
17.0481
17.3031
16.8247
16.3469
16.8533
17.904
16.8962
15.495
16.6593
17.7857
17.2
17.1328
17.242
17.1302
17.3528
17.8744
17.2591
16.628
16.1614
15.3726
15.446
16.5959
16.9918
16.5626
16.2115
16.3305
17.1255
17.0122
17.0999
17.618
18.1174
17.1937
16.5266
17.2919
16.3803
16.6629
17.6717
16.5125
15.9218
16.5915
17.2915
16.522
16.1943
16.7857
16.9602
17.1996
17.3198
17.0519
16.5869
16.2629
15.6007
14.5168
14.3481
15.6751
16.8516
16.2306
16.0006
16.3924
16.4031
16.6527
16.8313
17.1506
17.0564
17.1474
17.771
16.8831
16.3787
16.6725
16.9668
16.5921
16.38
17.0632
16.3666
15.9679
16.4181
15.9855
15.9847
16.8617
16.9241
16.4917
16.9178
17.4484
17.092
14.6257
13.4378
14.9355
16.29
16.1335
15.8417
14.9663
15.444
17.2438
16.915
16.3775
16.9049
17.2619
16.3642
16.2327
17.1086
16.4646
16.0999
16.8848
17.0446
15.9397
16.0844
17.1129
15.7581
15.1697
16.3862
17.0896
16.4107
16.6392
17.4128
17.0295
16.8939
16.6898
16.525
15.803
14.7682
13.5487
13.8389
15.5119
15.8418
15.7241
16.68
16.8633
16.2779
16.9076
16.9284
16.785
16.6507
17.101
17.2274
16.2693
16.2499
16.5034
15.9983
16.0254
16.0385
16.0091
15.401
16.1255
17.5386
16.5578
16.5262
16.4864
16.67
16.1823
15.2365
14.1812
14.4313
16.2927
16.5177
16.1989
15.6304
16.1121
15.6927
15.7392
17.0984
16.3904
15.9838
16.3583
16.5426
16.1491
16.3445
16.3062
15.5948
16.1559
16.6482
15.9586
15.5407
15.7822
16.0399
16.1288
16.9436
17.1248
16.0386
16.3912
16.9186
15.3196
15.9766
17.5394
15.3786
14.1432
14.2179
14.9306
14.8488
15.4597
16.4389
15.8946
16.2286
16.6572
16.7375
16.4407
16.7184
16.8613
15.8695
16.1806
16.7638
15.8342
15.6109
15.7655
15.5631
15.0473
15.2212
16.4313
15.9742
15.5718
16.624
16.5886
16.1512
15.1086
13.0269
13.8127
