2.6591
17.123
17.421
18.8509
18.7445
11.2471
11.9052
19.6261
18.8042
19.9384
20.4313
20.1833
20.2969
20.8801
21.2639
20.9102
20.2515
20.3751
21.0846
21.1486
20.1857
20.2292
20.9674
20.9008
20.5651
19.7246
19.979
20.806
20.2304
19.1265
19.2443
20.3009
20.9144
19.86
19.9162
21.4369
21.3769
20.5922
20.1485
20.4489
20.7147
19.8997
17.5425
16.6607
18.6552
20.7876
20.0118
19.7728
20.3004
20.125
19.5396
20.0702
20.8672
20.7018
19.553
19.4996
21.0135
20.7226
19.8756
19.8167
20.6014
20.7204
19.6188
19.6821
20.3577
20.4555
20.3403
19.5395
18.9543
19.2297
19.0036
19.2493
20.3734
20.4445
19.6638
19.6202
20.165
20.3909
19.6071
17.7379
17.0755
18.2881
19.5979
19.3495
19.6052
19.9047
19.4786
18.9503
18.9399
19.7204
19.5668
18.9712
19.6858
20.5495
20.2597
19.7961
20.1505
20.5584
20.2284
19.8924
19.6144
19.8952
20.0882
19.4207
19.4568
19.8616
19.6128
18.6241
18.6529
19.6279
19.831
19.7488
19.5829
19.4715
19.5674
19.167
19.3949
20.0896
18.4956
15.9535
16.3451
18.9154
19.8136
18.9125
18.8239
19.1084
18.7259
18.4115
18.5139
19.4528
19.3583
19.3545
19.6342
19.7617
20.0668
19.1238
18.6823
19.7318
19.9587
18.9955
18.7612
19.3343
19.6765
18.8528
18.4303
18.7099
18.1572
18.4199
19.3396
19.7971
19.2472
18.6893
19.5372
19.9649
19.7793
19.0145
18.7813
19.7244
18.9872
16.8445
16.2047
16.8822
17.896
18.7936
18.5737
18.7068
18.4172
18.1894
18.7236
18.9077
18.9213
18.6623
18.8879
19.1064
18.4686
19.0969
19.524
18.6135
18.354
18.4045
18.7505
18.3127
17.4607
17.7874
18.8981
18.7049
18.2615
18.7482
19.0185
18.7616
18.1533
18.0933
18.8638
17.1506
15.7181
17.2304
19.0958
18.0603
17.4532
18.4544
18.0901
17.0766
17.2365
18.085
18.2266
18.242
18.2835
18.6998
18.3436
17.9297
18.6185
18.8729
17.9971
17.8037
18.5984
18.6743
17.6749
17.5773
17.459
17.0281
17.0023
17.1889
18.264
18.379
17.8514
18.1427
18.7454
17.4558
15.8641
15.9041
15.2748
15.5938
17.6629
18.0406
17.4605
17.5069
17.3833
16.7957
17.239
18.0837
17.9935
17.0589
17.0606
18.1194
18.0752
17.2022
17.4549
17.7536
17.4686
17.2457
17.3969
18.2359
17.5337
16.8298
17.0292
16.2733
16.7729
17.9445
18.0794
17.9016
17.0841
17.1164
17.0074
16.704
17.3205
16.4221
13.9896
14.9793
17.1409
15.2737
14.7581
16.0974
16.9305
17.5323
17.89
17.1851
17.1968
17.5439
17.3655
17.3
17.0174
17.3312
17.2247
17.0799
16.9515
16.7694
17.2989
16.1645
15.9103
16.8781
17.3659
16.6969
16.5431
17.5302
17.0698
16.8973
17.1821
15.9063
15.0024
14.9757
15.3204
16.3441
17.0166
16.826
15.4699
15.4266
16.8448
17.1944
16.9205
17.2726
17.4619
16.2658
16.3285
17.4397
16.7016
16.3043
17.3157
16.9811
15.9864
16.2614
16.2625
15.9406
16.2559
16.8408
16.9348
15.9071
15.7812
16.1899
14.312
13.847
15.7599
16.3275
16.5085
16.9937
16.5906
16.5371
16.4425
15.6333
15.7417
16.8192
16.9532
15.8528
15.7843
16.4829
16.8018
16.6925
16.2372
16.3818
16.5351
16.6635
16.5246
15.6171
15.3678
15.7825
15.7217
15.9935
16.4241
16.5299
15.9472
15.774
16.6058
16.2522
16.0056
15.1795
13.2761
13.5076
15.5142
14.3724
13.6443
15.2793
15.8534
15.8602
15.9356
16.173
16.3777
16.1567
15.9359
15.6886
16.034
16.4138
15.3478
15.3265
16.1631
15.9224
15.3033
15.5455
15.9089
15.6966
15.9818
16.383
16.1368
15.7384
14.0536
13.0953
14.8806
16.3862
15.9988
15.4209
14.771
14.1744
14.7812
15.9709
15.9337
15.8075
15.9647
16.0465
15.6237
15.5965
16.2215
15.4826
14.9499
15.5834
15.8807
15.5342
15.1027
14.9967
15.0901
15.6987
16.0829
14.6082
14.2668
15.7755
15.7937
15.035
15.1014
14.476
13.8985
14.4565
15.187
15.7939
15.5874
14.9522
15.1126
15.5207
15.7755
15.0581
15.1328
15.7798
14.9979
14.7299
15.3041
15.0858
14.801
15.2658
14.8767
14.8965
15.1284
15.0627
15.2391
15.2668
15.2168
15.5709
15.8353
14.8812
13.1862
12.8404
13.6033
14.5314
15.4783
14.7767
14.36
14.672
14.5641
14.808
15.3317
15.1263
14.983
15.5562
15.2589
14.6581
15.0111
14.9523
14.7033
14.3797
13.6623
13.9509
14.8704
14.7779
14.6765
14.8331
14.9637
14.6867
14.5011
14.721
13.8249
13.1864
12.8497
13.5783
14.6559
14.2941
14.3331
14.4862
14.1897
14.2386
14.6927
14.2671
14.6847
15.8629
14.5586
13.4922
14.333
14.6587
13.8559
14.0771
14.4536
14.8099
15.2382
14.4056
14.3946
15.0945
12.6565
11.5082
13.1597
13.9047
14.5329
14.9842
13.6366
13.3494
14.0434
14.4248
14.8232
14.8324
14.1559
14.8608
15.6578
14.7104
14.1361
14.1845
13.7647
13.6401
14.4096
13.9599
13.8415
14.2223
13.9365
14.4339
14.7437
13.935
14.0689
15.1654
13.6992
12.4022
12.1495
12.8607
14.0018
13.5694
13.4752
14.1694
14.1851
13.5436
13.9481
13.9518
13.9969
14.2188
13.7018
13.7973
14.3393
14.1497
13.674
13.2151
13.3654
14.5127
13.8932
13.6371
14.3572
13.2711
11.8507
12.4788
13.2145
13.6765
14.5383
13.7803
13.2512
13.3861
14.1974
14.2632
13.6775
13.8817
14.446
13.8604
13.6084
14.425
14.1912
13.6302
13.9935
14.0651
13.4952
13.5147
13.1114
13.2244
14.0961
13.6601
13.5669
13.8726
12.6591
11.0773
11.4893
13.3169
14.1999
13.1286
12.8301
13.3881
13.5114
14.0258
13.4963
13.7404
14.3309
13.8923
13.8775
13.913
13.6257
13.8488
14.3351
13.1112
12.6516
13.7093
13.898
13.8168
13.7732
12.9423
11.7585
12.3429
13.7125
13.8233
13.6626
13.4204
13.2845
12.8605
13.3601
14.0582
13.6124
13.4535
13.9215
13.8016
13.8825
13.8155
13.3923
13.8651
13.8856
13.0516
12.9331
12.57
13.018
14.0947
13.2775
13.1697
13.2685
13.4547
13.8686
12.1808
11.3856
12.2829
12.7393
12.7343
12.521
12.7205
13.8246
14.0424
13.5798
13.5562
13.5217
13.5869
13.5183
12.8589
13.1193
13.6798
12.6851
12.7673
13.2644
13.0492
13.6934
13.9031
13.4451
12.7933
10.7585
11.0141
13.0601
13.4972
13.2155
12.1714
12.4815
13.4186
13.469
13.2822
13.0393
13.1334
13.7765
13.3378
12.7572
13.2302
13.1032
13.0493
12.5679
12.4428
13.3347
13.0797
13.2421
13.3291
12.5114
12.7676
13.619
12.0387
10.7804
11.4892
12.2385
12.8257
12.8719
12.758
13.0125
13.1535
13.4811
13.1838
13.2756
13.6479
13.0865
12.5938
12.0119
11.7472
12.4628
13.0237
12.9036
13.1407
12.9289
12.8301
11.2689
10.9613
12.6816
12.6719
13.0225
12.5714
11.6255
12.2238
12.8829
13.3208
13.6501
12.5549
12.5591
13.4667
12.8145
12.8107
13.1334
12.997
12.8199
12.0533
12.1935
12.7236
12.8547
13.3836
12.9053
12.6944
13.0728
11.5248
10.9768
11.3319
11.3761
11.8517
12.0402
12.8458
12.7831
12.7236
13.4847
12.9993
12.7575
12.3573
12.2427
12.6904
12.7844
12.3746
11.6114
12.1924
13.1312
12.8385
12.6813
12.6456
11.8771
10.6992
11.2737
12.6115
12.543
12.2231
12.3444
12.4208
12.3654
12.3233
12.0812
12.7693
13.2882
12.4831
12.364
12.0752
12.1942
12.7674
11.6803
11.4097
11.8458
12.618
12.7147
12.2257
12.7676
12.3536
11.8702
11.2283
10.6211
11.2292
11.6052
11.9768
12.4648
12.0884
12.5415
12.6227
12.1164
12.0677
12.2311
12.8688
12.6103
11.9201
11.3463
11.8111
12.7533
12.2007
12.0326
12.2631
12.4715
12.5792
10.2937
10.0937
11.4135
11.605
11.8057
11.4403
11.6289
11.6394
12.197
12.761
12.301
12.0134
11.7325
12.1054
11.8972
11.3132
11.7325
12.122
12.513
12.6411
12.3487
11.9307
10.6539
10.4007
11.3541
11.8705
12.1912
11.9549
11.5158
11.3973
11.6716
12.0797
12.2548
12.2205
11.797
11.6784
11.9634
11.8799
11.9379
11.3214
11.3428
12.0639
11.9486
11.8074
11.6431
12.0855
12.4583
11.5485
10.4274
10.528
11.2939
11.6224
11.5314
11.4844
11.5071
11.9679
11.5768
11.3093
11.8182
11.8375
12.3616
11.7582
11.0076
11.0854
11.6565
11.8583
11.6406
11.9212
11.7418
10.9951
9.76772
10.1468
11.405
11.2057
11.1146
10.9753
11.6667
12.3179
12.3967
13.0344
12.0675
11.3275
11.3356
11.6476
11.7601
11.1169
11.3643
11.4314
11.9288
11.838
11.5046
12.1099
11.9323
10.7512
9.93414
10.7144
10.956
10.9229
11.0439
11.127
11.5658
11.409
11.5121
11.2698
11.2533
11.0753
11.2324
11.5198
11.0621
11.3339
11.293
11.4873
11.7562
11.3054
11.339
10.7994
10.5046
9.8724
9.82873
10.8256
11.3134
12.0603
11.5841
11.4441
11.5173
11.476
11.4079
10.8884
10.8896
11.145
11.3234
10.9886
11.0738
10.8723
11.0789
11.845
10.8004
9.74308
10.6015
11.7016
11.3972
11.0339
10.1013
10.4855
11.4872
11.5294
11.219
10.926
10.8842
11.1119
11.3036
10.5247
10.5103
10.8106
11.3438
11.7448
11.1696
10.8837
10.0849
10.3299
11.0771
10.8883
10.4622
10.6615
11.2215
11.0365
11.3122
10.7266
10.6362
11.139
10.9133
10.9216
11.0964
11.3911
10.9029
10.5185
9.97128
10.3076
10.9836
10.3264
9.86626
9.74104
10.2563
10.8921
10.6453
10.6007
11.6386
11.1797
10.6779
10.7815
10.8641
11.2732
10.7269
10.8141
10.9867
10.4561
10.2995
10.8264
10.9112
10.8352
10.9543
10.8269
10.2856
9.24744
9.98218
10.8847
10.6742
10.2
10.243
10.8203
10.9539
11.0961
10.6742
10.7781
10.7495
10.5806
10.3785
9.95253
10.2327
11.2027
11.3672
9.56796
8.92276
10.2707
11.1981
10.6071
10.1976
10.1908
10.7818
11.0101
10.9441
10.9018
10.7011
10.8861
10.5147
10.5371
10.483
10.3415
10.3389
10.3288
10.4343
10.5313
10.4899
9.95922
9.07099
9.67539
11.0138
10.5656
10.038
10.5101
11.2082
10.9284
11.022
10.5761
10.4939
10.8042
10.6014
10.3996
10.1047
10.2781
10.3576
10.7706
10.1918
8.83232
9.23327
10.6699
10.5731
10.0723
9.86991
9.67422
10.0396
10.2356
9.8354
10.4386
10.9595
10.439
10.0667
9.95907
9.90727
10.0602
10.2302
10.5648
10.8364
10.5424
10.6692
10.2165
8.97525
9.25977
9.94782
9.59919
9.53243
9.76992
9.7789
10.0017
10.2304
10.1149
10.1072
10.0903
10.1602
9.93177
9.9407
10.318
11.0431
9.72479
8.68334
9.54399
10.2694
10.189
9.92866
9.56421
9.95
10.4528
10.5877
10.4801
10.7198
10.2337
10.2715
10.1639
9.3093
9.34968
9.73625
10.3555
10.5376
10.2731
10.2246
9.46244
8.91591
9.53107
9.81176
9.72276
10.0891
9.93611
9.99191
10.3781
10.2201
10.4729
10.5573
9.90589
9.47154
10.191
10.7411
10.4067
9.44782
8.80828
8.88139
9.82651
10.3097
9.62061
9.56654
10.1742
10.3629
10.0754
10.07
9.98861
10.0455
9.93784
9.68715
9.98791
10.0663
10.1541
9.83236
9.67806
10.3942
10.3321
9.88362
8.96403
9.36321
9.6596
9.09678
9.89193
10.1298
10.1077
10.3299
10.2973
10.0057
9.61585
9.78814
9.67174
9.67095
9.37053
9.70365
10.5504
10.5152
10.0062
9.66328
9.16414
8.56051
9.05444
9.45055
9.51126
9.79216
9.62909
9.75372
9.50729
9.44889
9.67417
9.7126
9.53593
9.45846
9.91822
10.1524
10.1895
9.17646
8.19383
8.98053
9.91385
9.33676
9.132
9.44961
9.96299
9.95832
9.80152
9.88411
9.84174
9.86154
9.53748
8.79488
9.05285
9.87021
10.4621
9.64288
8.3703
8.676
9.73525
9.99325
9.43267
9.18202
9.43089
9.44729
9.79226
9.83453
9.955
9.84489
9.79696
9.6073
9.02788
9.24556
9.58336
9.85615
9.89947
9.52935
8.612
8.81955
9.78622
9.08988
9.08203
9.48447
9.59684
9.30969
8.92268
8.63711
8.86875
9.57776
8.82605
8.96085
9.52104
9.94901
9.8058
8.41492
8.37188
9.46625
9.6673
9.07507
8.83556
9.36518
9.67249
9.82898
9.53566
9.3099
9.50205
9.47194
9.43009
9.01864
9.01941
9.21978
9.6716
9.81557
9.22782
8.17969
8.38648
9.29925
9.07985
9.29407
9.59808
9.65153
9.70257
9.41606
9.5521
9.93621
9.84334
9.19097
9.02173
9.10527
9.5025
9.70846
8.77216
8.20806
9.01303
9.91031
9.15646
8.58542
9.05674
9.7161
9.49005
9.35629
9.34632
9.63893
9.29286
8.65793
8.70879
9.02417
9.67188
9.80008
9.30904
9.23557
8.51002
8.07474
8.51064
8.45927
8.91802
9.61446
9.39991
8.87001
9.18324
9.34544
9.35078
9.20853
8.3816
8.58067
8.60989
9.06458
8.32037
7.88927
8.60337
8.96644
9.19113
8.85716
8.83658
9.16863
9.37168
9.1824
9.24646
9.01441
9.09777
9.39766
9.01693
8.60963
9.03326
9.28988
9.23357
8.09776
7.91621
9.04687
8.67002
8.9025
9.20403
8.95672
9.02458
9.19642
9.49848
9.65074
8.88996
8.51502
8.93308
9.27154
9.23408
9.00167
8.64166
8.97892
8.12305
7.65055
8.57111
8.71027
9.42543
9.15546
8.75657
9.02853
9.16191
9.3824
8.76044
8.15009
8.26593
9.0291
9.24826
8.79314
8.21804
8.20341
9.06844
8.76025
8.5242
8.6234
9.10394
9.45269
8.82465
8.92901
8.84705
9.0622
9.17343
8.42141
8.46206
8.93567
9.01059
8.98021
8.51296
8.18796
8.53603
8.74783
8.58893
8.77251
8.97424
9.17709
9.54308
8.87757
8.69471
8.58262
8.47594
8.27773
8.23757
8.92682
9.01201
8.3603
7.99025
8.5641
8.51745
8.28882
8.65673
8.61386
8.52475
8.63994
9.22684
9.33323
8.85716
8.26573
8.11264
8.89142
8.86152
8.66611
8.92343
8.89316
8.11725
7.7306
8.11323
8.47465
9.08893
9.09666
8.74156
8.80018
9.14399
9.19608
8.74684
8.19931
8.41556
9.21876
8.83576
8.46966
7.91716
7.91866
8.45005
8.26822
8.33153
8.33281
8.78048
9.12592
8.35761
8.07142
8.40838
8.33434
7.9755
8.15817
8.71688
9.14369
8.85622
8.50535
8.22504
