9.07776e-312
inf
2.7394
44.0956
42.5125
37.0576
38.096
39.8835
40.1849
40.6967
34.1058
14.6129
15.6597
44.8853
44.048
43.5047
41.9507
41.7458
40.9082
36.1749
35.7181
33.9801
37.1671
38.2161
37.7444
44.0665
44.2762
45.2509
45.9221
46.1297
46.2471
46.6103
46.669
45.5031
43.5996
39.1896
39.9696
45.8516
46.8121
47.4125
48.0504
47.1231
46.0798
46.0384
44.2087
44.018
46.2235
46.1201
45.776
45.5757
45.7519
45.6704
44.9095
43.5587
43.8548
45.4246
46.6897
47.1187
47.1231
47.4305
48.6358
47.7373
44.8149
43.7905
45.4514
47.7874
49.1051
46.776
45.6475
47.5568
47.7601
47.0633
45.4236
43.9831
46.1872
49.4548
48.0181
47.3743
48.3711
46.9373
48.3419
50.8195
45.9063
42.5949
45.2632
49.3986
48.4766
48.2765
48.5826
47.0234
48.0423
50.3563
46.5376
43.2863
46.3671
49.2199
49.3937
48.4285
46.6875
47.4676
49.629
49.3523
47.8824
44.406
44.4978
46.7443
46.379
47.7111
49.5786
50.0338
48.2719
45.5934
45.3104
45.6256
46.6505
48.5732
47.5771
48.3057
50.6355
49.0545
48.2532
46.8066
44.0966
46.2032
45.683
44.6608
49.4083
49.1727
48.0862
49.6142
47.6372
44.2497
45.2284
47.7202
47.4755
48.0607
46.5853
47.8229
50.4058
47.84
48.0839
46.8439
46.1297
46.2161
44.9368
47.559
49.781
47.8492
47.9329
49.5135
44.239
42.3711
46.3833
47.9237
47.6679
47.3238
48.2835
47.4158
46.4922
47.6576
46.6962
43.2779
44.5276
47.7578
47.5703
47.7213
48.8007
48.7829
47.5082
47.6769
45.5986
43.78
44.9782
48.1707
49.5135
48.2462
48.4215
46.6995
46.8428
48.216
44.5623
44.2556
45.4339
45.8348
47.9812
48.5107
47.0135
45.3083
44.2968
43.1844
43.78
44.8934
45.403
46.1329
44.839
43.1658
45.8989
48.7971
44.7537
44.6289
40.9475
39.6275
46.2503
47.0223
46.7006
47.7099
47.4856
46.0405
44.4899
44.6219
46.422
46.669
45.8852
46.5354
47.694
47.9191
47.5941
46.0978
41.7032
42.0036
45.3227
45.9802
46.1361
46.4727
46.9495
48.122
48.5885
41.7816
41.5067
46.0013
44.9055
44.9146
46.1191
46.8033
47.8538
49.5909
45.3999
42.9498
45.21
46.2899
46.4997
44.7758
46.4037
48.5354
46.9197
45.1712
43.4858
44.6688
47.6247
47.3675
45.5094
46.7607
49.0064
47.0334
47.0666
45.3032
43.6319
45.6506
45.8852
47.1787
48.4649
49.3194
49.9426
48.7365
44.9671
42.6194
43.1667
46.2043
47.3149
45.3741
44.7017
46.0883
47.4012
43.6481
42.0504
44.116
45.7373
46.7181
46.032
46.199
46.3489
46.9164
45.8663
39.7062
40.1019
44.7337
45.609
46.4005
45.0542
44.8189
45.708
45.7268
43.0219
40.6281
43.0163
45.9485
46.9936
46.7913
45.6111
45.7645
44.5772
44.5553
43.5986
43.7158
46.4544
46.5214
46.6385
46.2332
45.4504
46.1404
47.0489
43.4669
43.19
45.2253
45.335
45.5539
46.2161
44.7708
43.6653
44.8773
42.4043
43.2189
45.5664
45.3278
45.3999
46.1787
46.151
46.1116
46.2481
41.2422
42.0239
46.5062
45.4091
45.6111
46.0745
43.8933
43.149
46.2054
43.9194
41.6858
43.0904
44.8873
46.2438
46.8955
46.7061
46.0151
46.1894
45.7383
42.5134
40.6752
43.7637
46.7377
47.2925
45.6955
43.7359
45.9548
47.6838
43.6034
42.603
43.1667
44.7608
47.4395
45.9443
43.7656
45.0938
45.0857
43.7187
41.8515
41.7476
44.957
46.436
45.7028
44.618
45.819
46.2695
45.8747
44.4247
42.8348
44.0917
46.118
45.9
45.7907
45.6152
44.9337
44.6728
44.1745
41.3163
41.9718
45.0106
46.0289
45.0887
43.3032
45.159
45.1386
44.7357
43.2161
40.9149
42.855
45.2724
45.9548
46.3833
46.261
45.4928
42.3182
43.3981
43.8885
42.4998
45.0532
46.1053
44.957
45.0582
46.556
45.3155
45.6986
43.2582
39.9257
42.6612
45.0826
43.2957
41.8962
43.8145
43.1546
41.474
40.0248
40.036
43.3529
45.0005
46.1862
45.4494
44.6678
45.4794
47.1242
44.8159
44.016
44.5424
43.4792
44.8662
45.0106
43.6624
44.1599
45.2519
40.8072
40.3633
44.017
43.8222
44.7487
44.6239
43.8097
45.4153
46.9693
44.7598
41.0863
40.3185
41.8454
42.8596
42.822
42.603
43.305
45.9738
46.4835
43.6634
44.0548
44.3853
44.7838
44.8823
43.6338
45.5695
46.7891
42.9655
36.6838
37.3441
43.4575
43.5606
42.947
44.2458
44.1599
44.3253
44.1219
39.9736
38.6728
42.2878
41.126
37.5749
32.7166
35.0146
39.3043
38.9696
43.0265
43.8404
43.7407
43.9609
43.7302
43.9232
44.2654
42.9664
42.4124
44.3833
43.4471
41.956
44.5474
45.2571
43.6119
41.5446
40.4343
42.8018
44.3833
44.4889
45.7603
43.3802
42.5333
44.4573
45.3063
42.7104
41.6069
43.6443
44.3312
45.1855
43.5958
43.691
45.5602
44.0228
39.7685
39.8248
42.8018
43.0747
43.6234
43.383
42.7625
43.6376
44.1044
42.0203
41.7032
43.0635
42.8366
41.7058
41.8778
43.7895
44.5137
43.7828
42.8578
40.1381
40.1147
43.7378
44.3351
43.5379
44.0723
43.0858
41.7354
40.6075
40.9341
42.5568
42.811
43.9454
44.0917
42.9221
43.0265
43.5758
41.3642
39.9218
41.8095
42.633
44.0781
45.4452
44.3646
43.7044
43.3294
43.1341
41.0122
39.3771
42.0027
44.83
44.4484
44.049
42.9139
41.9992
40.373
39.7614
39.1106
41.2014
43.1211
42.179
43.3135
43.096
42.0053
40.6554
40.9886
42.8275
44.3981
42.936
41.3368
43.7216
45.9042
44.2507
41.4379
39.9313
40.1631
41.7955
42.8633
43.0126
43.6624
43.9773
43.2031
39.3306
38.9507
42.8431
43.8799
42.3837
43.2059
43.3492
42.653
40.6355
39.9728
43.3238
43.1044
42.5224
43.6405
44.4563
43.7216
41.7406
41.0248
41.4388
42.5831
43.5294
44.7547
45.2909
43.5227
42.2708
41.7641
39.6479
39.5085
42.9821
44.3695
44.7948
43.6605
42.3218
43.0923
41.1311
40.793
42.8009
42.1301
41.82
43.4282
43.3821
42.8633
42.5134
39.1857
38.881
42.3702
43.4311
41.8139
42.8082
44.2165
43.4131
39.8923
39.4166
42.7579
42.3756
42.4962
43.4849
44.4563
43.4584
43.2311
41.3155
38.1279
39.1619
42.7844
43.2442
41.5818
40.134
38.5223
39.8565
38.529
38.0655
42.1044
43.501
43.0561
42.4052
41.4688
42.3012
41.6432
39.1873
39.5757
42.0867
44.0238
42.9258
42.0557
42.9489
43.1518
39.6338
39.2357
42.1061
43.4084
43.4943
42.8761
43.7723
42.9969
40.0328
39.1995
40.8956
41.0097
41.2652
41.1557
41.0256
43.4056
44.1813
42.4565
40.987
41.1041
42.346
42.346
41.8498
42.0407
43.4518
43.0283
38.9833
39.7527
42.6685
42.0504
41.6649
42.2672
41.4654
40.2617
41.1125
37.9903
38.0554
41.9111
41.2899
42.0018
44.3695
43.9734
42.0106
40.0874
39.3678
39.5116
41.3779
42.8761
41.3856
40.9157
42.5206
42.2422
38.6623
39.103
43.416
42.5876
41.4662
42.9341
41.8655
41.1989
42.8146
40.8155
39.1045
41.2967
42.7561
41.5489
41.013
39.7907
40.577
42.4827
39.8843
38.2497
38.9037
41.1193
42.9258
39.6621
39.6794
39.5538
38.3303
39.8549
40.4703
41.862
41.2159
41.2235
42.5613
41.1599
39.5007
40.0296
42.0574
42.0849
41.3685
42.7917
40.4114
40.4359
35.2659
32.4565
38.088
41.3411
42.6976
43.2872
43.2414
42.9673
39.8947
38.2248
39.9154
40.6364
40.6868
41.3959
41.4989
41.5386
42.0681
40.3559
39.1259
40.0802
42.0521
43.109
41.7859
41.4577
42.8633
41.0703
38.3921
40.2568
42.8495
42.9461
41.5084
39.7046
35.5625
32.2482
30.4349
31.1119
33.9674
35.6977
33.6366
32.9636
31.8471
30.5334
34.6963
39.5961
41.4156
41.7502
43.2274
42.398
40.4817
37.2682
38.6817
43.6453
43.0274
42.9793
42.0221
41.8445
42.0221
38.8206
38.2329
41.3745
39.4578
38.8772
41.7249
41.4285
41.4645
39.622
37.1175
38.6959
41.2006
40.5968
41.0248
41.8831
40.8155
41.1565
39.8406
38.373
39.7488
41.1684
42.9997
42.9756
42.6767
42.9775
41.1701
37.2773
37.8702
41.5792
40.7183
40.5902
41.956
41.1125
40.6628
41.013
40.5663
40.0384
40.1107
42.7086
43.5521
41.2252
40.3161
41.2303
39.8097
38.429
39.9066
42.4728
43.9792
42.7743
41.2099
41.437
39.165
35.8764
38.3223
41.7598
40.5605
40.2277
40.8839
40.848
40.4179
38.1105
39.4797
42.4412
38.4956
36.7803
36.1762
34.2179
35.8596
38.4578
39.6306
40.3275
40.1236
41.3565
40.5515
40.2139
42.1345
38.059
38.0113
40.1824
41.4079
43.0932
40.4106
41.0038
42.2529
41.7955
37.8601
37.0789
41.731
41.204
39.6228
41.8235
41.1938
40.422
39.6849
39.374
39.9553
39.7014
39.0442
40.0264
40.5359
37.6194
38.8916
38.9446
38.4578
40.6265
41.8174
42.5595
41.7467
40.6223
39.3918
37.3343
37.5622
39.1535
40.4016
42.3765
41.8323
40.8038
39.9114
40.2414
38.5654
37.1637
39.2927
40.4384
40.9257
40.7639
40.3397
40.2366
38.5788
38.1548
38.9643
39.3275
41.5507
42.2779
41.841
42.3962
39.5085
38.1526
39.4112
40.1429
41.4036
41.3608
40.3885
41.7423
39.4104
36.624
38.672
40.5737
40.9216
40.4416
40.0545
41.1159
41.7606
38.5112
37.5023
40.1099
41.5144
42.069
41.6398
41.8699
40.8564
37.5361
37.8401
41.11
42.2271
40.2893
39.5726
40.9383
41.4096
40.3405
39.9138
38.059
37.4188
38.5743
39.4267
42.1044
42.7186
40.5301
36.2011
36.5063
40.5787
40.1494
39.7369
41.7493
41.5818
40.0392
35.9286
34.8274
37.4483
38.4054
39.763
40.1832
40.3397
41.013
39.9449
36.8983
36.3451
36.825
38.506
41.4972
41.5429
39.5319
34.6404
35.0809
39.2742
39.9233
41.0998
41.1117
42.0036
40.8497
39.7409
37.891
37.7259
40.0112
39.8034
40.0216
39.7196
40.1429
38.2088
35.7488
36.9079
39.644
40.1945
40.3502
40.9023
39.8073
36.2832
34.6147
36.827
40.4114
42.4592
40.0874
40.1115
40.5375
37.0069
36.848
38.5996
39.6723
39.6291
39.1903
40.6611
40.004
37.0199
36.408
39.4128
41.1446
40.3894
41.4173
42.1505
41.2201
39.6566
38.5795
39.3554
39.7188
40.6256
39.9928
39.6369
39.8081
39.0694
38.5386
38.7462
39.9896
39.1888
38.5974
39.514
40.1332
37.8774
35.9337
37.6407
41.3497
40.1445
38.0163
38.6862
40.4433
41.9948
37.3141
36.7809
40.2755
40.554
40.4089
40.9366
41.6788
41.2431
36.0796
34.3489
37.1955
39.5742
40.5836
40.7897
41.0458
40.8705
38.2248
35.1908
37.9983
39.7385
38.4305
39.0518
40.0641
40.4024
37.5411
36.4485
37.1009
37.0226
39.1888
41.6519
39.1673
37.937
39.4267
38.1323
39.6204
41.5697
39.7219
38.8448
40.089
39.5429
35.5208
36.0692
40.5564
39.9003
38.8138
39.5351
40.4875
40.413
34.6867
35.0385
38.7184
38.0438
39.5109
39.0221
39.7464
40.9802
38.5795
36.0796
38.0272
40.997
40.0216
39.0198
36.4292
38.0322
38.4194
34.8341
37.1181
40.0826
38.8425
39.5155
40.9794
40.4334
39.0153
36.9167
38.067
39.9265
39.2603
39.4937
39.744
39.1412
36.6764
36.9535
39.2727
39.2157
38.6705
38.8568
39.8684
39.7393
38.1345
36.7148
37.7715
40.9601
40.494
39.0816
39.681
39.5077
37.3734
36.1494
37.6102
39.5922
41.4062
39.5366
37.8666
39.0312
39.8446
37.2141
36.4737
37.9889
39.2896
40.2495
39.6928
40.312
39.1919
37.8931
37.0769
37.4476
39.6597
38.4956
38.7995
39.6212
36.8568
32.7686
33.7422
39.268
38.8485
38.7529
39.5546
40.2925
38.0575
35.7609
37.6329
38.7387
39.5101
39.3747
40.4359
40.6934
39.116
36.2976
35.6386
37.5277
38.6511
39.9529
38.8704
38.503
37.9939
33.3979
33.6208
36.9884
37.3643
37.9795
39.2796
40.5836
40.4785
37.2377
35.4912
36.3623
38.5512
39.8645
39.5405
40.563
41.1362
38.765
36.1083
34.6644
35.9273
38.4786
38.3318
39.8105
39.9736
37.4511
36.2417
36.8609
38.7177
41.0071
40.5737
39.2318
37.805
33.9363
32.3656
35.4535
39.7654
39.2019
37.8251
38.5698
37.3566
36.0549
37.172
37.9492
38.2607
39.4571
35.9402
30.4887
31.8857
37.1278
38.6406
40.0424
39.8971
39.0495
39.029
38.956
36.7053
36.4531
38.0257
37.6676
38.6168
40.4588
40.4694
37.9514
36.0789
37.4042
39.9162
40.3063
38.5356
38.0221
39.3546
38.5238
36.537
36.8609
37.6549
38.3848
39.2719
38.4179
39.218
40.0858
36.5624
35.1556
37.4841
38.6668
39.2065
39.0069
38.2768
37.4244
34.873
34.8044
37.5206
38.0163
38.4128
38.0525
38.4926
38.8199
37.9478
38.4571
38.66
38.9772
37.9716
37.5263
37.4035
36.8026
38.1098
39.0373
38.4379
38.7004
39.5671
39.7828
38.3318
35.8886
35.7609
37.8093
37.9125
38.7177
38.9681
39.0678
40.8672
38.3516
36.7742
37.1678
38.3693
39.5906
38.7447
38.2007
38.1432
37.1789
36.7755
39.0663
40.3372
40.0224
40.8547
39.8367
36.3921
33.2519
34.139
38.1221
39.1504
38.5364
38.7492
39.2958
36.0425
35.3232
38.5423
38.2307
39.6228
41.1819
38.841
38.0938
35.9273
36.0536
39.6534
39.1275
38.2059
39.2134
40.0649
36.4751
32.0899
34.3183
37.7893
38.5825
39.0793
39.2866
38.765
36.3207
36.2129
38.1891
39.0686
39.2457
39.1405
39.1458
38.8795
36.3736
35.7763
37.8201
38.675
37.8229
38.0945
39.1144
39.3492
34.5375
31.9397
35.7782
38.4032
38.9522
39.3507
38.3568
36.9269
35.8134
37.8659
39.2534
38.373
38.1986
38.3002
39.7512
38.9204
36.2753
36.519
37.7736
38.2651
40.1292
38.4357
37.1637
37.1106
36.0328
37.6669
38.0735
37.8975
38.2226
37.6315
37.9018
37.4834
36.2234
37.1306
36.9297
37.4427
38.8463
37.9176
36.0049
34.5871
35.7022
37.8458
38.3105
38.9848
40.2771
38.1069
34.0855
32.7145
35.617
38.7732
39.2812
37.9125
36.9119
34.8651
32.3866
33.6757
37.2335
38.4438
38.3318
37.4756
35.1007
34.6153
35.7782
35.1191
33.2132
34.8754
37.5982
34.0038
33.2845
35.8854
36.6274
37.8115
37.4574
38.4956
40.0096
37.0336
36.1952
37.2128
37.7316
38.4652
37.623
37.8609
38.9917
36.5317
33.1159
34.8426
37.6201
37.1188
38.526
40.6001
39.8271
36.6986
35.1074
34.3838
33.4801
33.724
33.8513
34.6081
28.9872
28.8846
35.6176
36.762
34.9498
32.5457
34.1274
33.911
34.1361
37.1533
36.7924
34.8918
34.4899
33.0044
31.7692
34.7301
37.1609
35.0674
34.4252
30.9924
29.1138
30.248
31.2935
31.8801
30.9071
31.4416
34.5817
32.1812
29.3871
34.522
34.5668
34.3601
37.5052
35.4553
34.7403
34.0223
34.5268
34.5334
34.0246
35.0017
35.4836
34.3189
30.9454
30.4368
32.5124
34.2296
34.3
33.2574
31.9448
29.7921
30.505
35.3319
39.6204
40.8455
39.292
36.9563
34.629
35.2286
38.0221
38.9772
39.0115
38.3061
38.2314
38.5907
35.6037
34.638
36.8141
37.4497
39.1688
38.9037
37.0062
36.1122
35.022
36.2595
38.2797
38.7958
38.4143
38.3708
38.312
37.6025
35.8564
35.6901
37.8644
38.0091
39.2549
38.4091
37.0412
36.5999
35.1543
36.7026
37.8659
37.6932
37.7715
36.4618
36.1978
32.6936
32.6429
36.2168
31.0506
29.3966
34.0252
35.3257
34.046
36.1259
38.3855
38.4741
39.2657
38.7319
38.8206
36.5037
35.2808
37.2933
37.0487
38.9719
39.6715
38.7079
38.2029
35.7955
35.2746
36.2352
37.7943
39.0282
37.5982
37.2162
32.6915
32.1704
38.1228
38.7402
37.0055
36.6421
37.9925
38.1512
36.6401
37.0165
38.5996
38.2051
37.7117
39.238
38.7012
36.9269
31.7743
32.3971
38.192
37.8616
36.6892
36.6448
34.9767
33.2568
35.8474
37.0062
37.0035
37.5919
37.0782
36.6099
34.9004
35.6716
37.6534
38.3686
38.4845
37.7024
37.8172
36.4731
34.8195
36.0114
37.5629
37.8251
38.6347
37.7843
36.7911
33.7149
32.652
35.5695
36.3696
37.2052
37.8709
37.8723
38.5542
33.9928
32.0729
36.1932
38.5713
39.1053
38.4128
38.3855
38.2958
35.2927
35.8333
37.1499
36.6643
37.873
38.4771
37.6982
37.8451
34.7572
31.9698
35.0736
37.6896
37.0206
37.7658
38.1076
36.4179
36.3901
36.8759
36.7168
37.522
37.07
37.6209
38.2643
36.2772
35.5379
37.1402
38.0228
36.9297
37.1209
38.0221
37.1595
36.5918
37.4504
37.0281
36.4332
37.2842
38.1723
38.3098
37.6145
35.6125
36.4598
39.0885
37.7701
37.5375
36.9276
36.6851
35.968
36.3537
38.1018
38.0974
39.129
39.0046
38.6354
37.1161
35.0656
35.9473
37.2204
37.5855
37.3678
37.5791
39.2812
37.8781
34.3489
33.6525
35.3076
36.205
37.0872
37.7095
36.3749
34.4727
35.1339
37.0158
37.6776
38.6205
37.9773
37.6025
36.6267
34.7047
35.8957
38.3671
38.8199
37.6903
37.9881
38.9757
34.8462
34.4448
38.2819
37.4371
37.07
38.1818
39.0153
36.9987
35.4585
35.6824
36.0627
36.4372
36.4997
37.3895
38.0293
35.7699
35.3033
37.0872
36.8616
36.5444
36.3095
37.8687
37.8967
34.7017
35.1543
36.7884
35.8609
37.143
38.8108
36.9645
36.3861
33.7393
33.432
36.848
36.5571
36.8956
36.9597
35.5076
34.0032
35.8237
37.9737
36.4485
36.5157
37.3086
37.5368
35.215
33.8129
35.3376
37.2446
37.9082
37.8058
38.2702
38.0539
34.9626
33.7336
36.1781
34.9437
35.0404
36.3597
36.3075
35.6227
33.6445
35.4522
37.6527
36.8263
35.9984
35.7162
37.3044
35.9958
35.0976
36.7992
37.407
37.0508
37.3162
38.2951
35.5783
34.0159
35.4899
36.5805
37.9557
38.348
38.4143
37.8172
32.2685
32.7761
36.7816
35.7475
35.6538
36.6394
37.2537
33.1752
32.55
35.5619
35.6882
37.0137
37.3239
37.0117
37.7793
35.9505
34.2097
35.8134
36.7579
37.3594
38.5966
38.2248
35.6977
32.9641
33.8495
35.3476
36.4511
38.4017
37.9809
38.1374
38.1294
34.2032
34.4649
37.2197
35.5745
36.5404
37.9334
35.8417
32.9984
32.2914
34.5668
35.8038
36.7289
37.2974
37.8108
33.8604
33.2574
35.6386
34.4715
35.8032
37.4532
37.7266
35.4704
32.4465
33.0235
36.3042
37.5679
38.3774
38.238
37.1747
35.073
34.4893
36.5637
36.998
36.1219
36.9952
37.0103
35.4114
35.7296
37.2606
37.0446
36.3987
36.7735
36.8575
37.6697
36.6502
34.2577
34.5883
35.7539
36.3471
36.8073
36.0445
33.9622
32.8294
34.6927
36.507
36.9181
38.0206
37.8444
35.713
34.6981
35.5316
36.7485
36.9154
36.4398
36.9004
37.8508
35.1438
34.1921
37.9104
39.3113
38.8191
39.3144
39.0831
36.71
33.3267
32.4291
35.0024
35.5164
35.8802
37.4883
36.0744
