7.63401e-312
inf
1.48166
4.08756
4.62143
5.66417
6.16679
6.05074
5.85341
5.88303
5.86562
5.90007
6.03972
6.05082
5.91466
5.90134
6.01536
6.04681
5.92136
5.70967
5.59936
5.6182
5.54419
5.60904
5.5025
5.17281
5.24981
5.47034
5.6156
5.70674
5.72662
5.82333
5.71878
5.58854
5.65933
5.60686
5.57277
5.6784
5.63615
5.55441
5.5875
5.58681
5.58779
5.54017
5.5582
5.61787
5.58538
5.55694
5.4878
5.49475
5.5607
5.62158
5.58825
5.44287
5.43713
5.51025
5.52549
5.53589
5.53321
5.55401
5.43944
5.25975
5.20508
5.13613
5.21481
5.26648
5.29775
5.37263
5.3829
5.43545
5.43217
5.51225
5.46672
5.41331
5.45887
5.34504
5.28717
5.38
5.56427
5.64929
5.52906
5.47106
5.48623
5.40317
5.43973
5.55364
5.62121
5.68298
5.61046
5.59323
5.62303
5.54061
5.59339
5.7655
5.42424
5.29707
5.34399
4.90612
5.05211
5.39323
5.46624
5.70594
5.73176
5.76211
5.77988
5.72774
5.70854
5.75111
5.84655
5.84527
5.81237
5.81816
5.82813
5.89701
5.86345
5.75068
5.66609
5.72438
5.86985
5.94403
5.96017
5.87556
5.82372
5.78582
5.85018
5.97834
5.99391
5.90101
5.8555
5.94804
6.00622
5.89119
5.84003
5.93078
5.9099
5.8967
5.88913
5.86539
5.78461
5.81399
6.06866
6.05455
5.93151
5.88809
5.8691
5.92749
5.96515
5.94371
5.91326
5.89148
5.93556
6.10542
6.08276
5.97104
5.8667
5.79798
5.96218
6.06905
5.9518
5.925
5.94002
5.91287
5.97479
5.97611
5.97713
5.9735
5.99713
6.11296
6.0171
5.93694
5.90028
5.80354
5.96901
5.99675
5.90139
5.96664
5.9665
6.00669
6.13638
5.98689
5.80734
5.90327
5.97213
6.09305
6.07249
5.94177
5.9281
5.83538
5.93953
6.12809
6.01544
5.91266
5.91455
5.99416
6.11282
5.99706
5.85278
5.92419
6.02444
6.14507
6.11958
5.98507
5.96186
5.84547
5.97266
6.13004
6.01397
5.86502
5.79326
5.96938
6.09364
5.98738
5.82064
5.85691
6.11062
6.06849
5.92249
5.94734
5.9602
6.07286
6.0079
5.83645
5.84942
5.92709
6.05116
6.11413
6.01045
5.90634
5.76691
5.77177
6.01567
6.0675
5.94932
5.91343
5.87053
5.8349
5.96241
5.8905
5.83815
5.93174
6.02031
6.15048
6.0545
5.94981
5.79433
5.68364
5.93058
6.08561
5.96627
5.88273
5.84662
5.90992
6.04104
5.93447
5.79207
5.84462
5.90531
6.04419
6.08608
5.89065
5.78672
5.79883
5.9359
6.04875
5.93826
5.82988
5.83175
6.02168
6.1015
5.99466
5.8503
5.8363
5.95392
5.81779
5.62341
5.61736
5.66197
5.19995
5.1286
5.64919
5.83397
5.79687
5.77274
5.8372
5.85221
5.83374
5.90148
5.96961
5.93296
5.92357
5.89993
5.91746
6.05283
5.99858
5.80258
5.82264
5.88646
5.86842
5.93622
6.04831
5.99639
5.91237
5.82025
5.86039
6.08056
6.00864
5.85638
5.8691
5.96662
5.98367
5.89107
5.81267
5.82067
5.90751
6.03468
6.04297
5.77844
5.68838
5.72513
5.77899
6.01256
5.97402
5.84267
5.84163
5.89074
6.04959
5.94985
5.79096
5.83466
5.96221
6.06489
5.94886
5.88616
5.87303
5.86347
5.99925
5.95678
5.83574
5.81943
5.801
5.96899
5.73521
5.35713
5.47449
5.07893
4.53193
4.50772
5.03489
5.25308
4.8849
4.98038
5.19517
5.30092
5.36265
5.39939
5.46884
5.53822
5.32568
5.20737
5.17648
5.17869
5.40915
5.24034
5.14891
5.37399
5.48716
5.52906
5.54527
5.56471
5.52694
5.42479
5.35177
5.42361
5.59414
5.57637
5.46609
5.37386
5.40068
5.36427
5.32323
5.43323
5.53128
5.57338
5.4441
5.20572
5.03162
5.19936
5.37198
5.39725
5.49438
5.43428
5.44763
5.50085
5.37037
5.40666
5.47369
5.42904
5.45164
5.37461
5.38259
5.53693
5.50838
5.44157
5.47786
5.51051
5.43725
5.37632
5.3582
5.41145
5.53891
5.39772
5.05405
5.02986
5.20458
4.88756
4.74229
5.04611
5.30994
5.39371
5.36036
5.37047
5.33951
5.28675
5.34184
5.50256
5.35143
5.26141
5.37705
5.36937
5.30098
5.28237
5.43174
4.9359
4.61709
4.41596
4.55304
4.9673
4.88908
5.03837
5.20363
5.24922
4.56073
4.00759
4.04053
4.61285
5.34529
5.27735
5.08863
5.01332
5.0667
5.22548
5.35682
5.39419
5.43009
5.46868
5.32185
5.29434
5.42627
5.44403
5.37307
5.40771
5.48174
5.42177
5.24196
5.22095
5.35054
5.37582
5.44046
5.57567
5.58115
5.47557
5.38125
5.31142
5.36285
5.42513
5.44465
5.4989
5.51355
5.4857
5.30648
5.2405
5.37626
5.38954
5.3719
5.38517
5.37701
5.33616
5.42934
5.46787
5.45216
5.38297
5.31351
5.36564
5.25435
5.26696
5.40869
5.48367
5.22603
4.77474
4.5555
4.98981
5.48061
5.35538
5.33772
5.37548
5.42022
5.39925
5.20332
5.2017
5.42161
5.47321
5.34788
5.27099
5.28455
5.2793
5.32968
5.38064
5.41496
5.46318
5.44053
5.37304
5.35279
5.26833
5.24224
5.2894
5.30161
5.32627
5.36581
5.35234
5.42155
5.49263
5.37825
5.33484
4.97899
4.8429
5.09759
5.20608
5.31334
5.37556
5.41102
5.44569
5.48017
5.37646
5.33059
5.36802
5.27023
5.32211
5.40798
5.25884
5.28259
5.38633
5.39281
5.55952
5.5377
5.37685
5.30458
5.24586
5.21198
5.26959
5.24275
5.22972
5.32896
5.28638
5.36878
5.4521
5.39639
5.36078
5.34595
5.36577
5.31773
5.27876
5.30662
5.38393
5.4796
5.42926
5.36664
5.24238
5.11088
5.22068
5.26053
5.25414
5.37151
5.41935
5.35927
5.35676
5.33589
5.294
5.28075
5.22914
5.27024
5.29108
5.21854
5.31173
5.46226
5.47995
5.38671
5.3296
5.35959
5.33131
5.22958
5.27048
5.35521
5.31923
5.34892
5.3911
5.40488
5.33785
5.35642
5.37569
5.23939
5.20448
5.32879
5.2851
5.21755
5.35187
5.45287
5.42523
5.38365
5.32436
5.31889
5.26399
5.25921
5.31912
5.30056
5.29375
5.35507
5.46514
5.36499
5.18461
5.18037
5.26321
5.30511
5.29643
5.30084
5.27033
5.19289
5.27544
5.40435
5.40065
5.32493
5.29872
5.15159
5.06625
5.23211
5.34804
5.42069
5.42863
5.4148
5.37204
5.20596
5.17771
5.27315
5.31734
5.30957
5.30096
5.25005
5.23631
5.38499
5.43446
5.38838
5.3887
5.34361
5.31249
5.21236
5.16184
5.27532
5.34927
5.38642
5.38741
5.35632
5.35156
5.26087
5.2158
5.20461
5.17874
5.25052
5.28993
5.24893
5.222
5.27175
5.35652
5.34492
5.28698
5.29597
5.2921
5.2197
5.22126
5.29606
5.27879
5.2521
5.28991
5.3531
5.3789
5.21394
5.16344
5.21692
5.25396
5.31563
5.30687
5.24319
5.16296
5.20756
5.28035
5.32667
5.31162
5.20383
5.15883
5.19968
5.18738
5.14267
5.2042
5.26436
5.28772
5.3879
5.42318
5.32718
5.20541
5.23189
5.27663
5.19733
5.19418
5.29089
5.29411
5.19895
5.27749
5.33852
5.31271
5.33424
5.25909
5.30897
5.27975
5.15554
5.20364
5.23571
5.10595
4.84947
4.71666
4.65947
4.87837
5.24688
5.34572
5.35458
5.35698
5.3869
5.32622
5.18141
5.15161
5.22652
5.12245
4.731
4.68612
5.10273
5.26472
5.21
5.22361
5.29912
5.36962
5.38596
5.33386
5.25663
5.17494
5.1303
5.17833
5.22894
5.22853
5.20148
5.18836
5.24174
5.30306
5.23234
5.10604
4.89795
4.901
4.9536
4.86962
4.99775
5.09511
5.126
5.23342
5.25902
5.16652
5.04195
5.0625
4.89716
4.75233
5.05077
5.28192
5.26673
5.30838
5.33614
5.33356
5.27198
5.21726
5.24154
5.17
5.15176
5.20855
5.21979
5.26894
5.3335
5.26501
5.15916
5.09118
5.18896
5.25352
5.13558
5.05818
4.87837
4.88123
4.85874
4.941
5.23322
5.1812
5.15453
5.19703
5.23651
5.22976
5.24872
5.27976
5.26686
5.24921
5.2342
5.23024
5.13447
5.14111
5.21443
5.27168
5.2654
5.27954
5.29395
5.30887
5.33252
5.17905
5.14197
5.19818
5.20503
5.21395
5.14782
5.12897
5.11462
5.16552
5.19651
5.16999
5.29573
5.36812
5.26152
5.19006
5.22549
5.2739
5.27958
5.20789
5.19423
5.11182
5.14642
5.26429
5.23813
5.29669
5.32484
5.27738
5.28095
5.21163
5.15921
5.21053
5.12928
5.09905
5.14274
5.20262
5.17806
5.16256
5.16113
5.13725
5.21825
5.25082
5.24018
5.1725
5.05881
5.11969
5.20091
5.18788
5.2784
5.26812
5.12177
5.10871
5.22675
5.31168
5.35568
5.31813
5.27969
5.12323
5.09788
5.21827
5.22765
5.23958
5.24622
5.25028
5.07246
5.01233
5.18007
5.23917
5.28884
5.31542
5.19865
5.17145
5.07987
5.07595
5.18641
5.1323
5.12867
5.12814
5.0747
4.99411
4.98459
5.06899
5.14234
5.13435
5.09343
5.16138
5.19067
5.17126
5.20115
5.16321
5.17696
5.09359
5.08064
5.24541
5.26112
5.09183
5.03973
5.01263
5.03066
5.15367
5.12867
5.11007
5.1554
5.21083
5.23599
5.28051
5.23649
5.17218
5.16804
5.1854
5.2058
5.1777
5.11442
5.14671
5.20438
5.22114
5.27113
5.21374
5.14345
5.13868
5.12237
5.12911
5.08599
5.09839
5.10988
5.11763
5.11534
5.00325
5.01258
5.08826
5.11132
5.17332
5.22047
5.17948
5.15159
5.16518
5.19456
5.18871
5.16081
5.13375
4.79335
4.38713
4.70617
5.15475
5.11963
5.13803
5.10199
5.12813
5.0975
5.07204
5.14495
5.20922
5.20585
5.18103
5.1076
5.101
5.1671
5.1372
5.15471
5.17505
5.18987
5.17758
5.05926
5.01654
5.10367
5.16102
5.12935
5.12059
5.08211
5.08963
5.13338
5.12859
5.15409
5.13534
5.05977
4.88596
4.90032
5.14787
5.24753
5.2032
5.18094
5.17787
5.09976
5.09483
5.17078
5.13151
5.12108
5.13929
5.11027
4.99048
5.03022
5.1711
5.13331
5.1363
5.19686
5.21662
5.13413
5.09562
5.0942
5.09467
5.11708
5.13645
5.15086
5.06119
5.03195
5.12974
5.09379
5.09765
5.17302
5.14889
5.19406
5.14409
5.08805
5.15595
5.11844
5.07966
5.13496
5.06171
5.07323
5.0607
4.96814
4.99547
5.0691
5.06646
5.04668
5.1214
5.17232
5.19925
5.18866
5.27426
5.11393
4.90735
5.00131
5.09915
5.07494
5.09661
5.15598
5.03159
5.00712
5.13877
5.16508
5.13314
5.13017
5.1798
5.12604
5.10226
5.15851
5.1577
5.14657
5.12479
5.10298
5.02894
5.03356
4.95947
4.8471
4.81021
4.81276
4.74506
4.84643
5.10648
5.13441
5.09059
5.13525
5.14669
5.04465
5.01467
5.06466
5.12067
5.09674
5.1063
5.10008
4.97874
5.01722
5.13568
5.08594
5.08167
5.10677
5.02293
4.89402
4.91159
5.05982
5.1161
5.06988
5.08876
5.09846
5.12059
5.20446
5.1463
5.08033
5.11142
5.08707
5.08898
5.04108
4.98946
5.06134
5.03175
5.06083
5.10441
5.04494
4.99235
5.00268
5.08195
5.09024
5.10045
5.15015
5.14315
5.11847
5.16212
5.17254
5.1357
5.14164
5.1044
5.02831
5.02617
4.84833
4.87824
5.01832
4.98385
5.109
5.12434
4.92965
4.95095
5.111
5.13288
5.11204
5.07809
5.14378
5.18543
5.11992
5.05048
5.07345
5.15071
5.12587
5.03407
4.9772
4.92222
4.97998
5.10772
5.08971
4.95953
4.97667
5.07455
5.09015
5.1053
5.08763
5.0909
5.0516
5.12673
5.20587
5.13089
4.95905
4.92953
5.03183
5.00677
5.02806
5.09842
5.12016
5.10732
5.0974
4.95724
4.8931
5.00895
5.13979
5.13733
5.12694
5.16488
5.11915
5.07026
4.98249
4.99191
5.04631
4.99387
4.99678
5.07478
5.09061
4.92164
4.88315
5.02885
5.09459
5.02808
5.02687
5.01809
4.98323
5.04395
5.0419
5.07408
5.07243
4.99046
5.08643
5.10261
5.09
5.14003
5.0704
5.04622
5.0388
5.05631
4.9651
4.92451
5.00033
5.02016
5.06434
5.1402
5.05165
4.97951
5.07335
5.05828
5.00296
5.05624
5.10934
5.13157
4.7607
4.46649
4.82874
5.18386
5.0796
5.02003
5.0454
4.98461
5.0156
5.07067
5.08661
4.90574
4.76531
4.55916
4.57037
4.83477
4.88313
4.89277
4.95287
5.01909
4.95208
4.9929
5.06457
5.07787
5.06169
4.97464
4.90802
4.8653
4.92247
4.98619
4.75348
4.70513
4.8763
4.64269
4.52801
4.83094
4.95835
5.01077
4.96307
4.95528
4.99426
5.02726
5.12713
5.10065
5.11016
5.1059
5.07403
5.04507
4.96075
4.98082
5.04369
5.05044
5.04885
5.02019
4.97558
4.96667
4.92339
4.88356
4.99849
5.04065
5.05256
4.97019
4.91591
5.03378
5.06846
5.06833
5.07053
5.08344
5.06301
5.02516
5.06154
5.05121
5.00848
5.03204
5.058
4.99296
4.95733
4.97358
5.01795
5.04615
4.99447
4.94427
4.95654
5.04377
5.06078
5.03364
4.9391
4.92241
4.95575
4.8855
4.94373
5.02193
5.05794
5.13514
5.13772
5.10308
5.06188
5.05906
5.10242
5.06307
5.02259
5.03899
5.03
4.94201
4.93437
5.03479
5.04053
5.02765
5.01582
4.94854
4.93219
5.0075
5.0321
5.00334
4.99886
5.01992
4.95927
4.86587
4.88931
4.94441
4.98634
5.05292
5.04542
4.94482
4.97274
5.03863
4.99467
4.98936
5.02111
4.99311
4.91813
4.9383
4.96402
5.02717
5.10044
5.07265
5.05721
4.96612
4.95241
5.01282
4.96508
4.94043
4.95143
4.98241
4.88361
4.87277
4.98981
4.92012
4.93375
5.00534
4.91723
4.88804
4.98264
4.94822
4.93969
5.02451
5.11108
5.09584
5.03185
5.04671
5.0584
5.04822
5.06159
5.07479
5.00853
4.90609
4.96891
5.00608
5.0001
5.02365
5.01482
5.03695
4.94181
4.96841
5.03615
4.83317
4.83889
4.94328
4.87779
4.90361
4.93692
4.97636
5.01355
5.01789
5.05811
5.04658
4.82288
4.3267
4.47382
5.00388
4.91121
4.88026
4.96092
5.06577
5.10567
5.08149
5.03572
5.05372
5.04588
4.9683
4.95912
4.98516
5.01111
5.0288
4.9705
4.93826
4.99683
5.01668
4.96415
4.87861
4.91294
4.90113
4.91011
5.00922
5.00625
5.01355
5.00665
4.91153
4.92767
4.89489
4.63642
4.75797
4.96395
4.89825
4.9429
5.00987
5.02188
5.03569
5.07973
5.01817
4.92022
4.97829
5.06693
5.01438
4.96543
4.98023
4.96514
4.8676
4.80494
4.86671
4.98439
5.02846
5.01118
5.03292
4.91857
4.86888
4.98897
4.98352
4.96818
4.96756
4.99315
4.99215
4.91082
4.94808
5.00533
4.95122
4.91052
4.94689
4.94263
4.98716
5.0905
5.07075
5.08382
5.08954
5.0407
4.90609
4.87776
4.95817
4.97416
4.89583
4.84201
4.93322
4.93908
4.94058
4.98591
4.99018
5.0172
5.01757
4.97982
4.90664
4.87681
4.91791
4.92061
4.92107
4.95776
4.98932
4.99059
5.02374
5.01462
5.02226
5.06428
5.0228
5.01706
4.90948
4.90678
5.02417
4.96411
4.99553
5.01295
4.87895
4.80796
4.8335
4.92642
4.9588
4.91385
4.92607
4.89406
4.88284
4.90717
4.93543
4.99991
4.99996
4.89522
4.87414
4.96508
4.98752
4.99317
5.00657
4.9825
4.84524
4.79128
4.91626
4.92514
4.88505
4.90156
4.87308
4.88833
4.94087
4.88847
4.89914
4.96885
4.80096
4.67701
4.65558
4.75303
4.61638
4.63825
4.90143
4.77163
4.84087
4.9175
4.89341
4.94308
4.93374
4.82841
4.75548
4.81138
4.90881
4.93839
4.9491
4.87693
4.86366
4.95823
4.91471
4.96256
4.96431
4.91756
4.90186
4.93089
4.96534
4.94818
4.98853
4.94081
4.94958
4.92024
4.8587
4.78977
4.69261
4.77179
4.77179
4.68809
4.36727
4.23129
4.62051
4.88505
4.86276
4.88735
4.87718
4.81561
4.84547
4.91471
4.95878
4.92691
4.89053
4.81814
4.87175
4.93683
4.81525
4.83015
4.91387
4.88189
4.89398
4.95125
4.97833
4.97144
4.99326
5.0344
4.95792
4.96227
4.99834
4.97479
4.90851
4.90498
4.71208
4.48501
4.727
4.86122
4.76414
4.7852
4.87335
4.87502
4.86147
4.93415
4.92919
4.93331
4.90512
4.84625
4.81277
4.81456
4.87632
4.91481
4.76796
4.70847
4.77558
4.86091
4.92288
4.9232
4.97802
4.86781
4.79201
4.85828
4.79262
4.83849
4.88198
4.85577
4.82941
4.84988
4.93148
4.90655
4.82846
4.85887
4.86599
4.84089
4.92288
4.91466
4.88975
4.87896
4.78817
4.79979
4.89092
4.88104
4.90668
4.9312
4.85794
4.88787
4.93676
4.94397
5.01141
5.02724
4.95987
4.83436
4.86062
4.9482
4.98354
4.97981
4.93618
4.97491
4.86895
4.85072
4.91723
4.87587
4.90458
4.95846
4.99108
4.8765
4.87359
4.97266
4.87104
4.80525
4.87801
4.92281
4.86034
4.87584
4.92166
4.87335
4.58937
4.59591
4.91335
4.90892
4.912
4.95529
4.95819
4.95636
4.95394
4.8662
4.86431
4.93337
4.9417
4.93736
4.85857
4.77485
4.82628
4.91617
4.95636
4.96703
4.95507
4.85035
4.70713
4.75301
4.82368
4.89287
4.9314
4.88213
4.91111
4.92206
4.9009
4.93866
5.00315
4.94439
4.84973
4.9359
4.99454
4.9361
4.85163
4.87935
4.89031
4.88615
4.94368
4.95876
4.9773
4.97468
4.99453
4.97078
4.79904
4.79565
4.91782
4.86436
4.85513
4.89358
4.86838
4.82417
4.8956
4.95149
4.93243
4.97903
4.9908
4.95733
4.97004
4.98548
4.96908
4.94593
4.95991
5.00591
4.74447
4.26573
4.4147
4.92886
4.96479
4.92708
4.88174
4.86648
4.95598
4.98067
4.91524
4.89804
4.91684
4.89133
4.81098
4.77047
4.85742
4.94262
5.00249
4.9978
4.84183
4.80676
4.8842
4.86693
4.82366
4.90979
4.99356
4.88643
4.85312
4.9228
4.95529
4.682
4.57529
4.81347
4.84453
4.86242
4.85865
4.86211
4.93311
4.9353
4.96123
4.84597
4.85265
4.89771
4.84806
4.88589
4.90005
4.88167
4.84784
4.85529
4.8947
4.92816
4.93733
4.95111
4.91419
4.84147
4.8311
4.8744
4.9617
4.97091
4.91324
4.88646
4.82771
4.81178
4.87045
4.86863
4.88062
4.90987
4.91287
4.87693
4.86638
4.93557
4.95927
4.90873
4.86037
4.90982
4.9782
4.94782
4.90077
4.88931
4.88312
4.93655
4.92101
4.891
4.86701
4.86849
4.92279
4.92052
4.92403
4.95259
4.79722
4.75837
4.89063
4.89194
4.89824
4.89123
4.89446
4.83309
4.80236
4.84614
4.8735
4.89451
4.84501
4.73327
4.80244
4.9823
4.95764
4.91955
4.90726
4.78368
4.71898
4.61838
4.58234
4.47713
4.4423
4.67631
4.72402
4.82003
4.919
4.861
4.86646
4.86798
4.80104
4.81166
4.81255
4.79571
4.86226
4.92273
4.91211
4.79998
4.7801
4.83952
4.72287
4.63074
4.74393
4.8453
4.85206
4.90728
4.92572
4.86693
4.86121
4.80284
4.78897
4.82058
4.683
4.60901
4.75058
4.82144
4.78683
4.83442
4.91619
4.88725
4.8272
4.8674
4.87711
4.71351
4.70639
4.84853
4.84293
4.836
4.86438
4.75548
4.71039
4.84857
4.91323
4.85733
4.87504
4.87891
4.88386
4.9383
4.86112
4.80287
4.84639
4.91826
4.70052
4.67658
4.85978
4.82729
4.77524
4.72264
4.79707
4.7644
4.78692
4.87963
4.84565
4.81778
4.79933
4.83985
4.86205
4.90603
4.94336
4.80196
4.73916
4.83779
4.80944
4.83931
4.89367
4.86682
4.84892
4.8627
4.88405
4.7065
4.57714
4.62841
4.57194
4.58132
