9.70086e-312
inf
1.88935
7.30935
6.98217
8.61111
12.1348
11.6353
11.5796
11.982
12.0008
12.0942
10.8414
9.54754
9.83057
11.2438
11.0939
10.0965
10.3994
10.4588
10.397
10.496
10.4377
10.5362
10.7748
11.0444
10.9944
11.0733
10.9827
11.0398
10.1194
8.69048
9.30194
10.4512
9.50065
9.95753
10.8476
10.5155
9.26857
8.49163
8.88095
8.62095
8.53763
8.97034
8.92885
8.50127
8.43426
8.7757
8.64715
8.65711
8.74198
8.41361
8.70121
9.00905
8.88431
9.21986
9.35344
8.40672
7.94448
7.69435
7.0278
6.89246
7.54384
8.67393
8.57699
8.67385
9.21281
9.82816
9.92059
9.59647
9.95055
10.1643
9.49862
9.61728
9.90045
9.35113
9.39571
9.77073
10.7443
10.9982
11.1409
11.2873
11.5049
11.4308
11.4728
11.3058
11.3229
11.7253
11.0955
11.0864
11.2665
10.7264
10.2551
10.7755
11.383
11.242
11.6846
11.4553
11.356
11.512
11.6255
11.9186
11.8953
11.9578
11.4443
10.4888
10.6257
11.6707
12.2736
11.7951
11.7036
11.9277
11.8586
12.0364
11.6381
11.7461
11.54
10.4437
9.87947
10.1066
10.3471
9.602
10.4163
11.4327
11.0349
11.3164
11.5532
11.7051
11.4795
11.6301
11.713
11.8213
11.8824
11.7603
11.976
11.7479
11.4396
11.4522
11.7097
11.9959
11.6358
11.682
11.85
11.7429
11.6382
10.8513
11.1084
11.2931
11.0937
11.5456
11.1273
11.1868
11.6437
10.5172
10.2729
10.5942
10.3994
10.8575
11.3357
10.976
11.2652
11.7601
11.5471
11.5796
11.569
11.913
11.6524
11.6407
11.6521
11.5451
11.364
10.5409
11.0747
11.5851
11.527
11.8364
11.7465
12.0222
11.3986
11.1742
11.3928
11.4333
11.7554
11.9115
12.1449
11.6821
11.7517
10.894
10.4755
11.454
11.4432
11.6888
11.5984
11.4631
11.8267
11.8355
11.8644
11.7457
11.8349
11.696
11.6901
12.0179
11.2367
11.2495
11.7925
11.6784
11.7508
11.4387
11.5953
11.8665
11.7525
11.9697
11.7409
11.8614
12.157
11.8895
11.8805
11.6642
11.6746
11.38
11.3129
11.7005
11.4783
11.6428
11.8453
11.7924
11.5045
11.1395
11.5168
11.1189
10.8209
11.1754
11.2916
11.01
11.0597
11.7092
11.2045
11.2397
11.5382
11.2601
11.5877
11.5374
11.3552
11.3113
11.6549
11.9453
11.7372
11.9028
11.4923
11.4517
11.0468
11.2112
12.0496
11.5766
11.6671
11.5079
11.4734
11.7536
11.2171
11.4013
11.4052
11.1881
11.0672
11.2358
11.9527
11.6244
11.7845
11.2099
11.0467
11.897
11.8197
11.9234
11.2982
10.3437
10.6114
11.6551
12.0887
11.6059
11.5882
11.5602
11.6212
12.004
11.3518
11.3972
11.2936
11.3216
11.7454
11.6247
11.7351
11.3204
11.5556
11.6902
11.5628
11.9163
11.7217
11.6764
11.5915
11.701
11.6066
11.3941
11.6564
11.3769
11.6064
11.6985
11.6434
11.9478
11.6893
11.6715
11.4265
11.6619
11.7396
11.56
11.9554
11.6071
11.5062
11.4907
11.2902
11.9002
11.7038
11.5348
11.5221
11.1756
11.151
11.5429
11.8028
11.5048
11.7551
11.5945
11.5175
11.6887
10.7603
10.9361
11.0928
11.0147
11.4277
11.3676
11.6087
11.6343
11.7704
11.4813
11.5513
11.3703
10.6015
10.846
11.4364
11.7332
11.1251
11.0599
11.6204
11.5443
11.6882
11.5136
10.9023
10.5872
11.1841
11.3535
11.3618
11.984
11.7879
11.7007
11.3705
11.3993
11.6023
11.0443
10.5367
9.59822
9.38566
9.55406
9.9771
10.8654
11.4254
11.4224
11.1554
11.5044
11.6043
11.5578
10.9195
10.861
11.3955
11.5953
11.6837
11.245
11.3274
11.429
11.5348
11.4815
11.2621
11.638
11.3657
10.5172
10.5282
11.2925
11.4674
11.2027
11.5308
11.3685
11.2215
11.0819
11.1692
11.583
11.1395
11.1641
11.1869
11.2676
11.2879
11.3545
11.4368
11.0085
11.4624
11.5475
11.5028
11.5886
11.3207
11.3632
11.4235
11.6005
11.4919
11.6504
11.7087
11.2852
11.4293
11.4584
11.3875
11.0148
11.064
11.5099
11.309
11.4838
11.2597
11.2082
11.434
11.4882
11.7231
11.3622
11.3184
11.4933
11.5334
11.6191
11.0509
11.1976
11.4687
11.483
11.3712
11.2478
11.3609
11.3052
11.4989
11.0908
11.0709
11.2035
11.3523
11.4375
11.0142
11.253
11.3022
11.388
11.3136
11.444
11.8857
11.2764
11.087
11.1632
11.345
11.3529
11.4309
11.6762
10.5074
10.633
11.0308
10.9536
11.1506
11.1408
11.3908
11.3574
11.5056
11.2862
11.3428
11.0352
11.0881
11.3978
10.9904
11.025
11.2667
11.4812
11.3164
11.3941
11.3334
11.2179
11.5304
11.3472
11.2841
10.163
10.2024
11.2036
11.2552
11.2299
10.7414
11.0631
11.2464
11.208
11.1245
11.0736
11.5084
11.2071
11.0077
11.0619
11.1841
11.369
11.3139
11.4615
11.3724
11.4761
11.0189
10.8868
11.1776
11.019
11.4048
11.3514
11.1657
11.0902
11.307
11.2463
11.0797
11.4895
11.3505
11.36
10.9431
10.9239
11.4435
11.5523
11.5286
10.9786
11.1
11.2615
11.2824
10.985
10.7475
11.1558
11.039
10.9711
10.7342
10.9398
11.1663
10.9755
10.9474
11.0613
11.2526
10.6465
10.8555
11.0926
11.0697
11.5556
11.3816
11.4353
11.0281
10.7618
11.0176
11.1433
11.5069
11.358
11.1866
10.9973
11.026
11.0116
11.0487
11.2979
11.2264
11.327
11.0715
11.1572
10.7695
10.6899
11.0585
11.1918
11.3124
11.2774
11.6455
11.1393
10.8934
11.0194
11.271
11.4424
11.1725
11.2957
11.0436
11.1237
11.0684
10.8281
10.9389
11.0144
11.1276
11.041
11.2268
11.0649
11.2152
11.3054
11.1152
11.2186
11.3234
11.3438
10.6944
10.3638
9.61908
9.92423
10.7347
10.8033
11.1501
11.0703
11.2181
10.8814
10.9015
10.9839
11.1092
11.2601
11.0263
11.1139
10.8304
10.9061
10.8949
10.8652
10.8694
10.8154
10.9925
10.9967
11.3132
11.1856
11.1329
11.0868
11.1244
10.9497
10.8723
11.2
10.8916
11.0245
11.0082
11.0198
11.0991
10.937
11.2231
11.1854
11.1245
10.9835
11.2327
10.7109
10.4904
10.9344
11.0673
11.4447
11.1618
10.9386
10.8823
10.3783
9.38676
9.17574
9.30639
10.1925
10.7211
10.6134
11.0419
10.9346
11.2086
11.1413
11.1616
11.0425
10.8514
10.8021
10.8917
11.0257
10.6797
10.8374
10.4476
10.5233
10.9207
10.8981
10.9168
10.9167
11.3152
10.9991
11.0821
11.1222
10.9104
10.8181
10.9665
11.0112
10.851
10.4576
10.2844
10.9669
11.0411
11.1662
11.0913
10.9219
11.2025
11.0569
11.1888
11.0145
10.9222
11.0315
10.9343
10.7603
10.7908
11.2853
10.8615
10.782
11.163
11.1497
10.9658
10.8637
11.1501
11.0133
10.9682
10.8591
10.6228
10.1775
10.3614
10.4963
10.4259
10.8169
10.9371
11.1495
10.9108
11.0347
10.9433
10.9077
10.938
10.9068
11.1401
11.0491
11.0109
10.6902
10.7586
10.6282
10.5957
10.7276
10.6299
10.9216
10.7181
10.8665
10.8862
10.8988
10.8318
10.7108
10.9597
11.0866
11.295
10.7364
10.6366
10.7288
10.8448
10.9023
10.9391
11.1656
11.0086
10.9477
10.6854
10.8957
10.9432
10.8239
10.5212
10.6353
10.7524
10.7283
10.9641
10.8263
10.9889
10.9331
10.9738
10.7833
10.8656
10.9127
10.7846
10.8018
10.8346
10.7105
10.6692
10.9332
10.999
11.191
10.6976
10.6826
10.7846
10.643
10.9142
10.9057
10.869
10.8228
11.0221
10.6265
10.5543
10.7905
10.8359
10.5537
10.5924
11.0433
10.7426
10.8839
10.852
10.5016
10.3303
10.67
10.0547
10.0716
10.6676
10.7258
11.0275
10.957
10.8315
10.7499
10.7896
10.724
10.9981
10.8897
10.8668
10.9785
11.0017
10.8163
10.5616
11.0006
10.9238
10.8033
10.9306
10.7766
10.5347
9.98926
10.1782
10.8459
11.2057
10.7406
10.6312
10.5723
10.5659
11.0004
10.7979
10.5025
10.625
10.9752
10.956
10.9185
10.7022
10.7991
10.87
10.9291
10.8718
10.6176
10.6115
10.7349
11.0645
10.8883
10.8482
10.6233
10.5226
10.6579
10.7681
11.0261
10.7672
10.8047
10.6883
10.7237
10.4337
10.4782
10.586
10.568
10.8689
10.641
10.9621
11.0316
10.9225
10.3612
10.478
10.6073
10.5594
10.85
10.7987
10.8219
10.5195
10.6232
10.7298
11.0857
11.0039
10.7619
10.4904
10.4734
10.7066
10.6253
10.6687
10.93
10.901
10.7425
11.0954
10.4687
10.3468
10.4692
10.5215
10.0763
10.1275
10.721
10.8397
10.9517
10.6348
10.7871
10.5676
10.0952
9.9294
10.5481
10.2549
9.71813
10.0924
10.4114
9.64818
9.38698
10.3311
10.8005
10.6206
10.6475
10.8166
10.6342
10.8096
10.349
10.3224
10.6207
10.5857
10.6913
10.589
10.4627
10.5659
10.9076
10.8066
10.9082
10.6823
10.6107
10.364
10.2283
10.2198
9.91985
10.1516
10.6277
10.968
10.8203
10.7434
10.4926
10.6269
10.484
10.3386
10.4074
10.464
10.3201
10.3536
10.5393
10.654
10.9983
10.5894
10.773
10.8845
10.7089
10.4019
10.4843
10.6967
10.7305
10.9531
10.7618
10.8063
10.6868
10.6762
10.6281
10.7798
10.7258
10.575
10.7272
10.6805
11.0279
10.9438
10.8307
10.7365
10.533
10.3325
10.2591
9.85625
9.80902
10.2004
9.98223
10.0218
9.82198
9.82893
10.5102
10.9449
10.6594
10.6793
10.611
10.2106
10.0148
10.217
10.4367
10.5247
10.7004
10.5344
10.5519
10.2424
10.369
10.6982
10.5731
10.6019
10.7855
10.307
10.0641
10.6208
10.9324
10.8488
10.5819
10.7222
10.6269
10.8244
10.8199
10.6199
10.4745
10.4664
10.5301
10.4298
10.659
10.1777
10.2109
10.6529
10.6917
10.5867
10.4302
10.5464
10.6708
10.7983
10.6531
10.6038
10.4381
10.4302
10.1134
10.1789
10.4743
10.3642
10.4275
10.5431
10.7743
10.7223
10.5136
10.287
10.5209
10.6621
10.7114
10.2975
10.3688
10.705
10.5383
10.5191
10.6226
10.7209
10.5093
10.6228
10.717
10.7045
10.4817
10.6069
10.6051
10.4854
10.1615
10.0798
10.3141
10.2161
10.4369
10.6674
10.8137
10.556
10.6258
10.4258
10.2982
10.4924
10.7916
10.518
9.84024
9.25271
9.07972
8.96198
9.68898
10.7499
10.5036
10.5384
10.5199
10.7781
10.6088
10.5901
10.427
10.3969
10.3553
10.3609
10.4756
10.4082
10.6281
10.6095
10.7094
10.6522
10.7374
10.503
10.4007
10.6332
10.6713
10.6004
10.4998
10.8461
10.2626
10.0361
10.2992
10.3683
10.5441
10.6555
10.6423
10.5079
10.5322
10.5611
10.5677
10.4255
10.7128
10.3422
10.2028
10.5431
10.5951
10.4577
10.3628
10.3217
10.1266
10.4581
10.3899
10.0621
10.2039
10.3484
10.289
10.4377
9.97332
9.68945
9.35528
9.17751
9.93843
10.3927
10.4257
10.7187
10.53
10.437
10.5588
10.5399
10.7307
10.3827
10.4011
10.1986
10.1496
10.3202
10.442
10.6153
10.7072
10.7532
10.7641
10.7532
10.4712
10.7384
10.5947
10.3614
10.4352
10.4797
10.1094
10.209
10.449
10.4732
10.589
10.5936
10.604
10.446
10.6648
10.571
10.7406
10.7267
10.6261
10.4763
10.3759
10.2558
10.3076
10.3066
10.3836
10.8378
10.4446
10.3372
10.2201
10.2927
10.0577
9.8911
10.1548
10.2413
10.3099
10.505
10.0884
9.99955
10.2127
10.1759
10.5821
10.6027
10.5936
10.378
10.4135
10.3305
10.3384
10.4734
10.6025
10.2333
10.2406
10.1018
10.0904
10.3165
10.0257
10.161
10.3798
10.7446
10.6573
10.6583
10.5466
10.4585
10.2721
10.3559
10.1474
9.98188
10.2222
10.2098
10.3413
10.4023
10.2873
10.2837
10.3092
10.4832
10.7623
10.4494
10.5278
10.3532
10.2021
9.97651
10.0989
10.4292
10.3828
10.5188
10.5316
10.4373
10.4581
10.4692
10.4694
10.6484
10.3821
10.0504
9.72186
10.0571
9.96333
9.87732
9.93349
10.1126
10.3818
10.3555
10.3246
10.0425
10.2275
10.4157
10.296
10.4126
10.3086
10.1707
10.5019
10.4928
10.5309
10.3743
10.4015
10.4298
10.4807
10.471
10.3591
10.2484
10.213
10.2336
10.2486
10.3729
10.3233
10.3879
10.3905
10.7283
10.7246
10.5815
10.2295
9.94782
10.1873
10.4044
10.3577
10.2136
10.2544
10.3632
10.2334
10.1636
10.0226
10.0755
10.3894
9.92625
9.95768
10.213
10.2414
10.2074
10.2088
10.1886
10.3385
10.3303
10.396
10.2561
10.1761
10.4901
10.2748
10.2184
10.1924
10.3689
10.1186
10.1726
10.2859
10.2347
10.3903
10.4036
10.0148
10.0287
10.3176
10.2533
10.2626
10.3797
10.4148
10.1688
10.2666
10.2837
10.3611
10.3129
10.2163
9.95877
10.0386
10.0957
10.1194
10.3692
10.3298
10.2495
10.3359
10.3661
10.2485
10.2219
10.3059
10.695
10.4369
10.3275
9.8228
9.91891
10.306
10.1961
10.1513
10.0776
10.1459
10.1712
10.4121
10.4516
10.4711
10.4044
10.3216
9.9788
10.0612
10.3572
10.7998
10.6348
10.3376
10.3144
10.4519
10.4371
10.1488
10.1479
10.3332
10.4535
10.2472
10.1633
9.78938
9.84834
10.1804
10.3037
10.0381
9.97919
10.1562
10.1006
10.0265
10.086
9.98981
10.0605
9.87162
9.80993
10.1638
10.2942
10.3707
10.347
10.2607
10.3044
10.5598
10.254
10.3178
10.3554
10.4427
10.128
9.96155
10.0721
10.1453
10.264
10.2466
10.2273
10.2235
10.3417
10.2216
10.2638
10.3761
10.2196
9.64376
9.5176
9.94303
10.1802
10.2773
10.3797
10.2466
10.1757
10.2281
10.3821
10.0224
10.0527
10.2368
10.1264
9.86704
10.0819
10.3511
10.2136
9.96547
9.95213
10.1578
10.1729
10.0613
9.73028
9.9328
10.102
10.3586
10.2324
10.0626
9.85921
9.96607
10.1992
10.1526
10.0775
10.059
10.0853
10.2485
10.1173
9.98243
10.39
10.2987
10.276
10.1576
10.2028
10.1129
10.3246
10.0879
9.92413
10.2421
10.1873
10.3468
10.3334
10.1918
10.0599
10.0685
10.0858
10.1554
10.3377
10.1123
9.98986
10.1082
10.1014
10.326
10.2582
10.134
10.2895
10.562
10.3555
10.3631
10.2096
10.0417
10.1365
10.3058
10.0516
10.0498
10.0305
9.90918
10.1423
10.126
10.1476
10.1355
10.2435
10.2314
10.3269
10.0095
9.98288
9.80046
9.79192
10.2645
10.2373
10.1496
9.86962
9.45452
8.74248
8.2573
8.77593
9.9619
10.2968
10.0447
10.077
10.1031
10.1601
10.2259
10.3741
10.2927
10.2467
10.1104
10.1103
10.0256
10.1531
10.2046
10.0413
9.69711
9.72607
10.261
10.1813
10.3049
10.2014
10.0927
10.121
10.2947
10.4063
10.3798
10.1746
10.1697
9.85071
9.93517
10.2194
10.1899
10.274
10.2934
10.1768
10.1381
10.2419
10.0699
10.1676
10.1039
10.3246
9.90079
9.67085
9.93206
10.2966
10.1386
9.89453
10.1171
10.1425
9.84615
9.89081
9.94664
9.82816
9.92679
10.0567
9.78076
9.75343
10.1219
9.9783
10.0508
10.2528
10.1989
9.32705
8.57137
9.10084
9.9949
10.2264
10.4169
10.3065
10.0112
9.78972
9.9969
10.1173
10.1566
10.1287
10.244
10.2102
10.2877
10.1229
9.86743
10.0975
10.3179
10.0762
10.0062
9.7811
9.82506
10.2303
10.1739
10.3224
9.92044
9.72767
9.56796
9.37356
9.29554
9.6637
9.76367
9.74977
8.98093
8.6133
9.60237
10.003
9.95253
9.95694
9.95005
10.1722
10.2266
9.80801
9.6412
9.9139
9.74597
9.52748
9.15097
9.26741
9.86373
9.84829
9.85615
9.93631
10.1257
10.1165
9.91002
9.90805
9.81157
9.79681
10.0108
10.0339
9.77216
9.62232
9.77436
10.0132
10.1623
10.0621
9.79821
9.7202
9.82661
9.94401
10.1155
10.0999
9.96115
9.91862
10.2336
9.37976
9.20666
9.79317
9.99011
9.84543
9.90526
10.1371
10.2473
10.1464
9.95466
9.92344
9.9262
9.93636
9.97412
9.80878
9.72867
10.143
10.2153
10.0916
9.85091
9.68373
9.58222
9.35546
9.11274
9.28182
9.67544
9.57965
9.25438
9.22905
9.69467
9.80445
9.69537
9.84015
9.93932
10.0441
10.0023
9.90938
9.96046
9.90992
9.85387
9.7194
9.61192
9.7834
9.95
9.98667
9.94535
9.98931
10.0412
10.1429
9.87069
9.78948
9.64776
9.79144
10.0045
9.9506
9.5373
9.63275
9.93898
9.9969
10.0333
9.95416
10.0187
9.863
9.77699
9.96279
9.91921
9.71614
9.41185
9.4896
9.81614
9.87976
9.63767
9.65363
9.96557
9.96051
10.0227
10.1228
10.0193
10.0445
9.72734
9.57066
9.89663
9.89854
9.97437
10.0627
10.0707
9.97387
10.0443
9.96651
9.84015
9.59946
9.62283
9.82289
9.83173
9.47006
9.67474
9.89874
9.88738
9.95877
9.92916
9.77426
9.89154
9.95381
9.80118
9.79787
9.80527
9.59739
9.67109
10.0035
9.96145
9.94421
10.0489
9.98129
9.9373
10.0233
9.38742
8.18706
8.35956
8.91504
8.26928
7.62477
7.11668
6.88016
7.71539
9.29433
9.79797
9.31797
7.50503
7.67993
9.35576
9.64181
9.70634
9.66711
9.48942
9.27007
9.36084
9.43396
9.14127
9.49681
9.12367
5.78392
5.94181
9.3437
9.63972
9.08084
9.15336
9.21464
9.27704
8.2605
7.70582
8.97183
7.87151
7.63884
9.23105
9.81918
9.81605
9.86441
10.0117
9.77388
9.69744
9.78809
9.78565
9.86913
9.46423
9.51851
9.78009
9.73596
9.91557
9.86738
9.81287
9.71879
9.64925
9.58566
9.74535
9.75458
9.72167
9.85877
9.5506
9.57016
9.83874
9.8782
10.1571
10.1195
9.61834
9.64543
10.0362
10.0499
9.93784
9.83289
10.0064
9.9451
8.47181
8.56865
10.0497
10.0779
10.1144
10.244
10.0777
9.8159
9.75672
9.63233
9.64934
9.66562
9.74687
9.76334
9.83589
9.64088
9.68429
9.89335
9.85231
9.80195
9.91331
9.98647
10.0221
9.93823
9.87011
9.98413
10.1371
9.89222
9.74664
9.71624
9.73828
10.0001
9.98767
9.96304
9.88733
9.9408
9.92059
9.78258
9.83144
9.89477
9.73757
9.58552
9.72517
9.95163
9.97516
9.84426
9.58543
9.70596
9.92615
9.76176
9.66819
9.72167
9.75049
10.1899
9.37581
9.10486
9.8463
9.96006
9.84547
9.63317
9.57937
9.53343
9.07141
9.21464
9.76329
9.12671
9.1406
9.81046
9.61294
9.41314
9.58685
9.98482
9.95431
9.62515
9.71605
9.84761
9.89139
9.77823
9.66964
9.68988
9.87411
10.0508
9.77589
9.62964
8.48047
7.24995
7.1788
7.20835
7.55727
8.91655
9.62839
9.53957
9.33528
9.20666
9.47544
9.53575
8.76924
8.73515
9.36049
9.42929
9.37387
9.43392
9.70813
10.0292
9.87016
9.73416
9.59095
9.51144
9.38804
9.22003
9.56627
9.66165
9.80873
9.85304
9.6432
8.90428
9.11814
9.78253
9.68988
9.72139
9.86116
10.0111
9.86758
9.89149
9.76801
9.72942
9.70761
9.77536
9.56874
9.4789
9.54631
9.56654
9.66837
9.62084
9.75082
9.87728
9.82811
9.73264
9.76172
9.91242
9.66618
9.61303
9.85931
9.82082
9.86748
9.77914
9.59969
9.90555
9.26698
8.6377
8.86529
9.33066
9.78708
9.64051
9.79307
9.83154
9.98373
10.2009
9.926
