7.53109e-312
inf
2.60593
18.4966
19.7237
16.7133
14.2847
11.9178
14.5648
26.111
23.3776
23.3081
25.6772
25.3959
24.0755
22.8705
21.3828
22.3626
25.0335
25.2232
24.0064
24.1598
25.0278
25.2331
24.9134
23.7076
24.1173
24.4329
24.2198
23.908
22.925
23.7161
24.8385
24.3457
22.7588
23.0075
24.7341
24.7859
24.7785
23.4855
22.637
23.8141
24.7979
24.7785
23.7239
23.3408
24.3691
24.7865
24.7611
24.5833
24.0209
24.1071
24.6856
25.3171
24.7347
24.3534
24.7678
24.9919
25.5337
24.9532
24.2175
24.5978
25.1045
25.1876
24.9903
24.5104
24.8164
25.7417
25.6756
25.3107
24.1812
24.5975
25.9329
26.1527
26.1636
24.3995
23.9843
25.4887
26.0027
26.3234
24.9538
24.4069
25.7616
26.2947
26.4145
25.433
24.5293
25.4278
26.2736
26.234
26.0237
25.2666
25.9165
26.5477
26.4333
26.4925
25.3056
25.2493
26.4103
26.4603
26.3432
26.4498
25.7666
25.9175
26.9509
26.9684
26.4999
25.532
25.5467
26.4466
26.4809
25.8532
25.8111
25.0488
25.0976
26.4414
26.7255
26.8853
25.7503
25.6746
26.9698
26.7723
26.7619
25.9653
25.15
26.4841
27.0753
26.6542
26.5013
25.8749
26.0787
26.8676
26.9092
26.5143
25.1759
25.2277
26.6983
26.9484
26.6482
25.6246
26.0807
27.2146
26.8168
26.7885
26.4093
26.0146
26.3849
26.814
26.8111
26.7458
26.1629
24.4427
25.5307
26.8507
26.3082
27.3306
26.0753
25.1807
26.2079
26.4852
26.9052
26.5139
25.5037
25.998
26.9975
26.9687
26.6493
25.5024
25.6736
27.0219
26.7713
26.7734
26.4533
25.6161
26.2519
26.8828
26.6025
26.6834
25.6861
24.7213
25.3104
26.3141
26.7784
25.6614
25.5174
26.6556
26.5576
26.4162
26.0681
24.2954
24.3632
26.2443
26.38
25.7003
25.0517
25.5804
26.594
26.8777
26.7187
25.8428
25.6683
26.6379
27.0099
26.5146
25.8679
25.6911
26.3158
26.698
26.5136
26.565
25.7559
25.2819
26.0173
26.7037
26.4999
25.8318
24.9579
25.2691
26.2109
26.0464
26.1397
25.2953
25.0928
26.1962
26.2505
26.2347
24.9569
24.4726
25.5869
26.0163
26.4375
25.6118
24.6512
25.5017
26.3369
26.1158
25.9582
24.793
24.9654
26.137
25.9669
26.0451
25.5008
25.8522
26.6351
26.7584
27.0303
25.968
25.4459
25.6463
25.9282
26.2774
25.7109
25.2752
25.7921
26.1571
26.2302
25.94
25.1269
25.8171
26.329
26.3918
26.8806
24.0379
23.6264
25.8058
25.8659
26.0654
25.3868
25.0382
25.8208
26.2484
26.2626
25.601
25.5836
26.4169
26.1626
25.7995
25.2038
24.4317
25.4761
26.1424
25.7476
26.3727
25.1997
24.5933
25.9071
26.3519
26.4138
26.2364
24.7145
24.4858
25.4813
25.6519
26.0095
24.6175
24.5281
25.9845
25.9528
25.5008
24.0015
24.1031
26.0224
26.0729
25.9299
24.7072
24.4099
25.6911
25.9101
25.899
25.7324
25.0545
25.6947
26.6333
26.0906
25.9656
24.7739
24.7265
26.1797
26.1318
25.8161
24.8728
24.7868
26.1387
25.9444
25.7003
25.1876
24.3158
24.942
25.4495
25.364
25.2471
24.0662
24.7427
25.8896
25.6486
25.6443
23.8022
24.3451
26.1698
26.0498
25.8258
24.3685
24.4013
25.8662
25.8598
25.8011
24.7773
24.7274
25.9956
25.9754
25.9818
24.4987
24.0778
25.1282
25.9589
26.1469
24.4645
24.3935
25.5395
25.5604
25.7221
24.8926
25.0041
25.9134
25.7662
25.8174
25.041
23.9889
24.66
25.4476
25.3232
25.8158
24.4894
23.2834
24.6093
25.697
25.6795
24.8385
24.5095
25.2143
25.3608
25.6552
24.5936
24.2184
25.2768
25.7941
25.8471
25.7762
24.7881
24.3819
25.4191
25.8856
25.8635
24.4975
24.2342
25.6795
25.5918
25.5252
25.2191
24.258
24.7152
25.4275
25.7413
25.4492
23.677
23.986
25.4249
25.6184
26.1948
24.5173
24.0668
25.2822
25.534
25.9296
24.606
24.2113
25.3181
25.2474
25.4848
24.8521
24.1173
25.2803
25.6062
25.0944
24.6002
24.2421
24.5803
25.0291
25.67
25.3942
24.3442
24.3422
25.3328
25.7622
25.3785
24.2521
23.9952
25.1013
25.6059
25.6496
24.1607
23.394
24.7418
25.2172
24.5673
24.05
23.8589
24.6576
25.4492
24.8633
23.8698
22.7071
23.5605
25.0322
25.2391
24.5604
22.5334
22.8087
24.6494
25.3563
24.7764
24.4466
25.1029
25.0781
25.0109
24.6582
24.4681
24.6685
25.2325
25.3524
24.469
23.98
24.2886
24.8719
25.1829
25.1319
22.749
22.7048
24.6591
24.9775
24.7816
23.9966
24.5182
25.4204
25.5902
25.0834
24.4445
24.8973
25.2535
25.432
25.2771
23.6038
23.7082
25.0316
25.0752
25.0809
23.7857
23.8402
25.084
25.0966
25.201
23.749
23.3098
24.7234
25.5017
25.5643
24.3182
23.3136
24.1829
25.3473
25.6687
25.8562
23.5869
23.0229
24.663
24.7973
24.8324
22.9724
22.8384
24.8253
25.084
24.5872
23.8983
24.2878
25.0369
25.051
24.8534
24.0993
24.1278
24.9682
24.888
24.4559
23.5944
23.8595
24.5531
24.7908
24.8964
23.6331
23.9972
24.8806
24.5912
24.6339
23.2331
23.3187
25.0391
25.2669
25.2439
23.0009
22.4578
24.3019
24.9688
24.8265
23.4747
23.5034
24.7675
24.9831
24.6021
23.9656
24.7537
25.7476
25.5931
25.1953
23.6998
23.1919
24.0964
24.6518
24.5188
23.119
23.304
24.7571
24.7014
24.9358
24.3525
23.3399
23.8986
24.5785
24.8673
23.3043
22.6688
24.4355
25.0542
24.9847
23.2555
22.9766
24.6005
24.9869
25.31
23.8024
23.1425
24.2057
24.6527
24.5137
23.3842
23.7155
24.9147
24.5912
24.914
22.8331
21.9089
23.7973
25.0551
24.6548
22.7679
23.2647
24.5746
24.8494
24.2239
23.1846
23.924
24.9336
24.9203
23.6849
22.7707
24.1709
25.0454
24.9029
24.8685
23.8686
23.9854
24.7109
24.8151
24.6481
23.7338
24.0252
24.8028
24.8765
24.9881
23.6063
23.3081
24.5453
24.6892
24.8602
23.5441
23.4063
24.6063
24.1724
24.376
23.467
23.4283
24.603
24.6321
24.5492
23.6217
23.3408
24.2907
25.1247
25.0138
22.8943
22.079
24.0064
24.97
24.4075
23.3375
23.4096
24.4987
24.8812
24.6124
23.7279
23.7739
24.511
24.5915
24.5845
23.1997
22.9779
24.3179
24.322
24.2122
23.1811
23.3478
24.6078
24.6792
24.2907
23.6228
23.7479
24.5613
24.6612
24.0191
23.5452
24.1689
24.9311
24.8281
24.1127
22.3284
22.7907
24.3558
24.2333
24.0584
23.0428
23.4272
24.3834
24.3662
24.3668
23.3863
23.5727
24.108
24.2357
24.1706
23.2935
23.6756
24.2233
24.4215
24.7213
23.1557
23.2024
24.9314
24.9116
24.4984
22.9624
22.6853
23.7724
24.3306
24.3268
22.6076
21.9611
23.2304
24.1598
23.6614
23.1471
23.7688
23.7852
23.7414
24.6853
23.3002
22.9221
24.0575
24.05
24.0578
22.9232
23.2296
23.7175
23.8626
24.6217
22.3254
22.4351
24.4275
24.0405
24.1316
23.2334
22.9129
23.6192
24.0004
24.2533
21.7846
21.2968
23.2078
24.2833
23.0476
21.3033
22.3646
23.7152
24.4251
23.4118
22.9366
23.9555
24.1496
24.3932
23.507
22.7139
23.3193
24.0561
24.4302
23.807
23.0399
23.5743
23.959
23.9883
23.7231
22.8564
23.2188
23.6883
23.7516
23.1198
23.154
24.2137
23.9912
24.1812
22.4286
22.1332
24.0961
24.2122
24.1648
22.3411
22.0651
23.6208
23.7747
23.9886
23.3296
23.3579
23.7903
24.0628
23.7383
22.459
23.1075
24.2448
23.9532
22.4575
22.6035
24.0041
24.281
24.6302
23.2032
22.8977
24.0096
23.8986
23.9874
22.7536
22.4704
23.8033
23.9074
23.4789
22.1477
22.3052
23.8612
24.1523
23.2032
23.2035
24.0154
24.1441
24.0105
22.3734
22.7863
24.4523
24.2357
24.0367
22.6639
21.9708
23.034
23.6675
23.6415
22.5548
22.4427
23.4483
23.6312
23.6608
23.0081
23.183
23.9751
23.8795
22.9108
22.7565
23.7578
23.8487
23.6992
21.5778
21.4192
23.7826
24.2034
23.5835
22.6873
22.9069
23.5557
23.8726
23.4137
22.8639
23.5635
23.8849
23.5189
23.1465
22.4939
23.2218
24.3505
24.072
23.4996
22.5129
22.9295
23.8886
23.7074
23.0075
22.6853
23.3397
23.7026
24.0307
21.825
21.3004
23.1406
23.5139
23.6989
23.0619
23.4618
23.9097
23.4123
23.4326
22.7676
23.0617
23.9297
23.9903
23.5607
21.7682
22.0359
23.541
23.6656
22.9748
21.48
21.5682
23.271
23.9782
22.484
22.3819
23.5302
23.6471
23.7175
21.3274
21.1672
23.6827
23.9673
23.063
22.2861
22.8754
23.7346
24.2551
23.5624
22.2744
22.7053
23.5466
23.6838
22.9161
22.5938
23.3945
23.5985
23.6586
22.4659
22.1134
23.4711
23.8777
23.3607
21.6174
22.1361
23.747
23.6354
22.9975
21.6113
22.3237
23.9941
24.1578
22.6503
21.8732
22.9745
23.075
23.0001
22.6226
21.5771
21.5359
22.7573
22.2472
21.1862
22.7757
23.3784
22.1749
21.4917
21.8945
22.0177
22.4002
21.9756
21.2675
22.8611
20.801
20.2497
22.0914
21.0766
22.1158
23.8379
23.2019
21.4119
21.4043
22.9558
23.1868
21.9351
21.9092
23.4381
23.5341
23.2374
22.3561
22.059
23.0306
23.5266
23.2472
22.3731
21.0666
21.5687
23.3924
22.4595
22.4266
23.679
23.7465
23.0548
22.2195
22.6321
23.1701
22.6439
22.1295
21.826
22.4749
23.3732
23.4585
21.2425
21.2193
23.4745
23.1986
22.4017
21.9005
22.7363
23.2107
23.2269
23.0367
22.2141
22.3341
23.2283
23.6479
22.2941
22.0247
23.1083
23.2826
22.9058
21.6041
22.1907
23.2509
23.2458
22.5058
22.0748
23.2628
23.502
23.5117
22.4729
22.4595
23.4866
23.2113
22.8898
20.7768
21.0053
23.1254
23.5882
22.0592
21.0866
22.6093
23.4695
23.3817
22.2727
21.8919
22.8577
23.4571
22.5466
21.7299
22.4065
22.9376
23.2696
22.4459
22.1317
23.1562
23.4585
22.7907
21.9882
22.7925
23.6047
23.5499
22.0301
21.7488
23.1471
23.4088
23.2634
21.4673
21.0203
22.499
23.2916
23.6527
21.9599
21.8881
23.388
23.4681
22.9864
22.0887
22.5352
23.3171
23.6114
22.7089
21.605
22.3419
23.1318
23.1211
22.242
22.1501
23.2737
23.5935
23.2485
22.0502
22.3789
23.0896
23.115
22.5329
21.1591
21.8391
23.0036
23.4326
21.7014
21.6546
23.3727
23.0306
22.7998
21.931
22.5655
23.4217
23.1688
22.4648
22.3399
23.1406
23.2037
23.1919
22.0634
22.2653
23.5749
22.9003
22.2844
21.8107
22.2442
23.1056
22.9597
22.1185
22.2435
23.2596
23.4335
22.9158
20.5905
20.8845
22.9442
22.919
22.9437
22.3972
22.5073
22.9674
22.0868
20.4618
20.5844
22.3901
23.2191
23.0534
22.1288
22.1946
23.2685
23.5702
23.3913
21.7946
21.6074
22.8754
23.161
22.8786
21.7304
21.6844
22.9163
23.483
21.6797
21.266
22.6701
22.7619
22.2581
21.4411
22.2314
23.3877
23.4783
22.0114
21.6957
23.1648
23.1171
23.2753
21.1974
18.7398
19.7153
22.1207
21.4069
20.3845
21.6624
22.9218
22.6362
21.751
22.0899
22.8794
23.1898
22.2591
21.5033
22.5782
22.8694
22.8917
20.9
20.4748
22.7526
23.0542
22.4911
21.7505
22.1457
23.0301
23.084
21.6004
21.6277
23.0891
22.7723
22.5101
21.6753
21.6317
22.914
23.3508
21.7302
21.3835
22.7656
23.0473
22.6431
21.8248
21.9855
22.8347
23.368
22.4712
22.0007
22.4482
22.6009
22.4871
20.2353
20.3915
22.6827
22.7219
21.826
21.3222
22.0604
23.0473
23.2307
21.8286
21.8241
23.05
23.1836
23.3533
21.7588
21.5836
22.7962
22.6904
22.2712
21.2456
21.5836
22.859
23.0526
21.5775
21.631
22.8859
22.629
21.6354
20.931
21.9746
23.1011
23.1648
21.1871
20.8292
22.8485
23.0851
22.7353
21.8152
21.852
22.684
22.7565
21.9754
21.7264
22.3987
22.3754
22.8898
22.1973
21.7271
22.4095
22.4863
22.6362
21.8809
21.9022
22.6956
22.6961
21.9253
21.8682
22.6781
22.9708
23.1249
20.5172
20.4509
22.8331
22.6814
22.1678
20.2282
20.2456
22.3836
22.9785
21.7405
21.3993
22.245
22.7451
22.6948
21.4885
21.5985
22.4835
22.6665
21.8749
21.9635
22.9226
23.1675
22.7071
21.5281
21.9539
22.8128
22.5339
20.7848
20.1884
21.7023
22.7796
21.0393
19.8529
21.1981
22.2193
22.5238
22.0252
21.933
22.4349
22.6619
22.1178
21.5362
22.1082
22.7853
23.0322
21.7181
21.6055
22.8287
23.0811
22.4039
21.0642
21.7796
22.6783
22.6055
21.7903
21.1372
22.041
22.8183
23.0582
20.6237
20.2891
21.9409
21.8787
21.04
21.2829
22.5294
22.6552
22.6927
21.4735
21.656
23.0872
22.7861
21.558
21.5871
22.4868
22.7252
21.8069
21.2118
22.0143
22.4777
22.7128
22.2722
21.4147
21.8034
22.0738
22.2299
21.4876
21.3853
22.5157
22.7495
21.931
20.3517
21.0682
22.7993
22.9658
21.8684
21.2319
21.9655
22.5492
22.4949
21.5887
21.5731
22.1526
22.5444
22.3674
21.4966
22.1051
22.6657
22.5408
21.0804
21.1361
22.7622
22.8154
22.2911
21.6922
22.032
22.749
22.9103
21.3874
20.413
21.4883
22.5251
21.7188
21.2242
22.1884
22.4442
22.3801
21.5308
21.4342
22.449
22.5129
21.5503
21.6863
22.7964
22.7777
22.6462
21.3047
21.3372
22.2385
22.3369
21.987
21.5733
21.8806
22.0726
22.1016
21.5165
21.8395
22.6526
22.6106
20.8527
20.6667
22.1408
22.41
22.3279
21.0577
21.0966
22.5611
22.8715
21.5661
20.2272
21.1513
22.0909
21.6837
21.1723
20.9536
21.6819
22.2358
21.3174
21.2452
22.3726
22.4301
21.7486
21.1446
21.7382
22.5266
22.5808
21.2436
20.7415
21.7517
22.3594
21.6993
19.8952
20.3654
22.205
22.5187
21.1649
21.0369
22.4838
22.6886
21.7125
21.3149
21.9795
22.3239
22.5729
21.4696
21.2332
22.245
22.2519
21.7939
21.259
21.4701
22.1668
22.5879
21.2669
20.7684
22.06
22.5938
21.8953
20.1252
20.4761
22.4924
22.5991
21.0866
21.0362
22.4188
22.7643
22.0097
21.2402
21.419
21.9816
22.3122
21.4957
21.6373
22.1875
22.106
21.806
21.1658
21.7077
22.2126
22.1934
20.9703
20.9811
22.3764
22.4906
21.7394
21.0075
21.612
22.2593
22.2675
20.0858
19.8969
22.1361
22.4866
21.3705
20.7667
21.6924
21.7453
21.8264
21.1303
21.1307
22.0975
21.9727
21.4321
21.0298
21.8224
22.118
22.1688
21.0551
20.9481
22.3456
22.2198
21.3145
20.8989
21.696
22.3984
22.7193
20.7001
20.1029
21.7401
21.9058
20.8764
21.1269
22.1793
21.5754
21.3721
21.0144
21.1784
21.9568
22.1961
21.6448
21.1338
21.519
21.8893
21.7666
21.1871
21.4938
22.1188
22.1629
21.1891
20.4849
21.3438
22.1418
21.9575
19.7235
19.5
21.394
22.1141
19.8734
19.3409
21.7834
22.4621
20.9798
20.5973
21.6167
21.9611
22.0653
21.2107
21.5759
22.3184
22.1715
21.3295
20.7922
21.5114
21.8572
21.9342
20.876
20.6684
21.6849
21.7016
20.9811
21.0091
21.8022
22.0782
22.0755
20.4048
20.2448
21.919
22.4729
21.1166
20.9155
21.9841
21.7332
20.2891
20.0624
21.6732
22.2126
22.171
20.9727
20.7009
21.959
22.4613
21.3095
20.8982
21.7647
22.0561
22.1951
20.6815
20.6981
22.1894
21.8646
21.3636
20.1635
20.5185
21.8871
21.6748
20.2261
20.6714
22.1771
21.6478
21.3402
20.7654
21.0917
21.7297
21.878
20.8453
20.5206
21.7505
22.0029
21.1282
20.9124
21.8656
21.9833
21.7915
20.9696
20.5747
21.6312
21.5206
20.3256
20.7892
21.8005
21.8926
21.4613
19.6878
19.9635
21.9838
22.1816
20.7589
20.7995
21.9667
22.0114
21.9498
21.5257
21.6104
22.2057
21.9662
20.5687
20.4102
21.5901
22.2849
21.6148
20.3544
20.8825
22.086
21.7756
20.9795
21.4572
22.3142
22.1359
19.8944
19.8246
21.8617
22.0403
21.3744
20.9365
21.6577
22.0449
21.9178
19.7037
19.197
21.1055
21.6263
19.9132
19.3087
21.0287
21.9754
20.6661
20.0327
21.273
21.5042
21.7815
21.017
20.8398
21.8343
21.8307
20.3407
19.9826
21.6165
22.0955
21.5657
20.5495
20.9679
21.7607
21.8081
20.6695
20.3926
21.4521
21.7744
21.2373
20.5196
21.0728
21.6254
21.8878
20.8379
20.6073
21.9771
22.3944
21.7052
18.6788
17.9215
19.758
20.6339
19.589
19.9259
21.1855
21.2098
20.5309
20.5299
21.7941
22.0829
21.5359
20.6565
21.2197
21.7077
21.672
20.6744
20.4941
21.1965
20.8949
19.5666
19.4691
19.3797
18.2784
17.6384
17.1239
17.5248
17.8856
16.4612
15.6734
16.1045
15.2245
15.3791
16.0218
15.2303
17.1366
21.0314
20.9894
17.8753
15.4141
14.493
15.7366
18.112
19.1205
20.0946
20.1745
19.5381
19.57
19.8641
20.2601
19.7906
18.8963
19.5775
19.8706
19.3179
19.9356
19.8681
19.9124
18.4059
17.608
19.9996
20.9681
19.5322
19.2508
20.1463
19.5756
18.9622
19.5151
19.8718
20.0423
19.661
19.2068
19.936
20.6731
20.3797
19.509
19.2636
19.3237
19.0741
19.0638
19.5633
19.8218
18.3677
17.9464
19.7429
20.1875
18.4294
17.9248
19.6082
20.8071
20.6192
20.209
19.9183
17.1877
14.7668
15.0915
16.1586
14.8535
15.1186
16.8121
15.698
16.1006
16.9292
16.6969
17.3747
18.6397
19.2611
18.9408
17.3061
17.534
19.9247
19.9217
18.5684
18.6862
19.9452
18.4851
16.1216
15.2345
14.7816
14.1204
14.7967
15.0574
13.3069
14.0092
16.5037
17.5891
17.9367
17.4266
18.8425
18.0956
18.1184
19.8973
19.226
19.2057
19.4212
20.1706
19.7507
18.2065
18.3458
19.4248
19.3439
19.5314
20.0184
19.936
19.773
19.613
20.0815
20.6663
20.7493
19.9587
19.6317
20.2255
20.1197
19.2678
19.5145
20.2862
19.91
18.5182
18.7652
20.4357
20.3482
19.3099
19.4256
20.5038
19.9465
19.2141
19.557
20.3911
20.7477
19.7435
19.5886
20.2075
20.3963
19.7447
19.0896
20.0339
20.4399
19.2571
19.63
20.5478
20.6501
20.2247
19.2764
19.9406
20.202
18.9311
18.9699
20.1688
20.5153
19.8827
19.1812
19.7106
20.3236
20.6505
19.7136
19.3211
20.478
20.5687
18.7498
18.2282
19.6163
20.7293
19.6705
18.7868
19.6705
20.3258
19.7297
19.8746
20.3926
19.9041
19.4742
19.3287
19.7316
19.9374
18.5553
18.6208
20.3571
20.3801
19.9261
19.2829
19.3093
19.9267
19.8053
19.2955
19.7455
20.3569
19.9607
19.3581
19.5147
19.9559
20.1244
19.5547
19.8202
20.3211
20.2083
19.4413
19.2779
19.9328
20.1924
19.3278
19.1668
20.4238
20.3217
18.6331
18.6098
20.591
20.448
19.1672
19.1718
19.8594
19.6508
18.845
18.9324
20.1185
20.5301
19.9768
19.2132
19.2574
20.2864
19.9669
19.0536
19.6088
20.559
20.0487
19.0874
19.3622
20.2628
20.0797
19.2511
