9.59933e-312
inf
1.15556
2.96144
3.26672
3.63404
3.64026
3.65496
3.64857
3.54249
3.37813
3.38861
3.41211
3.24653
3.12689
3.01734
2.92798
2.94876
2.8802
3.16647
3.61556
3.35226
3.08388
2.92298
3.13904
3.42524
3.40089
3.3106
3.27111
3.34966
3.07552
2.98907
2.98095
2.78442
2.61804
2.54572
2.78429
2.80088
2.6802
2.81757
2.89382
3.06453
3.30692
3.39971
3.4094
3.43851
3.40288
3.3309
3.23064
3.25849
3.32034
3.3505
3.42039
3.37352
3.39488
3.3917
3.34643
3.20666
3.06348
3.06987
3.16722
3.15671
3.11553
3.23985
3.02893
3.04575
3.3151
3.31855
3.22959
3.1324
3.09966
2.90175
2.72205
2.87408
2.82691
2.68928
2.982
3.24572
3.31586
3.32323
3.27464
3.15924
3.11662
3.18429
3.24936
3.30259
3.32253
3.32453
3.30299
3.32452
3.35213
3.31874
3.32549
3.29559
3.33298
3.3732
3.27975
3.26001
3.35622
3.43283
3.42134
3.30057
3.25854
3.37606
3.44921
3.44523
3.41143
3.4157
3.43974
3.46251
3.44801
3.46824
3.48264
3.48618
3.51392
3.47885
3.50721
3.50441
3.45361
3.51564
3.51406
3.49596
3.52472
3.52403
3.55994
3.49514
3.49458
3.56004
3.5286
3.49658
3.55853
3.55792
3.52674
3.32159
3.26182
3.50198
3.60654
3.53283
3.46949
3.52015
3.58785
3.61251
3.60573
3.59874
3.60186
3.62177
3.59818
3.4967
3.46241
3.5957
3.61522
3.59406
3.62283
3.56356
3.58627
3.65635
3.58523
3.50867
3.58999
3.652
3.57811
3.55599
3.53982
3.56874
3.66505
3.63329
3.54787
3.58976
3.63319
3.634
3.63525
3.62728
3.64954
3.49864
3.49653
3.64098
3.60019
3.64948
3.70666
3.66049
3.67001
3.66841
3.57429
3.561
3.63742
3.67445
3.68548
3.66288
3.57005
3.55771
3.59018
3.56808
3.59363
3.6477
3.66992
3.64641
3.61234
3.48889
3.50329
3.37323
3.41466
3.65861
3.31307
3.19727
3.45276
3.544
3.59173
3.65707
3.61262
3.59732
3.5188
3.51365
3.62938
3.66327
3.60454
3.61736
3.67448
3.64079
3.63175
3.66216
3.59721
3.60808
3.6813
3.66694
3.63111
3.59415
3.54349
3.56292
3.62957
3.62315
3.57394
3.6035
3.64299
3.58424
3.62202
3.62652
3.63794
3.6744
3.65213
3.64157
3.56365
3.53902
3.59007
3.63895
3.65569
3.53848
3.54816
3.63273
3.60946
3.59034
3.58914
3.59337
3.60474
3.63204
3.59112
3.55115
3.59866
3.64228
3.64314
3.64338
3.55985
3.60277
3.68697
3.61918
3.57598
3.54207
3.24482
3.19484
3.51484
3.58228
3.56316
3.519
3.55352
3.68181
3.56884
3.55661
3.67175
3.6746
3.67387
3.63586
3.56962
3.5932
3.66352
3.63591
3.59915
3.6017
3.648
3.63288
3.59938
3.67299
3.53378
3.49774
3.56038
3.55373
3.6057
3.54752
3.51278
3.45778
3.39701
3.34923
3.35991
3.50548
3.62077
3.60891
3.57329
3.55637
3.54996
3.59882
3.62136
3.60248
3.55671
3.54479
3.58652
3.57691
3.5006
3.54467
3.60037
3.52824
3.46056
3.51109
3.59395
3.5473
3.43507
3.40334
3.47602
3.5455
3.57889
3.59034
3.58858
3.55759
3.52111
3.53061
3.60106
3.58469
3.54383
3.51929
3.51352
3.55548
3.59653
3.61511
3.60779
3.63081
3.6103
3.61929
3.66307
3.6012
3.57399
3.61989
3.60844
3.58783
3.59498
3.58028
3.57452
3.60781
3.61835
3.52746
3.53963
3.56269
3.55198
3.60236
3.53739
3.51805
3.58938
3.56127
3.5228
3.57648
3.59767
3.59378
3.64121
3.58488
3.54462
3.60568
3.61616
3.61757
3.59248
3.55392
3.4855
3.39407
3.27031
3.25879
3.40507
3.30904
3.13403
3.3124
3.54939
3.58294
3.59726
3.57884
3.60512
3.58076
3.55883
3.57302
3.58786
3.59213
3.55143
3.54873
3.58882
3.60209
3.39598
3.20746
3.336
3.54216
3.58767
3.51908
3.54396
3.61887
3.56617
3.55727
3.55022
3.52586
3.57662
3.60812
3.60741
3.56424
3.53937
3.57562
3.52596
3.51654
3.49072
3.50153
3.58006
3.52384
3.30833
3.29398
3.52083
3.58265
3.59326
3.61673
3.56033
3.55875
3.61879
3.56357
3.53127
3.54999
3.5432
3.56666
3.57946
3.54113
3.53579
3.5518
3.54998
3.56789
3.49632
3.46595
3.52811
3.55214
3.53721
3.48698
3.50147
3.54156
3.51367
3.5082
3.49721
3.4826
3.51354
3.50388
3.49004
3.53161
3.54342
3.57465
3.5808
3.49046
3.52309
3.58784
3.526
3.45973
3.45307
3.54053
3.59487
3.55054
3.54236
3.52678
3.54568
3.56252
3.50306
3.52404
3.56555
3.55211
3.54932
3.52599
3.52786
3.58652
3.58586
3.56502
3.60395
3.54722
3.45228
3.51019
3.56581
3.55235
3.50735
3.47349
3.54791
3.56721
3.53965
3.52034
3.49015
3.55478
3.60292
3.5649
3.5389
3.57385
3.60314
3.58313
3.54364
3.46022
3.44475
3.47691
3.47755
3.46701
3.50627
3.56631
3.56337
3.55757
3.51055
3.45275
3.51078
3.56961
3.51682
3.50277
3.5291
3.56438
3.5804
3.50915
3.48557
3.52641
3.53775
3.53987
3.49658
3.47953
3.55587
3.55504
3.54855
3.55951
3.52626
3.56174
3.54504
3.40783
3.30525
3.30765
3.38409
3.4682
3.49433
3.50963
3.51943
3.53337
3.57195
3.51513
3.50762
3.54665
3.46661
3.47105
3.44125
3.45358
3.54178
3.52849
3.50845
3.46288
3.48364
3.50032
3.49815
3.54072
3.51232
3.47861
3.52295
3.57001
3.52395
3.45371
3.51895
3.55062
3.31408
3.10308
3.26857
3.48677
3.48288
3.52619
3.48027
3.47131
3.54271
3.5148
3.49063
3.50063
3.54986
3.56686
3.47278
3.43299
3.48828
3.50113
3.48831
3.4703
3.4808
3.51223
3.46306
3.31263
3.24883
3.4301
3.55779
3.5467
3.51689
3.50962
3.54751
3.54578
3.52291
3.4786
3.49327
3.55013
3.53801
3.535
3.55772
3.55155
3.52821
3.50779
3.50145
3.49866
3.48475
3.46358
3.46292
3.46883
3.47355
3.49354
3.5424
3.573
3.50624
3.48188
3.51586
3.53599
3.49016
3.43597
3.49677
3.50506
3.45507
3.49418
3.49139
3.4836
3.49948
3.4303
3.41062
3.4817
3.56318
3.57571
3.45945
3.44879
3.53456
3.49986
3.45347
3.46663
3.49843
3.51486
3.45108
3.44025
3.48822
3.52668
3.54711
3.45776
3.44691
3.51642
3.48591
3.44184
3.46434
3.51042
3.52675
3.50652
3.48053
3.46889
3.48541
3.50519
3.50078
3.46142
3.4027
3.43057
3.5315
3.53656
3.47546
3.47904
3.48682
3.46868
3.49826
3.43355
3.40819
3.47655
3.49647
3.49435
3.45692
3.48376
3.50909
3.46911
3.50981
3.49834
3.45699
3.50258
3.49664
3.50139
3.48755
3.49064
3.54636
3.50077
3.43251
3.44445
3.43828
3.41721
3.39902
3.42076
3.45454
3.45635
3.51248
3.49271
3.41242
3.44021
3.47207
3.47817
3.45364
3.4313
3.47757
3.44793
3.47488
3.44171
3.40792
3.48225
3.48605
3.44354
3.10145
3.00034
3.28944
3.47464
3.4867
3.43689
3.42519
3.44204
3.48597
3.43725
3.2987
3.2396
3.35464
3.46516
3.39792
3.4233
3.47547
3.44923
3.39547
3.2473
3.32611
3.44029
3.41578
3.47347
3.42784
3.41281
3.47538
3.46756
3.44629
3.46548
3.50793
3.51351
3.45108
3.39978
3.43801
3.48197
3.49288
3.42876
3.37944
3.45805
3.51333
3.51059
3.408
3.41126
3.50073
3.49152
3.52226
3.41752
3.37883
3.4899
3.52688
3.48792
3.40285
3.42469
3.4728
3.4438
3.42609
3.41316
3.44985
3.47653
3.41848
3.43842
3.44164
3.39429
3.48488
3.46045
3.43204
3.50515
3.493
3.48887
3.44162
3.44842
3.49138
3.39792
3.31688
3.32847
3.40174
3.46679
3.4532
3.41947
3.3976
3.42178
3.41581
3.41642
3.37333
3.35218
3.40891
3.39423
3.37634
3.38751
3.4349
3.45963
3.4795
3.48029
3.47398
3.48343
3.48936
3.48611
3.45997
3.44828
3.46002
3.45688
3.41992
3.39405
3.4196
3.40475
3.42565
3.42161
3.15761
3.11149
3.3616
3.46392
3.43099
3.37706
3.39267
3.47085
3.43929
3.39099
3.43964
3.45448
3.43796
3.41892
3.40178
3.43264
3.42383
3.40448
3.37116
3.39908
3.47731
3.46438
3.44934
3.28146
3.31892
3.49297
3.45189
3.45771
3.38482
3.38877
3.46106
3.47073
3.49243
3.38568
3.36267
3.46623
3.48781
3.45295
3.34386
3.36692
3.46862
3.44823
3.427
3.41784
3.44205
3.46157
3.46451
3.46265
3.41302
3.43702
3.46996
3.43297
3.42834
3.41742
3.40525
3.46739
3.48783
3.42322
3.39916
3.3989
3.3905
3.41154
3.3926
3.3736
3.4319
3.4595
3.44203
3.46121
3.43941
3.42076
3.32847
3.3093
3.40683
3.44793
3.45649
3.38167
3.39801
3.43581
3.42854
3.4387
3.35552
3.36507
3.46461
3.47188
3.43061
3.3957
3.43573
3.45902
3.31476
2.92807
2.87439
3.07753
2.86569
2.91413
3.22965
3.14256
3.16988
3.36703
2.9735
2.90916
2.78741
2.81713
3.34117
3.33382
3.37288
3.39272
3.37878
3.3073
3.17171
3.14646
2.92307
2.83888
3.10843
3.32213
3.43749
3.22042
3.15987
3.33995
3.33683
3.2093
3.24223
3.38483
3.38233
3.39097
3.32535
3.32891
3.32754
3.31171
3.32012
3.33293
3.36284
3.37803
3.31856
3.01101
2.91778
2.98174
2.98664
3.19421
3.15255
3.14536
3.35135
3.37421
3.13427
2.77984
2.79562
3.0767
3.26654
3.31902
3.11397
3.16592
3.21642
2.85786
2.73888
2.81946
3.0337
3.1011
3.17914
3.27443
3.12157
2.64125
2.31459
2.40671
2.50682
2.58313
2.65885
2.80854
3.00269
2.97954
3.01395
3.08505
2.81057
2.78002
3.23892
3.4358
3.15152
2.79649
2.75352
2.74449
2.85887
3.26638
3.28522
3.18228
3.28784
2.94466
2.8518
3.02652
3.15777
3.43434
3.45712
3.35738
2.95777
2.77922
2.92381
2.58033
2.35066
2.90507
3.51996
3.46329
3.48966
3.46757
3.48769
3.49339
3.47299
3.55479
3.55637
3.55743
3.51719
3.46653
3.53909
3.55051
3.55968
3.54582
3.44475
3.35249
3.27372
3.26261
3.36661
3.53789
3.59561
3.54354
3.55446
3.5888
3.56049
3.3532
3.12351
3.32234
3.56248
3.49125
3.50016
3.43078
3.09916
2.84678
2.96116
3.23836
3.31326
3.2419
2.8508
2.61841
2.74739
2.71644
2.88201
3.32111
3.47859
3.34684
3.17172
3.02696
3.17191
3.29182
3.27872
3.46094
3.5147
3.56295
3.54869
3.45591
3.4314
3.48672
3.52034
3.4513
3.38548
3.35528
3.30822
3.4021
3.48941
3.52616
3.45966
3.43745
3.50238
3.50082
3.51075
3.53677
3.42693
3.42326
3.51023
3.37152
3.30907
3.40845
3.52216
3.5172
3.47529
3.52188
3.53311
3.31529
3.05667
3.18686
3.4872
3.56168
3.54268
3.50839
3.50467
3.3832
3.2432
3.23308
3.23989
3.32197
3.48352
3.40653
2.9487
2.76549
3.11444
3.14121
2.97476
3.0905
3.21858
3.11836
3.01211
3.17568
3.26218
3.28372
3.35893
3.35457
3.27926
3.27175
3.33231
3.37676
3.2681
3.253
3.37051
3.35284
3.34146
3.3681
3.33011
3.03433
2.92288
3.16933
3.34128
3.38322
3.40677
3.34132
3.05144
3.05948
3.30474
3.23448
3.23837
3.36392
3.29642
3.25581
3.35412
3.36709
3.39024
3.44262
3.39189
3.33814
3.33403
3.36331
3.22811
3.1845
3.31684
3.34967
3.35936
3.41872
3.16365
3.11639
3.39292
3.38468
3.35041
3.27106
3.30135
3.39538
3.39049
3.35909
3.35053
3.3957
3.37817
3.32998
3.31874
3.32246
3.2829
3.2823
3.32367
3.36756
3.10177
2.70497
2.66599
2.87382
2.78258
2.75926
3.05759
2.95893
2.98646
3.09825
2.95704
2.84607
2.81033
3.09175
3.35
3.32447
3.32762
3.37637
3.36823
3.33009
3.34474
3.37713
3.29385
3.20807
3.25004
3.29245
3.35012
3.34692
3.32259
3.30156
3.26376
3.32135
3.28773
3.30718
3.3055
3.27984
3.27036
3.00276
3.06806
3.41965
3.42792
3.38007
3.3544
3.32886
3.38019
3.39871
3.43471
3.39866
3.41053
3.47202
3.4402
3.43665
3.42381
3.46901
3.48135
3.45467
3.45433
3.38638
3.39424
3.43868
3.41234
3.37638
3.37282
3.43557
3.41747
3.24277
3.07544
3.23584
3.35041
3.35807
3.40638
3.38293
3.43198
3.12657
3.02645
2.88938
2.74979
3.05754
3.29148
3.34419
3.35634
3.13739
2.87779
2.89269
2.86172
2.73419
2.91663
3.18728
3.03335
2.68968
2.63777
2.94424
3.04648
2.78801
2.63656
2.71589
2.71228
2.67868
3.00007
3.21325
3.24231
3.07879
2.57476
2.56904
2.95826
3.13337
3.08658
3.01895
3.17407
3.28285
3.299
3.30964
3.30885
3.35938
3.38326
3.40692
3.10603
2.94276
3.09261
3.08203
3.15903
3.33421
3.3363
3.21738
3.12226
3.07936
3.07254
3.21376
3.3036
3.23407
3.21501
3.18931
3.19311
3.15752
3.23126
3.3612
3.27018
3.18616
3.23165
3.27844
3.3104
3.33566
3.31737
3.33362
3.34618
3.39228
3.3443
3.25322
3.15014
3.11355
3.21109
2.88798
2.8027
3.14581
3.26355
3.29177
3.34191
3.40122
3.38159
3.28122
3.25794
3.33869
3.34024
3.28441
3.28932
3.33908
3.34253
3.32719
3.30279
3.32507
3.38352
3.37953
3.35502
3.30508
3.29908
3.30821
3.327
3.34874
2.9041
2.77457
3.06942
3.14647
3.20827
3.28925
3.01674
2.93676
3.12401
3.19183
3.28365
3.05998
2.77385
2.93364
3.25439
3.30183
3.30417
3.32551
3.38139
3.28241
3.14723
3.12614
3.25947
3.21328
3.11036
3.08029
3.13851
3.23977
3.24733
3.26467
3.27504
3.31688
3.33518
3.33932
3.15539
3.04491
3.115
3.18481
3.0082
2.83439
2.99475
3.25268
3.28925
3.31102
3.37679
3.34676
3.33087
3.32467
3.3356
3.35282
3.33076
3.26636
3.29635
3.35639
3.32356
3.25155
3.06794
3.01799
3.22863
3.35871
3.26584
3.26534
3.34731
3.37176
3.29498
3.25494
3.32669
3.35011
3.33647
3.30653
3.29713
3.30975
3.34486
3.35652
3.29626
3.3066
3.36622
3.35792
3.11295
3.04955
3.26688
3.3244
3.3553
3.31496
3.3174
3.37128
3.38152
3.40933
3.29128
3.28281
3.36494
3.3593
3.28389
3.28459
3.34044
3.30816
3.31869
3.35374
3.34292
3.33779
3.326
3.2248
3.25047
3.33486
3.26559
3.25613
3.28113
3.30953
3.35556
3.34749
3.29904
3.29533
3.31759
3.36508
3.35354
3.31947
3.35966
3.3968
3.37788
3.3217
3.29114
3.28372
3.30144
3.25422
3.29688
3.34841
3.35194
3.36469
3.33142
3.31676
3.34018
3.38771
3.34612
3.31245
3.26792
3.29304
3.32809
3.25573
3.16407
3.10377
2.97135
2.98914
3.24304
3.2949
3.28926
3.35048
3.28153
3.27318
3.28445
3.28324
3.32151
3.28926
3.31661
3.32729
3.33382
3.32222
3.33821
3.34292
3.33311
3.38613
3.30653
3.20541
3.14487
3.19435
3.2461
3.26083
3.28857
3.26949
3.18464
3.15834
3.23861
3.30639
3.32328
3.28081
3.28621
3.29897
3.32744
3.2594
3.24548
2.96398
2.8188
3.10415
3.2547
3.29042
3.29968
3.30163
3.29278
3.29115
3.31066
3.30595
3.27833
3.31723
3.3659
3.32013
3.34259
3.29606
3.22953
3.27623
3.33112
3.25266
3.21182
3.0805
3.10275
3.26183
3.26049
3.29734
3.31281
3.2869
3.27723
3.31147
3.29389
3.30848
3.28437
3.29208
3.34647
3.35833
3.33198
3.29939
3.30116
3.30729
3.24477
3.21353
3.26995
3.30715
3.34317
3.33852
3.28488
3.31817
3.35639
3.2893
3.3098
3.30795
3.27221
3.29088
3.29011
3.19794
3.2122
3.3224
3.28923
3.27958
3.19346
3.20978
3.30056
3.30489
3.28381
3.26217
3.29578
3.32206
3.2978
3.26903
3.29907
3.29695
3.31552
3.28103
3.2429
3.27353
3.28901
3.30384
3.27947
3.26604
3.23714
3.24236
3.30667
3.31302
3.30108
3.3192
3.31025
3.31223
3.27626
3.26916
3.29474
3.2495
3.26223
3.29311
3.29689
3.31216
3.35309
3.29327
3.25472
3.31339
3.27966
3.16749
3.22369
3.30813
3.27448
3.28068
3.28387
3.28
3.28727
3.32293
3.31798
3.25705
3.25102
3.32102
3.33529
3.32173
3.2702
3.23764
3.26055
3.29865
3.21129
3.18504
3.28136
3.26874
3.2386
3.25327
3.31908
3.33786
3.30784
3.29159
3.31018
3.31356
3.31889
3.26459
3.26148
3.31723
3.18053
2.94326
3.00554
3.25947
3.25352
3.25334
3.25428
3.24967
3.30456
3.33614
3.32522
3.26882
3.26615
3.2846
3.26752
3.2471
3.15223
3.03702
3.15207
3.33523
3.3611
3.28577
3.05501
3.00978
3.17833
3.26298
3.31337
3.26912
3.24597
3.26905
3.27651
3.28754
3.26931
3.26384
3.3091
3.33939
3.2853
3.25231
3.28077
3.29931
3.28011
3.29553
3.31236
3.22794
3.10235
3.08695
3.0633
3.11598
3.26286
3.2235
3.1621
3.206
3.28393
3.26148
3.27736
3.26538
3.22775
3.26337
3.28327
3.28357
3.28093
3.3028
3.27908
3.22505
3.16608
3.23765
3.21009
3.08345
3.11614
3.19911
3.26905
3.29301
3.25354
3.2226
3.22858
3.26724
3.20611
3.23257
3.24464
3.20546
3.26098
3.29715
3.23315
3.1782
3.22182
3.24128
3.22438
3.23618
3.27224
3.26941
3.27494
3.25397
3.25103
3.28073
3.28565
3.22394
3.22189
3.28169
3.29671
3.23602
3.24234
3.29102
3.27103
3.20795
3.17362
3.24789
3.33903
3.31901
3.25492
3.24405
3.26916
3.26679
3.26721
3.23771
3.16935
3.07318
3.07848
3.17844
3.231
3.22993
3.18153
3.18971
3.16948
3.18371
3.24944
3.29718
3.27209
3.23208
3.26808
3.25874
3.22929
3.22274
3.26004
3.26538
3.27451
3.24386
3.22185
3.27264
3.2815
3.10923
2.84883
2.99269
3.20919
3.18977
3.20274
3.20182
3.26467
3.25999
3.16349
3.19426
3.27425
3.27112
3.24219
3.21623
3.26063
3.26865
3.24562
3.21864
3.23446
3.25253
3.22313
3.02827
3.00371
3.20593
3.22665
3.22934
3.24186
3.27048
3.31137
3.30491
3.25824
3.25526
3.27146
3.2716
3.30115
3.25747
3.24439
3.25123
3.14427
3.08929
3.16127
3.1867
3.21161
3.29468
3.28118
3.2124
3.26209
3.30564
3.28163
3.24457
3.24861
3.25832
3.25005
3.23364
3.22462
3.26334
3.24448
3.22426
3.24107
3.27067
3.28576
3.20319
3.16755
3.24704
3.2666
3.22475
3.22967
3.22489
3.2131
3.24879
3.2398
3.19872
3.21768
3.22796
3.23963
3.26849
3.24141
3.21887
3.23095
3.25635
3.22456
3.20765
3.23627
3.24273
3.22278
3.20581
3.24959
3.27237
3.24662
3.21331
3.20197
3.26593
3.29037
3.25028
3.25371
3.28567
3.25578
3.20766
3.24192
3.26828
3.21523
3.18526
3.20642
3.2365
3.24872
3.22912
3.23346
3.239
3.24295
3.27726
3.27918
3.21439
3.22411
3.26667
3.24258
3.26133
3.25797
3.26147
3.26117
3.25972
3.18282
3.18337
3.23232
3.1359
3.05868
3.00598
3.07312
3.21372
3.24254
3.21972
3.21136
3.22814
3.21935
3.19352
3.22427
3.22599
3.20977
3.15437
2.8552
2.83325
3.10608
3.18572
3.20257
3.2403
3.24203
3.20066
3.10145
3.07359
3.11402
3.17622
3.23123
3.21044
3.19224
3.21829
3.20055
3.18902
3.23615
3.25062
3.18592
3.10708
2.98083
3.03315
3.18286
3.18707
3.25012
3.24602
3.23979
3.15157
