8.5923e-312
inf
2.80764
60.8717
58.4727
57.4102
47.2333
43.9059
44.9832
47.784
49.9002
40.0553
32.1058
17.0245
19.8855
57.5838
57.617
55.1998
56.9055
60.7681
59.7961
51.0621
51.5677
57.554
56.8456
56.1214
55.5432
52.6371
53.3718
49.7711
47.5421
53.3832
52.608
54.1023
58.4539
58.8339
56.8521
57.9878
59.356
58.957
59.5061
59.7193
61.677
58.5686
55.4524
55.7678
58.2751
60.1178
59.6339
62.0309
61.3987
61.3874
61.8219
61.5214
63.6902
61.7589
57.2836
57.323
61.1864
62.0078
59.4513
60.1305
62.1407
64.3853
61.7093
60.4924
63.6659
61.0557
57.2475
58.5823
62.903
63.2992
62.5039
63.1951
63.8305
62.0848
63.5364
63.7146
62.8595
61.8047
60.0024
57.9979
56.2762
59.8767
60.1775
61.4043
64.9245
64.992
66.0066
62.1852
61.2539
66.1398
64.5182
63.861
63.7389
59.2312
59.3313
63.1233
65.9674
61.8563
59.7925
63.1592
63.8631
64.8256
64.5078
63.7146
61.0967
54.6523
55.3971
60.1034
61.3798
63.2211
64.4849
64.3108
62.1678
62.3364
63.0318
64.2612
66.3945
62.054
58.651
56.0099
58.4027
64.9815
63.2951
62.5978
64.7019
63.91
63.5485
62.9386
63.9591
63.0815
57.7834
60.0168
61.62
60.4303
61.4062
61.1247
61.3817
59.7889
61.5745
64.6998
63.6983
62.5254
56.7569
56.0837
62.6449
63.0875
61.82
63.8142
64.4309
60.9645
61.9905
64.348
63.8508
64.3087
59.9395
56.7247
60.3227
63.2191
64.0656
60.3792
59.4318
62.6213
61.4647
62.5391
63.2531
62.0155
62.5684
60.7386
57.2279
54.5123
57.4185
60.0944
59.8015
60.6465
60.361
63.3995
60.9719
60.9347
63.1313
57.9274
52.7816
56.6332
62.1601
58.8132
60.584
64.0369
63.3513
64.6893
61.1303
58.2852
59.1174
57.0158
53.2581
53.904
60.4961
62.0059
61.0389
60.1703
60.423
61.8162
60.3136
59.1419
59.7211
59.8319
56.8747
58.1294
63.1592
60.9032
60.5455
63.1832
63.0975
63.9468
61.6675
60.8754
60.831
59.1891
59.4318
57.3197
58.8339
58.2513
58.1564
60.3846
59.0284
59.9179
61.2014
62.8694
61.3177
59.7122
55.9018
55.3603
60.1884
59.6837
59.0737
60.0673
60.1866
61.1958
61.6884
62.7845
61.4062
60.3464
58.524
57.617
58.4539
58.8582
63.0656
63.0736
59.4442
60.25
60.2827
60.3628
62.5586
63.2231
61.1434
53.9302
53.9884
59.8247
62.7412
64.156
62.8299
59.6427
58.9692
62.5059
61.1135
60.0655
62.385
57.0353
54.2388
53.9243
55.6994
59.3296
58.8789
59.0371
59.7372
62.2723
63.0001
63.0378
60.6336
57.0939
51.9642
51.4854
55.6359
57.4762
59.2119
58.732
58.1632
57.496
58.4676
62.2142
61.9924
59.7532
58.4949
58.7941
59.5823
60.8439
60.9645
57.9307
58.9206
59.9
59.1104
59.5486
60.3482
57.9139
53.7533
55.8628
59.453
58.4761
55.9237
56.3126
60.8513
61.6143
61.4326
59.3701
57.5043
58.6166
55.2929
55.7057
56.0664
56.3
57.9912
58.3822
55.2807
56.7038
62.8911
59.6605
60.8809
57.2131
53.5949
57.8001
59.2909
59.4849
57.5473
57.5871
58.3448
59.363
59.8982
58.4573
60.4011
55.4616
53.056
57.0483
60.1052
60.2228
58.3397
60.2845
57.8771
56.1624
57.4828
58.7061
60.0366
55.3511
54.8216
54.0453
55.5525
58.4232
58.0872
57.8503
56.9557
58.43
58.2615
59.1768
58.7751
56.2604
52.3807
53.0588
56.7521
57.2967
58.3805
60.5767
60.2446
55.6607
56.3317
58.5978
58.1971
52.6344
49.8517
53.7086
56.4637
60.3264
58.3056
56.5083
56.6107
56.5835
59.5735
60.3264
55.3204
53.0434
57.7501
59.1401
57.5523
55.9237
56.8343
58.2734
58.7803
60.8458
58.3328
57.7367
58.8201
58.0973
54.8291
55.9534
61.0109
60.9886
61.2989
59.0964
57.205
57.3411
57.5209
60.0619
55.2242
52.4136
54.6359
55.1314
56.7972
57.4515
58.1649
57.7267
57.0369
55.7119
56.2493
57.1135
54.308
54.0701
56.9249
58.2208
57.1478
57.205
55.93
55.4508
55.1557
55.7227
56.4207
55.7212
53.4117
53.2822
57.1314
56.0978
56.2556
56.4334
57.8854
57.9441
57.3411
56.3539
50.7859
49.04
52.5597
58.4266
57.6302
56.2461
55.8441
53.2297
51.6422
53.8343
57.549
55.2868
52.6912
54.8938
58.651
57.2525
57.6884
58.8928
58.4214
59.1279
60.0546
59.9179
56.101
51.6996
52.158
54.5019
53.9607
56.8667
57.8637
56.2335
59.5965
58.572
57.7818
59.0772
58.9518
56.3809
53.9913
57.323
59.1506
59.4106
56.8263
56.0475
58.7475
57.4003
57.2475
58.3141
58.6992
58.1328
52.3862
50.773
56.5227
58.5652
55.3388
55.4862
58.8998
59.577
56.6492
55.7616
54.4099
52.1173
52.4838
55.7119
57.2066
54.4247
55.3848
55.9989
54.8201
55.8659
57.5126
53.7259
50.1454
53.1265
58.0484
56.9914
54.793
55.5942
55.0888
57.8252
58.2004
56.912
56.9298
57.1053
49.323
48.84
56.6283
56.2177
55.7491
54.4499
55.3495
55.2349
55.437
52.9942
48.4625
50.5242
55.4893
57.3773
56.9525
55.8659
55.991
58.3311
57.0858
55.6808
53.7071
54.7166
53.8141
53.2396
56.1183
54.6627
57.2131
58.1514
55.4447
55.6824
54.8486
54.3922
56.8117
53.8112
52.651
53.5318
52.7691
55.2181
55.6839
57.1396
58.1988
54.4662
54.0511
55.6344
53.2538
52.5721
54.2152
54.6001
56.63
56.1451
56.5131
55.9253
55.6529
54.4558
55.104
54.8426
50.449
53.5361
55.8862
54.793
54.8757
56.5963
57.8068
56.6267
54.4529
55.5695
52.7051
49.5577
52.5086
53.9622
55.5664
57.8118
58.2242
57.8687
57.0044
55.955
57.7251
53.135
49.2902
49.6512
49.7216
52.4769
54.9541
55.1876
56.0963
56.8085
54.7765
54.9405
54.1038
52.1594
53.0181
54.1389
53.3561
52.8919
52.278
54.9269
55.3909
53.4445
56.4
54.3404
50.9165
50.9892
53.0152
53.9811
54.542
55.7756
55.4708
53.8517
55.7491
56.8764
52.3519
50.1052
52.1458
55.0721
54.1389
54.6523
55.5155
56.2968
55.8347
55.7445
56.6813
53.2
50.4439
53.5404
56.5499
53.4574
53.6711
53.7519
52.2766
51.8941
52.5252
54.3183
55.1724
52.4095
51.6009
54.5971
56.7875
55.142
54.177
55.6065
55.93
56.5947
55.4754
55.7507
55.5001
47.7749
46.067
51.3571
51.9224
53.7663
54.5019
54.5048
55.605
56.09
57.5109
49.2987
45.4845
50.1895
55.1937
54.5464
54.0818
56.4127
57.5407
55.4754
54.3257
53.2879
48.1556
50.0363
54.9602
54.754
55.3572
56.1372
54.7315
55.0555
55.554
54.8742
51.3031
50.4528
54.4751
54.5971
53.3305
55.2639
54.748
52.8905
53.687
53.4631
52.9886
51.3848
50.8802
50.2866
53.0856
56.6652
56.2778
53.6653
53.7288
55.3679
54.5822
55.4431
53.8561
53.1929
49.8579
50.1404
53.0377
51.9886
52.6704
54.7151
55.2654
55.0843
55.1329
52.0007
47.5477
47.0124
50.1128
52.7913
55.4508
56.0538
54.0161
53.7317
53.7663
54.6448
56.1482
55.7429
50.665
49.703
54.0307
52.7579
53.3021
52.9255
53.4117
54.4321
54.6837
54.9964
52.8123
50.4541
47.1509
49.1848
53.2779
53.3248
53.4845
52.9577
52.8765
53.1618
52.158
54.4751
51.4443
46.8768
50.3588
55.8036
55.2135
55.1861
57.5722
55.9081
52.9675
53.6639
55.1116
52.7774
51.164
52.8039
54.8832
53.7649
54.8125
55.1831
52.9829
53.8358
55.8238
53.8779
53.5863
50.8246
46.4544
48.0862
48.8019
48.631
49.8529
49.4083
49.7673
48.7567
48.1556
46.0745
46.231
48.676
49.6487
51.4642
50.2424
49.6796
50.2816
49.8082
49.8008
49.0605
47.6894
48.5909
50.5255
51.2426
50.9424
50.6278
51.3018
51.8618
51.1967
51.4681
51.3518
49.9451
51.3492
54.8501
55.7243
52.5072
51.5517
54.736
54.784
53.7692
53.3703
49.7475
46.1382
47.5172
51.7732
54.0132
54.0146
54.3109
52.4879
52.0833
52.7565
54.0176
47.4823
45.8421
52.9507
52.4948
50.5421
52.0576
53.3276
54.3154
52.633
51.7598
53.1858
49.7488
50.7151
53.1082
51.2007
51.8686
53.0462
54.8607
55.7802
51.5424
52.8751
53.6653
50.958
49.57
48.605
51.1182
53.3561
53.0588
54.0351
54.4114
53.5361
52.7176
51.9818
50.5025
48.6772
49.5086
52.4797
54.5093
53.6481
52.1091
51.7371
51.0321
50.7975
52.9858
49.5602
47.9639
49.586
49.255
51.4893
52.9297
48.5956
42.1576
43.0302
49.5626
47.8916
43.5939
45.776
50.3145
52.3519
51.8282
53.3404
53.8721
53.0209
50.7485
48.5084
45.6538
42.7223
46.1595
49.028
50.0012
52.6371
50.5727
49.9913
52.2671
51.2781
50.8091
48.689
47.7886
51.5159
51.1836
49.8008
47.9283
49.6438
54.0862
51.9832
49.629
45.2581
46.3704
51.9616
50.9931
50.9282
53.183
53.6567
53.6207
52.8737
50.597
46.1106
43.9454
47.4699
50.1303
51.3888
52.8318
52.7635
52.1132
52.5031
51.7732
50.6022
48.6109
47.8561
49.3328
51.053
52.9507
52.3067
51.5358
53.6423
53.0941
51.5876
53.9229
51.1091
47.6531
48.765
49.8567
50.9931
52.0671
52.7204
53.5834
54.1991
55.6591
51.9346
49.3462
46.6233
48.7805
52.0021
52.1662
51.0803
48.0596
50.6163
53.9665
55.3695
50.1505
41.0273
40.3136
46.9329
50.0225
50.9879
51.7317
51.4655
52.9857
53.6725
48.6535
46.5224
46.7694
49.3535
51.9845
51.4893
52.9942
53.6625
53.6725
53.1265
55.4017
49.0004
46.6657
49.4694
50.0814
52.4233
52.2343
51.549
51.4112
51.6729
53.5045
50.7061
49.4205
52.3862
52.9297
51.5132
50.4566
50.7189
52.0752
54.2977
50.8505
48.2649
47.7247
48.8114
51.4999
49.4829
49.0124
48.9093
48.1498
50.7151
51.8955
49.5786
46.5766
49.4621
52.4604
50.4528
51.8632
51.3809
51.3875
53.9433
54.2064
53.6078
48.6665
47.1587
50.7859
51.7036
51.2138
50.9996
49.955
52.0088
52.8905
50.6496
46.62
44.8039
46.9484
48.9452
51.573
52.341
51.5517
51.5983
52.6981
52.5238
50.4643
46.1979
48.1139
51.7746
50.3753
51.9494
50.9814
50.2904
53.1844
55.5309
53.2978
49.8008
49.209
51.8497
54.0862
53.1901
50.7485
51.3743
50.9541
50.4847
51.9953
51.4615
50.2588
47.8858
46.422
48.572
51.439
50.9191
50.7949
52.6233
51.5052
49.9313
48.486
47.98
47.98
48.5519
51.0647
52.1023
49.6931
49.9376
53.5719
51.1627
50.0939
49.6672
50.1429
52.6759
51.9575
51.7063
50.7692
49.4756
49.5614
49.0424
48.2963
47.4868
43.5142
45.1355
51.1836
53.1887
53.2609
53.4345
53.011
49.9002
49.955
47.7623
44.7167
47.7817
49.645
49.7971
50.2588
50.574
52.1608
51.7357
51.7117
51.2913
47.9536
48.0111
49.7426
49.5344
48.6523
50.1819
50.2677
49.0028
51.3479
49.6907
46.2097
46.0172
49.6845
52.2125
52.304
53.661
50.9243
50.3373
51.3426
47.6338
45.8127
48.28
52.1105
54.0731
53.5031
51.9616
49.3754
48.7009
48.9716
50.6483
50.2626
45.7331
48.0792
52.8206
49.8977
50.1467
53.7143
51.6276
50.3677
51.8551
50.5663
44.7547
45.2172
50.6907
50.6573
46.5474
48.1545
52.1173
51.3189
51.4787
50.4872
47.9076
44.6508
44.0286
47.7829
49.8231
49.7611
49.7216
50.7305
51.3822
50.7601
48.8615
45.3135
46.5149
49.6376
48.7983
49.5405
49.2308
50.3854
53.0068
53.2283
52.6995
48.07
47.1242
51.0438
50.7202
51.1195
49.8244
48.6145
51.2111
51.4086
50.9113
46.7618
46.0363
48.4625
48.9237
51.7371
51.2216
50.5446
51.557
51.792
50.0438
48.7472
48.1487
48.0908
49.9326
51.5066
51.2256
51.6062
52.7802
50.8776
50.8776
51.4086
52.4521
50.7228
45.2192
47.3194
51.5291
51.4483
50.3056
47.4823
46.9285
48.3887
50.8712
48.7948
45.7561
47.4845
50.5472
52.3519
50.7846
49.8467
50.0927
49.98
51.5956
51.34
48.1058
43.5682
43.4216
48.3197
51.3018
50.2487
49.5099
52.0224
51.1967
47.4586
40.6959
40.2431
47.3732
48.4414
47.0113
46.5019
48.9416
49.2635
46.7279
43.8953
39.4992
41.7973
46.2385
46.6581
49.0749
50.3183
50.3601
50.7859
49.0208
44.2478
45.436
48.3372
47.5658
48.992
47.7589
49.3827
49.9401
49.8517
51.9562
50.5766
49.2441
50.0075
51.2505
50.9087
48.0839
48.1232
49.7921
49.6537
49.4878
49.894
50.1806
48.4308
48.9656
50.3956
49.4193
49.4242
50.7292
50.5229
52.0454
53.7967
50.5216
46.3263
46.5571
49.3913
49.4658
49.4352
49.1981
48.6843
50.114
50.5102
50.6817
46.3252
43.8299
46.9285
51.0947
49.0004
48.3734
49.9863
50.5625
52.7969
52.2807
51.0048
49.9775
47.0367
46.4317
47.1865
49.134
50.2841
50.2664
51.1117
51.143
51.9305
47.9226
47.5466
48.8186
47.9007
50.4337
49.8293
49.5172
50.1555
50.2588
50.91
48.4578
46.7946
47.567
48.8484
49.879
49.128
49.687
50.8647
50.3335
51.8041
51.6116
48.6263
44.0606
44.116
48.6902
50.104
48.998
49.8604
53.4074
50.9567
49.4132
49.5909
47.1265
46.7891
49.4927
51.1692
46.7694
46.7574
46.6048
44.834
47.0754
44.9357
43.6481
48.4332
50.3842
50.5817
50.6791
49.5577
49.6106
51.0074
50.674
49.8393
47.4552
44.5226
47.4316
50.1781
49.0545
49.2041
51.0022
50.9191
49.965
50.683
44.9934
44.834
49.7277
48.1139
49.3328
49.9214
49.2841
49.9638
49.807
50.4579
49.0713
46.6342
46.6211
48.0619
50.0463
49.0136
49.3097
48.5802
48.5956
49.3523
46.9693
46.5474
49.2114
49.755
50.6227
51.2794
50.6765
51.4311
52.3108
49.7711
47.6134
46.0745
46.1723
47.995
49.3913
49.9201
49.9725
51.8578
52.1281
49.9239
49.0256
46.8823
44.1764
46.0914
49.6032
50.402
49.848
48.0966
48.2567
51.9211
51.1457
50.2968
46.3371
46.394
50.3411
48.8329
49.4267
51.307
50.5472
49.6019
49.6266
50.7795
46.1947
40.5696
43.0617
48.2102
48.5767
49.3316
48.9357
49.8281
49.1654
49.2138
44.2321
42.7826
47.4305
47.0754
49.2477
49.9588
49.9376
50.574
48.7579
49.1473
46.4199
45.3155
49.9838
48.6855
48.8902
51.8807
50.8815
49.3413
49.6894
49.249
46.2738
43.929
45.7519
48.9836
49.3523
48.9177
49.3839
49.7352
50.5382
49.4584
45.9253
45.5851
48.6926
46.0925
43.5294
47.5726
49.8604
50.2336
50.4745
48.8222
47.0876
47.4203
46.9318
48.2148
46.9263
46.261
49.6931
49.2781
47.2467
46.3886
45.7206
48.129
51.6409
51.2387
48.5107
46.3682
49.6611
51.717
49.8778
45.9992
43.3247
43.6138
45.557
47.7943
48.2207
46.8362
47.792
48.5602
48.5625
49.232
46.0024
45.9517
49.0004
49.4242
49.5466
48.5201
49.4108
49.4548
46.0024
42.3558
41.4697
46.6755
47.0478
46.5538
49.6709
50.4592
49.0292
48.5861
43.6624
41.5351
44.7187
45.3402
46.7771
48.2311
49.687
48.6606
48.6985
48.746
47.0777
45.4949
42.5215
44.0083
48.7151
49.7772
51.0686
50.4134
50.0864
50.4719
45.9538
45.7352
47.9007
48.3244
48.8687
49.0918
51.0608
51.9521
50.0764
49.4071
44.1287
42.1195
45.8232
47.9203
48.4895
49.7129
49.8293
49.3669
50.8272
48.708
44.285
42.061
43.7254
47.2255
49.965
48.4262
48.0711
49.0461
49.4096
47.5048
45.2182
45.0887
48.1186
50.0063
50.0425
50.5651
50.5497
49.1461
47.1431
45.3504
45.5446
46.2524
46.4113
48.4825
49.249
50.5599
50.3943
47.84
48.5213
50.3994
47.8595
44.4998
44.7477
47.4305
46.9197
47.5138
48.4567
49.8728
49.527
48.821
46.503
46.0543
47.8137
48.499
47.6974
45.9495
48.0411
46.998
47.3126
48.6902
45.6423
44.5663
47.619
48.3816
46.4544
46.2139
48.4778
48.8699
49.1884
49.334
41.4508
41.4259
47.3182
48.6654
46.3693
45.6111
48.2532
49.6882
49.2587
47.132
42.3254
43.8799
49.4047
48.6642
48.883
49.1957
50.0651
48.4719
48.1951
47.3339
45.2653
45.5695
47.9065
48.3501
49.1618
48.2602
47.5534
48.5237
48.1255
45.6017
44.6249
45.7049
47.2434
48.8293
46.6135
47.6792
48.6938
48.9536
48.1498
47.0256
45.5405
46.6179
49.6438
49.5319
48.592
47.7407
49.5295
49.5786
47.5489
45.2929
44.1618
46.3542
48.4849
47.0799
47.9605
48.6997
48.3045
49.004
46.5582
44.6309
46.1958
46.4005
47.0732
47.6917
47.2936
47.7418
47.6077
48.7413
46.7104
42.5188
42.1115
44.8632
47.4856
49.5983
49.9176
50.1958
48.9033
46.4662
45.045
45.8905
46.2631
45.9221
46.7508
47.462
47.7475
48.8878
49.2756
48.1267
46.9936
43.4783
45.1906
48.0815
48.2207
48.4931
48.5449
48.5472
48.746
46.5538
42.6922
43.9252
46.1702
47.3227
47.4462
48.6275
49.5258
48.4637
46.0734
44.9549
44.6718
45.253
45.9654
46.9881
48.0273
47.2523
47.2288
48.0735
47.8835
46.4328
46.9186
47.6735
47.9881
49.6389
50.7318
47.6974
48.1186
46.3693
46.4263
44.1706
38.6855
42.5423
47.6485
47.5658
47.7852
49.2781
49.9975
49.1618
48.7045
45.0055
44.9752
49.0641
49.1413
49.3644
47.8583
46.9991
47.172
47.533
47.9363
44.1667
44.479
46.9594
47.3541
48.8377
50.0864
48.618
48.0227
47.307
46.7486
45.0319
45.9306
47.9421
47.9858
47.1598
47.7304
50.971
49.5307
47.602
47.8904
43.7235
42.7314
47.9099
47.9697
48.5225
46.901
47.4012
49.5405
48.1522
45.8463
43.5502
44.5167
47.4631
48.1707
45.9517
46.6059
48.8651
50.5382
51.3492
43.1919
40.8055
44.962
46.1031
47.5658
47.7989
48.6914
49.4486
48.8699
44.4533
39.655
42.3271
45.4928
45.9865
47.1209
47.4518
47.7532
48.0296
47.489
41.8559
42.5595
44.8984
46.0172
47.8
46.5636
47.6032
49.3024
49.2405
46.0564
42.9277
44.6578
46.3704
45.6152
47.4383
47.9766
49.6426
48.9177
46.5495
44.961
43.802
44.6857
45.6329
46.2278
46.811
47.6202
47.4485
48.28
47.201
45.0258
44.0296
46.7322
50.0275
49.6783
48.2532
47.8137
48.4367
48.6855
47.6883
44.1306
44.3872
47.4125
49.028
48.2509
48.7698
48.377
47.1609
46.9969
47.768
39.9194
38.5698
45.9179
47.4001
48.0008
46.9693
47.4631
47.2668
48.3746
44.8803
41.6719
44.8571
47.8824
47.6224
48.2952
46.4177
45.555
48.4226
47.6247
46.0003
44.8561
44.8954
45.106
46.7519
47.9858
48.6358
47.1265
47.3833
48.765
42.9997
43.0348
47.0821
46.1542
47.7384
48.5472
46.4943
47.8526
47.152
44.614
42.9876
44.9782
47.2746
48.4285
48.3465
47.24
47.949
47.1954
47.9444
45.6402
42.7049
43.3266
46.5019
47.5647
46.8044
46.7366
48.6926
50.4834
50.7112
49.093
44.9327
44.1628
45.2192
44.5395
44.5157
47.1965
47.5964
