8.61665e-312
inf
2.91863
159.261
178.126
202.224
201.837
190.585
183.84
192.697
186.237
182.632
193.013
195.427
191.113
131.113
119.346
136.696
155.666
188.555
185.117
193.817
192.994
192.79
191.369
179.26
181.884
172.28
161.29
159.426
152.753
151.32
164.501
170.707
134.98
107.643
130.617
173.19
76.7578
20.1845
23.5059
182.999
188.005
167.154
178.428
195.963
198.157
214.915
196.541
192.845
195.829
176.788
167.673
172.846
196.386
222.941
221.877
215.193
215.703
202.593
200.763
215.773
211.528
203.978
215.517
216.99
205.444
204.269
172.726
153.457
168.577
182.299
180.131
166.306
175.131
200.08
192.16
196.502
202.102
195.503
199.481
193.013
195.656
209.578
203.936
203.417
213.47
205.065
197.746
190.241
177.431
186.098
205.297
196.85
190.603
193.78
196.194
196.502
188.626
131.216
125.873
164.204
164.962
179.501
202.102
198.138
188.679
184.86
175.254
189.484
161.421
158.793
210.283
196.889
192.957
205.698
190.949
187.758
184.417
182.299
201.126
197.453
196.909
210.172
184.792
178.11
191.424
190.024
196.657
195.427
185.736
186.498
192.883
191.534
198.886
207.447
210.062
211.707
201.45
203.397
214.27
186.864
183.083
208.768
189.915
183.756
161.316
164.177
158.053
150.943
194.647
175.439
174.779
212.608
198.748
183.284
166.708
163.68
190.621
188.023
190.64
207.533
200.864
192.493
191.278
203.417
211.149
199.98
185.995
195.523
199.362
191.736
192.326
188.626
193.761
209.38
200.08
194.515
189.591
181.455
197.863
203.355
186.55
189.934
173.792
178.221
170.547
165.741
203.749
184.57
167.308
179.469
197.2
202.224
171.556
161.07
187.758
185.271
183.587
199.641
195.332
179.437
169.75
174.902
188.573
196.329
199.661
195.79
177.494
184.843
191.223
184.213
196.252
198.491
203.004
209.139
179.808
172.132
185.529
181.34
192.474
180.034
171.585
173.476
164.948
165.385
162.787
183.268
181.984
171.438
186.428
180.18
188.84
199.064
193.069
204.897
203.397
181.242
175.362
176.523
190.731
205.086
186.237
183.133
182.799
176.678
189.09
186.933
183.587
194.25
192.382
195.714
201.248
184.145
180.979
181.818
166.611
164.609
158.97
149.936
160.681
160.966
154.131
168.776
179.808
189.988
191.223
174.902
179.035
197.278
187.705
182.199
189.251
192.031
195.332
188.377
185.96
184.621
175.731
181.769
182.1
179.84
195.141
190.894
177.431
183.993
186.898
189.663
188.43
174.414
184.01
193.723
188.679
183.318
180.424
158.907
147.135
164.718
139.159
136.93
158.303
164.352
177.447
172.117
184.519
182.832
186.359
205.846
177.462
164.88
178.031
185.943
183.554
172.444
177.368
195.046
185.168
181.521
183.184
179.986
191.791
191.205
185.684
166.306
163.572
185.305
179.727
179.308
195.963
191.15
185.391
158.165
150.568
152.905
159.363
182.266
162.496
151.023
151.32
171.365
187.776
186.445
200.361
186.411
167.997
173.115
176.538
176.913
182.415
177.683
183.655
173.13
171.527
179.905
177.715
185.649
185.46
187.477
172.861
165.92
177.494
168.11
171.792
177.715
183.469
195.179
175.809
177.226
197.981
167.574
163.439
157.828
144.928
157.431
167.434
181.422
181.587
190.114
186.916
162.707
161.147
173.16
177.683
176.991
179.678
189.717
180.799
179.582
185.237
183.503
189.699
181.077
185.77
186.48
167.926
168.322
161.865
164.271
180.05
185.408
188.822
169.909
165.755
175.316
160.333
164.663
167.42
138.571
135.163
142.572
144.76
164.826
179.646
176.975
185.082
176.196
173.626
185.219
186.951
191.443
175.331
163.279
160.668
169.866
189.054
179.003
181.538
184.792
172.191
175.871
176.087
174.551
179.292
180.554
181.389
169.981
166.127
184.094
184.757
157.146
155.933
177.368
162.088
157.418
172.369
171.028
181.917
177.952
161.642
173.883
177.968
178.094
178.142
173.175
185.891
170.648
166.792
166.82
160.733
179.163
181.192
178.492
165.085
166.113
190.876
182.732
180.734
171.262
153.186
154.154
171.292
191.004
178.38
170.358
152.929
153.457
142.725
146.864
184.196
150.841
151.826
156.384
154.226
169.52
178.253
187.003
171.674
171.556
171.984
169.924
179.582
171.6
170.459
178.667
178.348
182.282
172.741
174.459
167.94
158.945
174.902
180.668
179.34
163.185
160.63
177.968
174.856
169.506
148.92
149.332
147.482
151.217
163.613
165.399
187.793
169.621
162.483
156.152
152.555
156.091
147.831
157.208
164.596
173.325
175.439
175.177
179.953
181.094
176.866
153.457
148.225
159.147
173.476
184.23
176.382
176.072
176.258
175.593
185.684
179.84
181.901
184.638
159.198
154.214
144.269
139.694
146.972
159.502
176.741
166.625
157.654
169.722
189.304
173.581
167.884
175.917
180.799
184.963
174.581
170.823
177.368
180.131
168.11
161.708
174.84
167.687
168.251
183.133
178.126
176.507
167.476
170.518
185.202
178.508
173.1
170.285
147.005
140.805
147.951
149.936
167.322
182.916
173.295
166.016
164.096
172.414
187.459
180.848
177.462
170.213
167.631
175.855
170.488
167.224
168.251
175.316
183.385
170.474
172.891
159.553
157.369
173.1
176.991
188.893
174.871
165.235
172.176
174.034
171.63
169.147
144.665
139.753
165.631
150.557
148.721
164.772
157.146
167.574
172.622
170.532
168.89
174.004
185.701
164.19
160.128
173.928
179.276
187.935
177.022
176.196
158.604
149.533
171.394
170.984
175.377
174.902
161.668
159.16
168.933
185.615
176.523
161.057
163.894
172.028
151.149
157.122
186.532
156.25
143.906
154.751
161.996
162.999
166.806
175.871
160.372
160.449
161.642
166.764
183.672
172.191
172.176
177.651
174.963
170.707
171.88
181.538
170.692
165.673
160.565
165.017
174.414
166.293
169.967
159.949
168.322
187.864
165.276
152.497
141.273
150.015
155.533
156.262
157.555
156.189
178.444
161.057
154.643
159.655
169.851
163.506
162.893
177.841
162.417
165.577
162.747
164.867
160.772
158.29
172.548
165.085
170.896
172.697
165.618
163.586
172.206
188.147
161.044
153.175
168.563
167.87
163.653
165.426
163.239
159.147
147.743
143.246
161.264
159.084
159.388
178.412
175.193
172.399
155.703
154.607
177.007
172.607
175.84
177.336
180.18
160.154
158.215
184.01
174.08
174.627
176.429
180.002
179.501
165.221
173.943
174.856
169.535
163.292
146.007
150.297
162.496
171.204
168.265
160.488
150.512
142.867
143.462
155.775
175.316
170.853
174.004
172.384
159.337
164.772
161.199
165.03
168.663
169.722
169.219
157.604
170.155
170.648
171.615
170.054
158.466
158.983
160.514
171.88
160.115
158.416
174.779
171.689
168.99
163.881
168.393
170.765
170.198
158.554
154.583
154.083
147.33
154.143
143.266
148.976
151.63
155.497
167.56
163.921
177.242
174.019
163.733
149.454
160.128
182.482
183.419
178.253
167.87
154.488
149.903
165.879
171.233
171.659
176.835
165.769
156.58
156.544
168.976
173.792
173.295
175.701
156.458
151.849
148.379
148.236
155.015
156.495
168.62
150.841
149.88
156.152
158.856
170.707
167.056
158.115
161.668
179.759
168.492
166.306
174.902
172.221
167.112
162.787
172.563
170.736
168.393
176.585
171.821
166.196
164.177
175.731
184.434
180.034
181.62
177.336
164.867
157.431
147.645
158.391
161.956
154.285
150.15
150.932
155.316
161.095
179.372
173.974
166.722
153.976
154.178
164.42
171.16
164.948
163.572
172.667
164.096
171.527
174.444
171.409
174.474
160.979
155.328
153.139
156.703
170.343
178.619
176.056
152.381
152.987
159.885
142.187
149.903
154.548
143.606
157.072
174.886
167.21
167.729
172.221
176.725
159.312
149.936
166.625
165.221
171.999
171.954
168.549
163.854
165.194
180.002
174.064
173.506
177.179
167.378
162.88
156.986
154.25
158.128
159.642
168.478
169.722
163.279
163.199
166.141
168.691
173.762
151.16
154.345
182.548
154.369
156.507
164.785
164.406
157.134
151.722
175.902
168.336
167.043
169.492
167.434
169.65
165.057
173.01
169.448
168.449
174.596
172.533
170.314
164.312
166.058
172.876
171.807
165.071
151.114
159.783
172.325
166.141
170.256
176.103
164.772
151.446
161.005
140.756
145.096
165.057
162.92
161.316
162.959
185.649
168.833
155.497
148.258
145.117
155.292
170.532
169.938
159.058
163.039
164.109
164.582
166.611
171.925
169.319
157.196
160.63
148.743
145.001
159.071
163.492
171.233
172.414
161.46
139.198
148.633
140.706
140.292
166.32
161.342
154.309
151.137
160.282
162.338
167.518
169.005
160.411
155.606
166.403
163.092
161.031
173.16
168.734
170.882
165.618
167.182
171.969
167.574
176.882
153.245
148.898
165.071
163.787
172.607
169.938
162.734
151.252
152.474
163.439
151.435
151.722
170.314
146.049
128.09
143.318
152.765
157.878
159.77
158.692
152.265
157.816
165.453
160.901
173.762
166.514
154.273
149.131
155.715
160.527
162.035
163.292
158.441
168.876
163.106
157.282
154.787
156.311
151.699
149.846
169.391
158.667
144.613
154.131
138.648
133.413
165.508
164.718
162.655
171.013
162.364
159.847
158.416
164.352
164.826
161.93
169.262
166.03
163.706
161.355
161.355
161.878
155.075
159.147
160.798
166.931
163.787
167.659
165.975
165.673
166.265
161.577
176.087
164.244
158.995
168.691
160.102
142.177
151.803
178.301
161.642
151.791
146.875
147.765
153.752
164.474
168.52
152.277
159.821
158.73
162.048
169.678
154.404
158.053
169.19
164.271
159.451
166.542
166.154
166.931
157.134
159.147
165.194
157.891
164.136
143.246
148.511
163.546
147.265
138.408
153.304
148.677
144.665
162.575
152.381
156.311
169.262
158.705
149.042
155.982
161.956
165.33
163.961
166.667
173.01
169.105
164.096
159.936
157.704
163.106
169.19
173.536
171.895
172.28
172.682
174.004
181.951
172.756
164.514
156.287
154.691
161.057
156.74
166.708
169.765
142.45
139.227
155.557
157.159
165.7
177.873
170.025
170.025
164.325
157.704
159.185
163.412
169.65
167.701
169.535
154.048
155.812
168.563
167.616
179.051
170.518
160.979
151.446
148.236
155.255
167.154
157.828
153.292
161.852
149.276
154.321
143.256
134.635
139.88
144.113
154.036
157.691
156.691
156.801
164.082
158.529
154.811
158.215
160.875
159.885
168.762
162.549
155.533
172.995
158.341
157.94
164.84
153.563
149.858
159.617
176.6
167.898
170.75
171.762
157.431
153.468
164.501
172.117
164.677
134.481
135.099
166.778
148.655
149.02
163.106
161.486
161.173
156.006
158.68
156.018
160.617
165.098
170.503
162.602
158.516
172.966
149.02
152.672
173.536
163.066
150.784
154.536
171.984
175.423
176.367
165.796
148.677
140.233
154.931
166.099
169.348
179.099
151.08
145.719
130.89
128.041
145.858
151.446
155.304
141.995
144.425
159.923
167.07
169.276
162.47
158.115
166.889
161.564
163.76
165.412
167.687
158.428
151.4
167.07
163.975
162.193
159.464
154.19
145.465
154.991
174.718
168.194
168.294
166.334
153.151
140.193
149.065
160.333
161.186
168.166
148.445
148.832
164.123
157.58
161.212
169.219
161.655
154.859
165.03
158.881
161.005
166.072
165.412
155.123
157.431
179.695
167.504
159.363
158.541
159.337
154.476
159.033
173.04
169.448
171.248
165.769
154.823
145.719
140.905
153.917
173.19
180.571
152.567
135.962
142.308
154.059
159.502
166.542
166.486
150.932
156.189
162.681
164.582
166.889
171.836
163.239
156.556
169.535
166.265
162.588
162.18
147.667
140.193
157.542
167.001
158.078
164.894
165.673
163.559
157.791
156.764
157.866
165.426
148.976
139.665
163.881
158.24
158.203
162.153
165.714
151.092
141.173
157.878
158.831
164.231
169.765
167.546
151.63
148.732
157.617
161.173
171.585
169.895
161.329
153.965
162.813
166.03
161.29
165.098
154.143
155.195
162.483
164.474
164.704
165.153
145.815
143.266
168.52
138.026
135.658
162.522
163.359
156.924
156.043
158.705
161.891
163.881
164.163
168.762
160.09
165.508
158.592
152.952
157.878
159.936
168.805
165.741
170.547
163.199
156.912
163.639
151.63
143.031
153.787
168.905
162.8
161.044
146.263
141.814
140.262
139.948
151.929
160.901
162.351
157.629
167.42
158.629
159.134
163.559
159.642
143.771
144.655
162.351
169.119
171.101
163.159
163.079
163.092
169.276
166.016
161.199
169.635
145.603
142.929
162.562
162.417
167.21
167.659
169.492
149.198
147.427
158.479
149.959
138.274
147.874
148.522
141.995
158.003
166.003
173.551
166.987
159.847
158.97
165.453
162.298
167.406
179.888
160.785
150.614
158.29
166.708
157.803
154.44
159.719
151.023
153.092
155.97
161.668
166.653
158.29
154.512
144.269
146.391
146.714
130.285
135.556
133.191
141.523
155.97
152.439
170.039
162.022
141.393
144.103
160.992
160.449
164.989
176.196
173.025
168.962
148.555
148.976
163.908
159.337
153.834
149.198
153.61
166.21
170.999
166.154
170.242
147.037
141.403
142.126
142.929
140.509
145.243
147.438
144.04
162.219
155.836
155.388
156.433
151.069
145.921
156.568
161.095
162.127
168.99
154.309
142.827
155.812
166.903
154.071
154.955
156.507
159.77
162.153
153.681
158.68
168.705
171.101
151.286
149.187
155.703
147.591
144.728
150.331
142.298
140.135
158.516
156.949
155.909
162.456
157.704
151.149
160.256
153.704
150.75
162.893
166.931
163.961
148.622
147.265
156.274
160.192
157.629
157.233
155.183
156.9
168.039
162.127
160.154
151.092
154.309
164.596
158.178
167.701
159.058
158.667
146.359
147.178
158.983
152.823
151.918
146.231
138.658
146.103
159.185
160.385
158.667
146.767
129.374
135.667
157.729
155.352
163.599
162.009
160.269
159.008
155.135
161.199
163.84
168.081
156.887
154.679
162.219
157.778
158.907
145.391
134.78
144.103
148.533
151.906
141.945
141.713
160.398
151.206
157.282
154.048
152.451
167.968
156.85
145.783
153.929
165.194
159.363
164.002
161.16
154.154
153.763
150.852
155.557
155.099
153.563
153.41
154.273
153.362
159.096
163.172
164.772
156.789
157.978
177.904
143.73
133.227
151.803
153.669
141.273
149.031
153.716
155.123
167.87
155.171
157.953
144.071
143.287
153.728
158.818
156.201
155.8
165.906
163.639
166.514
167.21
165.906
151.08
154.107
152.602
153.622
161.512
162.933
154.19
148.269
163.747
160.102
154.333
140.282
139.431
135.41
141.703
151.069
148.258
150.546
145.847
152.579
160.798
166.362
161.212
169.722
157.332
148.489
147.427
145.064
155.34
166.556
161.434
156.152
168.705
147.395
147.787
162.853
158.153
153.233
154.5
166.875
165.03
161.329
154.548
145.433
127.706
138.985
159.974
135.796
120.511
131.718
152.277
157.778
152.486
152.068
155.69
157.06
155.533
152.404
160.953
165.618
156.629
137.268
136.379
145.476
156.838
164.65
161.512
147.156
142.237
154.297
166.625
172.786
162.986
158.781
156.961
157.741
147.427
145.433
138.198
131.518
145.486
163.639
168.279
161.681
161.852
148.335
144.865
156.189
165.618
170.285
166.334
156.323
139.489
148.28
146.37
148.071
165.837
153.198
141.203
150.06
164.069
160.901
156.335
147.929
145.001
153.574
145.592
144.645
160.115
145.075
146.252
144.321
147.852
155.509
151.481
147.178
149.981
163.039
162.088
170.809
163.359
160.167
155.183
150.421
158.541
159.324
165.59
168.081
156.482
138.303
147.21
162.973
162.999
159.337
153.339
144.331
150.218
144.415
144.321
173.807
140.716
135.547
146.424
141.764
149.042
161.825
166.792
148.445
142.684
151.389
160.514
164.528
158.68
151.309
158.003
158.592
160.901
164.989
162.311
147.809
149.645
169.578
159.071
158.504
161.147
147.732
136.482
149.858
145.402
145.222
170.054
156.949
132.031
141.183
172.726
159.109
155.606
148.335
152.265
160.064
153.787
160.256
166.889
165.358
151.217
154.166
154.059
157.729
161.93
156.556
151.745
154.955
170.445
161.082
160.901
156.446
145.222
149.678
160.449
161.018
152.068
150.207
132.503
130.149
152.952
160.694
155.933
150.252
142.552
149.589
146.499
148.787
157.691
159.757
146.735
143.781
162.101
161.996
169.549
163.332
150.886
150.966
161.277
161.603
165.906
175.269
165.112
159.77
153.988
160.888
162.061
157.023
168.308
153.822
122.609
134.517
160.604
141.383
149.421
148.898
150.489
156.544
151.987
159.134
161.434
152.242
153.799
173.566
156.924
149.042
150.523
144.217
136.864
148.291
159.324
157.716
163.773
152.555
153.022
165.248
166.917
161.695
165.371
161.199
155.376
144.603
148.412
153.081
145.455
142.501
132.732
132.293
135.017
133.529
144.456
154.703
145.921
154.895
153.586
153.61
160.064
144.728
145.201
158.403
156.116
160.179
166.182
158.932
157.493
156.177
162.84
163.747
158.73
161.917
157.22
159.604
146.638
143.205
135.08
136.547
150.083
152.812
146.21
145.381
157.654
154.763
149.443
147.765
151.16
151.378
160.359
164.19
158.919
150.682
157.891
149.869
153.268
162.959
146.06
148.798
161.044
164.19
158.453
157.183
151.607
155.569
163.814
154.131
153.728
143.688
140.193
150.06
157.99
157.146
