9.48336e-312
inf
2.85843
79.0326
79.5071
74.9485
73.9618
75.9042
72.4848
68.5801
65.119
53.7634
55.7647
71.2175
70.2963
65.1954
37.4946
35.4572
20.168
20.8314
68.8682
74.7859
74.8755
71.426
70.9622
75.6001
76.3679
78.0488
77.4503
74.2198
64.1478
58.9154
64.2653
69.8324
73.3245
77.9697
77.8665
78.6102
68.2547
60.7183
71.7334
81.2216
80.6907
82.1187
77.4024
67.4969
70.2593
81.2183
77.4024
73.5592
78.0336
77.5645
75.726
77.3037
77.7514
79.4691
82.3079
80.8767
80.7265
82.2064
76.9408
77.688
76.0398
75.7203
83.3889
85.907
84.1786
77.8877
76.4146
80.6127
76.5257
77.3605
83.7837
84.1822
85.357
86.5838
83.668
74.0796
68.835
70.6539
72.0539
75.3267
77.997
71.6307
70.373
63.2751
62.1292
73.9399
78.0762
79.9936
82.4504
78.6906
76.4672
77.3545
71.6178
71.187
79.2676
79.7194
78.9578
81.1491
79.9968
81.2711
78.6627
79.2613
81.6093
80.4343
75.2927
74.3246
82.6378
78.9484
70.3854
71.6743
79.6273
78.9391
78.2993
83.2952
82.2335
82.8706
84.969
80.8996
79.7416
81.1425
79.8148
81.0997
84.7709
86.5314
75.8121
73.4026
76.1673
73.5294
76.4263
80.1122
75.4802
76.0312
84.0725
80.3503
77.6398
80.8734
80.7396
80.0993
79.8945
78.3515
75.8639
73.4268
70.917
76.1383
77.0624
72.2361
77.1337
82.7609
82.0244
79.2362
80.6062
84.6919
82.9462
80.8146
84.3348
83.6645
76.4672
74.8895
71.8391
72.9687
80.8603
79.7289
80.6289
82.122
80.5477
79.713
80.4182
80.7363
80.1346
78.883
80.7983
80.2923
78.7557
77.3994
74.8952
75.9042
76.7607
76.476
79.9137
82.7198
75.7289
71.0884
76.7018
78.2258
77.4054
79.3084
75.5772
73.9754
76.7136
74.4048
69.808
75.2304
77.8513
75.0638
73.5673
71.182
70.5716
71.319
74.0302
77.0238
81.7728
79.9456
77.7424
81.7962
82.8775
76.4321
72.3615
69.2185
62.9287
67.9602
77.6518
76.7813
75.5572
73.7436
75.1738
79.4439
76.6195
74.6018
77.0386
76.1325
77.3037
77.8786
72.0773
71.347
76.0977
75.5829
75.8323
79.3084
77.5464
75.466
73.5537
72.4192
75.4148
80.2053
77.7001
74.5184
76.4731
70.0648
66.6489
71.2708
74.355
75.9878
79.1296
76.9172
73.4511
75.933
72.6454
70.0673
74.9991
75.5744
76.7607
80.7885
74.9513
69.0346
71.8184
64.5078
65.0047
75.5572
72.1293
70.619
71.9968
71.5717
72.0176
75.1795
74.0796
74.7356
76.8197
73.9672
68.7829
59.0982
60.5932
74.6046
76.4205
74.638
78.0396
77.4503
77.0951
78.8302
74.0988
73.9919
80.2472
76.8167
75.1202
75.3892
70.609
70.8843
76.0485
71.3369
69.9423
76.8138
76.5755
77.4503
80.6322
76.9231
75.8812
76.8905
72.3903
72.5742
75.3438
72.1267
69.0846
72.7405
76.266
76.1035
78.1189
74.2198
72.8465
77.4144
74.8755
75.6144
76.646
73.8607
75.8725
77.6187
74.9597
70.9471
70.8692
70.6015
72.8385
77.815
77.4503
77.3664
77.3545
74.0549
74.022
78.9858
79.6654
77.7877
75.2984
71.9476
73.0167
72.9554
68.7073
69.7496
73.2333
70.8742
71.7643
76.1151
74.297
74.9822
78.911
75.8524
76.1064
79.255
75.7576
73.8389
73.2359
68.8279
69.0298
73.8498
73.524
74.8895
74.0138
70.614
74.0329
77.7424
76.5726
76.3563
77.4803
74.4214
74.7077
79.5608
70.824
62.9485
65.2592
70.4325
74.4823
74.1098
74.14
73.1235
74.0796
75.2899
74.0494
72.4192
71.0707
75.0582
76.5169
68.4158
68.6884
67.6293
66.7735
73.3353
69.6524
70.4077
70.5766
70.8416
74.3522
74.9176
76.3417
76.5404
77.7091
77.5314
71.9968
67.2382
71.0278
76.0341
72.7882
70.8291
74.7692
74.2694
73.6431
75.6974
74.0604
69.7934
71.1794
73.4781
72.7458
72.0747
65.047
67.0803
70.1066
70.5517
75.0976
71.2758
72.3851
75.0666
72.5979
73.5402
74.9513
74.4934
73.0647
75.9503
74.5684
72.5268
72.5479
70.242
70.055
70.9094
72.2256
74.5545
74.4768
72.8916
75.3892
77.6488
73.3568
69.9815
72.3929
70.3012
70.1902
68.9132
63.01
65.3019
71.7952
72.4218
73.1395
73.9809
71.4618
72.0565
73.0967
72.889
74.2914
72.4034
72.1215
70.3928
64.2323
65.4643
67.7966
70.0697
72.8226
70.3532
71.9865
75.6258
74.0878
72.5874
73.252
70.205
71.0152
72.1865
69.7739
67.914
60.024
62.6194
71.6538
70.1041
70.6215
72.7511
71.9942
71.6769
72.5189
67.8173
67.769
73.0327
66.778
66.4011
73.5078
69.6597
68.4697
68.1199
68.9394
74.0549
73.1074
70.279
73.07
73.3218
70.9648
73.9618
72.5032
67.5721
65.1232
66.7601
70.7965
71.6872
72.0825
71.5871
71.5871
72.9474
73.8607
71.1845
71.7463
74.8839
70.0845
70.5592
69.752
64.8256
70.1066
76.0572
71.182
68.2082
71.1617
73.692
74.3937
74.4851
69.2065
66.9456
69.1754
71.3445
73.635
69.1994
64.7794
67.5539
67.6133
66.0306
69.1922
71.1997
72.4113
72.3301
68.7569
70.9522
73.7953
72.5584
74.1015
66.1332
61.6694
67.2111
71.2581
70.9371
68.1501
71.314
74.2446
67.2676
67.1704
73.2279
70.1189
69.7277
74.8279
70.2889
65.8241
65.5158
60.8772
61.2182
65.8285
69.2137
69.9056
67.1682
70.624
70.0427
67.9232
70.7314
69.9937
71.347
74.7161
70.9497
66.9748
69.1539
69.5894
69.8227
72.8465
67.9463
65.7592
68.9798
66.6778
68.62
73.6106
73.7898
73.4619
65.0745
63.6395
68.5848
68.9727
71.8468
72.304
69.9374
71.0454
69.7691
68.0897
71.4056
71.1896
66.4651
68.5307
70.2667
61.3497
62.5293
68.7167
69.3433
70.2247
69.9545
68.1803
69.2497
71.9218
70.3854
68.6742
67.7553
71.0379
73.5402
71.754
70.4945
65.3851
64.1396
67.2066
68.6295
70.0943
68.7592
69.9423
73.5078
72.1007
69.3987
66.496
68.5895
71.0328
64.6162
65.6319
73.193
70.3854
68.835
72.7829
69.7642
69.2713
73.5213
72.3327
68.8516
66.977
69.2161
68.7521
63.48
65.7354
69.0179
66.4783
68.7096
71.9657
69.3626
69.1898
69.6476
69.3193
71.4618
72.2935
73.303
74.8951
69.3289
67.2676
63.7349
60.6851
65.8068
69.6088
71.958
70.9522
65.4022
66.7156
72.0331
72.0461
70.9648
72.1579
65.7787
57.3115
61.282
68.5989
69.6088
69.891
69.5797
68.5495
68.4018
71.6846
72.1865
69.6355
69.9105
69.7204
64.7605
64.5515
62.3967
62.315
66.2954
68.4158
70.0501
66.3724
68.6436
69.3818
67.0803
67.5356
70.0501
71.3165
66.0284
62.42
63.6699
66.6667
67.4082
66.4894
67.0286
66.7356
66.7958
67.6064
69.7034
72.7405
74.0247
73.5646
68.2245
65.9478
69.1563
72.685
71.0783
70.3903
71.5359
70.2223
70.5691
71.0101
71.1972
70.2716
67.914
68.2897
71.5256
69.7034
65.2529
67.1727
68.5049
69.891
69.5773
61.9233
58.099
62.106
68.3013
68.861
66.335
65.8588
65.9087
62.6213
61.4779
64.8466
69.3073
68.9941
69.0751
68.764
63.4115
64.7962
70.0378
66.7601
67.0691
66.1419
63.3794
63.1034
60.4339
62.348
64.8929
66.8114
70.5368
65.4557
62.6311
63.2551
63.6963
64.5786
64.9014
63.9447
61.4288
63.9898
68.171
67.7163
68.7569
69.9937
68.2874
69.9447
73.2279
70.9522
68.8824
71.9761
70.9019
69.9325
67.0848
57.7467
60.818
68.6271
67.0174
68.526
67.4286
67.9348
70.141
67.7163
65.8415
66.0808
66.9501
66.5912
64.2116
65.8349
69.2833
67.7209
64.6642
64.1849
65.7397
69.4541
70.7814
68.8208
68.4814
68.4814
69.0345
66.6845
62.5567
65.6276
67.331
66.4209
68.8776
66.6489
64.8635
67.6384
70.9044
70.2272
66.6267
66.7178
70.8642
68.9275
65.136
62.7687
65.4193
70.6864
66.9703
66.3174
70.5094
66.2625
65.5458
69.2113
68.3574
67.6087
64.5057
63.0915
65.1317
64.2137
66.5912
65.9065
64.7983
69.0179
69.3385
69.7861
69.3001
66.8695
65.5587
68.3784
69.2161
69.3987
65.3808
61.4458
58.682
56.993
61.297
66.379
67.6384
69.3121
68.7971
65.5566
66.7289
68.271
66.589
64.9161
61.1789
61.5044
65.9826
67.7392
66.2011
65.8979
67.8702
66.5225
66.1135
66.9434
69.197
67.8748
65.6728
70.3111
64.6663
57.3132
60.831
60.4631
61.5517
67.8127
63.6436
63.8774
67.4787
66.5292
68.1617
68.1501
69.6282
67.7645
62.35
58.8045
60.2791
66.9815
68.2967
64.8403
67.2224
68.1408
68.3761
69.9056
67.563
67.7759
68.4767
61.2745
57.6635
63.4035
66.4872
64.6621
65.5566
66.1682
67.5676
66.3658
63.5991
65.6513
68.975
69.935
61.4458
58.338
63.0219
66.6489
69.0751
66.9277
65.6858
68.1083
68.4205
66.8248
62.7845
63.0716
66.807
60.7755
60.0222
63.8325
64.8866
66.7356
66.4165
68.4486
70.6364
70.001
68.5471
69.5531
68.4603
67.7645
69.0465
64.8593
58.2004
59.2329
63.1293
62.2607
64.8298
67.3287
66.0131
63.9386
60.2265
61.8066
68.5612
63.4941
58.6356
61.3252
61.6789
64.5891
67.9625
65.1508
66.5646
66.912
66.9254
67.5037
66.9882
68.7096
66.0393
62.9703
61.6447
62.1601
65.0428
66.9523
66.6778
67.7071
65.2678
63.3914
66.4496
60.944
59.9395
64.5515
62.8713
58.0838
60.5473
68.9655
67.5402
65.7505
67.643
66.2317
63.8142
63.7552
64.587
67.6087
67.5037
66.8539
59.3137
58.5514
65.1169
62.9228
64.0553
66.3108
65.1975
64.8992
63.9979
65.5008
69.847
67.2156
64.4787
63.1433
60.0078
62.1794
62.6017
61.5422
65.1975
67.6933
68.0735
62.162
60.2228
61.0426
62.079
66.1266
63.9652
58.4095
59.2751
62.4473
64.834
63.9202
63.9857
68.2944
67.3219
64.0923
62.385
65.4086
67.8196
67.0623
62.1968
57.5109
55.9347
57.4581
62.3519
68.1501
67.4491
65.4986
67.9717
63.3032
63.3272
68.1663
65.4729
62.8417
61.2332
59.4742
60.0006
61.5139
65.028
62.315
62.4103
66.5336
63.5042
64.5432
66.1244
67.3991
65.6146
57.9979
59.3243
64.0287
65.4407
67.2857
66.0306
66.921
68.2757
69.0084
63.2771
61.4949
67.3877
67.6087
59.7496
57.1135
62.498
67.6087
68.613
66.3614
65.5673
64.2591
64.914
66.2537
63.6537
63.1194
64.3294
62.7353
61.1639
62.1929
65.7895
65.238
64.2632
67.4536
65.1445
64.6538
68.8066
64.6454
64.2653
66.4165
64.5349
65.2018
63.0736
63.6436
64.2694
63.4639
64.0369
63.2451
65.1105
65.2912
65.1551
68.4533
67.5128
64.9498
63.2811
57.5772
58.3294
62.7274
63.0477
64.5474
62.5059
64.7983
67.0713
67.1772
67.5904
64.0205
64.5036
67.9256
66.1682
60.9533
57.6834
62.3694
68.1803
65.5308
65.0449
66.0917
67.0758
67.611
60.2174
59.6819
65.0915
58.4368
56.0963
58.8408
61.4666
63.5869
63.7755
66.2011
64.8845
65.0957
64.9899
62.2007
65.475
66.0567
61.7436
58.6682
60.7128
64.8193
62.7569
63.9386
68.0851
63.3955
60.957
61.4836
62.899
66.3812
62.5254
59.8355
60.7165
63.7206
66.9411
64.5369
64.6747
66.6112
66.8293
68.2245
65.4965
63.8855
63.012
64.9393
66.313
57.9425
59.7318
66.5535
64.0635
64.9794
67.7713
66.2866
65.8176
67.1659
66.7601
65.2486
66.1726
67.4286
60.3919
60.9069
67.0084
64.6266
65.7916
64.1993
61.5801
63.4296
63.5486
63.4538
63.7471
65.8718
65.0936
60.2065
59.997
62.5352
64.0389
65.6082
62.1581
62.2316
64.8088
66.8025
68.1268
63.591
62.3422
55.0176
51.8874
55.1435
55.8644
59.8749
62.1099
62.0444
64.6684
68.5565
71.2327
67.6315
65.647
65.3702
56.8958
57.4564
61.4288
60.006
62.897
65.255
64.8635
64.5828
66.2054
65.0385
62.4376
64.6204
65.6556
58.4915
59.7051
66.0939
65.8783
64.4995
62.3967
62.0251
61.3685
63.1912
63.3874
64.1581
66.986
61.5517
58.2174
59.7604
61.9867
65.8501
66.2208
62.9545
63.2111
62.1987
63.9264
62.541
59.961
60.5583
58.5257
60.2065
63.2511
64.9308
64.7417
63.9264
64.8151
63.9161
64.4268
67.2382
67.3945
65.2614
63.4538
57.5457
56.8101
61.7284
63.3533
63.1652
64.6037
64.2756
64.681
67.0533
63.9447
65.0766
68.2547
64.9456
58.744
53.0307
48.7615
54.3907
65.874
66.7067
63.0895
61.9636
65.0533
66.6134
62.4298
62.0829
66.8695
64.2963
60.7036
62.7944
62.1775
63.008
63.7979
62.9148
66.6578
65.368
64.2839
65.9348
64.2137
64.6078
64.1355
62.0194
59.9646
59.7764
63.9529
60.5235
59.4036
63.5122
63.1194
63.1792
63.5364
64.1355
61.3422
56.4637
60.4906
65.2805
64.7312
64.1457
62.3053
64.6078
63.9959
63.4377
66.1288
64.6642
64.0102
59.7229
56.8359
58.744
60.3828
64.6998
62.7648
62.4259
66.6422
63.7206
63.6112
66.5712
64.512
63.6254
59.7496
56.8279
58.8426
62.6096
64.0307
62.3034
65.1614
61.0911
59.848
64.0697
64.002
65.0301
63.9836
61.7246
56.7392
58.1734
66.2032
64.9119
63.6557
65.8003
64.3232
63.3292
62.5626
62.0367
64.6224
64.4995
62.4727
57.8101
56.7328
58.471
60.3355
63.955
63.2471
61.0482
61.639
64.1457
63.9775
62.3753
62.4493
56.035
55.0206
61.8181
63.3012
64.1375
63.4276
63.5364
65.2486
63.9407
65.8263
67.2179
63.9243
64.8382
61.1079
56.6765
59.499
62.1292
63.1912
61.5536
61.0463
63.5647
62.3869
63.2191
61.3723
61.0874
65.3104
60.3464
58.2004
62.8101
63.9509
62.5254
64.2405
64.5432
63.004
66.8137
64.3728
60.4321
63.8835
62.4649
61.4402
60.3737
59.814
63.5425
65.0322
64.6433
63.1832
62.8812
64.6287
63.2311
63.5728
66.9366
64.5891
61.4496
56.6219
57.602
63.3734
64.3708
65.6663
64.1416
63.9488
62.1678
61.5896
64.5745
62.1581
63.0497
64.7941
60.33
56.7263
57.9794
60.8624
60.7294
61.3196
63.008
55.7802
57.3181
64.5474
63.7349
62.5391
59.4513
56.1656
54.5539
59.891
63.0577
61.3817
63.1951
63.486
60.3155
58.0097
61.1621
64.5807
60.4211
52.4728
53.7577
62.002
62.4785
61.9905
63.3032
62.5684
60.9552
61.2182
63.8407
64.2364
62.8595
60.5914
57.1608
58.3277
61.5707
63.1054
63.8814
58.5292
57.8068
62.8516
63.0656
63.4357
59.1261
57.2377
59.2856
60.4449
64.043
64.4953
62.822
63.0338
64.6224
64.9266
60.8976
60.9236
62.8634
63.5688
64.9815
59.8158
55.8987
58.5652
63.3774
62.3986
62.0174
64.406
62.3675
61.9636
62.4902
63.1273
63.9488
58.9206
54.2564
55.7088
59.5965
63.3092
63.4417
62.191
62.0251
61.8009
63.5688
62.6056
62.816
61.1583
59.3578
60.0168
60.8809
62.8437
61.6732
62.9346
66.2669
64.8992
64.2591
65.2827
64.6496
65.1636
62.588
56.243
52.1975
55.3725
60.6741
60.9292
63.2971
63.0815
59.6659
59.8552
62.7235
63.8753
60.9775
57.3427
55.3036
57.4399
61.1696
60.529
62.5645
61.6333
61.4288
65.5931
62.6547
61.9694
61.1527
60.5932
58.1649
55.104
56.4764
56.6267
58.2886
59.9628
60.8772
63.2891
62.3072
63.2311
65.3424
63.3392
61.3064
56.0947
54.9753
58.9275
58.3294
56.736
59.004
62.3131
63.8468
64.3853
62.2316
60.7497
62.6331
60.1685
56.1971
58.1801
62.6606
62.8832
61.3798
62.3072
59.891
60.6355
63.9488
64.043
65.9957
65.8653
59.6677
55.3986
53.3917
55.3266
59.2154
60.5657
61.2332
61.8601
61.7761
62.004
62.0174
61.0407
59.4477
55.6452
56.9833
59.8749
61.9655
63.802
63.0279
62.3889
62.1968
62.0713
64.0943
63.3292
62.8121
52.3286
48.1661
57.7084
63.3032
62.8003
60.2627
60.9533
61.8563
61.9368
64.4288
62.8852
62.162
58.1615
53.4831
56.5755
61.2877
64.8319
62.5528
62.4142
66.0939
65.4622
65.1317
60.6833
59.7229
60.4778
57.0907
59.3102
59.476
58.6493
61.6789
63.5344
66.1376
64.1746
60.4284
61.1995
64.7375
64.4766
59.7336
55.4816
52.9619
56.5771
59.1226
58.8443
61.0724
61.6827
63.589
63.9018
62.8003
62.6233
62.8654
61.2182
56.736
58.0434
61.9924
61.6732
63.4015
61.4571
59.882
58.8685
58.7769
63.012
61.885
60.9459
60.3245
58.6545
61.6694
63.7836
62.7294
62.1253
61.8984
62.0867
60.7773
60.7294
61.3987
62.1311
58.1666
55.3021
59.6623
61.7151
62.498
61.0612
59.0214
63.0955
61.0314
59.3261
60.1287
61.1004
59.3683
53.0617
53.4974
57.2312
62.2723
61.9656
62.2917
64.3232
60.3847
61.0706
56.5563
57.1298
58.7251
52.8751
55.5741
60.1431
63.2691
63.1752
61.9694
60.35
61.2089
64.0985
62.054
61.3968
61.696
56.9768
56.5979
61.7837
62.9426
58.3771
58.4471
64.1375
63.5486
63.1512
58.1328
53.9331
59.0667
63.2551
61.9886
56.2588
55.7383
59.9808
60.641
60.1793
59.1716
61.9694
61.3629
60.9125
64.2901
64.0738
64.1231
60.2428
55.7522
56.8634
61.3196
63.7775
61.5385
62.3422
64.8445
62.0405
63.4498
63.7714
59.3736
58.5394
56.0868
57.4812
64.1807
65.3061
59.848
59.7586
60.9459
60.3318
62.284
61.8334
63.0736
58.4881
54.2962
57.7651
59.4778
60.3136
60.7423
61.7723
60.7866
60.562
62.639
61.3121
63.5971
63.3392
54.2888
50.4159
54.4959
58.7027
60.0835
61.9675
62.7549
61.314
63.2891
62.0405
58.7889
61.1995
62.3189
54.8712
54.6433
62.5469
60.9738
59.6979
61.7703
61.1191
60.4869
60.4668
62.2355
61.6789
62.4454
60.4412
53.2297
54.1331
59.8856
62.5939
60.8106
61.3817
62.9564
61.4288
60.2827
59.0388
60.9756
60.2119
56.6829
60.4595
60.6263
58.5275
58.1429
59.2364
61.267
60.3956
61.4402
59.2066
59.9054
56.0774
52.8555
58.9918
61.6428
61.1565
61.106
61.3459
63.7247
60.2845
59.0354
59.9916
61.9195
62.7038
57.0613
55.0676
56.3873
59.6766
60.9477
60.9384
62.106
62.2878
64.3604
62.5919
59.73
61.5176
61.6675
60.7054
58.2225
56.6219
59.2189
61.8085
63.7044
61.6314
61.4232
60.0186
58.9032
58.3959
58.6579
55.5664
49.351
54.2756
58.8876
59.1891
62.3403
62.8792
61.2107
60.7386
62.3072
58.6682
53.8126
54.447
56.8505
58.4812
59.7229
60.6741
61.8678
63.1872
64.154
60.042
60.529
60.9255
59.2207
58.5223
54.1697
57.3345
61.9713
60.6134
60.5199
61.2501
62.4122
60.6851
60.0925
60.163
57.8838
56.1278
57.1968
61.0482
62.3072
62.9921
61.8601
59.9054
61.5498
60.7515
62.6076
62.7865
61.6808
57.6502
49.2684
53.4931
57.2475
56.1057
60.983
61.9176
59.3507
60.3136
63.6983
61.1359
61.6371
61.2689
54.5926
52.5431
54.2299
57.9223
60.3956
62.3111
63.1034
62.6665
61.2708
59.0929
62.8397
63.7653
58.0063
51.4854
