1.40259e-311
inf
2.92183
96.3484
105.108
112.001
109.457
114.482
114.266
110.12
102.533
103.109
107.009
94.8452
89.5095
98.956
103.343
92.5369
95.2971
107.817
105.96
69.1515
45.919
40.5121
18.466
21.352
96.3902
101.225
113.643
113.662
102.166
101.363
112.221
121.433
116.34
109.83
116.7
119.674
108.885
92.4129
93.1446
105.247
112.045
114.26
111.173
113.186
109.045
101.513
103.956
110.406
111.794
112.797
110.632
111.427
114.751
117.117
120.664
121.914
90.5428
90.0414
93.2488
91.7473
112.29
112.625
111.371
109.782
115.64
121.507
115.227
104.444
103.869
114.312
124.44
117.165
103.306
109.487
123.077
123.13
118.168
108.98
111.645
118.231
106.101
106.912
112.108
103.381
112.835
118.085
118.301
119.875
113.424
111.074
111.851
117.11
120.38
117.357
116.55
117.447
121.367
125.881
125.016
121.183
118.022
120.034
122.205
120.904
113.753
111.093
116.945
112.708
102.638
102.754
105.357
102.485
105.097
112.183
114.811
116.299
103.875
99.3838
107.811
103.008
93.201
95.9785
101.704
105.602
114.929
112.606
111.056
118.708
110.175
108.802
97.8761
93.6417
113.675
114.725
103.557
108.944
119.339
118.14
115.121
112.164
115.922
116.36
110.816
112.442
116.381
119.161
116.55
108.202
110.601
112.076
112.975
117.488
101.363
98.9266
109.8
108.838
102.807
104.8
113.876
117.827
110.509
103.279
109.17
111.97
108.507
108.915
106.838
111.495
122.279
111.782
102.944
103.966
108.755
109.571
110.982
103.729
92.098
94.2241
101.75
108.284
109.878
110.675
110.278
106.417
110.803
118.554
108.554
101.507
110.822
114.943
114.541
114.751
107.032
111.383
119.204
111.657
114.541
106.508
93.633
103.04
107.043
103.434
112.581
110.945
109.278
112.045
112.499
118.934
114.837
112.378
117.827
118.54
117.744
107.175
101.999
107.869
109.499
103.295
106.123
113.798
108.26
103.794
96.1215
95.4882
109.343
110.059
106.377
111.049
106.129
106.615
111.315
111.049
113.039
114.253
108.12
109.075
108.879
103.087
109.487
107.619
105.224
112.284
109.914
105.219
102.025
103.821
106.958
107.66
110.387
113.193
116.673
107.875
105.13
111.377
111.776
116.266
113.071
110.699
113.154
104.477
100.497
107.764
113.097
111.976
101.148
98.9952
108.243
100.558
93.0795
93.7822
102.928
110.632
112.284
110.632
104.161
111.266
114.39
105.764
110.078
113.398
110.926
106.174
101.368
103.445
105.208
104.723
93.8923
89.9321
102.375
109.824
110.601
103.912
103.284
113.96
110.138
104.657
107.614
108.992
102.543
104.216
111.359
110.846
109.409
104.542
101.158
109.559
112.461
98.121
97.996
102.067
98.9413
106.343
106.061
103.37
111.191
105.691
99.453
104.976
108.272
109.655
113.707
114.857
112.88
108.796
97.4516
100.467
114.331
110.528
104.833
106.621
100.321
100.543
109.158
92.9239
87.26
102.485
107.793
103.413
105.524
109.469
103.686
105.037
110.846
105.983
103.215
104.237
107.573
110.65
99.231
96.7118
108.548
103.966
94.6298
88.6761
95.1429
105.915
102.934
107.084
104.712
102.48
112.271
106.445
104.27
113.494
111.062
104.646
108.483
111.888
112.454
105.966
97.2621
102.554
103.322
99.6214
92.8117
97.5039
105.169
97.3094
104.849
105.641
99.3838
107.101
101.42
97.2006
104.646
104.663
100.085
102.712
108.009
106.033
106.213
103.573
103.247
99.2605
99.1326
93.4448
91.3576
107.764
104.844
97.6229
106.633
110.895
100.351
102.844
108.495
102.114
93.7427
97.4706
104.767
101.693
100.095
99.8452
100.634
103.003
97.3425
85.9513
91.7894
107.066
98.5659
92.1532
104.411
108.536
97.1062
101.487
111.47
108.021
101.353
99.1965
101.291
101.693
103.514
102.611
104.718
109.182
106.502
100.929
98.1065
101.01
95.5612
93.5191
99.1473
102.575
99.5966
97.1912
104.564
103.724
101.215
102.03
100.2
92.0429
91.76
99.6016
102.02
105.296
102.14
101.647
102.297
95.9693
91.1162
97.7183
107.296
103.034
102.664
105.714
104.679
107.538
104.226
97.9288
102.548
108.56
109.697
100.791
100.095
107.916
107.313
105.108
105.031
105.081
97.833
90.0698
84.886
87.7539
100.085
98.527
98.0248
106.975
99.5322
94.2418
101.245
109.493
96.8664
91.295
103.498
106.457
104.379
105.269
106.661
107.44
111.08
100.725
91.5374
102.664
100.985
91.9329
98.4058
106.056
103.772
101.446
106.276
106.129
104.15
103.858
98.02
97.4896
104.904
99.995
96.6557
101.781
105.014
96.14
92.3489
95.4472
96.1354
93.2444
94.9082
107.793
105.658
97.2668
100.817
104.428
101.107
100.929
99.6711
102.517
110.229
102.239
97.0638
104.319
106.259
94.8947
91.7431
104.096
93.8923
83.4028
90.1348
101.714
103.183
93.8262
98.401
104.275
98.43
101.168
106.94
105.485
99.6512
97.9672
96.9885
98.6729
105.719
96.5391
94.9758
99.6165
102.538
98.1547
94.5358
105.169
102.706
94.585
99.0001
102.822
95.9371
99.226
105.419
103.114
103.584
104.395
99.8652
94.1088
97.6276
98.7947
98.3623
89.2061
90.2731
92.773
87.6117
96.6744
99.8303
99.985
99.4085
102.865
101.585
97.6658
100.959
102.428
99.7506
98.0536
101.245
101.673
96.3948
100.376
103.552
100.508
89.819
85.8369
90.8678
90.4445
88.6328
93.6505
100.195
95.9187
96.5857
101.616
101.724
95.6297
99.0933
100.241
96.7773
98.7898
100.231
103.471
100.1
97.4754
91.6296
92.898
99.2408
91.9921
91.3075
97.1204
100.664
99.0148
96.2696
101.271
103.066
95.1475
94.4733
102.833
105.814
98.256
98.2077
103.821
98.4397
90.371
86.9452
89.6861
90.6372
91.27
98.9169
103.74
97.5562
93.4448
99.985
103.189
94.1575
98.5707
103.194
100.015
102.923
105.219
107.811
101.01
95.7258
93.6286
94.6163
97.7469
90.3057
88.739
97.3141
105.446
101.23
94.8182
98.0584
98.8435
97.0685
97.1251
101.968
102.161
92.5326
94.1442
102.443
98.3526
93.6593
98.8924
105.519
98.6875
93.6417
96.2047
91.8485
90.9711
99.2802
98.3574
98.0681
94.5537
94.4912
95.6252
94.5314
91.1993
93.4187
88.574
85.1898
95.2064
98.7996
102.062
91.9582
90.5141
92.9627
96.043
100.11
97.2195
100.735
99.8104
94.688
99.3345
103.934
103.274
97.0403
93.5322
93.1619
91.9075
90.7029
94.2418
100.609
99.005
95.048
89.4935
84.3882
86.3036
96.0246
100.503
99.6115
93.9276
99.005
100.246
94.4956
93.8527
97.5182
101.363
96.5997
88.9047
92.0387
103.114
103.194
100
97.6992
89.8715
88.9957
84.7997
81.8632
91.1079
90.0414
93.6944
100.786
99.3986
96.3206
100.397
102.611
99.4431
94.3708
94.8452
100.806
100.06
97.5039
93.4579
91.32
83.8574
84.8464
99.8303
100.69
88.7469
90.5018
99.4975
100.528
92.8376
94.3263
103.204
95.0796
93.2227
97.0073
96.9556
96.9274
99.0639
95.6023
92.6226
97.8713
89.3455
85.4628
94.4733
90.7482
89.4454
98.8631
99.2654
95.1068
99.0786
102.891
97.661
94.3841
97.078
100.417
102.417
100.12
97.4516
97.078
98.02
88.9284
85.2697
90.9008
85.9882
90.9422
96.6184
96.7773
92.6183
94.4243
101.179
97.2006
98.3284
97.3899
97.7278
99.7954
98.4349
97.1157
99.8801
100.888
87.9044
84.3811
85.4518
85.6348
95.9325
95.7075
95.8405
92.1234
92.383
99.5124
95.9003
95.0525
98.9756
101.492
100.291
100.11
99.295
97.6324
100.913
97.2337
86.5726
86.3595
93.5497
97.4706
95.511
93.7163
90.5018
93.1793
96.9086
94.1886
91.3701
93.8218
98.7654
98.121
96.3995
91.8527
93.5848
99.7556
100.675
90.6618
82.6788
84.0124
95.3562
102.328
95.9647
92.1362
96.6044
103.327
96.6417
89.7263
92.0641
99.3197
95.5384
80.88
84.122
97.9864
93.0233
90.7029
95.5566
87.3591
79.583
86.0956
92.4642
94.6298
98.3816
97.4659
95.8635
96.857
97.0732
95.5521
97.3378
96.0846
91.2492
96.8382
103.119
97.3805
90.5592
93.9894
90.3506
86.7717
85.9291
85.5212
90.2446
97.8186
97.2573
92.993
100.412
98.6096
93.7251
96.1492
99.7855
95.5247
91.9709
95.7396
95.4563
93.541
96.9979
93.7207
93.0319
92.6312
90.1226
89.5736
95.7396
98.3332
95.0345
95.4199
91.5081
91.5877
94.7688
99.5619
98.174
97.4469
91.7726
91.1702
92.98
88.6721
85.0955
87.9005
97.3141
85.4847
83.0737
95.0435
99.1572
92.584
87.8889
94.9758
101.678
95.7075
89.7666
93.7778
99.681
92.5712
86.0104
91.6674
100.624
95.5064
89.23
95.6434
90.8884
87.3477
95.3334
97.1959
93.8791
94.0071
98.4882
102.338
96.9274
92.4428
94.0734
97.4564
96.6277
90.0414
94.4465
96.3484
92.7257
92.0853
91.7347
92.2722
89.7263
91.9709
90.9463
91.0498
95.22
96.4181
94.8812
95.7488
93.5979
93.375
90.5387
90.5674
98.7411
94.9577
88.3275
91.6506
100.085
96.2557
79.9712
79.7989
96.5717
92.816
88.2768
93.6286
95.4927
91.9413
94.7777
96.6044
94.1398
95.7533
91.3826
92.0726
96.918
96.4739
95.5384
97.1251
95.6801
87.9237
80.4699
78.7805
85.4701
85.6091
88.3626
92.2892
91.5835
97.0403
97.8091
90.3302
89.0551
98.9071
102.538
95.8681
94.7194
99.3542
96.5764
93.4099
89.3535
81.6427
86.1364
94.3396
92.3318
97.5277
96.8851
93.0233
95.6617
95.5703
90.9422
87.8735
92.9411
98.5999
96.7633
96.0108
100.578
98.8142
95.4836
96.7258
89.8836
85.9365
86.9716
87.916
86.7905
92.0344
95.1203
93.0146
95.0299
98.0104
99.5718
96.9133
94.9082
97.1676
100.949
95.2699
93.1619
96.7586
100.614
86.166
74.7217
85.4774
99.1179
94.7553
94.8092
96.6791
96.2464
89.7465
84.2034
93.8394
96.6557
88.7902
90.6495
94.8137
95.8267
94.9397
94.5001
92.9238
88.4017
83.0151
85.1281
87.7039
93.4929
97.1487
93.1055
89.7183
92.2169
96.9603
95.5338
87.558
87.4776
97.8761
94.1974
88.234
92.5926
99.458
91.1743
81.9975
84.3846
92.366
89.3256
87.7116
92.7085
91.166
87.241
92.0387
97.012
87.7732
88.8533
97.6563
94.1974
87.9894
91.529
94.7822
92.1107
84.2496
82.5117
89.8836
90.0779
90.8224
91.2534
91.0415
93.6198
94.1221
93.0665
91.4202
92.5583
95.5338
96.3206
97.2006
97.0732
98.8338
101.59
96.9415
87.184
83.6715
83.7451
79.2236
80.0416
86.6701
84.0972
87.8002
94.1664
90.7894
87.2905
90.2201
95.5749
93.4667
94.5224
93.1229
91.4453
92.098
90.4568
93.4579
86.983
82.0042
89.9969
88.6328
81.1162
84.317
93.0233
92.2169
88.4799
90.0657
94.3174
96.8992
95.9923
92.2892
89.8634
92.5369
92.4214
92.614
87.3782
89.2658
89.0115
82.8123
81.3736
84.9005
92.8505
89.3775
89.7424
88.8376
89.9604
97.5943
95.9555
93.6724
94.8407
96.0846
92.614
91.0913
93.8218
90.1144
80.6712
81.1063
85.7743
87.7963
95.1249
91.7642
89.1743
91.6296
93.7515
93.5191
88.2574
88.5897
95.5612
98.3284
91.9202
92.9584
93.3141
87.4432
82.9497
85.2188
87.6616
85.6604
90.629
88.6093
86.8206
89.7585
88.5426
89.9442
91.7305
90.4732
91.3743
95.2426
95.2835
93.6417
91.6296
92.9411
90.3546
86.5314
81.4332
79.3651
90.6249
92.6355
89.5095
91.5919
94.5269
95.229
94.0424
95.9417
97.7422
95.229
88.68
91.2659
92.0387
92.4941
95.8451
94.2329
85.1172
86.4603
90.2609
83.5736
85.6714
89.8998
93.7647
92.9843
88.7784
89.7585
96.302
95.2744
92.3105
97.1062
100.74
92.5626
90.6125
90.0657
90.0739
85.4409
83.129
79.0733
74.4574
83.0565
90.8389
90.2609
87.4623
91.6968
91.2534
91.5583
86.8847
85.8443
88.7784
93.1576
97.2006
89.9442
85.5432
88.6761
82.6105
79.8212
91.3451
91.7557
90.7812
90.938
88.5622
92.115
93.5148
94.1044
90.3424
89.5295
90.9794
93.4667
100.432
90.5592
85.0232
91.4704
98.912
84.8464
77.7122
87.9082
96.8335
90.4732
76.0832
81.813
90.5756
87.3401
93.0925
96.7492
91.4411
90.9422
93.5191
93.423
89.075
85.2006
93.9761
91.2617
79.7575
83.3611
91.3993
87.7308
88.7981
96.4134
90.5264
89.6539
93.1966
93.9496
89.2299
90.0211
97.8186
94.193
87.6271
84.9221
92.9411
90.4486
80.0192
84.1255
84.4452
82.9772
91.8147
91.2867
86.4566
85.6054
91.4746
96.6044
85.3971
85.2697
93.188
88.4682
88.0902
89.9078
90.7359
96.4367
95.8865
78.8986
76.1731
86.326
87.7116
93.0406
96.2927
90.465
93.3489
93.1706
89.811
92.9282
95.1429
93.6724
91.7979
94.2196
97.2857
97.661
89.6781
89.9807
85.4518
81.0964
86.4603
89.0789
87.1232
82.3927
88.8612
94.2329
88.3978
87.9894
90.5797
88.5857
91.0084
94.1974
92.5926
79.5672
80.8081
94.4465
84.2566
75.2191
76.4614
78.3147
83.0358
94.4644
94.4421
84.5988
86.1326
96.3484
94.9442
91.1619
92.0048
94.402
93.6812
92.6612
93.6856
97.4184
84.3099
76.4468
82.8466
84.6095
85.3534
92.6741
96.9415
84.7637
83.619
94.3619
91.6003
88.0437
87.9082
88.6368
93.1099
91.4202
89.8029
89.1901
88.4056
87.3401
83.0806
84.1963
88.4173
92.3148
94.7867
88.476
86.5726
87.0625
88.3275
95.6023
92.1277
89.3455
89.1941
87.804
92.1659
90.086
81.0997
77.9788
85.2769
89.8594
87.3553
89.9038
90.6865
92.9714
96.2742
91.6884
87.9353
92.9843
98.8386
93.8482
88.7824
92.5926
94.8452
87.6885
88.1523
92.2765
93.813
82.4844
79.1985
89.5776
86.9263
87.3515
91.8991
89.4815
87.727
88.5387
92.9714
90.7441
85.1462
85.8775
90.5633
92.5883
78.6627
75.1371
75.0188
77.226
85.5432
87.727
93.2531
93.69
92.3873
90.5961
81.0635
80.9618
90.086
92.898
95.1203
93.5716
86.8659
82.6241
88.2496
92.3361
84.3064
82.021
77.5434
74.8699
84.3241
90.2935
88.9363
89.8998
86.6701
84.987
91.32
93.375
90.5838
85.4591
88.129
93.985
94.038
88.4956
75.4404
71.6255
77.6669
85.5139
94.6387
89.4294
86.6063
91.9033
84.1857
81.646
86.0215
88.4291
88.4252
90.1185
94.1354
94.5046
90.6413
80.3116
85.4957
88.032
80.2761
85.1462
90.7977
89.1504
88.6446
93.3358
93.8482
89.3735
88.098
92.614
91.4453
92.0259
98.2656
96.8101
88.6328
85.1934
92.8505
83.724
77.8665
87.7578
87.7154
86.2329
88.9878
92.2084
94.3263
92.8333
94.1132
96.8804
91.8189
93.0189
93.5497
89.9928
84.7997
84.9149
91.6003
86.1772
83.5562
81.706
82.991
88.1523
92.3446
95.8865
88.5152
85.306
91.7053
93.6154
89.1623
88.9878
94.0867
93.5935
87.3286
87.7886
90.8224
89.4374
83.4237
84.4238
84.7781
81.813
85.9291
90.4609
89.3495
85.6384
88.8021
94.3574
93.0103
91.3492
94.3797
96.4785
94.7373
91.1577
89.0076
82.2064
84.2851
88.6997
84.8356
82.4131
80.8473
87.7116
92.3361
87.9856
84.2389
84.0548
86.3297
91.0913
90.6331
83.8153
85.9254
90.9132
88.4447
88.1057
89.0472
85.5908
86.2478
78.9173
74.2666
83.2328
87.777
89.0789
86.7416
87.1574
89.5656
91.4913
92.3787
93.7075
93.7251
87.0928
84.7601
83.8258
89.9361
79.5735
70.9748
78.9048
81.606
83.6925
91.0291
95.0164
88.8218
85.2697
90.629
89.4254
90.4855
93.006
90.6988
90.3955
90.8843
90.6865
87.2981
86.166
76.0023
66.7111
75.3693
80.4085
82.8432
87.6117
83.6715
88.2768
86.2515
89.7143
91.8105
87.3553
87.4699
88.1329
94.3975
93.1012
90.3587
92.0937
84.4809
82.122
79.4628
79.5862
78.0092
80.0641
92.3574
89.1305
85.6348
87.7732
86.3819
82.7301
89.4935
94.5626
88.5857
86.6326
90.5059
93.2488
82.802
73.7681
79.4376
84.023
85.7082
90.005
91.0374
85.7633
83.7661
90.6577
90.4486
89.9442
85.6494
87.3286
95.3153
94.2152
92.2679
84.3775
78.0762
77.1099
84.3633
91.3492
90.3138
91.5751
91.7053
92.4001
90.1713
88.2768
87.4202
88.9245
90.6084
86.0807
84.023
89.3615
95.7167
83.469
80.6712
86.7303
85.7927
92.2084
90.4977
84.3953
84.8212
90.3955
95.7717
87.6808
83.5387
87.1688
90.905
89.2937
87.0891
90.1591
87.8464
83.5038
77.229
80.8898
78.6999
76.2457
84.2637
81.656
86.0215
94.1708
89.1146
87.1308
89.5696
92.5497
89.3495
84.406
85.7964
83.3125
84.5702
91.7515
86.7641
74.6157
77.7938
86.5726
83.7626
86.5576
92.4556
88.0592
85.859
87.3744
88.2301
89.0076
83.9595
85.6311
90.5428
91.5374
90.9587
91.5625
85.3934
78.6782
86.7679
87.9972
84.1008
89.4775
94.4242
90.2731
86.5988
86.166
83.8926
84.7565
90.6536
94.7373
89.9321
90.4036
95.1249
89.1305
83.605
83.633
79.2362
76.8079
86.2813
92.4727
84.2425
81.5195
86.1698
94.1132
93.4274
83.8434
84.6776
87.7539
88.3626
89.5456
89.5937
86.2106
81.7829
82.8741
84.5451
82.8912
81.7461
82.7369
82.7678
88.5779
90.009
83.9525
82.2064
83.2397
85.2297
90.1144
83.309
78.533
80.4214
78.8955
80.6875
79.8371
86.0437
89.4334
82.247
84.0901
88.0049
87.4738
84.1361
85.1644
89.1941
82.2335
80.6777
88.5818
90.8348
85.9328
85.8922
89.3495
79.0608
74.0165
84.6382
87.5427
81.9471
84.8392
88.39
86.5164
84.2496
88.7824
91.3451
93.1489
90.1266
86.9943
82.991
80.7331
90.0617
83.9842
74.3273
74.1262
72.1371
75.9186
85.4847
85.6751
85.8148
89.9119
91.9709
88.1096
86.0993
93.4579
93.3141
85.9771
86.3595
90.1876
81.4133
81.666
83.2016
78.1433
79.6495
81.5827
87.4891
90.4077
87.2182
87.1574
86.7754
86.7717
93.7295
92.9541
85.0087
84.3206
91.4746
86.3372
81.0964
81.2975
82.1558
82.9531
83.5317
92.6698
89.5215
80.551
85.778
90.082
91.6926
92.584
87.8928
84.1468
85.8811
90.4404
86.4977
80.2407
77.5705
81.4664
78.2564
80.9291
93.0536
88.8612
83.3507
85.5249
85.3242
88.0437
88.4682
86.4865
83.2535
83.0289
92.6784
89.4214
87.2068
78.4714
74.1345
82.5968
89.7102
92.898
87.6731
83.0392
87.6847
86.3856
75.8064
77.7363
86.1438
83.8328
82.291
90.5715
89.2021
83.875
78.4006
77.6639
85.8406
86.8923
85.1499
85.6714
84.3277
