1.16147e-311
inf
3.03973
283.607
237.586
171.043
196.136
267.023
252.685
239.435
250.847
311.672
332.447
334.56
337.61
334.225
341.997
305.81
271.85
279.916
288.101
255.428
265.604
325.786
336.474
297
264.201
289.897
315.109
291.29
302.755
297.575
289.897
284.01
281.017
320.821
336.474
329.815
299.133
199.681
139.082
158.793
238.493
245.942
267.666
327.011
331.181
334.336
324.412
320.616
317.914
310.463
301.341
303.214
326.637
335.514
308.833
282.765
284.374
264.026
207.361
103.778
100.508
111.869
23.6409
26.0322
259.235
275.52
306.091
269.36
209.336
230.894
294.074
316.256
286.985
286.985
323.311
318.827
315.607
288.559
294.507
328.839
328.03
293.858
299.536
348.736
365.23
353.482
296.165
297.309
350.017
346.26
312.305
305.204
271.628
267.559
325.68
331.455
329.489
346.861
345.363
337.041
329.327
335.289
357.015
375.657
363.504
274.876
259.336
288.684
264.62
278.048
319.132
290.655
291.715
315.159
328.084
375.869
383.804
247.036
229.621
298.998
309.885
294.118
282.925
323.102
347.887
351.247
273.935
272.368
339.041
332.447
278.319
279.408
341.88
332.281
279.408
277.392
322.113
336.53
330.688
305.344
313.972
343.525
312.695
284.131
291.375
323.154
342.642
311.915
288.6
313.972
333.723
324.465
319.183
313.185
298.864
303.444
347.766
326.637
313.922
353.794
182.932
164.271
282.247
294.161
236.1
233.863
305.157
336.757
300.842
304.507
316.006
291.163
275.368
285.51
325.574
293.945
215.123
240.993
332.171
329.979
317.209
298.374
314.564
359.066
384.837
358.038
333.167
352.734
348.797
332.557
299.805
297.708
328.03
335.514
355.429
328.947
327.011
368.596
378.072
372.37
337.382
304.785
309.933
321.079
296.824
289.645
330.306
369.14
361.206
310.174
306.748
354.359
329.815
318.37
328.353
298.018
293.427
333.444
326.052
315.906
342.759
331.62
343.171
347.041
337.496
331.016
328.353
327.923
301.932
296.736
326.904
350.079
329.056
313.824
316.506
324.465
308.833
277.469
303.03
361.402
365.097
288.892
237.614
246.305
294.421
282.686
273.86
332.502
356.952
337.667
296.912
314.268
340.832
337.667
298.196
270.307
301.25
326.691
316.957
317.309
343.702
341.88
311.478
296.252
310.27
317.712
312.11
309.262
299.85
324.465
337.382
323.992
314.12
320.718
351.927
342.583
332.557
311.042
298.775
298.063
309.741
307.74
302.297
325.203
295.552
270.563
289.143
309.358
302.801
309.023
300.616
294.464
316.756
331.016
317.46
314.317
334.784
343.584
354.61
267.953
257.4
344.412
355.556
259.302
252.143
332.06
341.588
338.467
282.167
263.331
312.695
349.956
300.661
287.728
295.989
281.215
281.215
299.088
335.909
339.443
289.478
283.006
303.628
302.618
327.654
295.377
286.123
322.633
300.526
271.186
299.356
352.609
357.654
331.62
306.796
316.056
322.529
317.108
297.354
287.811
296.604
313.725
315.259
301.296
333.667
338.295
330.797
314.218
293.04
302.252
323.311
312.305
288.642
307.314
343.879
355.177
321.699
307.172
314.07
328.785
345.781
305.111
276.434
302.755
318.928
216.567
210.15
302.709
296.428
265.993
275.141
314.317
316.756
281.452
301.159
336.134
316.606
299.625
313.529
321.182
312.744
299.85
297.133
327.923
336.984
314.812
292.997
295.639
289.855
288.268
291.121
298.329
337.154
336.53
315.956
304.646
304.229
302.297
311.429
317.36
283.648
273.523
308.737
318.319
287.315
291.928
316.756
328.407
316.306
312.989
324.834
326.744
299.985
268.132
277.662
309.31
319.03
320.205
320.667
327.386
334.057
294.421
248.663
260.96
301.568
271.37
279.408
316.606
241.75
230.282
297.398
334.84
338.524
269.179
255.167
278.048
255.33
242.336
266.88
312.11
310.126
290.487
296.56
323.258
317.108
297.663
285.755
279.916
289.31
281.65
292.398
336.984
339.789
306.044
291.886
312.989
327.6
324.517
297.265
273.187
271.665
297.841
302.252
291.121
304.832
316.156
327.923
291.333
292.912
336.361
337.838
287.687
246.64
267.201
310.27
300.842
286.082
289.226
303.306
313.922
308.594
317.511
272.331
238.379
274.574
329.435
324.412
238.294
229.779
268.601
225.225
220.799
267.023
292.569
257.202
243.605
271.702
310.945
322.581
289.981
295.727
312.989
299.401
272.22
264.901
270.051
287.522
279.759
267.666
305.483
305.297
270.38
270.343
283.608
297.796
295.508
272.665
280.073
316.656
312.891
307.692
333.89
313.775
283.206
275.52
292.398
328.785
330.415
266.88
262.985
311.915
326.211
289.561
270.673
298.82
318.522
294.724
276.97
257.765
223.689
218.269
263.852
306.419
227.92
232.423
323.102
342.642
334.225
279.252
276.281
293.729
236.714
226.989
279.135
326.371
318.066
276.587
290.655
339.156
333.444
288.06
260.044
257.169
275.634
277.508
279.408
318.776
310.126
288.018
285.796
286.369
299.043
304.646
295.465
295.29
299.895
290.909
291.375
305.904
306.607
300.888
279.486
282.646
301.659
301.205
261.609
255.885
301.568
318.016
292.783
285.919
316.256
334.169
309.502
291.248
314.663
320.976
301.432
268.601
231.884
255.102
276.855
237.643
262.433
323.206
297.841
286.41
291.078
274.876
261.917
270.709
308.119
337.895
328.246
293.643
302.847
324.939
312.11
285.47
265.041
269.397
289.855
279.994
277.085
304.599
306.654
293.083
302.389
313.676
306.56
297.133
285.022
278.746
288.976
302.206
290.276
304.507
292.141
285.959
300.661
298.107
314.416
318.878
274.952
254.615
289.226
310.704
267.773
250.438
278.668
309.167
288.101
276.243
306.843
309.454
263.262
227.48
260.586
317.259
283.768
244.021
269.433
316.356
276.932
212.879
219.974
255.265
266.88
301.114
313.283
282.646
279.135
318.928
333.222
329.272
271.592
241.546
251.762
269.614
283.126
302.252
329.435
310.174
278.474
291.375
323.206
325.627
311.915
298.196
280.899
280.191
287.894
293.427
302.389
305.717
327.332
285.185
271.076
319.795
333.723
301.477
267.702
270.746
285.225
282.366
283.768
302.801
330.633
316.706
302.206
315.607
272.554
234.962
260.722
286.903
292.141
271.813
273.411
255.526
254.033
285.103
289.394
314.614
244.708
220.119
256.937
285.878
299.536
256.838
261.199
302.115
300.797
286
278.513
278.513
291.843
277.739
276.014
325.309
306.091
272.368
288.392
317.46
316.006
267.63
259.673
281.532
290.909
298.597
292.697
303.721
311.672
326.477
288.725
281.968
321.492
294.768
254.615
269.324
305.904
319.846
300.571
277.508
289.519
296.956
274.65
285.388
328.515
327.439
281.69
269.651
279.759
280.781
287.356
284.01
306.232
262.916
241.692
289.897
305.437
284.616
250.094
243.339
282.765
304.136
263.609
268.889
317.007
312.842
285.225
284.536
295.029
283.849
276.129
275.748
292.526
303.122
298.686
284.293
284.536
310.752
321.182
294.204
273.56
285.144
303.951
300.436
289.855
286.369
299.088
316.807
312.549
305.39
304.971
274.801
242.131
273.673
307.267
292.869
276.205
274.424
303.26
323.572
289.184
279.174
288.184
280.348
281.057
287.48
304.692
311.139
274.048
269.034
311.624
276.893
231.884
255.428
292.398
265.463
232.288
260.62
325.68
284.131
247.954
279.057
306.279
300.888
284.172
272.183
277.585
286.164
265.428
262.743
288.517
296.648
292.954
283.608
298.686
310.463
273.523
251.414
283.728
302.939
282.965
289.729
308.785
314.218
309.023
305.111
315.706
313.873
242.954
238.834
311.09
311.964
280.426
262.467
276.319
302.435
299.85
292.056
301.205
287.233
249.377
262.985
296.165
305.204
316.256
286.615
288.434
323.258
300.752
268.132
232.423
229.384
254.227
276.434
251.036
216.099
227.79
257.202
270.453
243.132
243.576
271.186
286.821
260.044
265.217
318.776
300.661
284.738
303.859
305.064
301.796
294.334
288.101
279.33
285.673
302.618
288.934
299.76
314.465
311.284
302.206
300.12
277.047
262.329
259.943
271.776
312.402
319.54
289.729
278.087
304.368
326.105
314.861
290.023
289.981
296.648
268.312
245.851
262.089
289.143
275.71
269.324
297.885
318.066
313.627
287.191
282.686
285.47
279.994
264.131
230.229
242.336
219.058
220.386
248.602
242.66
268.998
270.526
284.091
262.709
260.824
301.159
283.046
264.866
275.141
289.645
297.177
281.77
277.239
280.938
278.125
272.405
266.596
280.82
300.075
301.978
292.912
289.981
290.74
254.097
245.218
290.909
310.126
311.575
278.862
272.146
311.284
314.218
285.959
282.765
289.478
272.963
237.954
240.529
292.869
304.321
279.564
283.809
299.267
300.526
291.206
285.063
296.78
279.72
261.199
284.536
267.237
246.154
269.833
299.088
309.933
240.877
230.15
263.957
268.24
250.125
263.713
319.693
302.206
257.301
254.615
287.687
311.429
288.559
273.448
295.465
292.783
262.95
263.713
275.862
287.811
300.345
288.642
302.435
322.529
294.031
248.973
251.13
283.527
290.613
265.111
270.307
294.681
271.223
281.373
303.998
289.017
260.892
262.295
293.772
309.262
298.998
292.44
311.187
318.522
314.713
294.985
285.225
287.728
274.839
269.107
292.526
319.846
273.336
234.439
265.957
309.885
319.693
228.728
202.163
229.305
210.837
239.149
280.741
285.144
273.523
262.536
286.246
302.297
278.28
260.01
279.681
298.552
274.348
265.922
296.78
312.891
289.059
283.407
306.607
300.526
266.454
273.224
289.561
290.444
280.859
266.773
288.226
305.81
289.059
288.809
318.776
301.75
238.493
233.973
279.877
305.623
279.486
268.456
300.707
306.044
293.083
296.824
293.858
267.201
257.268
278.358
310.126
315.507
280.505
279.838
298.73
295.465
260.926
252.43
290.149
309.981
284.051
222.668
218.699
268.781
265.816
266.028
290.318
296.604
278.707
239.751
246.883
279.642
280.112
249.594
258.031
258.164
260.01
290.655
274.048
218.174
219.515
251.351
237.699
227.972
218.651
221.902
246.853
267.487
260.994
225.378
232.072
287.439
285.063
251.288
263.574
305.577
284.738
266.845
270.124
274.348
285.388
272.146
274.839
295.946
284.293
263.887
273.71
290.276
265.993
256.016
268.889
286.041
290.276
221.705
188.786
235.849
250.564
240.298
283.086
281.057
265.851
285.225
300.075
271.924
267.845
269.397
267.451
277.277
274.688
294.681
297.265
265.64
271.739
303.767
308.88
308.833
283.567
283.97
316.656
311.964
282.725
285.673
295.552
267.38
247.525
271.113
311.818
320.41
281.928
253.839
274.839
300.481
292.654
282.167
296.165
277.701
245.58
261.267
306.044
304.599
270.27
273.187
282.486
283.527
277.393
260.078
279.564
307.031
278.242
278.125
283.086
236.911
235.821
272.517
299.356
265.922
243.25
272.146
282.048
254.356
252.08
274.99
290.402
279.877
277.971
297.885
292.569
258.732
267.487
306.701
311.867
320.513
305.577
297.398
308.166
310.511
288.184
272.963
275.862
266.205
257.965
270.27
301.023
317.46
271.334
263.992
266.454
262.605
273.635
260.112
261.199
267.487
281.294
305.437
290.909
271.887
280.623
292.269
303.076
303.26
277.932
265.006
282.446
290.951
270.343
279.213
294.161
265.569
249.19
273.673
308.119
232.288
210.859
254.907
256.18
234.99
248.047
288.809
312.402
260.18
235.266
260.858
228.467
236.351
289.813
296.516
270.416
265.041
302.572
305.064
274.273
269.397
278.125
269.324
260.01
260.858
283.648
307.929
281.849
275.255
285.959
288.392
302.709
292.954
282.008
286
267.953
270.38
299.985
279.799
270.563
290.951
303.26
280.387
247.862
260.01
272.814
268.204
266.454
277.469
274.123
269.469
265.006
266.773
305.857
311.284
219.684
219.419
305.857
283.447
258.498
234.962
253.807
279.096
272.814
297.575
292.954
257.467
262.64
299.581
316.957
306.091
285.103
298.507
306.937
272.368
274.801
301.25
301.341
273.86
252.908
270.819
293.643
288.226
279.759
296.384
299.177
295.683
293.686
285.266
286.451
290.529
264.236
271.887
319.744
293.556
271.961
287.563
285.47
283.97
281.532
277.739
291.971
302.297
292.783
290.065
303.306
305.157
306.513
267.023
267.953
312.451
292.184
262.95
241.051
236.911
235.766
252.813
302.069
310.27
256.049
255.82
291.758
263.817
252.239
273.748
302.206
307.172
277.393
280.702
304.646
298.73
280.623
277.624
282.127
251.572
232.126
257.832
303.214
304.46
269.796
274.198
273.86
258.331
286.328
297.354
275.444
281.452
274.348
280.23
314.416
308.214
279.994
251.319
265.076
290.107
285.388
275.558
283.768
296.516
272.257
269.034
289.519
300.707
290.318
285.144
304.46
258.198
226.809
220.58
243.813
262.295
254.097
277.392
293.04
274.386
275.255
310.8
301.523
250.438
254.097
303.721
305.25
279.369
283.849
313.136
303.998
288.018
292.526
296.78
268.312
230.627
241.604
288.101
301.523
273.673
272.591
306.185
303.721
287.109
270.49
263.4
280.623
260.926
264.236
306.138
295.29
288.976
298.329
305.857
313.381
319.846
277.894
248.077
250.564
256.608
282.566
308.69
310.8
308.833
297.708
297.133
279.916
216.357
216.826
264.585
257.069
231.134
249.345
299.446
304.044
266.951
272.22
304.971
289.017
240.298
234.549
284.576
281.809
278.203
294.247
283.97
265.287
269.505
267.308
252.08
263.713
287.109
308.214
305.623
274.99
269.215
288.892
281.215
274.499
278.862
272.146
275.444
265.428
274.273
310.078
287.48
208.355
209.249
264.725
273.748
271.555
251.921
266.667
268.24
267.523
290.023
290.107
287.356
282.247
288.434
302.206
276.855
257.268
277.393
292.997
246.154
240.471
287.439
311.429
285.022
248.016
267.094
291.248
234.412
240.442
295.77
301.023
280.387
273.523
299.805
289.771
271.592
271.407
277.239
255.297
240.24
261.301
290.023
291.036
270.709
279.33
296.868
294.464
289.939
278.435
274.65
293.212
273.261
271.518
295.814
292.612
291.715
295.334
307.74
312.11
285.837
250.91
266.56
283.849
267.953
280.662
297.796
295.29
289.059
290.192
305.577
315.01
303.444
278.784
285.551
301.841
299.491
270.161
272.963
266.738
233.645
219.467
239.091
277.662
247.831
255.918
291.886
300.707
270.49
271.739
315.806
302.801
265.604
239.006
249.844
269.578
281.571
299.85
312.012
301.614
276.091
286
304.368
292.997
261.438
256.18
274.16
284.616
286.615
287.191
303.674
309.167
281.73
281.69
308.452
308.356
271.186
232.585
243.962
269.906
268.025
282.486
306.748
313.332
303.767
298.864
306.279
306.044
298.063
288.392
298.418
308.833
284.616
248.262
262.536
312.11
311.187
292.184
239.521
235.211
240.269
247.28
239.607
213.493
244.439
254.194
250.627
252.048
261.814
276.205
273.075
245.369
255.493
300.707
301.932
291.588
291.588
305.39
296.384
260.146
248.077
276.893
290.698
260.01
265.675
292.74
294.334
278.707
272.368
296.648
300.978
262.329
243.813
256.509
263.574
269.614
269.687
281.096
290.487
279.486
285.266
305.951
299.088
268.312
271.15
288.934
301.568
269.942
263.505
300.933
299.94
276.625
277.431
253.614
200.441
221.361
287.563
233.563
224.643
285.551
296.121
278.125
276.472
279.096
266.951
258.766
257.301
278.087
291.206
264.201
274.574
295.902
287.356
282.885
271.887
247.249
254.097
271.297
278.979
301.523
294.551
277.162
275.596
295.116
313.578
296.34
267.989
264.271
280.034
275.71
274.16
283.166
293.212
290.571
275.255
277.431
272.146
247.862
256.575
290.74
302.847
272.814
251.319
272.294
283.648
274.424
286.164
307.078
257.732
228.833
264.201
308.024
313.381
235.488
228.807
292.099
283.527
263.4
271.998
289.394
289.771
275.558
281.254
299.356
278.396
271.113
293.6
304.183
303.674
278.474
264.48
283.166
296.165
279.252
248.973
263.089
296.868
287.604
287.15
280.702
277.123
263.644
241.196
265.64
289.897
286.697
280.034
284.819
297.708
287.191
288.475
308.071
299.536
269.215
277.239
306.748
306.091
273.86
270.343
305.064
288.475
253.1
272.628
305.577
272.257
256.345
260.18
267.773
287.728
230.468
225.708
292.398
280.82
272.368
270.709
262.95
250.407
262.089
290.023
275.976
259.269
268.781
286.533
295.77
289.771
262.881
272.889
305.857
295.465
292.355
305.998
303.628
296.34
295.072
305.204
303.721
300.616
285.837
284.86
302.572
305.483
290.023
286.246
299.805
305.67
277.277
274.801
309.454
308.214
267.094
259.707
258.431
265.358
258.632
256.312
305.857
313.972
289.687
267.094
258.532
254.13
258.967
281.77
308.404
311.721
274.725
257.699
254.81
263.366
274.914
272.926
252.27
220.24
244.499
288.434
284.374
259.875
267.594
297.619
304.832
300.526
285.47
263.158
257.965
246.792
255.558
283.366
284.981
281.77
277.855
287.563
263.992
234.028
257.367
302.572
299.67
276.855
270.343
290.234
308.071
274.763
270.563
310.126
299.222
250.031
260.112
298.73
295.072
279.877
278.396
299.805
304.229
284.172
266.88
260.078
250.815
240.877
254.033
290.655
287.563
270.307
285.47
296.736
277.008
274.65
277.624
238.578
230.441
276.358
303.444
247.525
219.394
257.931
300.842
311.526
263.887
248.694
