8.1561e-312
inf
2.72773
290.444
329.652
452.694
572.574
568.343
565.611
536.913
511.902
607.533
738.552
749.625
747.384
759.878
709.22
666.001
705.467
614.817
585.823
691.563
718.391
731.529
748.223
685.401
674.992
749.906
769.823
625.195
606.244
739.645
764.234
755.287
761.035
722.543
679.117
695.41
733.407
694.203
654.879
688.942
733.138
764.234
772.201
765.99
767.165
772.201
687.285
387.672
388.954
600.42
597.55
634.921
654.664
650.618
657.03
511.64
454.649
508.776
548.396
535.475
541.859
666.667
590.493
465.441
526.454
664.673
708.968
748.503
761.325
750.188
728.597
719.424
632.911
608.088
633.714
667.111
740.467
747.664
732.332
728.597
751.597
769.231
606.796
567.215
698.812
690.369
666.001
720.461
754.148
730.46
693.963
663.13
539.374
534.331
658.545
713.521
753.296
754.148
753.864
716.076
696.864
512.558
491.763
692.281
755.572
755.572
750.469
742.942
715.563
710.985
740.741
675.447
632.911
681.896
707.714
698.812
687.994
534.902
501.253
534.045
535.332
623.441
677.736
33.2215
33.2082
715.308
696.621
659.196
715.563
602.228
488.162
540.394
637.959
618.047
612.37
685.166
727.802
630.517
467.617
486.736
645.369
602.773
606.061
729.661
749.064
728.597
579.206
379.435
368.664
461.361
529.661
630.915
680.272
651.466
555.093
556.328
640.615
694.444
669.344
647.04
708.466
760.746
717.36
531.632
513.347
579.039
610.874
719.424
747.384
711.238
693.241
693.963
552.792
524.109
576.037
558.347
641.849
731.261
731.529
730.994
708.717
603.865
583.601
671.817
720.721
742.39
744.879
744.879
608.088
583.26
528.961
503.651
664.011
757.576
730.994
689.417
715.308
751.597
759.301
772.499
632.111
530.786
581.903
681.431
727.802
704.722
693.481
716.332
707.965
619.195
593.12
661.157
688.231
691.563
628.536
604.23
657.462
560.538
495.295
570.613
672.721
615.953
567.698
619.195
664.011
673.854
607.533
522.603
553.403
625.391
646.621
707.214
716.846
654.879
653.808
691.563
604.961
595.948
705.219
678.887
639.386
638.774
602.954
647.878
749.906
686.106
568.828
601.142
645.786
612.182
653.595
719.683
708.215
681.663
720.98
605.694
552.334
582.751
597.55
658.111
716.332
763.65
768.935
761.905
680.735
555.556
577.367
703.73
654.236
598.623
649.14
692.521
661.813
489.117
391.007
409.836
440.044
484.379
606.244
716.589
590.667
489.836
524.521
602.41
658.328
666.667
659.631
685.636
602.591
514.801
503.905
503.778
554.17
609.199
640
698.324
733.138
635.526
553.557
597.907
619.963
650.83
699.545
694.444
715.563
713.012
709.975
570.776
551.572
675.904
714.796
723.327
710.732
661.376
645.995
646.204
561.01
573.23
666.001
684.463
702.001
724.375
734.484
718.133
690.131
611.995
556.174
605.51
660.502
674.309
697.837
708.968
668.896
642.88
583.431
559.284
646.204
695.169
666.667
577.534
548.396
527.426
540.249
563.222
577.701
640.205
649.984
651.254
576.535
603.865
694.686
671.817
601.323
597.372
693.481
735.294
728.863
707.965
631.912
627.156
696.864
638.162
616.523
681.896
650.407
611.06
569.314
574.548
672.495
705.965
612.557
511.247
565.131
690.846
709.975
721.241
724.9
621.891
591.541
584.454
589.971
659.196
640.615
593.472
596.837
665.115
714.286
730.193
647.249
569.638
607.903
659.848
610.314
654.236
742.115
686.342
632.111
662.69
579.206
559.597
685.401
703.73
501.63
463.285
626.174
705.965
572.574
527.844
600.601
601.323
509.814
452.182
481.928
412.286
405.268
547.945
674.536
755.002
723.851
700.525
741.565
743.494
484.027
450.045
553.403
554.939
644.33
710.732
723.327
708.215
664.452
535.619
512.164
617.093
672.495
695.894
708.215
661.157
621.504
538.793
507.485
618.047
708.968
703.482
695.169
708.968
737.735
730.193
700.771
547.046
491.763
507.357
474.158
486.855
545.554
560.538
467.071
484.848
572.738
560.538
526.039
522.603
474.608
433.463
467.399
505.433
538.358
565.451
565.291
560.224
538.938
480.077
496.894
581.058
595.061
543.331
535.189
562.588
568.99
523.56
534.759
555.247
558.503
568.666
538.793
538.358
537.634
480.192
491.521
574.878
583.771
623.247
604.23
552.029
561.64
512.558
530.504
630.915
630.517
580.889
554.939
587.371
593.648
485.084
493.583
633.914
634.317
588.235
631.712
654.664
625.195
237.164
223.189
536.049
603.5
600.962
593.472
591.191
602.41
610.687
641.437
672.495
649.984
594.354
358.038
317.763
481
611.434
667.334
693.001
693.481
709.471
660.502
456.83
400.16
502.765
615.006
672.269
706.464
732.601
659.196
535.619
557.88
689.893
699.056
686.106
709.471
702.247
698.08
658.762
534.902
544.662
689.18
715.308
692.521
710.732
723.066
699.301
678.887
617.665
499.75
512.82
593.12
586.51
607.903
636.335
624.025
594.884
563.857
555.556
575.209
593.296
569.963
583.771
604.047
615.764
597.907
579.039
615.953
664.894
733.945
732.869
718.907
721.241
706.464
636.132
521.921
526.039
643.501
698.08
594.884
541.419
591.191
669.12
650.407
602.773
627.549
609.199
606.244
485.673
480.885
659.413
598.802
530.082
600.601
678.426
703.977
723.851
736.92
646.621
612.745
622.471
552.334
588.755
686.106
674.082
687.285
678.656
646.204
633.112
617.856
518.269
518.403
579.039
592.242
671.592
703.482
600.601
545.852
473.597
471.809
557.414
514.801
509.165
558.503
607.349
628.931
534.331
497.884
591.541
680.735
705.965
686.577
693.241
645.786
510.204
435.256
457.561
546.597
624.805
641.437
640.82
690.608
554.017
437.063
428.908
467.071
533.903
623.247
702.247
723.589
547.945
491.763
624.025
652.529
612.745
641.643
629.327
630.716
562.746
460.723
531.067
680.967
676.132
670.017
714.031
741.565
708.717
658.111
512.558
503.145
615.385
624.805
664.452
687.758
660.502
662.252
612.182
582.411
633.312
664.894
657.678
635.526
628.141
576.868
564.175
558.972
520.021
577.367
671.592
692.761
682.361
683.995
682.128
645.578
576.369
582.072
683.761
744.879
740.467
702.001
628.536
637.146
685.871
699.056
578.704
547.795
594.177
585.652
584.112
539.665
589.102
691.802
574.713
554.631
690.608
730.994
739.919
750.188
724.113
696.864
717.103
745.99
661.157
616.143
686.342
735.024
716.076
712.504
694.686
646.621
627.943
575.043
532.198
609.57
645.161
606.98
669.344
690.131
661.813
685.871
655.953
576.037
611.247
693.241
603.136
560.853
622.665
684.463
721.501
701.754
537.201
497.76
578.704
575.54
558.815
543.922
516.529
481.464
470.699
549.3
686.106
725.163
695.652
689.655
709.975
686.106
468.713
403.307
459.242
449.64
443.557
498.008
514.139
485.084
506.073
538.358
547.945
499.002
494.438
505.178
443.164
495.295
638.162
652.529
625.782
645.786
718.649
741.565
726.48
500.125
480.423
680.504
737.191
736.106
727.008
693.001
657.462
600.601
531.067
552.029
629.723
591.191
534.902
546.001
514.536
549.3
559.441
551.572
658.111
685.401
681.431
709.471
629.921
525.21
464.145
502.639
630.517
699.301
744.325
716.332
696.379
697.837
669.568
664.673
586.166
572.738
606.612
629.525
674.536
689.893
742.666
759.301
764.234
580.72
518.538
607.349
647.249
702.741
750.751
669.568
636.335
680.504
574.548
540.979
646.412
666.889
654.664
705.716
734.214
740.192
754.148
747.384
608.458
547.345
557.88
527.426
566.251
654.022
657.246
665.115
627.156
570.613
632.911
724.375
729.395
662.91
673.401
746.547
724.375
697.107
637.146
599.52
593.12
608.458
679.81
724.375
728.863
735.565
699.79
519.346
457.143
547.645
660.939
713.521
722.805
689.655
672.043
712.758
652.316
559.597
576.868
588.928
632.911
688.705
666.223
673.627
603.865
454.752
443.853
508.259
479.846
431.593
359.648
345.483
451.977
608.273
661.376
705.716
741.015
746.826
748.783
676.819
507.743
516.262
688.942
746.826
750.188
737.463
703.235
663.79
668.449
647.878
556.793
596.659
719.166
670.466
620.347
651.678
620.155
582.072
518.001
483.91
562.905
653.381
695.652
696.621
697.35
695.41
624.025
538.938
563.38
646.412
658.545
629.327
601.866
639.795
695.169
703.482
588.928
504.159
569.801
600.06
580.046
627.943
691.085
746.547
740.741
645.786
594.53
644.745
706.464
741.565
742.39
654.879
621.697
673.401
601.323
557.414
613.874
626.174
621.311
637.959
648.088
674.536
700.525
599.161
547.945
617.093
584.624
582.242
687.049
698.324
646.621
650.407
612.745
580.215
659.631
721.241
638.57
599.88
659.631
708.968
719.942
713.012
628.536
572.246
624.61
672.721
658.545
668.673
705.965
651.89
592.944
497.265
500.751
642.467
711.997
650.407
618.812
697.35
731.261
735.294
602.047
527.009
560.224
623.636
706.964
712.251
698.812
713.521
684.228
462.535
458.295
673.401
727.008
742.39
711.997
690.131
725.426
402.658
366.435
571.102
605.877
664.673
729.661
730.193
722.282
720.721
554.631
500.25
571.429
592.593
628.931
634.518
608.458
550.206
466.853
489.836
616.903
632.511
599.52
638.978
607.903
563.38
592.768
537.924
549.904
674.082
731.529
745.99
728.332
717.36
682.361
674.309
615.953
580.72
632.511
664.894
624.025
614.439
670.916
687.049
700.771
634.921
573.888
562.746
605.694
622.084
605.327
649.984
654.022
641.026
543.774
529.661
644.745
720.721
752.445
690.369
632.311
673.401
719.424
624.22
595.238
673.174
708.968
621.118
571.592
598.623
649.351
698.568
585.823
565.291
596.481
589.797
648.088
627.943
614.439
665.557
721.501
636.943
535.762
561.325
590.667
606.98
670.017
720.461
732.064
688.468
531.067
516.662
657.246
693.963
696.136
689.655
675.447
613.685
579.206
480.654
485.437
662.69
722.282
707.965
687.285
661.813
615.764
595.77
538.793
480.307
522.193
613.309
685.871
737.735
736.106
724.638
670.691
580.383
549.602
596.659
656.168
675.447
591.716
559.441
501.505
412.541
481.696
635.93
640.205
657.246
694.686
697.107
697.107
568.343
490.076
534.045
581.226
628.141
700.035
699.79
650.407
659.848
580.889
549.602
648.508
692.521
631.512
604.23
580.72
583.771
668.673
528.541
483.325
583.26
643.294
686.577
689.893
712.504
689.417
652.529
617.475
606.061
659.848
666.445
630.716
645.995
692.041
728.863
733.407
632.311
587.199
600.601
633.112
626.174
592.768
646.621
683.293
634.921
527.983
541.126
660.284
703.977
673.627
616.713
635.93
707.965
742.115
671.592
616.523
669.344
723.851
697.837
674.992
677.507
682.128
709.723
738.825
591.716
534.474
590.493
619.771
690.846
742.942
707.714
653.168
663.57
585.995
552.792
650.195
707.965
709.22
712.251
736.106
747.943
729.661
713.267
654.45
624.61
674.309
705.467
718.133
686.342
670.691
628.931
530.223
465.224
512.295
673.854
752.445
747.664
692.521
652.316
682.128
696.621
594.001
470.81
473.709
574.548
680.967
758.725
766.577
761.905
732.601
598.802
558.347
630.915
663.79
659.631
615.953
595.061
618.047
580.383
508.001
514.139
605.877
683.527
691.802
716.589
729.661
645.578
446.828
456.413
672.495
738.007
756.43
768.049
608.088
482.16
507.357
454.649
459.664
516.796
502.008
578.871
581.734
589.449
587.027
521.648
563.38
682.594
699.301
652.529
671.366
645.369
642.467
690.369
578.369
565.611
680.272
728.597
724.638
711.997
720.721
742.942
739.645
661.813
626.174
606.244
606.061
602.228
567.859
617.665
706.215
711.997
625.782
548.546
588.928
691.324
721.501
681.431
620.925
631.313
666.001
690.131
612.745
596.303
655.523
658.979
698.08
699.301
700.28
735.835
737.191
570.776
486.381
492.126
560.695
694.203
699.301
663.13
658.111
686.342
518.135
505.945
679.348
628.338
620.925
682.594
678.426
699.79
707.214
551.876
525.21
629.525
668.003
680.041
647.04
604.412
610.874
574.218
574.548
673.854
727.537
709.975
664.894
652.955
625.978
622.859
591.716
521.241
500.751
566.572
669.12
706.714
723.851
734.484
707.464
629.129
548.998
576.868
647.04
646.204
618.238
621.311
698.812
613.685
484.966
529.381
661.376
627.156
619.579
680.735
717.103
711.997
616.523
457.561
464.36
653.595
744.602
748.783
721.761
620.54
496.524
433.651
476.644
590.493
636.132
636.537
589.102
534.759
604.047
634.317
520.291
529.661
628.931
667.111
702.741
665.557
588.408
606.612
562.272
547.196
657.03
720.461
714.796
668.003
655.093
683.293
713.012
736.106
609.756
535.762
604.047
595.061
571.102
664.452
740.467
703.977
597.729
533.476
590.842
698.08
733.407
747.105
717.875
687.049
706.215
730.727
668.449
618.429
633.714
601.323
606.061
670.691
697.837
704.225
716.589
572.738
533.049
584.283
577.201
663.57
711.744
635.728
629.921
713.012
655.953
564.175
606.796
702.494
688.942
677.507
722.282
742.39
702.741
700.28
625.587
568.828
659.196
735.565
703.977
662.69
688.231
687.285
664.011
631.712
531.491
540.103
670.241
728.067
721.761
723.327
733.676
736.377
679.348
540.103
491.642
546.896
616.523
698.08
741.29
748.223
734.754
650.195
576.868
592.768
657.462
699.79
739.919
666.667
627.549
626.37
569.638
524.246
567.054
673.174
702.988
699.056
691.563
708.968
711.997
725.426
550.964
437.445
493.705
623.83
693.241
581.226
520.969
572.574
542.594
516.929
601.504
639.591
618.812
569.801
572.246
665.557
638.162
531.491
567.215
700.28
730.727
710.985
689.655
647.668
633.112
678.887
562.746
542.741
677.966
712.251
660.066
657.678
692.281
696.379
655.523
560.067
514.139
577.701
619.579
594.707
673.854
744.879
737.463
686.106
528.961
534.188
664.894
673.401
659.196
625
647.668
701.754
698.812
615.006
568.505
620.155
687.285
717.103
732.332
754.148
749.344
722.543
679.348
567.537
517.732
500.375
541.712
655.738
667.334
683.761
699.301
635.93
552.792
561.325
608.458
606.244
644.953
709.471
736.377
731.529
605.144
571.919
668.003
714.541
725.689
726.216
712.758
683.06
615.574
569.476
481.696
483.559
617.475
602.047
578.369
643.915
707.464
749.906
659.631
527.983
547.196
681.896
738.007
732.064
729.129
728.332
674.536
615.195
544.218
576.868
698.568
728.332
705.219
656.599
672.043
599.341
499.376
491.159
509.424
552.029
634.518
708.215
739.919
716.332
658.979
511.247
505.051
654.45
706.964
713.521
719.424
693.241
687.758
717.618
703.235
471.254
423.012
529.241
492.975
497.389
601.685
677.277
477.897
408.664
476.872
518.941
559.441
515.198
514.933
469.814
468.384
570.613
553.097
548.396
585.309
630.12
702.001
610.501
534.188
595.593
678.196
603.318
564.016
644.953
705.219
696.864
580.552
522.876
560.853
615.764
618.812
615.006
668.226
683.527
670.466
583.771
566.091
629.525
641.643
679.579
721.241
710.227
645.786
571.919
527.565
595.061
621.311
592.593
666.001
673.627
633.714
649.984
701.508
606.98
587.89
660.066
636.132
650.407
614.062
612.557
699.056
716.846
594.177
568.99
609.199
549.149
575.208
642.467
640.82
653.381
665.336
569.963
557.724
660.502
693.001
692.281
713.776
735.835
738.552
739.919
653.381
584.454
606.796
670.466
736.92
760.746
766.284
771.307
634.518
564.175
559.284
594.177
702.494
735.294
711.238
668.896
677.048
568.99
521.921
487.448
499.875
644.745
711.997
745.434
756.716
765.99
761.325
711.997
524.659
516.129
667.78
695.894
716.846
670.916
604.23
634.719
687.994
635.728
564.016
482.044
476.417
452.284
441.794
541.419
534.331
482.044
504.286
536.337
579.206
653.808
580.552
577.367
538.938
518.135
641.643
689.655
640
584.283
642.674
734.754
763.942
667.78
542.594
564.653
678.426
640.82
592.417
648.298
714.796
708.968
531.491
485.791
622.471
734.484
720.981
603.136
604.047
703.977
725.953
663.57
589.623
628.141
693.722
695.169
709.975
742.115
755.572
718.907
565.771
496.155
533.76
591.891
676.361
701.754
649.351
631.313
670.241
665.557
545.256
543.774
575.043
565.771
635.93
710.985
728.863
700.28
704.722
614.628
600.601
700.525
728.863
735.294
739.645
718.649
689.655
694.927
581.903
541.272
633.312
700.035
728.863
709.471
714.541
722.282
715.052
733.676
642.467
552.334
604.412
709.471
745.434
759.013
758.438
751.88
751.88
688.705
536.769
527.287
637.552
674.309
611.06
614.251
601.142
551.268
575.54
555.556
583.431
666.223
687.758
710.48
747.664
763.942
747.384
665.779
555.093
571.102
696.621
753.58
764.818
751.315
641.231
621.311
641.026
546.15
538.648
485.437
435.35
496.401
613.685
727.008
753.58
561.167
519.076
661.157
714.796
728.863
743.771
737.735
513.743
378.644
448.531
626.763
697.837
631.712
589.102
680.272
734.214
735.565
697.593
529.241
516.396
623.83
556.328
532.623
615.953
666.889
696.864
598.444
543.626
649.773
722.282
682.128
645.786
678.196
706.964
683.527
565.451
552.334
645.369
676.59
726.48
756.144
750.188
710.732
663.35
572.738
534.616
556.019
598.982
685.166
722.282
713.776
717.36
666.223
653.595
562.114
542.741
