7.50909
230.097
244.29
278.668
295.421
280.938
280.82
297.442
310.511
308.404
305.623
313.529
295.902
274.612
290.824
312.5
309.885
281.294
285.429
262.743
227.635
199.461
203.832
260.18
245.218
249.47
271.813
253.904
255.037
257.003
276.74
164.555
103.205
137.608
251.604
254.485
238.095
237.501
260.146
254.065
255.918
283.447
288.85
256.18
201.39
216.755
265.71
250.532
233.754
230.494
194.553
184.587
242.277
250.407
250.878
300.933
325.892
296.384
252.239
230.494
188.697
194.458
262.812
270.161
244.29
241.225
232.693
191.718
211.104
282.366
266.88
271.518
148.335
72.1371
92.1532
254.485
252.302
241.458
126.751
127.722
253.293
207.965
159.795
179.549
226.424
221.803
240.587
208.008
209.644
260.349
255.853
253.421
186.463
153.327
187.003
235.766
183.436
73.0434
38.7432
54.3257
208.703
268.276
190.024
173.385
228.18
241.867
246.731
152.975
142.146
226.706
195.561
182.565
215.564
130.404
99.167
145.064
214.293
140.647
140.027
190.06
160.552
155.812
166.168
128.09
150.523
243.665
223.189
250
291.8
289.436
251.667
204.04
219.01
192.068
182.765
258.031
282.686
257.268
205.128
207.082
254.097
272.442
290.909
241.692
244.32
312.744
308.499
263.748
273.785
309.981
282.725
252.876
254.712
286.041
312.159
270.307
268.204
293.772
291.078
237.389
228.467
281.889
212.97
216.497
296.121
296.472
85.11
74.2032
173.974
222.841
252.717
270.234
245.429
243.368
278.396
308.737
291.673
296.824
343.702
346.921
282.925
264.55
303.998
317.41
313.234
274.273
287.728
326.851
304.46
292.654
281.809
298.063
333.167
309.31
297.53
325.945
344.471
359.002
308.356
285.388
323.572
314.07
282.446
292.099
315.906
230.017
222
320.976
370.782
377.572
365.43
298.686
286.615
351.803
384.911
237.361
193.311
217.865
215.82
232.342
232.288
246.124
267.523
252.557
256.377
260.078
287.191
341.006
324.728
298.998
285.673
294.551
330.743
344.531
323.102
314.416
337.268
308.642
241.342
240.211
293.47
330.033
336.474
273.935
277.2
329.979
333.723
327.172
328.03
313.185
304.09
314.465
297.354
318.928
366.367
372.301
332.06
295.465
290.36
295.29
288.184
286.862
315.358
348.614
352.547
328.192
321.854
348.493
361.468
366.233
285.185
244.559
295.639
345.662
307.267
301.114
354.736
377.715
370.508
334.169
259.135
253.197
329.11
307.55
288.85
346.801
302.663
234.632
249.626
298.82
287.935
269.251
295.29
341.064
365.764
359.712
309.071
307.503
331.181
330.907
331.785
280.073
279.877
317.259
309.262
297.044
312.061
359.324
358.166
337.781
281.057
249.938
287.563
308.976
287.935
314.515
346.981
347.102
309.215
304.599
333.834
343.879
290.487
264.515
297.398
299.715
309.741
285.837
289.939
327.386
341.239
328.353
293.815
309.023
345.244
354.296
321.595
320
318.37
298.686
310.897
303.859
257.202
244.559
256.18
289.352
317.209
273.149
243.813
275.141
328.353
300.571
254.356
276.74
353.294
367.377
328.461
266.702
278.979
346.981
351.432
268.492
260.824
341.413
372.509
374.532
312.744
305.717
364.631
335.402
292.184
265.569
269.034
309.885
325.892
297.354
317.914
364.83
352.796
326.797
319.132
324.781
288.309
266.276
280.269
305.39
332.557
329.435
297
297.265
318.37
330.36
285.714
268.565
324.044
345.185
331.95
313.725
324.781
363.901
356.506
349.711
312.891
270.015
236.044
225.505
275.824
353.857
376.577
278.087
230.548
256.509
273.373
240.414
252.334
317.259
323.05
280.899
282.366
338.009
353.107
325.733
244.798
245.972
329.435
335.683
269.324
268.745
328.569
337.61
318.421
310.752
302.801
306.748
336.7
298.063
291.8
324.097
334.28
322.269
321.027
345.961
289.226
282.725
298.329
299.805
330.797
333.167
315.457
319.03
339.386
343.348
351.556
294.594
290.149
354.61
381.898
388.878
332.06
313.185
333.834
297.265
282.725
287.853
288.018
284.941
220.022
230.947
321.75
322.477
238.493
232.477
296.165
319.949
219.298
199.581
278.435
261.643
268.168
320.307
344.293
366.367
270.783
260.756
331.126
314.663
286.615
283.407
314.07
342.348
327.065
319.489
310.994
309.502
344.887
318.471
318.421
340.078
326.531
230.362
229.753
285.185
271.813
285.225
308.785
352.237
354.736
324.517
290.487
317.058
357.462
342.29
265.006
239.177
290.951
294.334
250.376
228.571
249.252
310.318
316.256
279.369
292.013
338.066
255.135
236.239
322.529
366.771
307.882
237.954
244.828
277.971
257.632
260.078
301.75
324.517
295.072
307.692
367.512
385.505
353.982
255.428
248.849
326.958
357.27
312.11
300.842
347.222
330.415
304.971
320.205
321.75
327.065
344.768
310.27
307.314
354.108
351.989
311.769
280.702
292.227
318.066
293.772
271.223
297.486
349.345
369.891
299.356
276.97
336.078
360.49
351.556
267.666
245.038
312.11
358.166
359.131
320.821
305.857
317.712
321.388
319.234
307.977
320.307
343.879
350.017
316.156
319.03
369.617
331.29
269.687
283.527
220.97
176.507
222.965
277.546
262.502
229.437
251.541
273.336
262.64
273.486
295.29
344.353
364.631
341.88
318.725
330.087
338.811
346.44
338.753
279.018
274.386
326.637
331.455
320.667
341.122
364.697
346.32
297.929
293.686
305.67
282.486
279.252
295.421
333
368.528
366.703
306.279
293.255
334.057
347.584
281.611
246.366
287.977
341.588
363.108
318.522
314.961
325.15
311.333
323.206
298.24
283.688
316.156
352.671
317.712
309.933
361.598
373.134
363.174
341.355
339.847
299.401
263.922
234.549
259.134
351.556
276.855
223.964
255.395
325.203
365.497
260.112
246.609
343.525
372.162
290.613
266.099
326.477
336.304
338.352
316.406
279.369
296.56
345.542
318.827
289.939
316.206
337.895
344.293
314.367
302.663
341.53
327.923
294.031
297.974
327.065
349.773
328.084
294.204
307.787
346.44
346.981
310.078
273.038
291.971
349.284
376.152
348.493
326.904
311.139
303.306
335.233
337.838
309.262
321.182
351.062
333.556
310.945
337.325
359.26
360.815
342.583
318.167
302.526
255.428
244.618
290.782
350.57
366.502
288.725
232.883
259.269
324.992
315.856
223.439
217.652
280.034
257.4
263.47
303.582
296.252
298.641
314.465
319.642
277.354
259.37
285.673
325.468
372.648
380.807
323.992
279.877
240.24
251.667
295.727
311.769
355.114
360.166
341.355
310.8
318.674
339.098
335.57
264.971
244.439
306.654
336.927
334.504
317.712
329.979
348.979
335.514
307.361
254.647
255.722
295.683
258.9
270.746
350.939
356.761
344.768
317.914
313.972
306.279
304.739
308.594
303.905
332.226
312.207
268.168
251.256
265.287
315.557
254.162
241.633
326.958
359.777
365.497
317.561
315.706
317.712
309.837
325.203
275.406
282.287
351.124
366.569
317.108
303.214
315.06
322.477
327.493
321.182
336.134
305.67
296.692
300.255
314.317
357.079
317.007
282.725
303.721
349.467
360.75
333.167
251.036
247.985
336.078
369.617
313.824
247.954
222.593
208.681
225.53
286.369
346.081
345.423
287.977
300.752
369.14
379.939
357.974
304.229
256.739
252.27
273.486
290.994
324.149
358.166
349.711
316.156
292.869
303.813
349.467
293.04
258.198
313.922
310.994
284.941
286.821
320.873
366.435
356.443
308.785
255.656
257.998
294.898
261.165
258.465
303.352
308.309
299.043
302.801
321.906
297.796
280.899
290.698
310.222
333.778
326.318
295.377
309.885
357.27
370.989
289.855
234.824
267.773
340.02
360.425
324.202
322.165
325.521
316.656
333.556
293.686
287.356
342.642
368.596
315.507
299.401
338.066
341.472
342.759
311.381
299.536
301.477
300.481
303.26
294.942
307.078
328.515
344.531
318.878
322.477
348.189
267.237
221.951
266.134
286.287
263.713
270.929
311.139
333.611
321.492
317.209
288.809
310.029
359.777
345.185
300.616
319.132
371.264
360.815
329.761
307.977
306.419
292.954
305.998
307.125
305.951
352.671
355.303
326.264
304.507
298.686
324.623
367.512
286.164
272.294
335.121
344.709
334.225
292.526
312.451
350.693
350.57
321.13
272.74
286
328.353
308.119
288.934
316.256
345.662
362.253
336.87
320.873
333.222
305.25
307.882
313.381
315.706
330.688
322.737
303.674
306.701
347.766
345.244
245.158
238.124
329.164
345.244
300.165
268.601
294.118
341.53
364.033
315.06
256.279
281.334
353.294
342.29
307.503
325.892
370.165
379.363
355.872
308.214
291.036
276.243
253.357
267.344
319.234
362.319
355.114
324.781
309.071
262.158
270.307
272.257
241.838
285.347
338.409
342.114
327.6
346.981
360.62
364.764
330.579
269.07
277.971
340.657
342.056
296.56
316.056
337.781
322.997
311.187
302.389
308.833
301.568
321.543
316.106
321.027
371.54
344.175
296.077
307.361
348.797
364.1
335.852
238.692
245.278
352.113
373.343
279.759
236.518
257.599
271.297
236.211
238.635
294.204
302.252
272.109
288.642
357.207
334.392
271.665
265.781
277.624
289.981
305.717
309.406
325.098
318.471
295.902
297.53
312.207
319.234
298.686
265.041
292.526
344.353
348.736
298.507
286.574
300.21
285.063
293.126
293.556
315.457
346.021
329.815
291.375
299.088
352.361
360.36
346.5
306.091
303.444
304.553
298.24
298.641
310.752
360.946
364.564
347.645
304.507
307.74
355.556
366.3
300.21
244.828
237.84
266.987
289.436
254.065
254.194
304.692
261.952
244.858
320.976
365.03
333.333
305.157
329.761
347.403
346.921
315.956
296.209
288.976
290.192
292.954
302.618
339.963
338.811
345.602
331.016
324.465
350.57
341.18
250.721
233.372
297.841
341.997
260.281
235.655
263.158
265.64
271.297
286.574
335.965
359.777
347.283
281.73
268.456
320.616
348.25
307.787
286.205
276.167
287.977
315.259
320.307
352.734
366.166
352.485
317.561
316.957
347.887
353.544
320.205
291.46
284.051
292.74
331.84
318.776
297.354
276.855
276.091
262.95
264.096
329.979
354.673
334.504
295.946
316.106
351.556
317.864
280.544
286.369
297.089
299.088
312.989
311.964
341.764
364.897
356.252
329.815
318.979
337.382
352.983
314.12
263.296
289.185
355.682
373.622
340.541
317.511
334.896
347.705
362.713
354.547
291.63
279.642
325.627
353.482
322.841
319.183
355.999
356.697
340.832
259.269
243.873
316.106
363.769
318.117
308.737
342.759
332.779
340.252
319.081
321.854
353.982
291.248
252.27
284.414
285.633
288.226
303.076
303.352
336.361
356.316
296.428
255.918
294.464
308.071
267.917
272.74
326.958
345.483
328.677
303.721
300.661
302.115
308.88
288.268
281.057
320.667
325.15
345.244
328.084
308.69
331.785
321.388
272.628
286.369
356.189
372.37
361.402
316.156
299.94
319.795
340.832
362.319
308.119
284.01
334.56
358.359
302.572
288.85
338.696
374.042
373.552
317.209
281.373
279.838
293.169
286.246
299.177
342.759
293.513
261.575
287.439
335.965
357.654
308.166
271.407
304.229
355.429
290.867
255.428
305.018
352.175
318.269
257.268
245.73
285.388
302.297
271.592
280.702
324.149
334.504
324.939
270.197
252.016
280.466
287.026
262.536
259.302
292.697
333.222
304.507
294.334
345.542
360.101
316.807
289.939
311.964
337.781
341.88
316.556
309.454
317.864
331.345
354.925
287.646
259.235
315.209
355.429
319.183
306.796
332.668
339.328
340.252
293.298
257.865
288.976
353.357
326.052
305.483
316.006
293.126
293.04
320.564
351.927
367.242
316.006
246.7
267.523
348.189
337.098
271.739
281.69
336.814
343.112
275.179
260.281
319.285
351.124
356.125
245.972
239.952
341.939
364.564
298.374
275.558
285.103
296.956
308.404
304.321
339.674
338.009
333.056
313.972
309.789
351
322.321
279.369
288.85
335.458
301.978
275.103
288.976
313.725
340.948
346.681
333.778
299.088
320.616
370.508
358.616
310.463
315.06
366.166
374.181
351.556
321.699
313.972
303.998
302.618
307.503
310.414
347.524
364.166
362.122
322.893
293.255
325.098
354.799
295.247
266.702
311.721
357.526
362.188
290.276
269.906
303.306
324.939
327.172
277.624
282.765
266.383
226.168
257.798
328.677
360.166
364.964
315.209
278.901
288.268
291.375
260.654
272.257
297.53
288.309
282.805
295.465
338.983
337.496
301.069
274.801
264.061
254.291
213.881
222.272
291.036
287.15
231.589
255.918
353.669
354.296
312.549
308.356
354.359
369.344
330.633
286.615
267.666
296.824
357.91
334.057
312.793
347.766
359.518
348.129
302.252
300.255
334.728
296.033
276.74
309.071
352.175
365.965
365.23
331.236
324.044
327.279
266.064
229.253
250.063
258.632
250.595
256.443
259.067
282.406
277.701
270.563
277.778
305.623
345.125
293.169
296.077
351.803
341.297
315.259
307.078
332.613
354.108
298.418
252.016
288.309
360.036
373.692
377.074
326.797
