4.93988
60.3064
58.2581
57.9895
47.6054
35.9447
41.255
47.9559
49.4719
51.94
43.9686
36.2286
38.9605
52.8863
52.5445
55.8534
63.4256
64.2281
33.0104
31.8208
54.4159
56.4637
62.133
64.7815
66.8539
64.4019
64.5682
65.2422
64.4268
62.543
61.82
62.0636
57.43
51.1404
53.8938
61.8659
61.4912
61.7379
63.6497
64.4496
65.8805
65.1848
62.106
61.4326
57.6435
55.9863
60.3901
62.7116
65.1508
66.6023
65.6254
66.302
66.1179
63.2011
63.2531
67.3968
65.4922
63.1971
59.2997
59.8301
62.0097
61.2445
62.5176
62.2316
63.6983
64.7396
63.7531
63.2691
62.8753
62.5841
64.7584
63.4437
56.8133
58.4351
62.7471
63.5465
64.4517
64.748
63.2891
60.9663
65.0153
64.4081
63.9141
63.5102
62.3072
60.6208
57.9475
59.2803
61.1396
61.3346
63.8182
63.2771
64.0759
65.6469
63.9182
63.1154
64.2632
64.0225
58.1767
57.5374
61.3046
62.7963
64.7605
63.7613
61.8276
65.8111
61.9867
58.8322
61.2839
63.6092
62.4766
59.6303
58.6614
61.1004
62.5939
62.4824
61.7284
61.3836
64.041
64.0759
63.2031
63.4397
64.1931
61.9924
57.6984
57.7567
61.3234
62.0059
62.6743
63.6193
62.0655
63.9509
66.5004
65.3211
66.4805
65.7181
61.8467
57.5109
60.2627
63.955
63.7491
63.2991
62.5998
62.5841
61.6447
63.2031
62.8121
60.2736
62.6724
62.3092
60.5969
61.0277
62.0598
61.6466
60.9607
61.5328
63.1632
67.1231
65.1954
63.7491
61.7684
61.9886
62.6056
60.9923
57.8737
58.8183
63.9754
64.9308
63.8142
63.2511
59.0667
58.3107
63.7064
66.1244
63.1333
61.7455
61.4439
60.6667
62.1427
63.6355
65.0343
64.0902
61.7494
61.4893
61.9521
62.694
63.593
62.079
60.8865
57.2066
59.3718
65.6922
66.2866
64.3998
63.7694
64.2508
64.0574
62.7924
62.7274
63.91
64.7396
62.6527
58.4932
58.584
63.5465
66.8494
66.4916
64.8866
62.3519
62.6743
64.0082
64.406
61.4005
60.9199
62.2937
58.7907
58.2072
62.5841
61.5877
61.7608
64.5203
64.6037
63.3132
64.7082
65.368
64.3936
65.4493
61.4288
60.3883
63.3252
62.6684
60.1612
55.5556
57.5954
64.3439
64.3004
63.5062
64.2343
65.4258
62.2684
58.6717
58.4983
61.0501
62.6331
64.2674
63.0616
62.2181
62.0501
63.1213
64.0718
63.8978
65.49
64.4185
61.4477
61.931
61.7132
63.2631
65.5523
64.7396
63.4417
62.3422
65.1063
62.2026
61.7971
61.7703
60.8347
62.4629
63.5627
62.6331
63.0696
63.6132
60.6778
61.7284
65.6944
64.4683
64.8572
64.7061
62.5724
60.4741
59.4707
60.116
62.2956
63.9488
62.9267
64.8529
63.7511
62.0386
62.3772
64.7941
64.8214
65.7333
61.4685
57.3214
59.97
58.0838
58.5206
63.3673
62.6508
63.4176
64.4309
64.5161
64.5286
64.3625
63.8488
63.8182
59.2874
56.3491
59.7925
62.191
63.5364
64.7689
68.7474
65.7009
63.7511
64.8277
64.7773
62.1852
58.4983
59.9305
62.6606
63.0001
64.5619
64.8298
63.7532
62.1968
63.3352
63.7227
63.0537
64.1375
59.2979
58.5223
61.6333
62.4727
63.3312
63.6294
62.9426
63.8549
64.4392
64.0369
62.4941
64.4558
65.5308
61.6618
58.8547
60.1558
63.5587
64.5369
63.7349
65.1593
66.7847
65.066
65.8349
63.3513
61.7189
63.4921
62.9247
55.1025
54.1594
58.8668
61.2126
63.4618
63.6173
61.5139
60.7533
64.2426
65.8263
63.2071
61.546
60.1269
60.3755
63.4055
62.5743
62.5371
64.46
62.4239
62.6449
64.0738
62.8457
63.674
63.5263
61.677
59.9036
58.3601
60.6373
64.4143
61.639
63.3433
66.968
66.9411
64.7333
63.1752
61.9118
60.1902
61.7265
59.5238
57.9509
61.0035
61.9061
62.9505
63.7085
64.4828
64.704
64.3977
63.7613
63.5324
61.6105
57.8369
58.6528
63.4317
67.8196
65.8653
63.4075
63.9407
64.9857
63.4317
63.678
64.5161
65.8588
61.1976
51.3716
51.6863
59.6001
62.8022
61.9848
60.9905
62.6292
63.859
63.7024
65.3573
65.047
61.6922
61.0519
58.8651
60.1106
64.4912
62.3947
62.1639
64.224
65.1678
63.3332
63.7836
65.3702
66.3856
64.1952
58.7544
57.4614
60.9366
63.1732
63.0835
63.3212
64.7103
62.6037
61.1546
64.1931
64.8782
63.3633
64.156
58.4249
55.7351
61.0258
63.2251
64.1643
66.5247
66.5934
64.0164
63.3493
63.9693
65.8415
65.783
67.0286
61.011
58.0922
63.4961
64.1375
62.9782
65.4965
64.2715
63.2371
65.4922
64.8572
64.6956
57.9441
56.494
59.4248
60.9607
57.5987
57.2689
62.9763
63.6902
63.5142
64.9646
66.1004
64.5515
62.5645
64.0082
63.7186
59.7568
61.3346
61.6656
55.2929
58.1903
63.678
63.1433
64.5182
61.9848
59.9484
62.8121
64.1457
63.0935
64.7165
60.9496
60.1359
64.002
64.9562
62.8773
61.3892
60.5657
61.4704
64.6496
65.4729
63.0438
63.591
65.0745
62.5606
61.1845
63.6416
63.5385
63.7186
64.1807
63.3352
65.5265
66.3108
63.9018
61.7455
60.8383
58.0114
60.7995
64.8025
64.4371
63.4256
64.3832
63.6679
60.3774
61.3873
58.7147
57.7601
62.3169
65.3317
66.0349
60.9199
60.3628
63.002
63.7674
64.8319
64.2096
64.0328
65.8111
65.7397
61.4931
62.2956
62.6174
58.6872
58.5669
61.4609
61.4364
63.4558
66.0698
63.5667
61.5347
62.7333
63.2071
63.6476
64.5745
61.7436
60.3737
57.8152
56.3857
61.8525
64.4392
64.2323
64.487
63.5425
59.3983
60.4613
63.9857
63.6618
65.7225
59.7282
57.8854
62.7983
65.4686
65.3637
62.7845
61.1023
63.0497
62.7274
63.1393
64.9393
63.3794
62.8476
60.7533
59.3137
61.0165
61.207
61.1509
62.0521
59.3895
57.7417
60.7146
60.7312
60.6244
58.6149
54.9028
55.3006
58.6424
59.5344
56.8133
55.8067
56.9282
56.8327
58.1835
57.9525
58.4898
58.0754
53.0377
52.5832
55.6886
57.5888
56.2193
55.5926
53.6035
55.2669
52.0711
49.96
54.1947
50.2058
52.1594
56.9217
56.3904
58.3345
61.1621
62.8753
59.997
57.4003
60.687
63.2731
58.4129
54.9239
56.7795
56.8101
56.7311
59.3014
61.6371
63.4941
62.7687
62.0463
63.2391
64.6935
64.1807
61.8028
60.3992
57.5027
56.8263
61.677
60.4303
59.4371
62.4493
61.7151
62.1292
62.8022
62.8318
62.6979
57.6352
56.2667
60.1305
60.77
62.4259
64.3501
62.9129
61.8238
62.7766
64.5578
64.4891
65.6125
60.6006
57.8771
59.3454
61.8276
63.7491
65.46
67.8633
68.1013
65.2018
61.8525
64.8572
66.9322
62.6606
60.54
58.6252
58.3039
59.7746
62.6331
64.4039
64.0225
63.8998
62.7412
65.4965
63.7004
62.6115
63.8916
63.6943
59.7889
59.522
61.9521
61.931
63.4236
62.8615
63.4115
64.704
64.4808
66.1682
67.7163
64.5078
60.0853
57.4168
56.392
56.844
59.2997
61.8353
62.1639
63.674
64.1519
63.5263
65.0216
62.3441
63.1313
65.619
62.4181
57.6951
60.4065
65.2422
65.2571
63.6922
63.3332
63.9816
63.6537
61.134
60.0889
62.7333
63.2291
62.8101
59.1104
59.0075
64.3811
63.1353
59.5362
61.1042
63.2411
63.2551
62.7392
63.9529
62.5665
62.3986
59.9736
58.8928
61.252
60.6005
61.6352
63.8407
63.7755
64.0533
64.2591
65.2103
64.5932
63.0378
63.3734
62.4785
59.3525
60.0402
62.6881
61.9944
63.6841
64.1087
63.8508
63.6173
63.2051
61.6656
61.5063
62.284
55.7507
53.3035
59.6872
64.0533
64.3646
62.6194
62.1794
63.0915
64.5016
64.406
64.2735
63.9652
63.8305
64.0184
61.862
61.8142
62.6999
64.6538
65.1721
64
63.7735
64.4496
66.0502
65.4044
64.9372
66.986
66.8204
63.5789
58.1226
59.3225
62.4844
63.3874
63.0219
62.0867
61.8123
63.7674
67.6315
65.3339
64.6789
62.4473
61.8066
62.4941
62.5998
62.1427
63.5991
64.3998
63.0318
63.3794
63.1492
65.5652
66.1201
63.3272
64.4413
63.9693
56.9979
55.9848
59.0563
61.6599
63.1712
63.0756
65.0026
67.0174
62.3947
57.7201
58.5926
62.3403
62.2995
60.3519
60.2373
61.6067
62.6076
64.0615
62.3889
63.1612
67.6682
66.7646
64.9836
62.9882
63.806
63.5485
61.1359
61.2239
63.5263
64.7605
66.0131
63.482
63.4759
64.748
63.4578
62.694
62.8911
63.4337
62.9624
61.297
59.4106
60.8476
63.5425
62.2995
61.7017
64.6183
67.0264
64.9224
64.748
66.3724
62.079
63.1433
61.5195
58.4351
60.3774
63.1154
64.7941
65.634
61.565
59.4407
65.1975
65.7462
62.4493
64.3936
65.7073
63.5425
61.639
59.058
60.1956
64.9414
65.3125
58.6476
57.2197
62.1234
62.6449
62.4629
66.2186
65.2678
61.2482
57.9475
60.6575
64.6245
63.3633
63.2291
65.1806
66.0851
63.4115
61.3046
62.6213
63.1832
61.9157
61.5896
57.4944
56.2825
61.7398
65.2848
65.5351
63.8468
63.3573
66.7958
65.9022
64.4475
62.8496
62.8911
62.6468
60.0745
59.2119
63.0239
64.1581
62.459
63.8549
63.7592
63.9447
65.0682
64.0082
63.9202
65.9892
60.5528
57.2853
60.3027
63.4055
61.9944
62.588
64.3108
64.0615
64.4683
64.1252
63.1971
63.9386
66.5314
63.5708
59.78
62.1755
63.1094
55.0373
56.4255
63.3473
60.8051
60.8921
62.9921
64.1766
65.2422
65.5867
62.7707
59.5805
61.9253
63.8733
63.6274
63.5465
64.1952
63.6639
63.0597
64.1355
64.9287
66.1288
64.3418
59.5805
61.011
63.2891
63.5607
64.4268
62.2995
60.9607
62.3034
63.7755
61.4326
63.0815
65.1148
65.0766
62.054
61.6181
60.7792
61.7551
65.9892
66.0349
65.1997
64.041
62.9763
64.5203
65.8111
64.1704
63.8998
64
59.261
57.3214
62.4746
64.3025
64.6684
63.6517
62.2665
61.736
64.082
66.2691
66.2339
63.908
63.7836
58.6218
46.9748
50.9437
64.3108
64.0759
63.6578
62.8476
63.0975
64.1108
63.5789
61.8888
63.7064
64.8361
62.2297
61.1116
61.8582
62.5098
62.7353
62.3111
63.1692
65.4129
62.7116
62.8437
64.2199
65.5201
62.027
59.1961
61.3158
63.8244
64.7773
64.8929
62.7549
60.5932
63.0398
64.9815
63.2971
61.5271
61.0482
63.9386
62.5
59.5149
60.5144
61.7513
65.4429
66.6223
64.4122
62.1272
64.0615
64.082
63.0358
61.9732
60.2519
60.7367
62.3558
61.2351
61.6922
63.0776
62.1871
63.1034
62.9981
63.2731
64.9098
64.6412
48.1812
46.2931
49.8902
49.9962
57.8553
58.0063
58.9936
60.0925
59.3313
60.5162
58.4471
59.2329
61.7436
56.3412
49.1811
49.2041
51.4337
53.7909
57.7651
60.3938
57.2001
50.7279
54.2491
57.3855
55.2685
50.3183
50.6868
55.007
55.2608
59.7282
64.8445
61.7303
56.6203
56.773
56.7472
58.8599
56.7279
54.3996
56.2667
59.3137
58.2801
56.5691
57.2672
56.9168
60.1504
64.1499
65.3915
65.5093
65.9609
63.3312
60.0456
59.9323
62.2743
63.0636
64.0943
65.3573
65.0978
63.8366
57.6618
56.6283
60.4851
57.8168
59.9431
63.5102
63.4055
64.348
64.6956
63.7918
64.9224
63.9611
62.9287
63.3834
61.4685
61.0799
59.7711
58.2852
61.8582
64.8803
65.3659
65.3766
63.5163
64.7773
65.5695
65.3275
64.3025
65.255
62.1871
57.8704
59.2487
63.7877
66.9658
65.2997
63.4518
63.1333
62.5724
64.8824
64.8403
61.2407
61.3027
62.4044
59.4036
58.3737
60.2428
63.0457
66.0808
63.1632
61.2858
60.9607
62.0386
63.1433
65.49
62.2258
59.4124
62.7845
64.4808
63.1991
63.0915
63.4981
62.8812
61.5157
59.0598
56.794
58.6338
63.2271
62.1002
55.9331
57.3099
62.6253
61.4156
61.9982
63.0915
63.5304
64.4288
62.0983
62.8852
66.4695
65.2273
58.905
58.9518
64.727
63.7491
65.0851
65.9131
63.4578
63.6699
65.3061
63.5223
63.2091
64.6768
64.914
62.9346
61.3083
60.4595
62.0521
65.1933
64.6851
64.222
62.9723
63.014
61.9099
60.8495
64.0205
64.4268
59.4707
58.2055
60.0312
62.4337
63.7308
64.8614
65.1063
65.1636
64.0451
64.0041
64.377
64.6204
67.1817
64.0512
61.7398
60.2773
60.7312
62.3733
63.5849
60.3792
57.2869
60.746
64.6789
64.5036
62.7845
62.4005
62.9882
56.9249
53.9229
57.8821
62.8911
64.9224
64.4704
64.8677
62.9763
61.5441
63.2751
65.272
66.2317
59.593
56.1892
60.4686
63.0676
65.9218
66.1901
64.8508
63.3212
65.46
65.6103
64.6016
64.257
64.3501
60.8995
59.2435
59.5948
60.4851
61.3008
62.22
63.5971
57.4927
59.4831
65.6556
64.4538
65.2082
63.1174
61.8238
64.3687
62.4961
64.0246
64.5099
62.8792
63.2771
63.7491
63.2311
63.0557
61.9061
62.2781
64.9372
62.2316
60.4577
61.5839
62.4727
59.3859
56.7295
60.6116
64.4164
63.7897
62.897
63.3774
61.0874
59.6161
62.8022
61.3215
59.5061
62.751
63.3032
63.4115
63.9652
63.7004
64.6412
63.5021
63.7633
63.5728
64.4953
60.1413
58.7769
63.3232
65.047
64.7626
63.3573
62.9129
62.5939
64.224
65.0026
64.3045
63.4276
62.9584
60.9533
55.27
52.5458
53.5232
56.5803
58.5446
59.755
61.6713
61.9233
63.4618
66.2844
64.9245
62.5547
60.6741
58.9553
59.2382
61.237
63.7898
62.639
62.6468
62.541
63.9939
65.3808
65.563
63.8549
61.1527
58.8443
55.6344
58.0231
63.6395
63.5364
63.2471
65.634
66.8159
63.6862
61.0389
63.0517
63.0199
61.5953
58.512
57.8352
61.7284
64.7354
64.4974
65.2529
64.7228
63.5627
63.1672
63.49
64.5911
59.805
56.0601
59.6694
62.8022
62.9683
65.0639
66.2954
64.3025
63.4901
62.903
64.2116
65.6728
64.3583
62.9584
61.0482
59.9772
57.3707
58.8097
63.6963
66.3724
63.1632
62.5137
63.6213
65.2933
63.6943
61.2576
59.7854
57.6103
59.7657
63.2851
63.1034
63.3312
63.0855
63.1652
64.6057
63.5607
62.4746
62.1041
61.4062
51.9751
52.5169
63.8101
66.4275
67.3786
66.3328
64.5203
63.7979
61.0147
61.8047
65.7462
66.3702
57.8269
54.9496
60.2827
62.7983
62.2762
62.9307
63.7044
64.4143
65.3232
64.4413
63.4719
62.692
62.1678
62.3577
59.8892
