9.36973e-312
inf
3.24707
28.9847
24.9286
24.8087
27.168
26.0491
30.3674
35.256
31.4961
15.2256
14.849
26.7101
27.5137
25.8468
28.0627
33.9893
34.1734
30.6904
30.0345
31.3878
29.3785
30.8756
31.5592
30.589
31.6912
30.1568
29.7659
32.7343
33.5143
31.7289
32.3238
31.0641
29.0432
30.1718
31.1531
32.4139
32.1461
29.5889
28.7737
30.2645
32.3034
32.3588
30.9038
31.2232
31.4629
31.0742
29.4053
29.4364
30.2197
30.3633
31.1057
27.6805
27.0544
29.1091
29.4911
30.8433
30.4303
26.4971
26.0136
27.8439
29.8023
26.8464
23.5098
24.1555
26.4222
26.5516
25.5549
24.5758
23.9335
26.2457
28.2235
29.3053
30.5754
28.8855
28.0682
30.3076
29.7477
29.9936
29.265
27.7219
28.2255
28.6004
29.4546
30.3278
29.4785
30.017
29.5657
28.2937
30.2325
29.2877
29.8334
30.5857
27.7204
28.2821
29.9101
30.9511
31.409
29.6925
28.2618
28.5177
30.035
30.1973
30.0179
26.3877
26.5484
29.3057
30.0224
30.337
27.0226
25.8645
25.6121
25.3258
24.8241
24.9231
25.7486
25.4897
24.3977
23.9054
25.8231
26.1585
26.3536
29.3092
31.228
30.1173
28.8859
30.1028
28.9813
30.1418
32.1249
29.4816
28.4933
29.1605
27.9084
27.1846
30.0702
29.9115
28.7261
29.369
26.5424
27.7705
31.4688
30.6621
31.0926
31.2725
30.5288
29.7318
29.5539
29.7327
29.9074
31.0752
30.626
28.3974
28.3234
28.9168
30.9732
32.0734
29.5377
28.6936
29.1903
29.954
29.8614
30.1023
28.7055
28.0383
28.6521
28.8959
28.5927
28.3716
29.2577
28.5417
27.9775
29.5696
28.2993
25.7046
26.1435
24.2866
23.8803
26.0264
26.547
26.5915
24.8253
25.6822
30.4377
31.5119
29.7119
29.5177
28.4957
28.1913
28.6336
28.8505
28.3386
28.1897
27.0508
27.2183
31.1546
31.1153
29.5644
30.7953
28.4803
28.5103
31.1347
30.101
30.4141
30.9516
30.9133
28.471
27.8149
30.0897
30.5302
31.0713
30.2961
28.6184
29.3768
29.1575
29.9119
31.0694
29.9173
26.8832
27.5296
29.9536
29.5133
30.211
29.6538
27.8532
27.0647
25.7493
24.484
24.2178
24.1485
23.6379
24.2898
25.8662
25.7301
24.4215
25.5526
28.9402
29.5159
29.3841
28.5951
27.7296
28.5372
30.6927
31.292
31.0106
29.9218
27.1835
28.9973
29.313
28.424
29.0563
27.2327
28.9721
29.9931
30.1568
31.6171
28.7741
27.0801
27.5714
29.304
30.1432
28.8122
28.9235
27.8718
28.1643
28.794
28.8039
28.9771
28.6434
28.2486
28.2725
29.8646
30.1655
29.9065
29.1286
28.5792
29.5486
29.3997
29.7858
29.2787
28.9775
29.5552
27.439
27.9865
29.2629
28.8925
27.5474
24.3377
24.6752
25.4505
25.2602
24.924
25.9801
25.8071
25.3988
28.4059
29.5946
29.8236
30.4294
27.5991
26.9807
29.9873
28.6324
27.8327
27.9744
27.3291
28.1674
29.3023
29.6384
29.8619
29.0036
28.9155
28.4127
28.9323
30.4192
29.828
30.9071
28.898
27.3429
28.898
28.2897
28.98
30.1755
28.9084
28.6164
28.6119
28.5878
28.7224
28.6701
27.7039
28.3869
28.2877
28.7356
29.6903
28.146
27.0139
27.3056
29.2693
28.7171
27.4416
26.2543
25.3482
25.4291
25.8809
27.2465
26.4557
24.3665
24.5718
26.729
26.9248
26.0447
25.2854
26.6312
29.1397
29.0318
30.7045
30.5427
28.0572
27.0794
28.1885
27.4744
28.1254
28.6965
27.5296
27.8315
28.084
28.8018
30.8852
28.7555
27.1197
28.6328
28.8884
30.3845
29.4638
29.3148
29.6419
28.2933
29.1515
28.7662
29.6305
30.3476
27.6094
26.3744
27.8583
29.853
29.0128
30.4391
28.6225
26.7083
27.4006
28.4345
29.1095
28.58
29.8739
29.898
29.6987
30.6758
29.7925
27.0318
24.5477
25.2468
26.782
26.2323
25.4583
23.6527
23.9034
25.7149
26.3859
25.8231
24.7075
26.2509
29.3268
29.994
29.8427
27.5448
26.9049
27.3134
28.1694
29.0061
28.3234
28.8671
26.2753
25.9791
28.5865
28.8317
30.8837
30.6626
26.9223
27.0574
28.3664
28.4552
29.5906
31.2432
30.1228
28.0781
28.1025
29.115
31.0467
30.4637
28.2885
28.1369
28.936
29.6736
30.8952
30.0815
28.3523
27.3609
26.0251
27.3834
29.1711
28.1543
24.789
24.0197
25.0557
24.6208
25.6187
24.3879
23.3247
25.2124
25.9111
26.5922
28.8081
27.4623
26.5509
29.7867
30.8433
28.5075
28.6747
27.8517
27.8118
28.1227
27.5915
27.7546
27.462
26.8147
27.8559
29.3988
28.1559
28.8272
28.4649
27.1592
29.3962
30.2056
29.9048
30.2819
27.7782
27.6434
29.8887
30.3035
30.1682
29.746
28.7348
27.6985
28.8517
30.7461
30.287
30.5031
29.8392
28.1219
28.4143
30.4739
28.7327
28.4953
28.3688
24.8651
25.2255
25.5591
25.312
26.3724
25.5699
23.8268
25.5415
26.4606
24.801
24.0752
24.3422
25.1111
26.8413
29.3876
29.2993
29.8223
28.5262
28.962
30.1327
29.0166
28.0501
28.0336
28.045
27.9501
29.613
27.9509
27.9127
28.0422
25.7722
28.4099
30.2682
28.8284
30.1114
28.5939
27.161
28.6648
29.5897
29.3006
28.5592
28.7757
27.4386
28.7323
29.5107
28.15
29.8494
29.6195
28.2534
27.3467
28.941
28.6455
27.8365
27.7731
27.2301
27.7485
28.0903
29.5129
28.374
24.8506
24.3457
25.7102
26.0386
25.7427
24.7216
23.8314
23.4874
23.5095
24.6154
27.105
28.5935
28.0018
29.1146
29.976
29.1426
30.115
27.8804
26.2457
27.9795
29.7796
28.2131
27.502
26.9582
26.4148
28.5095
28.5894
28.7237
30.026
27.5718
27.2176
29.4594
30.8337
31.295
28.926
27.265
27.5816
29.7566
30.2645
29.5819
30.2224
28.0088
28.4487
29.4911
29.082
29.9922
28.7546
27.8249
27.4672
28.3535
28.0654
29.0778
27.3804
26.0848
27.7331
27.6369
29.6143
29.8378
26.4592
25.0401
26.2006
25.3379
23.7679
23.2718
23.9943
24.8426
24.6993
25.9953
26.94
28.1924
29.5552
29.4677
29.3556
28.5645
27.2881
27.3437
28.2913
27.5509
28.8446
28.5678
27.2818
27.1521
27.0559
30.0603
30.7905
28.4612
27.3609
27.4771
29.0255
29.6178
30.1119
30.165
27.7239
28.2326
28.5702
29.2972
30.6927
29.5116
28.1817
26.9161
28.3467
29.7646
30.222
30.2503
26.9262
25.5509
28.372
30.8
28.9578
28.538
26.8536
25.9413
26.5368
24.8207
24.5333
23.1949
22.1528
23.8407
25.6456
26.5608
24.9224
24.0923
27.2829
29.0909
29.3032
29.2937
28.7894
28.5645
28.456
29.1316
28.2091
28.3708
27.9806
28.6291
29.1626
29.4711
30.3827
27.7886
26.3082
28.5132
30.6176
30.5773
29.7889
27.2283
26.8438
27.1161
28.1611
28.7625
29.7717
29.8165
26.6948
27.3086
28.6398
28.5527
28.4135
28.2135
28.5274
28.2526
27.4401
28.3616
29.9625
27.1776
26.4718
28.9264
29.4178
28.7134
28.2036
28.5278
27.7289
26.7816
25.3614
23.9226
24.3143
23.7209
23.1618
24.6205
25.4117
25.8391
24.7298
24.7715
29.1843
31.9642
31.5244
30.155
26.9201
25.5337
27.0555
27.3153
28.5763
28.6238
25.7069
27.1747
29.5369
28.7381
29.3019
27.9419
27.8812
28.9931
28.3668
29.2432
29.0905
28.2111
27.3504
28.3258
29.2466
28.918
30.1264
29.5972
28.9013
29.4161
29.5443
29.55
29.0901
29.4968
27.7077
27.0048
28.3382
29.1214
28.1924
26.7788
27.1772
25.5732
25.7033
25.2988
24.7589
24.4828
24.9051
26.0641
25.3184
24.671
22.4102
24.0151
29.1201
28.9511
28.9093
30.1741
27.1069
27.1728
30.2119
29.9891
28.1306
28.3825
27.5323
26.0247
27.9384
27.9244
28.8284
28.6217
26.5432
29.0196
30.1019
28.3166
28.5042
28.7101
28.0666
28.0781
29.5652
29.5321
28.3499
28.6316
26.8276
26.3234
28.1136
29.6042
32.1435
33.1252
34.4264
33.4348
31.1653
32.077
33.7359
35.3826
32.9381
31.1594
31.5796
30.16
31.2916
30.4025
29.6165
31.6977
28.9343
27.9279
29.3984
29.4937
31.4139
31.4204
24.7939
23.3223
27.5202
31.0203
33.865
33.4823
30.6082
29.4564
32.1657
34.0611
32.3076
33.0721
32.0626
30.0125
32.2409
35.5133
35.8687
32.4544
32.1249
31.5174
28.2382
29.9576
32.8742
29.9958
31.4495
30.8814
28.3455
31.6907
31.4817
30.5073
33.4152
33.5323
30.4994
30.9943
33.6293
33.8347
32.8073
34.5495
34.1728
31.5966
33.0589
34.7959
33.0366
32.2051
33.9547
32.6632
30.3315
32.8985
35.1339
32.4365
32.8003
34.3932
29.8623
28.828
32.6877
32.5394
33.5745
34.7403
29.8672
25.9933
26.8129
30.4609
28.8097
27.7882
27.1418
25.3743
27.527
27.7423
30.1046
34.5704
31.3376
31.0453
33.9634
34.4566
33.8627
33.1928
33.2718
30.574
30.9205
33.5345
32.076
33.516
32.5919
31.0882
33.1708
34.2073
32.3756
34.0304
35.917
32.6195
33.5723
32.8127
30.6058
34.125
36.1083
33.9559
33.5295
32.577
30.2778
30.8571
32.8818
35.6843
35.1216
32.8106
33.0409
33.5323
32.759
31.6957
33.2889
35.2995
35.2765
32.4123
31.9229
32.0574
32.8095
33.9501
32.5367
33.4795
31.344
28.9935
29.8556
29.6274
27.5251
26.312
25.6233
26.6432
30.1259
30.1069
28.152
26.9357
26.9215
28.2064
31.0087
34.8062
35.3838
34.2507
32.8753
32.5616
32.6381
32.3897
34.2167
32.8202
32.3499
31.295
28.6545
32.0616
35.0908
34.7313
33.6242
32.5039
31.9234
30.8976
32.6894
32.6435
31.1473
33.2447
35.7162
33.4616
31.1493
32.8256
34.2501
32.6552
34.5471
35.412
31.5075
32.1404
33.8364
35.0717
34.8226
33.2635
34.1052
32.2508
32.0899
34.3424
34.7887
34.8584
34.3041
33.498
31.8324
29.1617
29.1873
31.7234
31.2842
28.4637
25.9081
26.8406
28.5408
30.9023
33.1115
30.9186
26.3797
23.7869
27.499
35.279
37.9694
35.0269
34.6675
31.7329
28.9788
30.7669
32.5913
34.7627
34.6572
32.6845
33.195
31.6201
31.4371
32.5161
33.413
34.6464
30.1964
30.067
33.5374
32.8618
31.8659
33.7388
34.323
31.028
30.3026
31.6326
34.4459
34.2155
32.3698
34.4929
32.9413
31.8613
35.1896
35.0926
32.795
32.8213
34.8864
31.929
29.1477
32.4196
35.8693
33.9345
32.6248
33.7081
31.3632
31.2916
31.1556
31.8532
33.8409
32.5267
31.7506
31.6576
32.8046
32.3557
32.0652
33.0333
32.9587
29.738
27.0544
28.3612
29.2402
29.7358
29.9684
26.9545
27.0647
28.6891
28.85
29.9504
30.7986
27.5012
28.3974
33.561
34.943
34.2654
30.4822
30.3605
31.9586
31.8274
33.3061
33.145
33.4683
35.3469
28.3652
27.3928
32.7611
31.979
30.7669
31.8928
31.9147
31.4678
32.4375
32.1543
33.8553
34.5632
33.33
32.767
30.4317
30.9052
31.4767
31.5776
34.3424
33.7809
30.6462
31.2105
34.5823
33.4846
32.3295
33.3056
34.4175
30.1828
29.5836
32.188
32.4044
33.9282
33.1884
29.4733
27.1131
27.6232
28.2151
27.5748
27.3909
26.7394
26.2058
28.3074
28.4758
29.1894
29.5819
28.1421
30.3444
31.741
32.7514
34.5214
34.1303
33.9322
32.2331
31.6782
32.4286
32.2529
33.8593
33.2016
31.4169
33.853
32.7241
32.2893
35.8359
35.736
34.531
32.9962
31.5487
30.756
31.8537
34.7917
35.456
34.8669
31.7748
31.3652
34.2571
32.6813
33.3856
34.8111
32.2622
30.9406
30.8709
33.6729
35.4956
32.845
34.6206
34.7596
30.9
31.2715
32.4834
33.8931
33.2143
32.7279
33.1142
27.7512
29.3876
35.6983
32.4307
31.6116
32.476
29.9065
30.1964
32.427
30.7078
29.1971
29.652
29.0795
27.4119
27.404
28.4099
29.4564
29.3863
25.6066
26.095
32.5478
33.0371
32.8812
34.8955
32.0446
30.4609
31.2373
32.7858
32.3997
33.0071
35.6125
31.21
30.4479
31.6907
31.0651
34.7174
34.9205
31.1832
32.2046
33.0633
31.8918
34.7023
35.1753
32.6835
30.0291
29.2227
32.7477
34.1839
32.6813
34.0925
33.9951
30.4317
30.4808
32.5039
33.9052
33.7046
32.6126
33.1494
31.448
31.1415
30.7168
31.6151
35.6297
32.7182
29.9963
29.4672
28.8322
29.7301
28.8184
27.6323
27.2874
27.1979
30.0044
31.1366
29.7415
27.7469
26.2003
29.4455
32.5135
32.3562
33.9905
33.0006
32.2523
30.7664
30.0946
33.5199
34.013
33.4672
31.9351
30.0829
32.3939
32.5351
32.244
33.0846
31.8618
32.039
32.1203
31.841
33.2718
34.3737
32.2924
32.3076
32.7724
30.9828
33.1868
34.4376
32.2711
31.8842
31.8334
34.7729
33.3929
30.2659
32.8472
33.7644
31.3219
31.978
34.3601
31.9188
32.0713
33.5694
33.6995
32.3363
32.3892
32.9968
29.8507
31.3357
30.7711
30.3891
34.4637
33.6729
29.1032
28.3632
28.6467
28.3595
30.2142
30.4804
29.6776
30.9339
32.7011
30.6115
30.6476
34.2718
31.7304
29.4191
30.965
29.9406
31.7718
32.5161
30.6101
30.9919
29.2428
28.0694
29.7787
32.4675
30.4169
31.8573
34.0686
30.8318
32.1554
33.0792
32.0261
32.4807
31.2022
29.6397
31.6026
34.035
33.5621
35.4566
35.3288
32.8628
30.6993
29.9945
32.7134
35.0582
34.191
33.8587
32.7772
29.6287
31.2989
33.8604
32.5834
32.8041
32.969
31.4569
31.0501
31.6977
32.5516
32.4128
32.7573
31.4401
29.7018
32.7794
34.4935
32.7982
34.7457
33.3444
29.9684
27.6541
27.614
30.6932
29.9909
28.7134
27.1455
25.1927
26.9833
27.3961
28.7786
32.1906
28.2877
27.5528
31.3273
34.2436
33.1686
32.1714
32.3185
29.5116
30.5288
31.3004
31.8456
35.1488
33.3851
33.428
29.6468
27.7001
32.6179
34.5525
31.9203
32.898
33.012
30.0075
30.7399
32.1456
33.7098
35.0607
33.024
33.2364
32.0349
30.4999
33.7058
35.4428
34.0072
33.0082
32.8202
32.7397
32.2321
32.7273
34.825
34.1524
33.0622
32.4855
30.2247
31.5597
32.2025
31.7869
33.3639
33.0726
30.5036
29.8231
30.2412
29.6921
30.9291
30.017
27.5729
27.5619
28.6779
28.1345
27.5805
28.3563
25.288
25.6033
28.7948
28.715
31.2872
33.1923
32.2004
31.1755
33.3328
32.6712
31.6676
33.4476
30.4725
29.6187
30.3698
31.4016
34.962
35.5221
33.8673
33.6536
31.4011
29.9994
31.7829
34.0049
34.0044
34.042
34.4376
32.7906
33.2563
32.0605
33.1945
34.2765
31.9005
29.2963
29.375
33.6349
34.2067
33.5492
34.198
33.5177
31.8137
31.0371
34.1279
35.466
32.559
33.9489
35.068
29.9173
28.399
31.5507
28.9013
28.4386
31.8431
27.1514
25.6394
27.9361
29.244
28.8359
26.8327
27.5285
29.2316
32.4317
34.3106
33.2912
33.4325
32.9979
33.2055
32.5685
32.3546
34.9077
34.2167
32.3478
32.5172
31.3573
31.4752
31.2539
31.1784
32.5627
32.0359
32.3034
30.3453
29.8018
34.3289
34.9889
31.3967
32.295
33.0622
29.8267
31.931
33.5104
31.7743
33.071
33.6293
33.6264
30.5628
29.9873
34.0779
34.1478
32.788
33.6095
31.1468
31.3524
33.1444
31.5537
33.8535
32.5717
31.8228
29.5434
29.4512
35.444
32.5866
31.1454
34.002
33.6219
30.6748
31.5204
29.1367
28.0903
31.1876
28.5914
27.6361
28.1742
28.7167
30.6026
30.5469
28.9507
26.885
27.9525
29.3992
31.8132
34.9394
32.981
28.6332
28.1591
31.174
31.2539
31.8898
34.0153
31.447
29.4455
29.5762
30.5362
34.2284
34.6153
32.9625
32.1115
32.5961
32.1012
33.2917
34.263
32.577
32.7831
30.9583
31.7783
34.2542
31.4733
32.7799
35.279
32.2477
30.6016
31.2965
33.2513
33.9449
34.1693
35.7245
33.4119
31.4026
32.7075
33.749
34.1402
33.0284
32.9625
30.3076
28.3781
31.7576
34.5548
33.6508
32.2904
31.8208
29.0753
29.0989
30.6861
29.1074
28.5869
27.407
27.1021
29.3776
29.4209
27.1872
27.248
28.3106
28.0919
31.6041
34.5734
32.2997
33.8112
34.0356
29.4733
28.7026
31.5761
32.145
32.061
33.6123
33.3133
30.9693
32.0467
31.795
30.0842
32.8996
35.3601
32.204
31.901
33.6061
32.001
32.3316
33.6016
33.9893
31.5557
29.2774
31.7511
33.6746
32.0236
32.7976
32.9001
31.4381
33.0284
32.533
32.8429
34.2871
32.8386
33.9029
31.7355
31.1332
30.8266
30.6419
33.0398
32.3081
31.2358
31.7596
32.5024
30.5204
29.183
28.1025
27.3023
26.5632
28.6923
30.7901
28.6961
29.2381
29.5548
29.292
30.6012
31.4688
30.1078
29.4785
32.4286
30.9588
26.7355
28.173
32.0415
33.6168
32.1301
31.7173
29.7283
29.6912
33.7581
32.759
30.656
32.8915
31.9949
28.8172
28.0426
26.9074
30.9353
35.0392
31.6947
30.7716
32.6643
34.3891
33.5109
31.9816
33.2535
31.5308
30.4785
34.712
35.2274
32.6312
33.1296
32.9484
31.841
32.244
31.0752
31.6716
32.858
33.3695
31.9535
30.1137
32.4449
32.4876
30.6072
27.8404
24.2777
25.9642
29.283
29.4027
28.898
28.2725
25.8124
27.9345
34.862
33.4074
32.7627
35.1148
35.0502
30.6504
30.5979
33.442
34.2853
34.7645
34.1274
35.2479
31.6746
28.0619
29.8601
31.4228
33.3495
33.0431
30.2586
30.1373
30.6105
32.3368
31.7834
31.9714
34.8014
32.9164
31.41
32.8537
33.3444
33.8599
36.3293
33.6417
29.8579
30.4187
31.4802
33.8312
36.865
34.5722
33.8495
31.1784
29.5972
33.3306
35.8076
34.0171
33.0775
34.0148
30.9377
29.0187
31.6066
34.0061
32.5415
32.8202
31.6186
30.7352
32.5781
32.2243
31.9438
34.013
30.9277
27.1036
27.0449
27.4224
28.4669
27.7712
28.2989
26.3089
26.4838
31.1047
29.0841
27.086
27.1073
30.4832
34.825
34.0455
34.8657
34.0565
31.7506
30.5516
29.738
32.7853
31.8461
31.5164
33.7998
32.1523
31.0068
28.8006
29.5229
33.516
33.9876
32.3086
33.0431
29.3716
29.1869
34.0646
32.7611
33.47
34.5226
32.6776
32.7091
32.2253
31.3293
31.1323
31.6606
34.0472
33.4975
30.8171
31.8324
34.0391
31.6481
29.5749
31.7395
32.3337
29.9846
31.3092
33.1461
32.6675
31.0111
29.1639
27.6725
27.5471
25.9434
26.1599
27.242
27.0918
28.6287
26.8471
27.3444
27.4948
29.9774
32.4897
29.1397
30.2462
32.918
35.4352
34.0942
31.9642
31.4441
32.6483
33.3539
30.3651
30.9583
34.1711
31.3622
29.8285
31.2965
31.3568
33.1494
30.8328
30.175
32.9891
30.9857
29.8989
31.6246
33.4443
33.644
33.054
30.4618
31.447
32.4081
30.7276
33.1362
34.7989
33.3739
30.6542
30.9717
34.7494
35.0097
32.7525
33.1824
33.5278
30.2051
28.7138
32.1058
34.8712
33.2452
32.8769
31.6436
28.7241
29.0829
29.5823
30.0851
30.5605
26.1305
25.971
30.3568
29.8343
29.7956
30.4609
29.0196
26.4725
27.5156
30.1014
29.7106
32.9745
32.9924
29.8619
30.6918
32.7649
34.3071
34.5865
34.2554
31.9734
28.7158
27.9552
29.0761
