4.80594
170.532
159.681
163.787
165.481
163.867
149.454
139.831
168.663
190.259
197.239
186.411
180.05
96.0476
82.96
116.266
122.986
140.607
132.529
136.388
161.147
131.57
126.944
95.1475
96.043
120.221
95.7029
97.7995
119.581
158.617
156.213
90.151
87.0474
119.147
108.272
127.421
139.121
133.609
169.291
164.663
157.903
163.626
180.701
191.095
158.73
166.348
152.253
113.636
138.389
50.2084
49.0268
191.479
217.794
217.439
219.178
228.18
216.779
204.855
214.11
214.869
219.925
238.692
219.106
214.8
214.202
175.731
177.352
206.249
177.164
172.028
172.741
161.46
178.939
191.168
206.016
225.276
213.789
191.534
174.764
188.555
222.519
220.994
219.539
231.107
204.666
201.877
231.616
236.155
229.2
229.384
239.177
216.544
212.292
236.658
227.998
219.515
233.236
237.614
228.964
217.368
205.571
212.675
229.358
232.234
217.533
220.677
218.364
201.329
209.314
223.464
197.044
196.329
223.914
186.916
171.101
180.75
194.875
219.491
204.792
189.897
199.124
195.58
206.42
231.83
216.006
215.123
221.926
199.005
204.876
236.295
216.357
201.857
226.193
211.126
198.039
219.901
201.349
170.955
183.807
204.04
210.904
227.324
210.438
208.572
228.807
209.732
210.283
215.448
191.755
199.9
217.415
197.746
193.461
168.194
167.645
162.061
152.057
193.892
198.748
196.696
197.258
185.701
204.499
236.211
222.668
214.431
232.883
200.381
198.708
232.883
215.889
201.268
218.412
220.07
207.512
218.579
229.226
203.832
200.26
220.192
219.974
200.16
187.283
208.551
233.727
208.138
203.707
231.107
211.864
209.183
236.267
244.618
233.236
232.992
244.738
183.84
178.015
239.378
200.28
190.567
236.211
198.393
170.619
185.014
202.593
228.258
253.357
233.155
218.031
213.379
194.97
205.973
231.642
212.292
209.446
231.965
210.172
207.706
231
219.419
212.472
224.417
216.802
201.796
204.583
208.703
218.89
239.55
230.388
219.443
224.719
201.045
203.169
233.618
241.604
228.885
220.702
229.463
188.947
174.902
174.186
163.439
186.602
194.363
174.902
174.596
188.342
195.829
163.854
130.378
144.03
192.326
164.704
148.335
176.056
167.098
164.406
180.995
191.205
200.24
192.049
196.348
207.426
202.347
212.947
240.327
211.999
200.763
206.207
200.16
215.494
235.018
231.938
224.719
223.939
197.922
194.666
221.631
227.402
200.361
201.227
219.394
213.858
212.766
180.783
173.536
201.248
198.57
206.804
223.289
207.555
214.064
237.812
209.534
196.58
218.699
202
207.104
240.211
233.918
227.635
237.699
241.08
230.123
205.444
198.629
207.771
218.198
237.135
219.034
214.869
201.572
191.847
211.707
212.337
209.688
222.173
232.423
184.911
176.694
205.867
200.864
189.286
174.902
160.733
153.151
158.253
168.336
174.444
175.377
166.348
163.106
164.339
187.056
221.361
198.511
179.565
190.114
202.552
204.228
208.333
209.622
197.006
188.288
182.133
188.519
199.621
206.889
206.484
196.117
188.982
190.168
190.894
204.207
208.965
170.619
166.542
195.714
206.825
190.042
173.506
168.464
184.247
167.364
162.893
171.703
182.332
210.704
165.796
167.602
203.978
201.735
207.297
175.577
157.542
176.538
176.6
186.986
210.371
177.92
174.353
179.485
173.913
165.235
175.577
197.961
192.382
210.526
230.097
220.921
217.604
232.91
199.82
196.773
233.918
229.753
224.694
234.329
244.888
186.393
174.657
191.314
180.717
204.625
202.45
202.041
211.037
199.422
205.318
197.785
197.785
221.828
224.266
196.309
201.837
235.018
211.26
203.625
224.593
216.661
193.949
188.573
202.409
222.717
239.149
223.314
224.442
221.41
187.811
183.824
198.827
205.36
219.998
222.717
204.876
217.391
241.342
212.834
199.8
223.889
213.63
190.349
202.593
167.406
148.181
166.32
181.703
169.062
168.336
208.812
202.655
195.599
212.54
199.84
203.273
230.044
218.794
210.438
222.445
228.284
210.327
202.984
213.197
216.403
226.937
240.906
232.099
229.279
215.61
197.687
204.75
227.79
226.86
223.964
238.72
204.981
204.708
238.039
217.746
201.147
218.986
228.754
203.087
201.005
209.336
215.657
209.008
192.66
212.834
195.255
170.532
188.804
216.873
213.424
217.746
232.504
195.065
199.621
241.604
161.551
154.967
212.134
202.86
209.754
216.006
217.628
233.427
231.75
211.528
204.729
210.859
206.441
217.746
245.761
236.239
229.859
224.669
190.894
193.611
224.77
202.184
192.827
218.842
223.464
204.625
212.179
218.198
205.107
199.94
194.951
197.765
162.338
161.173
209.008
205.212
210.926
233.263
208.965
211.461
244.29
229.305
213.174
226.193
242.542
223.714
191.553
186.567
197.726
216.567
226.168
216.169
206.526
198.551
206.143
223.015
224.618
216.779
223.889
210.77
199.7
222.074
241.255
215.983
200.985
218.126
214.179
195.656
210.239
217.699
217.25
196.618
184.997
212.517
202.778
177.588
192.012
206.42
205.191
232.558
210.062
203.046
236.827
245.278
219.829
208.225
217.132
195.179
195.599
214.041
208.681
217.841
230.707
220.022
215.959
216.567
197.804
196.425
222.643
221.852
220.751
232.369
202.943
206.911
244.678
221.068
208.899
220.799
212.562
195.427
203.583
210.04
214.707
243.932
206.825
192.883
214.064
211.104
211.037
193.761
166.099
172.771
177.952
187.688
228.781
241.955
227.998
226.989
226.655
196.831
188.43
186.202
193.93
221.239
212.562
208.572
224.492
219.202
209.666
222.37
230.044
215.657
218.986
195.465
185.391
220.143
243.427
223.989
219.322
228.232
193.311
189.573
227.739
220.507
192.53
175.269
172.861
176.274
173.883
162.628
165.207
203.397
233.481
201.633
198.314
229.043
213.652
205.91
223.489
223.614
197.453
195.179
208.203
214.477
229.043
231.589
222.494
208.507
201.126
205.613
223.964
249.252
230.123
220.337
236.518
208.398
207.792
234.632
207.943
205.255
225.276
216.802
190.84
196.889
200.723
201.045
222.767
211.82
208.117
198.098
184.74
179.533
178.923
201.227
228.284
190.078
165.604
191.333
206.825
211.349
235.073
228.885
203.48
208.877
215.633
213.881
223.489
210.726
210.327
211.887
195.963
202.819
227.739
231
221.288
218.89
188.679
184.298
210.904
213.607
219.13
231.75
225.53
210.682
203.48
205.107
214.454
221.582
229.911
230.176
211.685
208.899
197.044
183.1
183.217
195.465
207.641
177.636
190.15
245.912
213.516
201.715
235.156
218.866
185.271
197.083
200.642
206.292
244.26
222.494
217.202
218.341
202.02
208.268
228.128
226.501
213.333
209.732
188.413
196.002
233.59
230.734
224.618
234.439
240.385
217.108
208.247
228.337
227.247
230.388
242.424
221.214
218.699
216.967
203.417
205.044
209.6
192.827
198.118
217.155
172.771
174.14
218.364
206.975
203.355
222.792
205.212
206.016
236.435
218.627
210.239
214.454
201.898
201.857
218.364
212.179
210.084
237.53
229.253
219.01
211.439
198.965
214.202
239.894
227.816
219.37
222.445
210.305
202.799
218.508
224.643
219.635
241.663
240.442
222.099
209.798
192.808
188.484
201.776
207.383
210.305
197.941
186.133
191.92
200.04
195.771
197.006
219.563
221.19
205.74
211.528
204.75
199.581
225.657
223.164
210.859
202.245
188.164
201.005
232.207
215.866
206.911
210.283
199.203
217.652
243.279
213.858
206.42
238.949
234.274
197.18
200.501
182.033
162.853
186.393
206.847
212.857
221.288
201.39
189.573
218.794
218.508
214.684
212.404
200.361
190.658
192.771
212.495
227.454
204.082
187.389
203.397
206.228
200.381
213.493
205.74
189.735
200.844
204.248
210.682
235.96
234.302
221.019
220.824
207.663
211.663
235.877
248.385
224.19
219.082
243.784
210.172
191.81
214.179
217.061
221.068
239.034
225.225
218.962
209.271
191.957
207.684
230.707
215.889
211.707
207.62
188.395
203.108
208.138
192.4
212.993
206.079
171.866
178.571
188.058
193.05
226.014
230.76
209.688
203.293
217.368
214.018
216.099
236.883
203.542
185.891
182.399
192.049
225.836
232.045
215.123
218.126
236.827
205.529
198.787
232.45
226.706
222.395
221.214
204.918
203.811
213.652
206.954
212.382
233.481
224.039
225.2
221.092
204.082
215.169
237.107
198.768
194.894
236.435
195.313
180.457
216.146
189.107
187.248
222.841
197.609
179.099
190.277
203.562
222.42
246.033
221.214
207.835
192.604
168.095
188.129
216.521
209.886
224.19
234.357
224.19
225.555
234.302
212.472
214.064
240.01
225.81
200.864
198.768
203.77
215.633
239.837
222.792
221.828
236.044
174.917
173.898
232.477
195.236
195.656
239.664
205.191
173.551
175.546
199.88
231.241
219.034
206.612
203.645
201.918
210.926
227.557
239.32
221.484
215.657
212.45
200.1
207.297
228.467
219.949
222.321
245.61
208.986
192.641
219.467
210.748
208.551
228.102
221.68
218.46
216.286
206.313
214.754
240.79
237.389
223.589
220.97
199.581
195.008
215.308
213.424
186.133
189.591
195.465
193.199
185.684
159.642
180.832
210.926
214.454
228.311
223.464
206.334
209.118
233.073
226.116
217.439
204.645
198.59
215.355
231.107
216.661
219.635
241.371
199.641
195.274
235.128
176.414
152.172
181.012
201.939
213.652
190.168
181.307
217.675
226.86
217.604
213.174
197.804
211.797
240.674
220.994
195.293
198.708
190.15
195.79
199.84
181.818
207.125
232.775
208.921
188.041
192.105
198
214.454
239.894
222.965
221.41
218.842
199.86
204.708
224.039
208.312
210.97
241.371
217.912
201.979
219.01
200.924
191.278
218.723
224.391
217.25
209.886
187.547
197.981
241.517
236.658
222.272
222.544
199.183
204.269
242.131
225.606
212.857
218.103
195.293
177.054
196.638
183.722
181.307
219.226
189.43
185.701
216.263
202.368
209.446
232.585
210.482
206.654
188.857
187.336
223.714
213.538
206.037
224.896
238.407
209.03
197.981
222.891
215.401
219.853
224.997
210.194
205.465
214.454
214.247
219.394
240.703
217.652
205.339
200.341
196.425
217.226
239.063
226.912
224.417
244.17
234.935
198.728
201.248
194.024
196.059
238.55
216.638
206.889
208.877
190.603
186.22
199.8
200.763
209.446
226.347
212.292
216.24
239.923
219.25
210.682
233.672
229.938
205.656
210.393
234.577
222.37
216.826
220.167
211.126
208.203
218.771
212.314
216.286
227.739
205.888
210.018
211.394
199.98
219.998
247.77
218.364
208.182
238.039
214.984
204.123
221.484
214.041
199.9
197.55
202.306
196.87
179.147
164.677
179.856
193.836
197.122
220.653
203.149
203.645
239.464
231.267
211.73
216.403
229.332
202.45
195.733
200.08
194.932
203.583
195.122
192.771
206.334
203.811
204.981
226.86
222.099
221.214
235.516
204.541
200.844
234.522
221.558
213.584
223.814
233.209
198.886
192.197
227.635
210.482
187.758
176.569
176.757
174.871
171.248
198.098
230.974
215.983
212.54
214.5
198.866
212.112
231.214
210.926
201.126
214.915
180.18
181.389
228.99
204.604
177.101
178.476
193.63
208.594
211.775
218.986
240.298
239.55
227.402
221.239
198.138
194.024
221.828
212.404
189.43
196.406
200.401
198.255
214.339
214.179
212.925
200.22
190.132
196.947
186.202
174.84
201.288
244.948
211.999
203.19
214.684
203.273
216.38
230.017
209.468
217.155
247.555
219.37
197.433
219.346
207.555
205.613
234.742
212.404
186.515
201.491
218.531
223.264
231.214
212.044
203.728
197.824
194.553
212.562
236.379
220.897
210.283
230.044
223.189
198.079
200.321
197.453
193.855
200.803
190.44
196.676
227.247
199.124
184.536
218.579
207.857
192.086
182.266
186.393
219.13
232.261
225.124
223.339
231.187
202.184
195.16
224.972
222.198
223.389
228.938
209.908
199.322
206.889
204.645
208.877
231.938
223.04
215.471
208.203
192.215
201.572
216.661
209.534
217.085
235.018
194.856
186.916
216.521
217.675
224.921
223.914
205.107
192.493
200.401
184.86
193.93
247.525
200.864
174.657
180.963
192.4
222.841
234.632
221.19
226.244
248.509
195.179
183.217
226.912
217.344
215.401
233.536
219.01
200.28
209.096
212.044
217.25
228.128
206.037
201.025
194.307
185.477
207.147
221.19
211.977
209.183
182.866
175.623
205.17
209.38
189.988
175.593
175.747
171.984
165.003
168.819
184.536
174.08
149.054
140.895
171.762
224.341
196.947
189.215
181.258
169.291
178.079
174.095
166.306
168.407
177.873
183.807
171.527
184.434
202.368
177.904
166.306
174.034
201.694
229.463
210.881
180.294
189.286
185.271
170.474
177.226
190.313
194.761
190.458
179.035
173.205
181.373
194.25
175.285
146.843
141.513
166.736
214.247
198.334
177.148
170.532
164.42
173.702
168.251
144.917
141.283
171.571
188.466
176.041
203.998
211.171
195.446
183.385
179.131
188.076
192.105
190.749
191.663
178.348
171.541
183.184
185.58
