1.312e-311
inf
3.74939
103.082
99.9151
107.776
105.608
98.6047
91.6632
91.5457
108.12
109.141
101.926
104.998
108.648
88.8415
75.0497
63.0378
68.7144
98.0104
103.482
109.242
99.8652
93.1489
97.1345
96.8335
110.516
115.427
109.081
112.265
115.194
100.462
25.55
26.139
106.684
114.358
116.857
104.701
104.27
105.541
97.2242
108.208
95.5064
78.0518
97.3283
116.056
110.577
120.315
128.708
123.893
116.537
103.242
103.455
104.728
98.1162
95.7442
106.581
120.736
114.038
105.103
90.4527
88.063
101.817
96.7165
94.5224
118.008
130.319
124.139
106.781
98.256
107.585
117.343
113.714
115.194
118.238
112.259
120.207
104.553
86.8885
99.4233
119.197
119.933
114.83
104.668
112.303
106.236
94.4644
99.8303
104.739
109.505
115.055
118.61
119.126
114.85
105.915
112.089
101.6
95.1792
112.145
108.442
102.828
119.696
124.611
121.249
127.445
102.041
86.881
105.871
104.373
85.8259
100.573
112.549
103.061
102.276
103.745
108.278
107.469
100.261
94.4198
97.8186
117.502
113.084
90.7606
99.935
104.86
89.6339
89.3296
90.322
94.9487
95.8084
91.1743
102.638
103.098
86.8432
99.7904
110.114
100.913
109.355
95.9509
90.3996
111.229
119.883
98.7118
88.8099
108.12
128.949
128.584
104.954
87.7616
105.921
106.349
95.7946
110.626
115.62
115.493
124.471
116.347
115.547
121.124
117.585
108.962
105.753
120.649
122.632
117.668
108.725
99.8851
102.785
111.913
107.193
98.5028
108.932
104.281
98.4107
103.514
102.501
104.592
87.8928
86.9376
105.285
113.058
119.417
102.344
88.5583
101.245
116.863
112.67
111.788
112.619
118.828
106.502
85.4409
85.8848
95.4791
98.595
96.043
106.372
115.453
96.623
94.7553
97.2857
99.7656
107.648
102.145
99.7307
105.664
115.002
120.569
110.54
106.428
104.981
107.596
95.8405
80.5769
90.6906
108.208
116.408
97.9912
91.7768
110.619
104.553
103.194
106.547
103.263
116.083
119.875
96.567
99.2507
112.886
94.6566
93.2488
110.187
107.962
95.8543
81.0931
87.974
102.875
88.2457
96.1261
112.435
111.421
115.28
101.729
92.8462
109.914
116.245
95.6434
101.549
115.908
108.366
113.109
101.698
93.3053
95.1565
92.8505
91.3826
94.3797
108.992
115.101
100.21
102.062
107.521
101.523
93.7339
96.0661
107.026
114.155
103.04
94.8542
102.548
106.174
99.3888
97.8091
109.29
105.563
86.9112
71.2682
81.8498
111.514
103.579
107.216
114.659
111.08
102.098
87.0625
92.2765
103.381
106.701
105.158
102.754
110.558
100.246
90.2079
89.658
93.8923
85.8775
83.1912
96.4367
89.4935
89.7908
95.0615
94.9172
100.7
99.4184
92.1489
90.6783
97.4991
102.281
92.6355
91.4955
97.8234
88.0243
76.6548
80.4538
78.7216
66.2976
73.97
88.2496
98.0633
92.5112
87.0777
95.8222
89.4174
90.5428
95.2835
87.447
93.1142
86.8319
81.6993
97.4801
84.9834
87.3477
69.9521
68.8231
99.5074
102.359
109.854
99.1031
96.0108
110.687
105.703
94.7867
104.417
118.133
114.351
112.797
100.599
90.1023
100.888
104.14
100.261
102.291
105.96
100.786
84.735
92.2424
110.705
98.1402
96.0799
108.272
107.066
107.434
103.236
99.8004
104.346
106.022
97.8569
92.9887
109.745
116.543
106.095
99.7656
96.8335
97.3473
84.7997
90.2812
110.26
106.878
97.3852
89.6017
100.075
113.889
109.92
101.179
104.877
111.185
100.422
103.95
94.3218
89.2738
102.965
96.6464
96.1169
105.419
105.346
100.583
93.769
94.2685
105.507
97.4279
94.1221
112.822
112.663
107.325
115.168
102.046
93.6944
105.848
103.961
98.3574
111.198
115.774
111.235
105.876
94.9262
98.1017
112.076
98.2367
88.2262
103.386
113.231
101.926
89.3376
98.174
109.164
98.0633
103.365
105.213
104.102
114.462
99.5421
90.1226
103.579
108.885
95.1611
100.145
114.051
108.056
107.354
95.7396
89.1266
100.19
101.261
99.8552
103.498
107.962
111.638
95.7075
98.1595
99.1326
89.6901
92.1744
105.602
119.041
114.077
114.09
93.954
90.7935
105.927
97.1251
89.5055
94.1797
108.654
101.58
100.04
107.764
104.471
98.6436
100.291
106.536
99.95
101.281
94.5046
93.8394
105.158
96.8664
94.3797
104.14
109.302
106.208
90.0455
77.1426
88.9324
93.5454
87.2676
100.457
111.545
102.041
89.9847
99.7755
109.445
106.118
109.373
110.205
107.596
102.727
96.7024
92.5626
92.8936
100.05
97.3236
94.4822
90.3996
93.1619
105.391
85.7412
80.4376
101.025
97.6849
94.7643
110.601
109.135
105.341
96.2186
92.9454
100.005
87.9546
91.7263
96.2603
96.6044
96.7445
72.2074
77.6518
85.0159
80.525
97.5705
94.8227
90.7523
90.0536
89.7304
87.9817
81.3339
82.0883
95.0751
97.0356
80.0448
78.1006
94.0911
94.5671
78.6318
71.449
79.7162
87.9585
85.5469
83.703
83.717
95.9233
111.919
117.343
109.415
96.3948
97.7135
109.093
106.383
101.859
102.58
109.278
112.473
99.3295
91.8653
95.4791
98.9413
95.7396
98.4349
103.665
102.328
95.2245
97.5753
105.848
103.359
100.751
100.16
101.087
105.219
100.513
88.3626
94.1841
106.123
106.349
93.6724
94.9938
101.482
87.3286
81.0307
97.4991
107.846
97.2763
109.063
111.694
103.675
94.594
92.885
89.3136
91.1369
111.173
98.43
93.6944
105.988
114.331
107.302
82.2132
87.4546
107.515
93.3184
94.6566
108.219
104.734
104.937
95.5886
89.6419
98.6485
92.9498
100.472
108.489
106.553
116.503
111.982
98.2946
100.523
101.538
83.5108
77.0505
88.2418
105.247
99.167
102.617
108.95
102.717
92.0048
93.006
105.837
105.703
112.152
99.0246
90.9628
108.278
100.01
92.6956
106.542
106.998
100.746
89.9321
87.8117
90.7771
85.6054
89.5135
105.396
110.662
106.786
102.333
95.1022
100.135
98.7752
102.965
107.267
107.98
114.331
94.1841
92.1277
103.103
102.965
86.9603
81.1293
94.9623
102.171
91.8274
94.8272
113.779
111.676
87.6117
91.2201
110.871
109.141
104.172
87.127
88.4017
106.078
107.951
100.543
101.435
101.404
85.5981
72.6427
82.4368
103.327
107.916
103.114
101.266
95.8497
91.8358
89.1742
90.9794
103.13
89.3416
84.4523
96.8007
97.3899
83.1324
80.7983
85.481
74.6826
79.1672
101.667
101.215
83.4202
82.6754
88.2457
76.7165
79.3997
90.7935
95.7625
100.827
82.9635
82.2064
85.2079
79.8594
77.2469
82.1456
76.746
74.4685
97.1062
84.7494
78.8892
86.6514
85.6825
78.6102
82.7061
87.677
77.2589
83.2952
97.6753
108.525
110.4
92.3361
95.9233
98.7557
88.964
87.5542
95.5794
107.187
103.67
93.8659
94.9487
106.889
96.0246
96.4553
106.843
106.406
110.4
100.381
96.8382
106.729
106.826
96.6604
100.271
109.033
97.9288
78.8892
79.5418
96.4088
87.9972
86.7641
103.445
112.051
97.5277
87.7462
93.9938
99.3443
100.19
107.348
104.734
99.1473
90.4814
84.5809
95.1475
94.509
89.6138
104.515
103.734
87.0095
94.5626
91.2284
86.4603
100.715
95.9877
101.735
108.05
100.437
106.095
106.621
89.6861
87.7308
106.462
92.1574
88.3548
103.045
94.3708
85.7817
87.916
102.512
104.107
87.6847
91.8738
109.433
109.999
105.53
102.291
99.8502
101.43
98.5028
101.59
104.346
104.943
110.29
95.9371
99.0442
102.891
91.3534
86.2366
92.8376
105.13
108.026
103.675
101.554
100.695
101
97.3615
92.7816
100.852
109.397
107.267
88.4252
88.433
107.741
96.302
90.7194
102.349
93.4492
82.7438
86.2441
104.794
109.818
89.2538
88.5818
106.542
107.73
92.2467
98.3623
100.215
94.1088
89.2937
92.1022
106.513
100.69
82.6959
86.734
101.59
82.6754
79.3588
93.9496
106.219
98.0008
83.7696
87.5887
107.061
106.621
103.589
109.415
106.621
90.7688
80.5639
90.9877
101.926
95.7213
96.965
95.1882
78.0488
78.2871
82.1524
83.703
82.1254
84.4096
89.7384
88.5543
93.375
76.1528
73.2681
86.4304
93.0103
79.5102
80.3439
105.708
91.878
78.4099
66.4099
67.5447
92.2807
98.5416
81.9504
83.4968
98.7216
92.0302
83.9948
83.4133
96.6137
108.243
85.7817
86.1586
105.285
93.7163
94.7329
112.746
112.133
96.4134
76.799
85.5322
105.363
95.288
104.734
107.834
101.297
109.571
96.7212
88.0708
99.7307
105.563
91.8105
88.1251
99.6512
109.872
93.7559
89.067
102.997
101.291
86.5501
85.1426
105.108
108.196
93.6856
98.4155
102.775
97.7087
86.9754
90.5346
110.791
104.259
84.6525
90.9215
111.458
108.348
99.5669
97.9624
101.854
103.761
93.8218
76.6665
82.7164
96.6324
104.232
104.428
100.497
97.1865
84.406
86.1809
98.9952
107.916
96.1723
91.9625
103.21
104.351
107.73
94.8407
97.972
103.199
87.0171
84.4381
100.07
107.17
102.365
93.3184
89.6017
101.843
89.3455
93.7383
110.29
105.519
107.095
97.5134
95.8681
107.689
100.583
90.7812
100.407
102.176
100.356
89.9483
86.4603
103.162
91.2742
88.1018
101.616
108.867
113.52
98.7947
99.1867
102.844
105.686
95.6069
90.1591
106.27
106.9
108.389
93.6637
95.3062
99.3838
85.2406
87.7732
99.1522
106.604
103.402
88.4682
91.9498
108.372
91.0747
94.2107
113.282
105.147
103.584
93.541
88.9284
101.968
96.637
92.0344
95.8497
94.4733
94.6656
90.0941
87.974
97.0403
96.5344
96.4227
104.976
110.969
101.133
92.0853
96.5018
101.978
96.7961
92.7343
104.937
110.516
99.8353
89.3775
95.7992
99.9101
96.5437
99.4827
96.1123
100.12
89.9604
80.7298
95.4791
109.379
108.425
102.449
101.276
102.297
101.43
101.978
89.4254
95.813
111.483
92.1659
91.6086
97.9096
87.8889
85.5176
77.3156
77.4984
77.3037
84.969
91.9498
84.9834
84.9005
79.1609
78.6751
72.7908
75.061
92.1616
93.506
79.7639
78.9889
68.271
60.1323
68.4252
79.0576
75.6229
81.5361
104.871
95.2562
90.2201
104.488
110.223
110.162
94.9803
93.3053
103.756
94.1531
98.3188
102.328
99.1031
98.868
90.0536
84.5309
89.8796
88.1446
95.8865
110.803
101.999
106.729
98.3719
93.9894
105.82
97.9768
98.2511
107.193
110.455
112.841
94.3841
95.0706
108.66
107.724
96.0984
85.5725
87.9121
100.195
86.1289
83.167
94.8092
90.2323
95.6846
99.99
102.365
91.617
86.7641
95.5977
101.657
102.291
98.5707
99.2999
104.915
83.2709
69.9717
85.7964
98.6826
91.6926
101.812
108.478
94.5671
98.5659
93.1923
87.3096
96.7539
88.8533
96.6884
112.139
107.654
109.117
97.0026
91.8147
96.432
90.5756
79.2424
82.3316
95.7763
105.558
98.1114
92.7171
109.457
97.8569
89.5857
104.882
111.988
111.726
98.4785
101.952
103.013
89.2698
97.4564
102.712
88.9086
84.1114
83.5213
94.9307
105.385
88.2106
95.4107
109.481
105.014
108.637
99.5917
93.7471
102.166
109.981
97.5895
89.7465
102.349
108.903
104.417
98.8045
95.039
84.3989
75.8956
87.5005
107.648
112.499
97.7995
98.02
102.093
98.5319
88.5936
89.7908
105.731
104.4
96.8101
92.885
100.705
103.311
95.6572
92.8376
94.8047
100.175
85.5578
76.8492
86.6701
94.4733
104.57
107.486
101.031
95.3334
83.861
87.1004
102.265
102.69
105.28
104.761
107.152
98.7021
86.6701
80.5088
89.2857
97.1204
84.349
82.0782
85.4299
89.4895
86.9981
91.0871
102.638
84.6489
75.9965
93.2227
103.697
85.7082
82.9016
89.3296
83.3021
87.0171
97.4421
100.321
74.9401
77.7424
95.9279
82.43
83.5282
85.3206
89.3056
97.1251
78.1006
71.9606
78.5053
81.0603
80.8963
84.3668
85.357
83.2397
86.1846
80.72
93.3141
105.91
96.3113
98.9805
96.1261
92.9757
99.9201
97.4089
99.2753
104.772
103.891
111.62
97.2668
90.3587
109.932
105.43
87.9353
88.6368
103.141
110.132
95.9509
87.0549
88.5543
84.8932
86.9641
101.792
112.164
105.507
83.9454
88.8494
104.455
93.8747
98.2704
107.782
107.672
112.74
92.1616
80.215
89.6057
85.1934
83.9349
103.135
109.751
88.3744
78.9578
92.9498
106.763
97.4849
101.942
111.297
96.0384
96.9838
93.0146
85.1499
97.1534
96.7726
90.8265
95.2835
98.121
99.7904
93.9099
90.5838
95.813
92.1107
92.2935
97.9864
106.389
110.485
97.8043
96.6791
103.488
89.7787
86.3856
104.46
112.473
109.8
102.02
101.168
94.8587
76.7224
83.7767
103.146
98.3332
101.792
97.371
90.6043
96.8851
99.6363
99.3838
98.6096
102.543
104.91
97.352
97.3331
110.939
113.443
87.1042
85.4409
99.6214
94.5403
84.5881
87.6002
106.878
108.536
89.924
92.614
110.859
106.98
109.308
97.8139
86.2478
97.0497
95.5886
90.269
101.476
110.412
110.363
90.2649
83.3959
89.6861
85.2297
89.7626
99.3295
101.415
94.1221
90.6208
99.5669
104.641
99.8452
91.7768
98.2415
111.819
98.6582
82.5593
90.3546
110.767
101.235
97.7374
101.937
94.3663
82.0412
73.8771
82.6071
96.2047
93.5235
94.7149
97.5753
97.561
85.8553
84.0654
99.3098
102.255
102.934
101.797
95.0209
93.8086
90.4977
84.9113
87.3286
77.6156
84.2354
97.7374
96.14
103.05
89.6459
87.0815
86.3521
89.0631
100.801
101.683
102.114
79.3305
80.8048
107.147
91.0125
84.6024
78.7278
70.6215
71.0227
85.3825
87.777
74.4851
78.5145
85.8001
90.6125
81.2876
87.0284
95.5612
82.1153
90.1307
105.302
98.8142
78.7247
76.6049
75.6888
60.0294
67.8679
81.1985
69.6136
68.5096
77.0446
78.1281
84.5201
100.276
103.939
95.9831
97.8378
105.274
104.641
95.8819
95.4882
107.672
112.347
93.0622
82.6685
88.39
95.9923
96.5624
91.8147
101.9
110.534
88.9205
79.7703
94.8137
107.394
101.112
99.5025
108.015
95.8865
84.3206
89.1862
102.669
107.823
89.9807
82.2876
97.6324
95.1746
79.2487
85.1209
103.338
103.627
96.6417
99.2654
95.2381
91.7473
91.3034
91.5248
98.8484
90.5838
90.009
107.406
105.296
103.654
92.2552
93.9364
92.98
74.4879
81.1359
99.5074
109.236
106.18
87.5044
89.7022
105.708
95.7167
95.1565
100.336
99.686
103.891
96.8711
94.6477
99.99
93.1489
90.4445
88.6486
93.2488
101.266
91.6464
88.3978
98.561
102.68
102.801
103.162
99.995
109.254
98.0873
89.1782
104.275
99.8901
86.3707
93.5323
106.491
110.217
97.3994
85.6421
89.8392
82.5696
75.3012
84.8572
95.039
93.5104
95.7121
103.247
105.854
98.9315
95.2109
98.3526
107.164
97.2337
89.8392
105.893
109.141
95.3743
98.8875
98.3623
88.2535
86.5351
88.5465
96.768
95.1656
89.1583
100.075
103.375
100.923
90.9794
80.5607
91.2284
103.504
97.6038
99.7954
105.703
93.4623
100.492
88.3822
76.3942
86.7378
96.0615
107.446
103.461
87.6962
85.9033
90.3383
96.0154
91.7557
87.3096
99.5421
99.1375
93.6637
80.0833
77.9575
99.0393
90.7894
83.6365
82.7746
77.9271
75.8294
76.3738
78.2718
83.9666
86.4528
86.2999
92.7773
77.1962
82.7404
102.611
81.3603
73.9754
88.0941
97.6276
81.8029
75.3381
68.3901
71.3496
86.704
92.8462
93.3445
80.8375
83.668
88.5504
80.6062
77.694
88.7666
98.1306
82.9669
74.2887
79.466
80.1764
76.4
70.7814
68.4533
84.0831
95.9095
89.1544
91.5583
103.125
103.338
91.9118
93.6286
106.598
106.219
94.7733
96.3206
100.878
101.451
85.481
84.5273
88.0243
78.4252
87.3477
98.4979
106.866
109.631
82.5525
75.523
93.4623
101.23
98.2946
102.485
111.08
87.146
75.7978
89.5456
102.918
86.8508
73.2601
79.8339
92.2339
82.9531
85.6494
102.093
88.3197
85.5835
98.956
106.644
107.049
102.934
99.9151
100.472
106.61
94.7015
87.7578
101.071
96.0246
83.7591
80.3665
88.3744
89.1345
95.4973
96.6697
91.2784
99.7108
92.9454
91.0705
96.7539
87.535
92.8203
110.816
105.119
105.02
96.3763
91.3576
93.5454
77.4293
82.2504
102.47
103.05
105.513
92.8721
88.5857
97.6849
88.8021
89.9807
104.417
109.027
111.526
92.5669
88.9601
103.146
97.1298
91.5751
94.6119
94.6701
81.0143
79.7162
96.2835
100.776
95.3471
90.9711
94.8272
106.191
88.4447
82.3249
94.6701
89.3615
91.3367
95.9095
93.8042
65.2252
63.8407
88.968
95.039
93.835
92.6827
95.584
96.5298
88.6171
85.4044
98.3768
100.386
96.0846
98.3284
89.4094
90.5797
90.74
88.4682
96.4553
103.018
98.824
73.7926
56.1041
66.1945
91.638
79.4029
77.6609
86.5913
95.8268
79.5292
73.4376
84.674
80.2472
82.0749
90.9504
96.0338
80.6094
74.574
83.9701
72.4533
71.2987
77.6609
74.2914
74.7608
78.1433
69.5459
68.9869
86.0548
99.3937
85.6458
76.8994
84.717
85.6494
92.4001
97.6992
88.1407
78.8208
87.1954
99.8602
88.9759
88.6564
100.893
106.559
101.745
86.5015
89.5977
105.369
100.05
100.005
103.258
99.6562
99.2211
94.1664
91.2367
94.688
82.6788
86.2069
98.0536
95.511
103.552
98.4204
90.3016
94.5671
92.2424
94.4555
101.642
98.8484
105.186
95.0119
89.4935
104.844
91.4369
86.8998
92.898
97.7183
84.1751
75.253
86.6326
93.7954
98.4155
101.735
102.344
88.9245
81.2051
95.584
105.53
98.7898
104.254
102.464
97.4611
92.7214
87.2638
83.6295
82.176
79.9233
82.9703
98.7898
106.712
104.992
91.1286
89.8392
101.036
87.9005
91.3159
104.646
98.4591
103.869
96.2232
90.3138
99.453
82.6446
85.7486
96.4134
93.5541
86.8357
82.6173
98.0344
90.4036
80.1892
88.0127
99.1719
107.417
98.3671
96.6044
101.724
85.7523
83.8469
93.932
104.346
108.454
90.2812
91.5458
101.849
83.1497
81.4001
94.518
102.417
101.476
85.7743
92.2126
107.107
86.983
84.6561
102.575
104.745
104.57
90.3016
91.3951
105.831
86.1772
88.1446
98.1981
89.8513
83.0186
88.8652
104.047
103.579
82.2301
83.8434
102.754
98.9169
84.5809
81.6027
95.1656
104.888
101.261
98.0633
105.977
95.429
76.266
80.5283
86.077
83.9666
92.4898
89.0155
82.7678
79.186
92.6569
107.648
94.4599
94.8452
101.642
99.935
101.973
96.6884
91.0996
99.6463
92.3276
85.1317
93.7427
94.9352
90.3342
75.8985
79.5387
105.742
