5.91996
297.53
336.191
417.188
450.653
424.538
431.406
454.133
467.072
503.525
512.689
484.261
474.383
510.725
530.363
529.101
565.291
580.889
502.386
417.188
466.2
589.623
589.102
585.995
600.42
624.025
614.062
427.625
280.387
293.169
438.693
550.206
485.201
362.122
396.197
523.013
530.645
556.174
531.915
369.822
348.736
453.823
487.805
501.505
480.538
413.565
422.922
505.561
444.148
441.209
523.423
534.616
416.753
406.009
460.087
404.122
458.716
602.41
414.508
216.661
245.519
90.5674
75.2757
218.079
404.449
338.811
330.36
418.235
280.978
229.648
330.087
428.082
444.939
472.255
479.616
468.165
431.965
430.942
475.285
227.35
182.715
317.309
476.986
485.555
488.162
487.092
412.797
427.077
501.756
508.647
517.866
397.141
270.929
310.897
491.039
518.135
535.332
546.448
538.358
423.819
384.246
343.761
352.92
395.491
253.133
270.819
409.5
423.729
452.899
397.062
417.362
475.059
479.386
522.876
567.859
514.007
422.297
428.816
494.56
452.08
244.768
230.441
376.506
476.304
534.902
529.381
512.689
484.144
470.588
505.433
542.594
562.272
558.972
503.651
482.625
483.91
482.975
518.001
59.8569
57.501
272.665
328.03
519.751
318.421
285.185
228.337
135.999
175.039
377.003
396.668
395.491
428.082
461.894
396.747
412.031
541.126
525.486
516.396
442.184
315.159
348.553
535.762
520.156
449.944
463.07
497.636
454.545
462
564.334
634.921
687.994
714.796
718.907
655.523
452.284
414.422
479.386
486.5
506.073
562.43
637.552
443.262
372.787
451.264
517.732
587.027
630.716
582.92
487.805
494.193
596.659
681.199
611.434
556.019
620.925
668.226
610.128
396.432
404.367
589.275
607.165
551.268
513.743
563.063
346.2
338.753
570.288
524.934
307.361
198.393
241.458
441.209
543.036
624.61
580.72
447.127
466.527
500
497.141
400.32
395.961
381.752
386.026
571.592
611.06
662.471
686.577
640.205
565.611
485.673
526.87
641.849
668.003
654.022
606.428
626.959
620.925
423.819
393.546
509.554
472.813
468.713
514.536
434.783
398.486
432.807
492.49
537.057
568.182
592.242
484.966
405.351
473.037
549.149
526.039
432.994
248.787
257.699
302.526
307.22
393.468
286.492
276.663
385.06
467.946
551.876
512.952
460.511
541.272
593.648
569.476
605.694
702.494
720.981
684.463
444.84
420.787
580.215
598.444
585.823
580.383
596.481
575.209
467.946
464.684
566.893
450.958
433.463
555.093
572.738
470.921
465.875
609.57
658.328
617.475
628.536
687.049
716.846
593.648
493.218
533.049
631.912
643.915
629.921
569.314
508.388
372.648
391.773
630.915
699.79
670.466
644.953
683.761
701.508
620.925
485.555
473.821
562.905
630.517
625
585.48
605.327
570.613
425.351
431.872
583.431
614.251
635.324
621.697
597.907
592.944
554.324
605.694
669.792
614.817
583.09
610.501
571.919
511.509
465.658
499.376
608.088
614.251
555.093
588.408
709.975
712.504
594.001
522.876
576.535
636.132
610.314
628.536
680.735
675.219
619.963
539.52
561.64
629.525
602.228
548.246
476.644
432.059
381.388
415.369
582.581
666.001
430.849
380.228
451.875
392.465
428.541
497.389
497.884
532.765
533.333
501.128
393.082
388.048
472.144
545.852
584.624
533.191
480.192
473.149
569.963
664.231
487.924
453.618
570.939
583.601
540.833
522.603
568.505
593.12
537.057
588.235
719.683
731.261
725.163
567.859
536.913
627.353
631.313
637.146
645.995
645.369
652.742
683.761
531.773
509.295
645.161
684.229
707.965
678.656
559.91
514.536
465.983
466.744
580.046
658.762
693.241
689.18
691.085
699.301
692.521
592.944
575.374
659.848
669.792
667.334
691.085
684.697
686.813
704.722
594.177
484.144
507.614
569.476
545.256
564.016
604.778
654.022
589.449
502.765
579.039
665.115
633.914
656.599
700.28
708.215
713.012
718.133
570.939
537.49
665.557
589.797
511.509
581.395
691.802
636.132
484.261
498.008
658.328
715.308
713.267
580.889
554.631
632.511
642.055
569.638
568.02
650.407
666.445
667.557
678.196
562.746
499.501
479.271
516.929
647.668
675.904
656.814
479.846
463.822
618.812
514.668
424.088
457.352
492.247
545.108
625.195
617.856
484.848
419.992
509.554
670.916
716.846
725.426
333.723
285.347
479.962
615.006
676.59
669.12
672.495
637.959
628.141
596.303
494.438
514.139
648.508
556.638
521.785
656.383
721.501
711.491
542.594
507.099
621.504
629.129
627.549
629.723
637.755
681.199
672.269
540.833
537.057
626.174
657.03
703.977
708.466
702.988
538.358
383.804
414.336
534.902
536.625
550.358
579.039
579.374
562.588
510.856
551.572
646.412
646.831
693.963
727.537
670.691
614.439
549.3
499.625
560.381
641.026
608.643
607.533
649.562
583.601
580.72
520.833
522.193
668.003
715.82
728.863
718.133
716.589
709.22
711.997
601.685
517.732
585.309
541.272
473.821
561.01
644.953
622.278
555.093
512.82
570.288
648.719
654.879
603.865
598.802
637.146
665.115
575.209
553.557
646.831
678.426
708.466
702.001
708.466
532.907
403.226
432.713
524.797
608.088
705.219
738.007
707.965
693.722
703.73
566.091
530.363
623.83
656.599
672.043
597.907
522.603
578.035
666.667
459.876
361.598
427.807
521.784
564.812
620.54
682.594
488.998
456.725
639.795
671.817
646.831
633.714
655.093
679.81
632.111
523.149
535.332
595.948
509.944
512.033
610.501
673.854
655.953
508.647
513.611
617.856
620.925
615.195
646.831
715.308
722.282
720.461
559.91
555.093
694.444
671.592
649.351
648.929
499.875
422.386
403.063
421.408
537.49
648.719
354.673
283.648
414.422
455.581
454.133
532.481
557.88
598.444
651.254
497.265
460.617
605.144
683.06
668.449
672.043
515.597
448.029
448.632
447.427
488.043
501.505
538.938
581.734
598.802
575.374
526.593
566.091
556.328
512.82
580.889
654.664
687.049
579.206
519.211
579.878
643.915
677.277
621.891
625.391
694.686
708.717
622.278
548.546
567.537
627.549
689.655
709.22
716.846
570.776
496.524
460.087
489.356
644.745
686.106
694.686
705.219
720.721
730.46
716.076
585.995
529.942
601.323
587.371
564.334
609.57
663.79
711.238
701.262
500.125
453.309
520.427
456.517
455.581
575.209
692.761
525.348
494.071
651.89
687.994
681.431
684.463
684.228
617.475
401.043
368.664
498.256
496.032
472.367
558.503
658.762
624.22
495.786
503.651
640
688.705
643.087
650.618
654.236
652.529
654.45
590.667
590.842
654.45
699.545
692.521
672.495
561.798
501.756
446.03
466.092
609.013
655.523
647.459
594.177
584.112
626.959
587.027
546.001
610.501
624.025
608.273
668.226
698.812
703.73
719.683
620.925
466.092
479.157
628.536
691.802
652.742
584.624
586.51
589.797
510.725
535.619
648.719
654.45
642.467
683.293
704.97
709.471
708.466
596.125
566.251
643.501
575.374
549.753
592.066
596.125
583.26
471.921
465.224
568.828
565.131
548.246
565.291
583.601
593.472
511.902
491.401
563.222
598.982
609.013
595.061
606.98
612.933
510.856
507.357
626.174
656.168
668.003
707.214
705.219
689.655
693.481
547.795
492.854
546.448
572.082
618.62
650.83
658.111
669.568
659.413
459.876
412.797
481
539.52
637.755
607.903
419.375
403.877
576.203
704.225
706.714
686.106
578.202
480.077
394.4
383.509
502.008
524.659
523.149
657.462
732.064
666.667
450.045
435.35
630.318
701.754
679.579
684.463
714.031
738.007
743.771
516.262
442.282
530.223
605.694
649.14
638.978
494.193
402.901
444.939
569.638
673.174
699.79
720.721
728.332
723.066
720.202
703.235
567.859
494.927
520.562
598.086
689.655
697.593
680.735
681.896
486.263
429.923
575.705
659.848
659.848
626.763
598.623
635.324
657.678
533.333
524.109
653.808
680.735
669.12
635.122
648.298
702.988
702.988
574.383
557.88
677.507
532.34
487.448
634.518
709.975
702.988
587.371
502.134
555.247
652.742
667.557
656.168
688.468
701.754
687.994
600.962
547.645
605.327
638.162
617.665
634.921
596.659
557.569
626.959
550.661
507.485
610.314
667.334
671.817
669.792
679.348
631.114
621.697
569.476
563.857
640.82
660.502
687.285
687.285
697.593
703.235
711.238
452.182
419.815
617.284
659.413
641.643
573.888
551.572
578.871
429.277
423.998
626.763
698.324
684.228
698.324
729.661
727.537
526.177
435.445
322.373
332.834
511.509
502.26
404.204
413.394
532.907
547.945
548.396
547.945
511.378
472.144
497.884
590.842
669.344
695.894
702.247
554.939
477.327
448.43
438.596
531.067
428.908
440.626
665.779
705.965
664.231
547.795
538.068
558.659
565.931
626.566
634.518
635.122
684.228
488.043
435.35
587.027
692.041
714.031
689.18
658.762
640.615
652.955
570.939
543.626
614.817
610.314
592.593
629.327
655.738
617.665
631.313
592.066
593.12
697.837
576.868
550.055
683.995
719.942
714.541
675.676
488.281
468.713
628.536
605.694
574.383
652.955
693.963
711.744
574.548
517.598
593.648
649.984
679.348
670.916
538.938
484.496
523.697
523.56
599.88
702.988
710.732
718.907
722.805
726.744
722.805
713.521
554.324
489.356
537.634
593.12
647.878
674.309
698.08
653.808
635.526
423.908
408.33
570.451
590.667
569.801
533.191
579.206
498.753
402.739
436.205
521.105
461.787
479.272
560.538
406.587
413.907
567.376
641.849
719.942
717.103
720.202
723.589
434.311
368.868
486.736
525.901
587.717
660.284
671.817
630.915
479.042
489.117
652.955
656.814
621.504
478.012
444.247
494.193
493.705
579.71
643.087
677.048
722.543
729.129
708.215
679.348
508.13
460.405
551.42
574.713
599.161
619.579
628.536
679.348
517.732
450.146
584.966
704.97
724.638
730.46
687.758
645.995
658.762
540.541
523.834
653.168
702.741
700.035
680.967
634.921
640.615
702.988
560.852
491.884
526.593
541.418
611.247
643.087
637.349
692.521
671.592
543.183
540.541
629.327
620.54
644.33
711.238
731.797
735.835
729.395
512.164
442.674
554.017
626.959
621.697
498.256
474.046
546.299
539.084
594.884
700.035
721.241
730.727
720.98
716.076
694.686
660.72
535.906
499.75
566.091
602.228
647.249
675.219
691.802
702.988
717.36
467.946
437.828
624.805
680.272
712.758
672.043
651.254
702.741
714.031
553.403
511.247
474.947
420.521
517.063
672.721
735.294
547.196
426.621
373.134
413.223
592.768
676.361
697.35
594.177
462
493.705
613.121
581.734
569.476
596.303
642.88
649.984
521.784
529.942
656.383
619.003
608.643
566.893
498.008
546.597
476.985
441.891
558.347
500.5
425.26
416.84
391.16
398.565
448.029
518.403
602.773
662.69
686.342
642.055
410.509
414.336
660.066
705.467
698.324
616.523
615.953
694.927
541.712
506.971
601.685
634.518
656.168
659.413
623.053
643.087
702.001
577.534
564.016
560.852
538.358
659.631
702.988
698.08
715.563
709.723
508.388
484.261
668.673
690.608
625
632.911
684.697
689.655
634.317
523.286
525.348
612.745
627.549
663.79
582.072
533.476
621.891
552.029
469.373
546.001
684.463
702.247
715.563
735.565
713.776
723.851
565.931
506.329
545.108
593.824
652.955
634.719
658.762
675.904
568.02
458.61
525.21
696.136
683.761
651.678
592.066
595.238
640.82
505.817
504.668
597.193
590.842
492.368
465.224
595.415
673.401
493.949
493.34
602.773
529.942
599.88
732.332
549.904
393.391
405.351
551.42
692.281
566.412
492.975
538.793
605.877
499.875
450.045
585.48
694.444
687.521
515.597
438.02
489.476
441.404
455.996
579.542
571.102
551.116
561.956
561.325
508.518
544.811
615.764
622.084
679.117
691.085
640.205
658.762
727.537
534.902
470.035
569.638
625.978
659.413
689.417
611.995
568.02
651.042
565.131
550.509
657.246
661.157
686.106
690.608
695.652
642.467
582.751
507.872
531.067
479.042
455.166
635.728
727.537
725.953
737.191
584.283
534.616
640.615
672.043
633.714
658.762
718.907
736.648
720.202
537.201
459.453
541.419
650.618
670.241
633.714
522.603
543.331
592.593
529.381
599.88
687.285
709.22
692.521
668.003
717.618
754.717
708.717
526.039
476.304
562.114
620.155
648.719
673.627
703.235
724.113
494.927
451.365
624.61
667.334
662.69
686.106
668.673
674.764
702.001
609.942
577.701
663.35
683.761
676.819
698.08
707.464
678.887
651.89
551.116
508.647
573.066
509.295
512.952
471.476
422.565
339.213
337.838
481.464
564.972
649.773
533.476
436.205
389.029
428.082
591.366
704.473
584.966
537.634
563.857
498.38
477.327
564.016
682.594
692.041
713.012
733.676
720.461
718.649
623.83
490.196
465.333
537.779
624.805
659.848
702.247
701.754
649.773
441.599
438.596
670.241
716.589
698.568
667.78
657.678
676.819
680.967
557.258
534.474
614.628
601.685
618.429
674.536
719.424
732.332
729.129
555.401
520.291
