1.33546e-311
inf
2.63767
66.1376
70.619
78.1983
76.858
75.3381
73.8689
71.8236
72.9634
72.0695
66.7
64.4621
67.415
64.2715
19.0489
18.9948
61.6694
68.9394
68.7451
62.4824
66.0851
71.0884
71.8959
72.7882
67.8564
64.255
64.9351
52.2753
50.336
64.6538
63.9202
63.806
66.6134
65.0978
69.3602
67.3718
64.6224
60.918
60.6999
66.2515
64.1581
63.0517
63.8998
62.9485
66.3482
71.6461
67.4855
65.2401
64.5745
65.548
69.4613
66.9949
65.7808
64.156
58.3499
61.2501
69.0727
65.2827
65.1423
66.3548
67.0983
71.8804
68.5683
66.0066
69.025
65.8198
64.7773
67.9533
63.9468
63.6456
64.8298
63.3312
67.4673
70.7839
69.1754
70.5293
66.5668
65.7073
70.4523
66.0197
63.3032
59.7836
58.7855
66.0153
59.814
59.2751
69.197
69.4228
71.3521
65.3744
57.8854
62.2626
70.3556
59.8086
46.5701
47.8183
58.5069
63.6234
66.6289
72.6058
70.619
66.5292
57.9123
57.9223
63.9304
56.9492
59.9269
55.9957
53.661
62.2258
59.8677
59.6267
57.9123
58.6854
60.0871
62.2529
64.3501
58.3363
62.9882
64.1787
55.3113
53.7967
60.0186
66.9031
68.1037
62.8891
64.4787
66.7802
65.0766
69.891
67.6544
67.4468
73.4349
64.6893
61.6998
64.3936
62.5919
65.0809
62.5313
65.1572
73.5294
67.9417
66.9523
69.4155
66.8919
68.0527
65.0851
59.0458
61.3648
69.4975
70.8818
66.2098
60.0691
62.8694
67.3038
66.4143
70.7139
73.4835
65.9652
65.3467
64.041
60.5895
67.2179
68.0041
67.5402
72.3877
67.1073
66.2208
75.8208
72.1657
71.6743
73.7871
63.1732
61.3723
66.8114
65.5738
66.0153
65.3317
64.2137
70.502
69.4203
66.0197
70.5741
63.0358
63.1812
75.1993
68.8468
63.9816
61.4269
59.3366
64.612
63.7714
63.7044
65.822
67.7966
69.9154
70.4746
67.7323
66.569
66.0611
65.6362
68.8184
63.1672
63.4578
66.3812
66.1682
71.0202
68.7332
65.9718
68.9132
65.8371
66.8963
72.0435
65.3659
61.2726
61.908
60.9607
65.8805
64.4309
61.8142
69.8032
70.1484
68.3317
73.4026
76.3446
68.4112
65.1232
63.1393
62.0887
66.1923
57.7484
55.2975
56.8812
57.6136
63.7592
56.7102
54.9783
58.9536
59.1279
67.4718
59.839
49.7996
52.0264
60.9069
63.0159
59.7104
55.966
58.7165
61.3704
54.3877
55.0661
56.3079
57.9492
62.69
61.207
62.0347
62.753
65.0851
73.5267
70.1902
65.5953
68.9465
68.271
69.3963
73.2574
69.1348
65.7743
63.6476
64.4641
69.6403
68.0434
62.7884
62.9346
66.7445
70.4573
68.7073
62.383
68.3153
76.0167
72.4506
70.3012
59.0929
54.4811
61.8774
68.7924
69.442
67.8887
64.7773
67.7415
71.9295
66.2252
67.0623
74.3108
69.3241
64.9857
53.6985
55.6421
73.014
67.8633
66.0808
71.1794
65.7462
66.9546
75.0047
71.1288
69.5144
65.2358
64.2384
68.7073
67.1862
65.8783
67.6819
67.2744
67.5219
71.7334
69.087
67.4536
70.8667
69.13
69.2425
72.7008
67.2472
64.0902
61.0967
62.8911
72.6771
76.6607
69.957
67.1908
65.0597
65.0216
73.177
68.88
66.5225
72.9528
67.0826
64.8887
66.836
60.1305
61.5025
68.2547
69.6791
71.1617
61.0594
59.0493
68.6931
72.8359
75.0666
71.253
58.6889
57.6469
61.5745
63.3152
74.5073
68.526
57.6203
58.6476
59.4636
58.7959
59.3859
61.5745
56.9882
54.6359
63.3312
60.2773
59.2856
59.5859
55.9253
64.3149
61.267
56.1987
57.5556
58.0467
62.7865
56.4525
43.6376
46.2364
64.5557
75.2417
73.5619
71.3776
68.1222
66.346
72.2152
75.5572
67.5356
67.4423
68.8255
67.0399
66.6822
60.183
64.658
68.3667
68.2571
73.8225
69.5048
66.1507
69.541
68.9584
69.5846
73.3999
67.9279
61.1864
59.0702
64.1005
68.3293
63.3473
60.6741
66.0066
70.0133
68.3854
67.1028
64.6831
66.107
67.4992
68.9061
71.6461
63.9304
58.7234
64.3874
63.9939
64.9477
72.372
74.2556
67.7507
66.0829
64.3273
66.131
75.2955
69.9839
64.041
59.6641
63.4618
72.1214
75.4603
71.5564
67.9625
65.4407
64.1622
69.1539
66.8941
67.1885
71.5077
69.0536
66.4319
64.1396
62.5959
66.5292
66.3306
67.6224
71.4796
70.799
66.346
65.2635
62.8536
64.3646
74.5879
67.3854
61.6789
61.7132
65.6987
72.1996
69.1037
67.6613
69.7569
67.6544
67.4491
71.9399
68.8516
67.8725
68.4838
69.604
64.0533
56.1703
56.4334
64.3646
71.5487
69.6136
67.8979
63.7369
67.8449
69.2545
68.0689
72.49
67.2382
63.6132
60.7515
57.8285
65.6944
73.0967
69.0799
64.8677
60.1576
58.5412
62.9763
57.7334
54.6448
57.0077
56.9557
54.6747
51.5836
58.7061
61.3892
62.5626
62.8299
55.6112
56.3889
60.1993
61.5309
65.7851
57.544
52.1376
57.8972
65.6513
73.5483
67.8334
66.2098
67.0961
67.2947
71.3801
74.3025
70.6265
68.3878
67.8288
62.5528
65.5351
69.8153
66.9568
69.4276
66.6822
66.7334
74.355
62.8141
61.5479
66.1945
64.7899
70.6914
62.0578
58.7475
65.9761
67.9048
70.3507
66.0589
61.7684
67.5402
73.1582
73.0754
66.1901
65.606
68.2291
69.2545
64.895
62.8615
68.334
66.3218
66.9366
65.7095
65.7462
71.7669
75.8294
69.83
64.6872
65.2763
67.3559
73.177
77.9393
68.8871
65.3275
61.8888
58.9362
67.627
64.6099
64.8635
65.1317
65.1933
70.4176
70.9471
66.921
67.3696
65.3979
64.1211
69.0036
64.9161
64.4205
64.4288
66.6844
71.2835
73.57
67.6087
69.025
69.4565
67.8864
71.9321
62.3889
58.8772
64.433
63.1712
64.7207
70.3087
66.9411
69.3722
69.3914
68.0434
73.8362
67.1254
63.4457
70.1484
66.5093
63.2851
62.8634
57.2066
59.673
69.8129
73.0914
67.5311
63.5223
63.6294
66.8181
63.8814
61.3422
58.8633
52.8262
51.8444
56.4732
62.0309
58.2954
60.0637
63.3332
60.0853
67.4946
75.1089
60.8735
54.6747
52.7816
51.365
50.2765
56.5083
61.9444
60.1649
66.558
61.7113
63.6173
66.5868
66.1004
68.4463
67.0511
66.5071
67.3741
64.3211
64.7983
70.2765
64.3604
65.7397
71.053
69.0369
71.8468
76.3213
70.3457
64.0902
61.5593
60.9199
66.5912
65.8761
66.5048
64.8887
63.5647
71.1668
72.9687
67.6773
66.357
67.815
65.0978
60.6061
57.4564
63.5183
72.6296
71.5615
71.1238
66.1551
62.348
67.8518
67.254
66.4342
71.9166
75.1541
68.3901
60.4906
58.8599
65.0597
73.303
65.3147
65.1254
67.3083
65.9174
70.0378
72.812
68.2361
67.6888
62.7392
58.1125
68.5307
72.3851
68.9227
68.79
66.9031
69.6816
76.3009
71.0227
68.7309
66.0262
64.9498
71.8778
71.7695
65.6707
62.1407
59.7979
65.4022
75.9215
70.6165
66.072
72.1214
70.9774
67.3242
75.8064
71.718
67.6018
65.1954
63.6395
66.798
64.0123
57.6286
60.9218
68.7285
67.643
66.048
60.6594
64.3604
71.319
69.0179
64.3314
56.3285
56.8053
61.2764
64.1046
70.814
66.8606
58.964
58.1937
58.17
62.0848
61.1154
49.4902
49.6192
56.8053
56.7617
53.3746
54.1301
52.7259
55.4631
63.2471
57.9039
53.7216
52.2548
58.7147
61.8123
60.3828
62.1099
63.0696
71.7026
73.5889
68.4299
68.3995
66.2954
65.1275
70.43
65.7765
66.7936
71.4847
64.0656
64.3045
68.5424
64.7815
67.6544
69.4662
68.519
74.0412
71.9424
68.1385
69.9154
66.9792
67.815
70.9421
59.2557
58.9171
64.2818
62.1736
68.3761
68.6577
60.8088
65.0132
74.0302
73.4754
65.1148
61.0352
65.7052
62.9545
60.9143
61.565
60.1178
65.4922
68.3878
64.3232
65.0957
70.5467
64.9161
63.7897
64.2199
65.6513
67.0196
60.3391
62.2743
63.8345
66.7913
71.0934
72.6533
71.7746
67.5128
60.4851
63.8223
74.9597
74.8727
72.619
67.4218
60.6539
62.8121
70.4597
66.9568
67.1704
69.0203
70.2914
73.338
71.4413
68.2967
68.8421
66.7891
62.9901
64.4143
58.6941
54.1756
58.2683
65.9783
71.2099
67.2585
63.7064
64.8466
62.3422
64.4579
66.769
55.0343
53.9899
63.006
64.6621
64.8529
63.3794
64.2364
69.0632
69.8861
66.3989
58.6287
61.1453
67.6521
69.2185
57.4581
52.6981
61.9483
70.502
73.551
71.3674
74.3522
71.6178
65.119
60.2482
59.6997
59.8337
56.1845
57.0874
54.5197
53.8895
61.0874
56.8683
58.3771
66.3108
58.6906
56.8521
59.4018
61.5726
57.3017
54.3478
53.9229
56.4207
62.8812
59.0615
62.5724
66.8204
61.3817
61.2407
61.237
63.6598
62.8773
58.4112
58.6338
62.1562
58.9797
60.3901
70.4374
69.6064
62.5254
63.4256
70.7039
71.5743
62.7294
61.6675
72.0643
65.5158
58.7458
63.9713
70.9019
71.3343
72.0383
64.4828
62.9545
71.0732
73.078
72.6744
68.4885
60.2609
62.0232
65.6426
60.641
57.6186
62.0424
69.8227
63.8672
63.1413
69.4396
63.48
64.6601
71.6692
68.3761
64.8761
62.8575
67.9394
62.4161
61.6979
71.5768
65.3637
63.91
70.2642
72.0981
71.1921
68.8492
62.3733
63.7897
62.2568
51.3822
54.9028
66.6378
64.3045
63.9325
66.8204
66.8226
62.82
62.543
72.0279
72.6586
69.3794
59.9341
49.4853
48.4308
61.6048
73.2279
66.7223
63.0696
64.1787
59.8964
59.8892
64.3604
64.288
70.5343
60.7404
52.2371
58.8616
69.3698
63.0358
63.1832
62.3111
62.9346
74.0494
74.3494
66.302
57.9358
63.8488
67.5653
56.494
56.9184
59.5504
57.1984
58.0181
65.9283
68.9204
60.868
62.5195
65.1678
68.2105
71.4464
55.5108
48.752
53.9899
57.6336
64.7228
59.1769
50.7962
51.9332
60.1413
70.1656
60.0673
55.0812
49.5847
47.3653
54.0073
56.6942
53.9258
55.4477
59.2926
59.7389
66.1682
67.8104
66.66
69.7204
62.5039
64.3708
71.7952
68.5354
69.4179
72.8491
65.8566
65.8306
71.6846
65.5953
66.2998
66.7735
61.9406
63.0716
67.8035
66.1266
60.0745
58.2734
64.9456
74.5684
71.5103
69.3121
65.7722
59.5344
64.189
64.5328
65.0449
69.185
62.5137
62.191
63.3653
66.6178
73.918
72.0176
67.5562
66.3064
63.012
63.6072
71.9192
72.7802
70.8868
70.3433
60.3573
58.2072
69.1348
69.8934
66.8673
63.6173
65.0216
69.8959
69.43
67.0151
66.9546
68.7853
65.9044
65.3616
56.5323
59.6944
64.2715
63.4377
71.6409
65.8783
63.806
66.4628
65.3808
69.3385
74.8055
69.2713
67.6819
59.657
57.2606
70.5069
65.5953
63.1672
65.4172
63.6578
70.1459
65.9109
59.3278
64.5786
71.6255
68.3691
63.7836
51.8807
52.203
63.955
68.2827
68.5848
61.7455
56.4637
55.3097
61.267
67.5242
59.5628
56.5851
49.8107
48.9105
62.9109
59.5327
56.8715
59.8767
65.8176
74.7608
69.4758
61.2745
55.4047
57.9391
65.3339
54.6717
54.4025
63.0955
53.9462
58.2123
54.6941
51.9117
64.4081
62.5684
61.6124
58.8114
51.496
51.6769
57.8905
55.4017
56.5723
63.6132
66.1463
71.7283
68.2874
63.2471
68.3177
68.5565
67.2472
69.5725
58.2954
60.2936
65.4557
60.6778
63.5849
59.2909
60.5492
68.5237
69.13
72.4454
65.3958
57.8754
60.0907
59.5274
62.2937
67.4946
63.8814
65.3467
63.9161
66.1857
74.3965
73.2896
66.1507
67.1704
64.0677
61.7113
67.8864
63.6335
63.7471
65.3744
65.7549
71.4209
77.7091
73.443
67.8449
64.4662
64.0328
69.2977
69.8788
59.8892
53.8692
59.6036
68.0805
68.1361
68.6766
71.1415
62.4025
64.8424
73.8362
67.6476
65.8957
62.82
65.8588
69.0131
63.7247
67.6865
69.4276
62.1717
65.2486
73.6431
66.7223
67.3832
67.4423
66.5934
71.8597
66.6689
57.5722
56.0412
64.1663
71.0076
69.0346
59.1856
62.1813
69.5604
68.8966
67.1592
62.6665
65.0216
71.048
68.4791
66.0001
63.8896
55.6359
59.3261
61.1752
61.8238
69.9007
60.9998
59.9071
57.3559
52.9157
57.5672
56.3603
49.9763
53.0602
59.755
55.0343
56.7988
59.8032
55.3449
58.3567
54.4381
50.4439
48.6618
47.3563
51.6582
53.3917
53.3248
57.346
64.9266
54.4366
56.7054
59.7104
58.4095
71.4745
64.9435
59.7889
59.2399
62.0752
71.1769
69.6961
64.9287
67.1209
67.6293
68.7805
68.4275
60.0168
63.1792
68.3807
66.302
60.4284
53.4645
60.6833
69.2401
69.1396
66.7601
62.9663
63.2931
68.472
71.1718
71.1718
67.506
57.6651
58.5857
58.1345
60.831
70.4995
67.193
63.5789
60.7644
64.4828
72.4349
73.3945
67.5973
67.0533
64.1952
60.5016
67.5493
67.3401
68.9251
75.392
68.6766
65.0216
68.9132
62.822
63.2871
66.2011
67.1592
74.129
72.3406
62.8792
62.0174
62.6056
62.6351
70.6939
65.5008
64.3045
65.1381
61.5006
67.2518
68.171
68.2943
73.3138
61.8774
58.7699
64.2777
60.9849
61.6694
62.543
63.8223
70.9144
67.1795
62.0463
62.9267
66.5447
71.2555
57.5291
49.8082
58.2971
65.0005
65.1339
63.9591
59.8964
61.6105
66.0917
63.2171
55.1496
56.8941
58.971
56.205
62.1427
57.0386
58.148
58.4812
56.5131
67.2043
66.6667
57.5921
56.8085
62.8476
66.2339
61.9598
60.8809
65.6513
65.2443
60.4467
56.3714
56.2635
53.4502
54.1785
63.6882
57.6435
55.5525
51.2663
50.7588
61.5176
59.3983
64.9815
69.8178
71.0959
74.5657
71.2631
68.861
69.6937
66.6378
62.9327
64.3149
61.5669
64.317
68.5965
63.8508
67.6659
69.5652
62.543
64.8466
67.8334
70.4498
68.271
59.3542
61.7684
68.0874
61.8219
59.7425
61.4043
63.7796
72.7167
69.389
67.9486
64.189
57.5142
62.0309
62.8575
62.4649
67.4491
61.0258
61.7322
63.1313
64.6642
72.6691
74.1867
66.7022
64.9245
67.4559
66.4275
73.6513
72.6216
64.5578
54.4736
57.3756
71.3496
73.9536
65.2252
64.0636
64.7124
64.681
73.1208
69.1922
65.6211
66.4673
63.4015
60.8365
61.601
65.1699
69.7788
65.7505
64.9498
71.2911
66.5757
67.2066
70.624
69.2377
71.3699
74.5351
63.488
55.9534
59.3102
65.1636
71.9424
62.8595
62.2898
71.0581
71.9942
73.1556
70.0697
59.6107
60.0619
68.171
66.5779
60.4741
55.9832
61.2389
69.2521
69.4517
64.9519
59.5788
65.9391
74.4518
61.2801
59.2189
71.0026
63.0875
57.5275
52.8807
50.0526
54.158
53.2552
54.9179
58.3039
63.8407
60.8125
53.5533
50.9775
58.9692
49.1437
44.2077
50.9996
54.4974
66.769
64.5057
58.6975
59.7282
59.4124
63.7552
61.2482
59.2242
62.0617
59.1401
66.2274
65.7268
62.7707
69.8763
67.415
66.6156
75.0075
66.8583
63.91
66.5115
63.2951
66.6822
59.6054
56.8359
64.9604
67.4104
68.2338
64.041
56.1151
61.4496
68.5918
68.32
65.2976
61.3196
62.5156
59.1716
57.0597
58.6407
62.6037
70.809
70.6739
66.8047
69.0894
72.4113
66.1529
63.7531
64.5974
62.4746
66.0589
62.1195
64.704
66.9075
67.4241
74.5573
75.9705
71.4235
63.2851
61.4609
68.0226
74.0028
74.1235
62.6154
55.3955
60.0474
68.1965
74.4352
72.1293
70.8491
65.6599
65.3595
68.956
72.5058
68.299
66.1594
69.3794
64.4808
66.7245
60.1993
59.5539
63.3012
64.0164
71.3089
66.4386
65.8176
71.1794
64.4454
66.454
76.4263
65.1848
62.7884
59.0458
56.5211
68.8089
61.3027
57.3921
67.3582
69.3313
70.8642
65.1806
54.7181
58.763
70.5716
73.1984
54.6612
43.0533
50.737
60.7644
60.1739
56.0695
59.4036
58.9345
53.7057
64.0184
65.6168
56.194
54.7061
57.0109
61.6713
61.7475
63.0358
58.2259
58.8789
71.9709
68.7805
65.591
66.9299
65.6297
68.055
74.8055
66.865
58.2089
57.0044
63.7775
69.2449
60.8754
62.5176
67.1975
65.9914
70.7064
74.9401
66.7646
67.1817
69.0727
59.5185
62.0424
65.9783
66.4606
69.9839
66.107
65.1551
72.9395
71.2631
68.7592
64.8572
63.9141
73.5429
59.1751
51.9832
61.8314
68.2268
62.903
55.6607
61.5517
73.006
69.8275
69.8714
64.1663
57.7234
65.0597
66.5513
61.8219
66.1157
66.4386
65.5544
67.714
63.7958
67.7094
72.5216
63.2551
65.7614
65.3744
64.9372
74.1675
66.6711
59.4548
57.43
60.5675
66.7512
69.7934
69.5048
67.5242
66.335
69.7326
74.0741
64.8656
63.3874
70.4945
60.5712
59.1488
68.4229
64.1457
65.9565
68.8942
68.5683
71.0808
69.1157
71.2555
71.8262
65.6836
65.4086
68.5518
62.9644
60.4595
62.5665
67.8725
75.5201
65.5372
63.5243
67.6888
65.0153
67.9463
66.9344
60.8236
61.3516
64.0184
59.4937
58.1835
59.9646
66.0742
72.1345
69.0918
66.7089
68.3247
64.1807
65.0618
67.5242
63.478
63.5344
60.4449
62.9327
66.9187
66.3042
64.0451
59.0214
60.8698
56.0036
51.6262
62.8575
61.2445
50.3398
48.3255
51.6609
55.4262
58.4471
57.0955
57.6219
61.7341
56.4079
54.2476
56.9995
63.0875
65.3168
60.9737
60.8809
62.5254
66.6067
71.5436
76.4935
68.3597
64.6893
67.0286
67.0826
72.4795
67.5584
64.5974
64.8172
57.259
60.2337
66.3834
63.9325
67.5584
61.9982
60.4303
65.9044
58.8218
60.4303
69.2857
67.2631
61.4798
51.5876
56.9784
67.3061
64.7585
70.1459
74.2556
64.2983
63.6598
68.451
68.3527
71.6717
67.5516
62.1446
55.0812
60.2029
73.5646
75.4489
65.9261
63.1712
64.2777
64.1643
71.0934
70.2543
71.4745
68.7947
65.1614
64.4268
58.905
58.6321
63.0418
69.6403
72.3092
73.5998
65.5845
63.6558
68.679
67.506
68.526
68.0643
63.9652
61.493
57.7651
59.8158
71.682
67.8127
67.2857
66.379
67.3582
75.663
67.1118
69.4806
75.0244
65.0174
65.7117
74.4214
53.4817
49.6993
66.5004
69.8251
67.0196
58.782
61.344
67.6933
67.5927
68.2268
63.1433
55.9143
58.2208
59.1261
59.8623
65.5179
59.7604
64.0266
66.4872
63.4035
67.1659
65.4622
64.0102
62.8279
56.2873
59.2136
61.3046
56.4557
52.7343
55.209
63.9611
58.2242
55.46
54.5747
56.2019
62.5352
55.5078
50.4236
50.6624
55.5525
52.7983
52.8975
59.593
55.6777
61.6618
65.1869
65.9044
66.5447
69.2018
77.238
68.2314
59.011
61.6105
62.3286
64.3542
75.3154
67.6682
65.0111
67.2812
67.8265
73.97
65.0851
60.6723
65.0597
58.548
56.1829
57.0695
59.1104
68.1385
68.2827
64.6287
62.5508
60.4357
67.2721
68.5143
64.7941
70.3383
65.3744
58.1767
59.5344
63.8081
70.3532
74.3412
66.7045
63.7085
60.1866
61.0594
72.1163
68.9988
67.0488
61.9752
56.8311
64.6684
73.006
66.2756
66.8137
67.4423
66.4275
71.9295
62.9882
63.0537
65.634
65.4151
73.0594
69.9203
58.0046
59.9
63.2471
64.2281
73.1984
68.8966
66.8159
64.0656
64.727
74.402
75.9676
68.4229
61.9752
56.6877
58.6975
70.4945
67.8426
64.5161
62.8792
64.3728
