1.4207e-311
inf
1.71968
4.73205
5.66739
6.88006
6.6473
6.45774
6.36712
6.14798
5.72069
5.73689
6.02134
5.95703
5.73506
5.72554
5.65486
5.46115
5.33036
5.37853
5.45451
5.28484
5.25856
5.33726
5.27628
5.31612
5.46378
5.44553
5.54663
5.84765
5.84419
5.56033
5.50099
5.58982
5.65144
5.60526
5.55048
5.64161
5.54607
5.44042
5.50815
5.56364
5.57543
5.53018
5.54763
5.55095
5.62398
5.70835
5.60684
5.53558
5.47395
5.37076
5.3392
5.47007
5.65638
5.77714
5.73199
5.63569
5.56209
5.54713
5.42698
5.55315
5.70566
5.57114
5.67783
5.75025
5.71326
5.66572
5.70742
5.63293
5.48097
5.54802
5.52404
5.45933
5.4425
5.36956
5.41512
5.5489
5.54688
5.50079
5.62542
5.61831
5.55779
5.65347
5.77129
5.80112
5.74374
5.76024
5.57543
5.55837
5.64902
5.68827
5.74059
5.61878
5.57171
5.67255
5.81022
5.82897
5.74026
5.61637
5.59225
5.0768
5.00676
5.54896
5.61561
5.60023
5.70441
5.52796
5.20233
5.37379
5.68697
5.64578
5.538
5.53036
5.67646
5.71336
5.74832
5.65595
5.61301
5.68326
5.65248
5.69952
5.68293
5.59542
5.53212
5.58165
5.66182
5.69474
5.74472
5.83373
5.70151
5.47188
5.55218
5.75139
5.73531
5.62613
5.6535
5.6513
5.64356
5.79376
5.72004
5.64336
5.66083
5.76206
5.80142
5.52585
5.26564
5.4076
5.72595
5.67564
5.71562
5.75704
5.67265
5.55279
5.58263
5.32923
5.05467
5.44827
5.80442
5.7428
5.6809
5.66579
5.19878
5.23829
5.45802
5.334
5.10243
4.87481
5.08837
5.08687
5.25343
5.63963
5.62357
5.63457
5.7994
5.89906
5.76146
5.67427
5.6712
5.63952
5.57524
5.51166
5.43008
5.10208
5.10287
5.34389
5.42048
5.46899
5.50929
5.50893
5.46297
5.52964
5.53978
5.50976
5.56119
5.68046
5.62063
5.59827
5.63774
5.52366
5.46724
5.41482
5.45243
5.47689
5.36887
5.42847
5.44478
5.42493
5.50509
5.51948
5.37549
5.33961
5.28993
5.2278
5.33991
5.36475
5.37974
5.10597
4.76533
4.92057
5.44016
5.57914
5.50194
5.50765
5.02446
4.9682
5.39101
5.38037
5.37595
5.40511
5.49428
5.54939
5.22481
5.21812
5.22955
4.51913
4.2702
4.6834
5.24788
5.37172
5.06347
4.85752
4.83127
4.88846
4.82891
4.70172
4.73613
4.63491
4.57959
4.28057
3.64856
3.99446
4.56785
4.04646
4.19426
4.15908
3.66902
3.93322
3.94693
4.00034
4.62724
4.67939
4.33079
4.30236
4.29788
4.22817
4.44873
4.28435
4.19969
4.10377
4.16691
4.40589
4.40792
4.62527
4.63212
4.78977
4.87048
4.65854
4.57162
4.56451
4.79053
5.14329
5.09206
4.98148
4.9459
4.89388
5.22012
5.607
5.63935
5.51476
5.15763
4.96261
5.05258
5.37126
5.72779
5.61244
5.54717
5.30555
5.27336
5.52494
5.64087
5.85014
5.68445
5.52972
5.61675
5.45375
5.3595
5.4349
5.5462
5.59383
5.32352
5.14331
5.44241
5.77846
5.81634
5.76419
5.43103
5.43837
5.65689
5.32955
5.31273
5.68032
5.81666
5.96942
5.89036
5.62447
5.65024
5.67806
5.59769
5.66736
5.87177
5.93357
5.70389
5.72974
5.90357
5.83303
5.86786
5.94923
5.8418
5.64927
5.67785
5.82839
5.81311
5.60886
5.51341
5.74708
5.84308
5.87632
6.06818
5.94755
5.76918
5.7901
5.86553
6.00109
6.04454
5.76793
5.61989
5.6568
5.69757
5.83237
5.8703
5.76206
5.72702
5.62729
5.64501
5.41197
4.99886
5.39203
5.92431
5.88066
5.82717
5.78493
5.69814
5.7968
5.98987
5.9453
5.84397
5.81783
5.92821
5.97793
5.81867
5.64583
5.5958
5.76204
5.98763
5.99679
5.87983
5.86992
5.83781
5.7432
5.78881
5.87328
5.82511
5.73046
5.38054
5.41016
5.45389
5.41282
5.39264
5.32276
5.42862
5.29458
5.33214
5.22133
5.3031
5.60549
5.66741
5.72181
5.65053
5.58583
5.55835
5.59549
5.64283
5.60928
5.61444
5.52041
5.54982
5.60001
5.46956
5.56101
5.55596
5.38574
5.44818
5.5875
5.61526
5.60651
5.62583
5.4345
5.20336
5.38902
5.72099
5.68138
5.36779
5.29088
5.5261
5.57838
5.13751
5.00824
5.11632
5.226
5.37582
5.24179
5.2536
5.39328
5.63963
5.83351
5.67017
5.29902
5.30203
5.50153
5.53411
5.61623
5.67783
5.70259
5.6185
5.44809
5.44478
5.56274
5.44544
5.51876
5.44256
5.13199
5.09545
5.23348
5.47534
5.28167
5.24447
5.44493
5.37227
5.38539
5.44984
5.53946
5.51886
5.26338
5.3226
5.5473
5.48071
5.4575
5.43939
5.17849
5.12121
5.27355
5.05355
4.9549
4.83026
4.5644
4.23811
3.8353
3.92893
4.05078
3.35083
2.96752
3.4435
3.99947
4.01957
4.21862
4.16372
4.02999
4.49919
4.63722
3.90907
3.85498
4.17752
4.30079
4.39541
4.29768
4.30102
4.04673
3.95398
4.39419
4.68606
4.94251
5.26795
5.1632
5.00841
4.90533
4.67726
4.61189
4.53773
4.537
4.73355
4.96803
5.14533
4.96099
4.65933
4.4681
4.46501
4.7925
5.06293
5.00859
5.20736
5.36544
5.03347
4.97134
5.21031
5.33844
5.41994
5.33255
4.27105
4.34098
5.37636
5.08917
5.1443
5.35713
4.92574
4.90166
5.19127
5.19448
5.04748
4.99203
5.2259
5.37633
5.38013
5.14454
5.04816
5.03487
5.093
5.05732
4.97767
4.36134
3.7884
4.35498
5.12747
5.08112
5.02168
4.71138
4.65579
5.07561
5.28083
5.191
4.79943
4.33337
4.33437
4.45361
4.75378
5.12902
5.16161
5.14259
5.15949
5.27957
5.31957
5.36071
4.98531
4.70435
4.91257
5.00231
4.8337
3.93874
3.9295
4.88448
4.77439
4.85097
5.15904
4.5591
4.57511
5.24815
5.19293
5.01091
5.14557
5.41048
5.40561
5.29564
5.25884
5.0477
5.11455
5.29657
5.23898
5.14504
4.82449
4.94839
5.16509
5.21578
5.41345
5.43226
5.418
5.42038
5.49494
5.22347
5.06645
5.29676
5.3831
5.09253
4.72078
4.49222
4.75949
5.20396
5.16112
5.16226
5.27165
5.28477
5.29435
4.97008
5.10372
5.50884
5.42981
5.39341
5.36488
5.36596
5.32163
5.22165
5.16853
5.27273
5.33795
5.35034
5.35603
5.34064
4.83469
4.56977
4.83012
5.00334
5.20801
5.38956
5.43586
5.25666
5.16598
5.22349
5.25769
5.06763
4.74365
4.78574
5.11031
5.22331
5.17817
5.09866
5.03835
5.06255
5.04097
5.00135
5.13147
5.37986
5.35349
5.27045
5.08357
4.93814
5.12028
5.34202
5.45323
5.52112
5.17509
5.05537
5.29043
5.30539
5.40542
5.4802
5.40815
5.31689
5.19888
5.24512
5.40536
5.45152
5.39417
5.38028
5.38702
5.39033
4.33625
4.34081
5.43876
5.42925
5.28282
5.05364
4.52375
4.48198
4.83228
4.77257
4.843
5.01511
4.68831
4.49445
4.84301
4.92599
4.64918
4.63087
4.88676
4.87121
4.989
5.23118
5.32933
5.29228
5.2021
5.27238
4.70994
4.1672
4.39619
4.5599
4.59717
4.83325
4.94475
5.15701
5.24879
4.96503
4.84893
5.0339
4.81938
4.86877
5.13146
5.00452
4.95309
5.14628
5.33786
5.32897
5.23596
5.2232
5.14082
4.96232
5.09837
5.06588
4.916
4.99316
5.20453
5.41257
5.41036
5.34884
5.33409
5.21521
5.03777
5.10125
5.15723
4.92593
4.96075
5.04776
4.90793
4.91813
5.06045
5.13072
5.10601
5.20704
5.27009
5.20063
5.20803
5.1703
4.92954
4.95117
5.29726
5.43502
5.26683
5.27166
5.30802
5.08766
4.9881
5.1544
5.16026
5.03349
5.06824
5.10957
4.78636
4.29744
4.5393
5.03834
4.91539
4.80614
4.46525
4.50874
5.04197
5.1035
4.93156
4.89473
5.06336
5.02702
4.90292
4.79291
4.69248
4.81574
4.93891
5.04867
5.04232
5.09693
5.10393
5.12358
5.14985
5.10462
5.25127
5.3305
5.31193
5.23422
5.00986
5.08853
5.42965
5.51039
5.46772
5.42545
5.34977
4.90637
4.76889
5.02788
4.89351
4.8064
4.51484
4.25326
4.23469
4.36482
4.49436
4.71107
5.16142
5.14333
5.19745
5.28987
5.20604
5.16841
5.19373
5.26829
5.21269
5.22665
5.39367
5.33066
5.2669
4.88676
4.74886
4.94157
4.61931
4.51937
4.50286
4.69383
5.15959
5.33269
5.26176
5.18105
5.13645
5.02236
5.16093
5.16176
5.06658
5.03271
5.02913
5.07948
5.03794
5.00681
5.1743
5.26569
4.90941
4.91937
5.17392
5.12349
5.13859
5.24266
5.01115
4.6785
4.81211
5.0885
5.1555
5.12661
5.14847
5.19771
5.29512
5.34542
5.21949
5.19275
5.1147
5.07182
5.10177
5.09744
4.95849
4.87616
5.03948
5.18932
5.04425
4.7947
4.92778
5.24152
5.33699
5.36666
5.47969
5.55039
5.48957
5.33058
5.25312
5.20913
5.10051
5.00198
4.89564
5.00614
5.09284
5.18609
5.40266
5.47933
5.44959
5.29339
4.96298
4.79081
4.94808
5.10802
5.16004
5.21692
5.14422
4.81032
4.95659
5.29775
5.25225
5.28431
5.32364
5.35932
5.35447
5.40861
5.31129
4.89349
4.83641
5.135
5.28321
5.30251
5.19204
5.19575
5.35758
5.32056
5.26532
5.39585
5.59462
5.47253
5.38684
5.46364
5.40938
5.19986
4.99989
4.89353
4.82727
5.05522
5.01234
5.07238
5.43105
5.42476
5.28945
4.96923
4.945
5.18935
5.26262
5.25812
5.17794
5.06271
4.98513
4.96872
5.06104
5.11412
5.00831
5.01403
5.17416
5.19805
5.04157
4.83987
4.88786
5.0898
5.15859
4.93288
4.85363
4.98917
4.98975
5.08293
5.1348
5.14814
5.16118
5.15165
5.09601
5.03103
5.10349
5.16935
5.13921
5.27022
5.32151
5.15849
4.73004
4.7129
4.86861
4.89099
5.16452
5.15853
5.11781
5.0718
5.08469
5.15839
5.20068
5.25155
5.16665
5.06736
5.00383
4.9998
5.06418
5.12501
5.28663
5.2954
5.13939
5.08802
5.14475
5.19435
5.16601
5.15144
5.18046
5.16254
5.10505
5.04465
4.96692
5.06119
5.17703
5.12651
5.09583
5.15201
5.20398
5.20291
5.10123
5.11844
5.21457
5.13678
5.09639
5.21018
5.29759
5.26179
5.15163
5.08
4.966
5.04322
5.22547
5.19054
5.23327
5.18997
5.12885
5.16847
5.09841
5.05904
5.07462
5.13276
5.25445
5.2751
5.31456
5.21828
5.18857
5.30601
5.18836
5.16552
5.27359
5.27006
5.20629
5.12153
5.14274
5.15497
5.08907
5.11704
5.14974
5.01066
4.92873
5.07076
5.22279
5.23988
5.23778
5.18213
5.01832
4.97718
4.95758
5.05301
5.24003
5.27448
5.29029
5.1567
4.91053
5.019
5.15708
4.81602
4.71965
5.06656
5.31344
5.36019
5.32748
5.33466
5.27144
5.19193
5.22734
5.25652
5.22894
5.03352
5.03717
5.22526
5.30821
5.37292
5.39699
5.24897
5.23171
5.30432
5.33874
5.38288
5.41609
5.4129
5.10669
4.94002
5.10311
5.04923
4.9782
5.13072
4.79557
4.29912
4.39085
4.66214
4.98131
5.20354
5.14156
5.2016
5.18587
5.17791
5.19328
5.23093
5.31911
5.3352
5.08705
4.84254
4.98439
5.22712
5.19246
4.98025
4.68315
4.79234
5.05463
4.74606
4.47893
4.38256
4.2161
3.67482
3.50915
3.98368
4.12458
3.58867
3.27806
3.72266
4.0282
3.72093
3.83278
3.78733
3.68217
4.08704
4.67672
5.14965
5.46653
5.481
5.36584
5.40954
5.39614
5.43486
5.55531
5.55874
4.9089
4.69381
4.86307
4.90657
5.27514
5.50879
4.8535
4.45167
4.69159
4.69529
4.67398
4.03249
3.73152
4.18033
4.68668
5.19445
5.34818
5.18943
5.2071
5.26716
5.2593
5.44646
5.70734
5.68384
5.52709
5.48274
5.46745
5.48309
5.51245
5.64546
5.57103
5.43601
5.3722
5.29393
5.14058
5.00199
5.04114
5.04358
5.15435
5.26862
5.2062
5.14175
5.20985
5.25516
5.22173
5.364
5.45534
5.34908
5.33706
5.39738
5.19748
5.21926
5.58421
5.7097
5.4799
5.50076
5.70604
5.51429
5.42915
5.41496
5.56932
5.8416
5.72836
5.63978
5.6524
5.50992
5.51695
5.71504
5.68024
5.52966
5.5227
5.66405
5.75803
5.65772
5.72014
5.94332
5.9337
5.85124
5.73086
5.59064
5.53041
5.67722
5.65366
5.49304
5.52286
5.45476
5.1692
4.97076
5.29378
5.69583
5.6866
5.72615
5.71773
5.09941
5.02403
5.56746
5.71125
5.69387
5.68284
5.72729
5.75152
5.63374
5.52187
5.5261
5.50822
5.54413
5.60897
5.55065
5.48459
5.46786
5.46481
5.48826
5.46436
5.52082
5.57466
5.55335
5.65507
5.71809
5.58495
5.56779
5.56152
5.55426
5.6184
5.58956
5.63507
5.61032
5.57459
5.6506
5.61252
5.62775
5.67537
5.59697
5.3817
5.39697
5.59225
5.62458
5.71489
5.73255
5.60372
5.54683
5.44728
5.32181
5.48019
5.60702
5.58832
5.61307
5.56344
5.5639
5.54797
5.52981
5.47244
5.46763
5.65501
5.75038
5.65758
5.34649
5.23866
5.40919
5.5599
5.61859
5.6268
5.57196
5.44391
5.39248
5.42454
5.48635
5.57303
5.53379
5.54796
5.46347
5.1653
5.30047
5.58811
5.5378
5.49472
5.47091
5.48177
5.61241
5.59495
5.45886
5.48301
5.50734
5.40241
5.44222
5.55414
5.54951
5.58525
5.59273
5.41139
5.32739
5.24779
5.28432
5.41098
5.4952
5.61188
5.68008
5.6199
5.50841
5.49395
5.49771
5.51236
5.50318
5.58853
5.51882
5.32265
5.35547
5.3827
5.37252
5.42966
5.47197
5.60925
5.77871
5.7804
5.62629
5.4783
5.42788
5.51507
5.50524
5.40454
5.49651
5.50022
5.28155
5.23722
5.30494
5.36589
5.43099
5.4567
5.46132
5.50552
5.5005
5.48607
5.48808
5.4616
5.49955
5.47969
5.50694
5.58992
5.56725
5.48798
5.52863
5.50214
5.48676
5.53081
5.55335
5.50365
5.45047
5.48909
5.44797
5.45758
5.45079
5.46898
5.40596
5.42013
5.46297
5.37278
5.32778
5.25961
5.28191
5.35797
5.33077
5.43098
5.63814
5.64591
5.5463
5.47076
5.41512
5.41405
5.46529
5.53325
5.51561
5.52521
5.50931
5.40969
5.40685
5.40963
5.4874
5.51222
5.49399
5.61328
5.66269
5.34262
5.27405
5.52411
5.58137
5.5335
5.45069
5.45661
5.54562
5.51181
5.40866
5.48178
5.55337
5.4861
5.49665
5.54075
5.58516
5.53434
5.47495
5.46766
5.44949
5.45457
5.48289
5.50726
5.5654
5.61356
5.47726
5.43899
5.44364
5.45509
5.50794
5.42785
5.34287
5.40732
5.5252
5.53638
5.46665
5.40123
5.40192
5.39896
5.41702
5.5408
5.58081
5.37542
5.24246
5.32324
5.36249
5.35832
5.32342
5.36069
5.45039
5.46002
5.48175
5.48357
5.36875
5.36517
5.4135
5.39613
5.40272
5.39995
5.52201
5.55783
5.36128
5.34295
5.42239
5.39699
5.36671
5.3706
5.37382
5.43704
5.60764
5.62001
5.52801
5.45578
5.45342
5.29671
5.27828
5.45395
5.49107
5.5423
5.52576
5.47596
5.35398
5.32276
5.44634
5.43623
5.4276
5.57835
5.60249
5.44745
5.39881
5.44971
5.43286
5.42787
5.43907
5.44627
5.50434
5.45805
5.40842
5.40558
5.3735
5.18559
5.12229
5.05468
5.06341
5.36144
5.45975
5.52567
5.58232
5.42218
5.28018
5.29978
5.37743
5.4327
5.45653
5.45073
5.45357
5.50126
5.46229
5.4299
5.46288
5.46023
5.45589
5.44073
5.41489
5.45133
5.49392
5.49098
5.49485
5.41922
5.38848
5.37061
5.32368
5.26572
5.33419
5.46102
5.50673
5.5025
5.452
5.49277
5.45053
5.21904
5.15104
5.33393
5.44224
5.52636
5.54617
5.47122
5.35355
5.31882
5.33725
5.36197
5.33934
5.30398
5.45212
5.41801
5.37616
5.41634
5.37501
5.37827
5.40754
5.42101
5.30488
5.34004
5.45085
5.47432
5.47941
5.43783
5.47857
5.44915
5.33733
5.33773
5.41108
5.51736
5.50491
5.27884
5.22917
5.34328
5.33461
5.35596
5.41913
5.43291
5.47016
5.55874
5.48083
5.34917
5.41014
5.4567
5.43407
5.41246
5.43137
5.48581
5.49609
5.38207
5.35586
5.44058
5.42539
5.44793
5.47857
5.38286
5.39023
5.5309
5.58583
5.54577
5.49756
5.44613
5.43458
5.31489
5.28124
5.44848
5.45609
5.36502
5.37608
5.41228
5.38236
5.38615
5.41839
5.31684
5.2557
5.37874
5.44369
5.41753
5.25065
5.21228
5.33167
5.34914
5.34666
5.31561
5.35784
5.38462
5.39639
5.39424
5.41269
5.47711
5.43353
5.4197
5.45962
5.50893
5.43682
5.39184
5.37527
5.21075
5.17032
5.27409
5.21165
5.21854
5.43608
5.45344
5.37707
5.43653
5.40859
5.30512
5.2624
5.31935
5.4149
5.49561
5.54708
5.57785
5.52714
5.4367
5.45536
5.39206
5.35342
5.36996
5.35738
5.31813
5.36429
5.39552
5.31518
5.33338
5.43877
5.53119
5.53989
5.42566
5.35398
5.46998
5.55176
5.52
5.45406
5.44447
5.36813
5.31789
5.42828
5.61282
5.62306
5.50859
5.4563
5.39366
5.33112
5.29169
5.36486
5.40377
5.41426
5.41935
5.3659
5.24572
5.27038
5.37312
5.20713
5.21896
5.24579
5.18268
5.38231
5.49137
5.46282
5.47121
5.33699
5.25123
5.23915
5.22745
5.31399
5.40925
5.4565
5.50992
5.45038
5.2723
5.30325
5.40476
5.44952
5.47365
5.42963
5.48322
5.64395
5.60456
5.48616
5.39919
5.33083
5.30836
5.29483
5.32221
5.26382
5.3198
5.49064
5.46056
5.44222
5.42841
5.33174
5.3408
5.38844
5.36581
5.32051
5.36243
5.48097
5.49024
5.40406
5.35349
5.31391
5.2915
5.31214
5.2899
5.25129
5.3245
5.40755
5.4623
5.42069
5.30328
5.23686
5.25689
5.29925
5.36412
5.35805
5.27865
5.29032
5.31964
5.33225
5.30254
5.41762
5.45798
5.23947
5.23212
5.30421
5.20536
5.17764
5.22825
5.22865
5.17016
5.24319
5.40618
5.4238
5.35825
5.38912
5.435
5.48659
5.42298
5.27553
5.29824
5.3385
5.42067
5.431
5.36312
5.16212
5.16237
5.30238
5.25307
5.27414
5.35983
5.43379
5.387
5.43889
5.5452
5.50044
5.31764
5.27649
5.33423
5.14402
5.09326
5.2571
5.37509
5.51794
5.4432
5.40485
5.36367
5.34043
5.45035
5.40733
5.32233
5.31307
5.38193
5.38889
5.33803
5.25298
5.3135
5.41809
5.36242
5.3209
5.34145
5.3006
5.28463
5.39113
5.37395
5.26571
5.2604
5.24029
5.28761
5.35861
5.29494
5.28886
5.29525
5.31734
5.35965
5.35234
5.31766
5.18815
5.14544
5.22802
5.27351
5.31783
5.33518
5.28095
5.25906
5.35713
5.4556
5.487
5.40788
5.35946
5.42438
5.3687
5.25635
5.29886
5.36036
5.39676
5.49153
5.51545
5.38599
5.29421
5.32947
5.34498
5.34339
5.36136
5.2782
5.23884
5.31426
5.31523
5.34549
5.36692
5.39674
5.42392
5.38872
5.41787
5.42217
5.47235
5.57296
5.47318
5.34084
5.31389
5.3249
5.27525
5.2608
5.35937
5.417
5.48455
5.53056
5.43258
5.42083
5.46964
5.36286
5.37243
5.49419
5.55736
5.57605
5.47842
5.42558
5.30408
5.16245
5.27844
5.43213
5.43311
5.47828
5.49378
5.45423
5.4248
5.33712
5.25755
5.27355
5.34942
5.39639
5.47692
5.46048
5.30856
5.29583
5.08072
5.09299
5.24288
5.24548
5.36452
5.27599
5.2904
5.40302
5.45792
5.44978
5.4017
5.36278
5.2884
5.34741
5.41655
5.27624
5.26714
5.36263
5.34576
5.28961
5.31939
5.37673
5.35959
5.37572
5.38144
5.34392
5.28709
5.32163
5.4419
