9.09431e-312
inf
1.77849
5.54244
6.22099
7.47275
7.57645
7.50317
8.03364
7.94508
7.40127
7.59812
7.60503
7.26219
7.35054
7.17705
6.8734
6.95841
7.00616
6.82643
6.27981
6.04805
6.41472
6.97744
6.9858
6.75121
7.06596
7.31625
7.30311
7.09112
7.13587
7.21118
7.23204
7.12162
6.72294
6.70565
6.84505
7.00646
6.99384
6.76453
6.81025
6.85079
7.0207
7.15671
7.26314
6.69183
6.2627
6.61636
6.5735
6.39818
6.60746
6.95541
7.18773
7.26472
7.22293
7.06961
6.90801
6.80744
6.53083
6.01383
5.77022
5.89812
6.14139
6.71878
6.84981
6.60572
6.87815
6.78329
6.8565
7.56381
7.81543
7.41801
6.99829
7.16592
6.69104
5.89294
5.99835
6.7838
6.86262
6.44319
6.99281
7.40439
7.11767
6.95294
6.70686
5.81176
6.04084
7.41776
6.42356
5.70247
6.21952
6.62127
6.70077
7.07772
6.26068
5.717
6.24231
6.6848
7.18843
7.04555
5.94325
5.53466
5.92233
6.85763
7.64503
7.41021
6.99318
6.6817
6.79216
7.39902
7.9326
7.80607
7.79484
6.75523
6.3012
6.5743
6.53321
7.06095
7.59446
7.5454
7.57808
6.99834
6.22121
5.69952
6.18804
6.88274
7.05291
7.22194
6.07069
5.84191
7.00626
7.43846
6.68085
6.65354
6.99347
7.1451
7.01555
6.51302
6.49785
6.6433
6.37745
5.86887
5.0606
5.15378
5.1684
5.30818
5.91686
5.84833
6.59029
7.20435
7.3038
7.6017
6.9558
6.10091
6.04615
6.61588
7.18105
6.57668
6.28557
6.72567
6.59637
6.90431
6.5216
6.31744
7.04057
7.26053
7.16404
6.67566
6.3756
6.54099
7.03802
7.50728
7.72347
7.63137
6.88594
6.12612
6.17606
6.08014
6.01768
5.41675
5.53234
6.45507
6.08012
6.43145
6.98629
6.65263
6.92348
7.54774
7.60786
7.2873
7.33122
7.2161
6.77195
6.61028
6.50955
6.34337
6.07137
6.59944
7.17419
7.26911
7.53608
7.5521
7.52641
7.5408
7.16705
7.05331
6.54104
6.01831
5.89008
6.31644
7.36499
7.43694
7.26396
7.44241
7.31408
7.21014
7.65811
7.60034
7.35613
7.57935
6.92744
6.30211
6.10566
6.17366
6.53706
6.68518
6.85904
6.59739
6.61284
6.48407
6.67617
7.28436
7.24556
7.27061
6.15441
5.70776
5.93593
5.97586
5.78242
5.73243
6.30778
6.90157
6.9273
6.59404
6.79553
7.213
7.33124
7.28367
6.66927
6.34496
6.46287
6.76663
7.77143
8.21379
8.18518
7.91311
7.18915
6.69615
6.86867
7.30885
7.64897
6.83146
6.18064
6.52929
7.54714
8.50412
8.09795
8.01902
8.14687
8.35652
8.37219
8.36768
8.54792
8.47695
8.52482
8.44912
8.48756
8.06943
7.59229
7.63537
7.12471
7.21652
8.22291
8.34993
8.26692
8.4064
8.47142
8.54157
8.3763
8.40597
8.13154
8.10419
8.23418
7.95298
7.54811
7.22703
6.92506
7.48063
8.39994
8.26306
8.22115
8.3968
8.52569
8.36012
8.47174
8.37514
8.25498
8.38624
8.53592
8.03703
7.44677
7.00781
7.23568
8.1056
8.26559
8.06637
8.3157
8.4611
8.36939
8.51466
8.45684
8.39719
8.30858
8.2701
8.24698
8.22088
8.34366
8.28343
7.80229
7.33719
7.19562
7.77774
8.40018
8.37202
8.51176
8.45498
8.28617
8.27065
8.33347
8.28415
8.31729
8.59346
8.0491
7.60604
7.33861
7.0431
7.69225
8.2906
8.29256
8.46042
8.42943
8.4726
8.48184
8.45041
8.404
8.28796
8.41878
7.90648
7.25037
7.38359
7.90648
8.35617
8.44409
8.5442
8.33629
8.15637
8.1715
7.88672
8.22676
8.51361
8.36631
8.45391
8.49109
8.3907
8.37272
7.97725
7.1027
6.97676
7.58484
7.98639
8.31833
8.42765
8.23621
8.42822
8.32664
8.23934
8.42861
8.33625
8.50582
8.22466
7.38705
6.31251
5.86564
6.28998
6.72106
6.39145
6.69492
7.06452
6.89073
7.00157
7.28502
7.68421
7.40302
7.25389
7.37768
6.85495
6.30479
6.30177
6.79599
7.28818
7.28632
7.52763
7.15856
6.98224
7.29017
7.65038
8.14551
8.1482
7.6216
7.17479
6.86495
7.17891
7.93931
8.12955
8.22636
8.48763
8.42024
8.39937
8.39352
8.3083
8.1933
8.00974
7.31912
6.34979
6.26456
6.25029
6.26213
7.1475
7.62381
7.32389
7.39659
6.93594
6.42273
6.87441
7.15579
7.08318
7.23518
6.72635
6.19598
6.17225
6.66087
7.055
7.11362
7.4638
7.55333
7.50579
7.55849
7.52063
7.64853
7.57011
7.44982
7.02136
6.59378
6.61719
6.35112
6.41433
7.04781
7.10157
7.15459
7.00025
6.44999
6.56849
6.9403
6.6666
6.17955
6.17774
6.56334
5.77257
5.58382
6.63528
7.33902
7.70683
7.30463
6.60742
6.4176
6.71908
7.39068
7.20516
6.98656
6.62412
6.49551
6.79553
7.16348
7.61458
6.60027
6.53362
6.91376
7.03017
7.59192
7.79703
7.62082
7.42724
7.86903
7.77729
6.83871
6.59772
6.96884
7.50176
7.86337
7.72251
7.82892
8.04298
7.92318
8.13028
8.03164
7.71382
7.92145
7.82653
7.80308
7.22426
6.52116
6.75781
7.57381
8.19938
8.12665
8.01529
7.8596
8.08734
8.37146
8.40877
8.26187
7.92462
7.91142
8.18786
7.18584
6.72066
7.01336
7.44937
7.97839
7.75657
7.85509
7.72789
7.81018
8.2291
8.01064
8.04531
8.01388
7.97006
8.14727
7.59402
6.94483
6.73934
6.72687
7.28205
7.91311
7.93389
8.34074
8.46511
8.16773
8.12387
7.58202
7.82696
8.05789
7.55612
7.52731
7.14005
6.87725
7.46979
7.97229
8.18331
8.33208
8.1605
8.23696
8.30003
8.41981
7.81705
7.42945
7.75365
8.02807
8.09979
7.69104
7.08627
7.0004
6.95367
7.19078
8.0142
8.21497
8.29187
8.16753
7.95422
8.02076
7.94745
8.1606
8.36743
7.81238
7.42132
6.90481
6.65009
6.91324
7.49929
7.64625
7.7201
7.67548
7.6319
8.07308
7.86392
8.01301
8.10659
8.22318
8.07054
7.66049
7.07059
6.63883
6.87415
7.50444
7.8468
7.86176
8.19454
7.98776
7.84705
8.12797
8.16837
8.10478
7.79797
7.85768
8.22017
7.78283
7.08981
6.98602
7.16096
7.8345
8.25546
8.02266
7.97334
7.69482
7.709
8.05208
7.95561
8.01799
8.26177
8.2915
7.54247
6.96006
7.0827
6.80992
6.94828
7.72577
7.83696
7.55065
7.96093
8.23557
8.15894
7.79235
7.59472
8.05137
8.0243
7.63132
7.20521
6.92291
6.39511
6.89016
7.93487
8.04651
8.22439
8.21774
8.44752
8.36019
7.96657
8.06078
8.19296
7.90567
7.8596
7.33692
7.15272
7.07922
6.68568
7.4657
8.33184
8.19484
8.10793
8.07256
8.13365
8.01745
8.06809
8.10931
7.73303
7.92663
8.31981
8.03733
7.55704
6.66056
6.17684
6.91322
7.8517
8.14876
8.13587
8.03055
8.31646
8.14654
7.89116
7.7834
7.57458
7.5537
7.12631
6.5271
6.24643
6.56689
7.15948
7.72025
8.1078
7.88659
8.11754
8.28078
8.18307
8.14903
8.0197
8.29927
8.20563
8.05455
7.8647
7.24932
7.11341
7.22118
7.38195
7.6993
7.9082
8.20059
8.2713
8.09812
8.16273
7.6032
7.61829
8.24035
7.93849
7.32665
6.75918
6.64823
7.55892
8.34916
8.3423
8.25907
8.02262
8.21021
8.22768
8.33045
8.3647
8.16687
7.89512
7.77916
7.21113
6.91616
7.11835
7.54714
8.1607
7.96381
8.14724
7.81219
7.78416
8.3848
8.26084
8.30617
8.19508
8.05503
8.05646
7.97836
8.11557
8.0513
8.16487
8.36565
8.42041
8.34383
8.07109
8.11497
8.20133
8.27869
7.72099
7.71498
8.36551
8.21463
8.19031
8.13885
8.05604
8.03749
7.95131
8.08104
8.02224
8.01102
8.14432
8.0372
8.0272
7.93941
8.07617
8.26446
8.13094
8.3568
8.32896
8.27452
8.09389
8.0562
8.07676
8.03658
8.04991
7.89802
7.96175
7.77545
7.79068
7.97725
8.031
8.11741
7.55421
7.43088
7.96699
8.07034
7.9899
8.06653
8.12622
8.11652
8.06835
7.68882
7.76114
7.6937
7.66439
7.96965
7.61774
7.63502
7.67486
7.39038
7.82023
7.87113
7.47507
7.66495
7.89397
7.38978
7.5942
8.22757
8.29036
8.17899
8.06966
8.28559
7.87535
7.88485
8.07497
7.99006
7.90517
7.59596
7.66736
7.77324
7.76316
7.72693
7.60491
7.36
7.54942
7.83116
7.72079
7.61754
7.59247
8.06891
8.29628
7.84009
7.8664
7.7243
7.7193
7.98952
8.00948
8.06624
7.74969
7.89344
7.87631
7.7532
8
7.87101
7.77542
7.77073
7.69308
7.87154
7.70951
7.64511
8.04988
7.96943
7.855
7.66172
7.64619
7.99613
7.77164
8.04735
8.24552
7.71718
7.98231
8.2659
8.18294
8.10521
7.80223
7.95627
7.94695
7.94193
7.85503
7.77499
8.12437
7.79107
7.78404
7.85401
7.38913
7.78465
8.21295
7.93818
8.07983
8.12384
8.07376
7.86646
7.59777
7.95298
8.26702
8.37097
8.25413
8.12028
8.07911
8.08309
8.32806
8.11392
8.08538
8.25426
8.13613
8.11573
8.14558
8.26853
8.35028
8.09602
8.13736
8.25542
8.26966
8.05215
7.88983
7.85333
7.91784
8.3043
8.0752
8.05176
8.21602
8.07415
7.81213
7.67321
7.58271
7.75858
8.04036
8.18106
8.10005
8.04725
8.20096
7.71983
7.72102
7.81073
7.71804
8.18341
8.21355
8.19504
8.31328
8.01183
8.17207
8.18837
8.17949
8.2763
8.1931
8.25505
8.1493
8.04952
8.11014
8.51691
8.61857
8.43636
8.68983
8.77894
8.65546
8.4207
8.17254
8.27366
8.525
8.44684
8.23676
8.52795
8.29638
8.30034
8.29913
8.12249
8.39137
8.2086
8.49408
8.55011
8.48983
7.87327
7.16466
7.8983
8.56355
8.58771
8.49571
8.49441
8.79275
8.58391
8.0478
7.71423
8.19679
8.49831
8.34634
8.64013
8.71289
8.67852
8.11264
7.46416
7.1734
7.03943
7.76325
7.99901
7.79235
8.09025
8.23744
8.5365
8.57725
8.30168
8.45974
8.65782
8.68738
8.60807
8.44149
7.80613
7.146
7.27508
7.77019
8.18645
8.4641
8.05876
7.92701
8.11399
7.78077
7.89185
7.67404
7.40467
8.06614
8.46661
7.81174
6.98402
6.70127
7.37784
7.98116
7.84665
7.97134
8.09052
8.3229
8.17692
7.99335
8.1478
8.24701
8.62683
8.53494
8.21203
8.27671
7.39079
6.98849
6.9801
7.096
8.24725
8.68187
8.72829
8.66101
8.5337
8.49892
8.40333
8.44584
8.11392
7.26953
6.73079
6.66149
6.30151
6.90512
8.0679
8.40859
8.57703
8.09392
8.12282
8.33045
8.54412
8.6247
8.12358
7.43776
6.87014
7.17363
7.65117
7.15615
6.5686
6.38794
6.84873
6.69826
6.47912
7.44993
7.76768
7.41045
7.26491
7.02985
7.49968
7.77874
7.81635
8.14634
7.15622
6.09342
6.90667
8.26098
7.1077
6.67303
7.16194
7.43879
7.72031
7.76361
7.98588
7.41177
7.18344
7.02388
6.81903
7.23319
7.76995
8.53326
8.42304
8.46299
7.99706
7.63639
8.11952
8.11224
8.35652
8.12051
7.42443
7.75173
7.75585
7.23948
6.92418
6.49001
7.1462
8.22379
7.46762
7.46517
7.70983
7.88149
8.60852
8.62727
8.60137
8.26761
7.11114
7.47949
8.11797
6.26949
5.64721
6.52797
7.07667
7.02615
7.54347
7.98113
8.26241
8.50915
8.57181
8.40714
8.18284
8.49748
8.13938
8.07666
8.05027
7.11346
6.7432
6.99766
7.43099
8.05854
8.1487
7.9747
8.38701
7.89363
7.85068
7.97671
7.68548
8.01526
7.67583
7.67996
7.44062
6.27618
6.32093
7.62422
8.05471
7.99083
7.89762
7.51188
7.40187
7.53875
7.74377
7.83966
7.54512
7.39544
7.19642
6.53377
6.79599
7.90883
8.35104
8.24851
7.90589
7.89896
8.12077
7.81012
7.79205
7.88314
7.73452
7.88942
7.80196
7.32668
7.00305
6.69662
6.69313
7.5012
7.57668
7.48898
8.37202
8.13713
7.60627
7.78722
8.13038
8.31293
8.26419
8.3524
8.22237
7.15261
6.60129
7.31454
7.93135
8.22297
8.20439
8.02562
8.21818
7.91387
7.8261
8.02562
8.27397
7.89718
6.96823
6.6761
6.54341
6.44409
6.30559
6.96697
8.0436
7.91995
8.13256
8.10931
8.13792
8.21089
7.86071
7.63796
7.80683
7.98834
7.86853
6.9358
6.68568
7.01769
7.25739
7.95131
7.99185
7.90442
8.16663
8.07331
7.92475
7.97509
7.96105
7.88193
7.69352
7.76657
7.13621
6.62247
6.96706
7.5549
7.80326
8.02723
8.34331
8.39081
7.71337
6.99169
7.01184
6.93243
6.78191
7.29312
7.68956
7.0545
6.93462
7.05652
7.34379
7.58222
7.52482
7.66851
7.90164
8.03374
7.96023
7.92126
7.69009
7.9654
8.22267
8.05821
7.27281
6.88139
7.25005
7.4937
7.76771
8.078
8.08345
7.60479
7.77466
8.02504
8.02533
7.95384
7.40636
7.74425
8.02903
7.79029
7.69918
6.90954
6.43633
6.98119
7.61777
7.83414
7.71016
7.616
7.8646
7.95235
8.31632
7.93248
7.4257
7.44571
7.24152
6.55729
6.34643
6.80527
7.43
8.09536
8.09854
6.98988
6.57354
7.64041
8.26689
8.24623
6.87427
5.91394
6.19899
6.38425
6.73027
7.0139
7.58406
8.22842
8.30448
8.27979
7.99076
7.15722
6.76128
7.07136
6.75897
6.72742
6.8927
6.45684
6.36483
6.50151
6.43857
6.48254
7.03888
7.46851
7.53497
7.41587
6.89322
6.9218
7.07191
7.3544
7.73168
7.22535
6.61529
6.77853
7.38307
7.88619
8.1684
8.15272
8.06533
8.03248
8.02874
7.96384
7.77835
7.85722
7.03809
6.42661
6.44197
6.07454
6.27737
6.73403
6.68644
7.35235
7.19189
6.26745
6.34445
6.85996
7.05201
6.84737
7.30554
6.2551
5.76165
5.72097
5.45216
5.75195
6.00336
6.25812
6.05142
6.00662
6.28437
5.88223
5.63749
5.85083
5.6899
5.6137
6.23327
6.90865
7.00609
7.23241
6.87741
6.70318
7.3245
7.85503
7.13297
6.68637
6.92334
7.04516
7.59679
8.49517
8.48569
7.48548
7.36689
8.14664
8.65246
8.71304
8.61516
8.56227
8.25307
8.20079
8.30093
8.5503
8.40188
7.9207
7.94474
8.27979
8.69592
8.71429
8.58295
7.63843
6.95492
7.76931
8.00564
7.71659
8.17117
7.94919
7.98677
8.23486
8.03523
8.22061
8.37107
8.31314
8.36376
8.53971
7.48789
6.58575
6.59578
6.56416
6.59959
7.34792
8.53566
8.60145
7.91324
7.67757
7.53653
7.74656
7.78471
7.99747
8.81799
8.76474
8.6485
8.52348
8.53818
8.59339
7.48907
6.85253
7.61125
8.2332
7.79363
7.73249
7.88721
7.13071
6.96954
7.66049
8.38413
8.75251
8.81998
9.00658
8.90464
8.71665
7.75549
7.60361
8.46858
8.50981
8.40093
8.09228
7.98034
8.31007
8.36922
7.88121
7.99575
8.30534
8.59236
8.55703
8.52166
8.57809
8.4162
7.89101
7.34711
8.13507
8.57699
8.40937
8.71707
8.82605
8.86949
8.74221
8.85496
8.8851
8.84318
8.55315
7.34419
7.26343
8.09399
8.58516
8.87812
8.87859
8.96777
8.09579
7.67292
7.96083
8.30158
8.90789
8.81582
8.96483
8.99297
8.98279
8.95472
9.01161
8.87382
7.84914
7.64155
8.24579
8.77228
8.84506
8.87186
8.84619
8.7789
9.11087
9.07968
9.04507
8.7967
8.58487
7.85605
7.16784
7.70487
8.02256
8.1214
8.40983
8.4782
8.40728
8.30682
8.35265
8.50959
8.89858
8.8763
8.77917
8.63036
8.78511
8.90642
8.72501
8.32317
7.51182
7.77705
8.58712
8.83771
8.95023
8.82488
8.82142
8.83853
8.84709
8.65467
8.70735
8.81465
8.11534
7.16191
6.53571
6.90295
7.76265
8.15049
8.2226
8.23852
8.62285
8.11119
8.03097
8.73023
8.52915
8.63834
8.74967
8.88932
8.85779
8.7439
8.67995
8.45938
8.6772
8.45963
7.62175
6.79071
6.43337
6.69487
7.04508
7.22092
7.46255
7.72807
7.49095
7.35148
7.8747
8.10787
8.07591
7.60569
7.20716
7.48131
7.44405
6.66334
6.73376
7.56227
7.65014
7.86046
6.75836
6.37022
7.1474
6.19796
6.1064
7.19401
7.91681
7.69624
7.50641
8.27434
8.57383
8.25832
8.20718
8.56201
8.8243
8.62768
8.58848
8.68014
8.78175
8.73256
8.80158
8.69161
8.43857
8.73622
8.72642
8.6479
8.36803
8.41981
8.51172
8.24331
8.38733
8.50174
7.98384
7.05793
6.76176
6.8515
6.9309
7.69909
7.68005
7.63802
8.11893
7.89431
7.71941
7.37594
6.73462
6.67555
6.80656
7.50331
7.78025
7.46595
7.39033
7.36882
7.07484
6.87916
6.96527
6.61855
7.10111
7.77638
7.822
7.28409
6.69804
6.66791
7.33993
8.13868
7.86055
7.20248
7.38683
8.39976
8.51317
7.88958
7.89677
7.79852
7.7243
7.488
7.19637
7.87361
8.39874
8.36869
8.67374
8.46866
8.41825
8.41694
8.06917
7.27826
6.86269
6.71364
6.75888
7.19476
7.08306
6.6093
6.93291
7.25224
6.92408
7.35903
8.24474
7.97108
7.21402
7.80768
7.99329
7.17733
7.62497
7.65855
7.35335
8.01041
7.68102
7.47675
8.28349
8.55117
7.90951
8.09075
7.9154
7.50117
7.72138
8.21153
8.29934
7.1779
6.71019
6.39321
6.45049
7.29392
7.64576
8.0638
8.15348
8.07008
8.14266
6.99783
6.46536
6.86547
7.34732
7.35562
6.94444
6.58753
6.71204
7.58763
8.23072
7.6678
7.56607
7.45862
6.63768
6.12006
6.47639
7.07511
6.80517
6.98134
7.71849
8.20725
8.49073
8.63304
8.62106
7.86046
7.11248
6.8861
6.95043
6.83478
6.75673
6.68311
5.9935
5.84206
6.83765
7.31355
6.85822
7.53628
7.36477
7.31248
8.57567
8.66401
7.96562
7.05911
7.42804
8.35523
8.47788
8.48651
7.345
7.20565
8.08016
8.18987
7.12426
6.92552
7.16448
6.67998
6.7387
6.84009
6.82617
6.90274
7.91049
8.77512
8.73309
7.49353
7.26306
8.538
8.67472
8.71331
8.04408
7.60696
8.35307
8.49329
6.92063
6.71585
7.36784
7.7939
8.17511
7.37605
7.38861
8.31601
7.65129
7.13269
7.34395
7.00302
6.45588
6.75064
7.60633
7.89216
8.30523
8.21514
8.55
8.41786
8.09917
8.52889
8.5862
8.43409
7.77025
7.68244
7.80387
7.04853
6.8703
6.97058
6.8885
7.01811
7.1625
6.96006
6.86582
7.19699
7.05144
7.1691
7.2545
7.06911
6.88497
7.08629
7.2199
7.43937
8.57806
8.8964
8.80561
8.64921
8.56586
8.81457
8.7421
8.84666
8.87961
8.85775
8.48969
8.48565
8.67434
8.53978
8.79511
8.511
8.68659
8.98642
8.94839
8.8331
8.89308
8.61612
8.46074
8.8039
8.69448
7.8472
6.95495
6.63645
6.8947
6.92276
6.68834
6.87711
6.94625
7.19114
7.61681
7.24037
6.99298
7.53142
7.63615
7.46508
7.88404
7.9647
7.7905
8.30072
8.40103
8.37202
8.46593
8.42559
8.44612
8.65097
8.35568
8.10787
8.439
8.03878
8.26429
8.68146
8.69331
8.86077
8.72368
8.73355
8.61679
8.58104
8.59217
8.72833
8.80448
8.41078
7.45988
6.9626
7.05455
7.25387
7.48747
7.38522
6.67588
6.26906
6.34152
6.94153
7.31117
7.63697
8.66683
8.76432
8.97493
8.85171
8.65175
8.72132
8.66476
8.74734
8.58494
7.82102
7.38975
8.0502
8.84776
8.07627
6.61923
6.27058
7.2843
7.35627
6.58757
6.78279
6.76553
6.86429
7.36545
7.21954
7.01661
6.83971
6.57471
6.58558
7.12248
7.03886
6.64194
6.60969
6.95442
7.65448
7.93169
8.09703
7.89039
7.4713
7.63624
8.11926
8.48969
8.52068
8.63424
8.50981
7.46132
6.76117
6.52733
6.24612
6.37466
