4.08776
279.252
350.939
570.613
723.327
766.284
755.287
737.735
760.746
797.766
827.13
846.024
864.678
705.467
692.041
825.083
828.157
827.472
834.376
833.681
839.631
884.173
938.526
925.926
868.056
649.773
614.817
819.672
916.17
882.613
881.834
792.707
772.201
807.102
796.813
440.82
354.045
530.363
645.161
652.103
640.82
658.111
776.397
583.431
586.51
839.983
894.055
672.269
368.46
405.927
744.325
800
525.762
521.921
829.876
820.345
827.815
890.869
836.82
825.423
881.446
882.223
896.057
604.778
584.795
799.361
808.407
861.698
622.859
599.88
265.428
264.306
798.403
775.494
766.284
829.531
911.993
899.281
858.001
830.91
810.045
694.203
702.988
794.913
761.325
281.611
259.504
452.489
388.954
439.85
518.001
626.37
535.619
416.927
504.414
697.107
822.03
821.018
817.327
848.896
861.698
853.607
852.515
851.064
853.971
868.056
680.272
662.032
821.693
604.23
552.639
606.796
594.177
703.482
832.986
723.851
662.252
795.545
906.208
917.011
933.707
901.307
899.685
900.09
896.057
929.8
902.527
847.099
609.57
621.118
896.057
919.963
937.207
933.271
909.091
793.966
715.308
792.707
863.185
712.504
561.482
291.588
176.507
220.289
508.388
767.46
677.966
513.084
433.088
246.124
285.429
833.681
860.956
874.891
612.745
613.497
860.585
873.744
833.333
808.081
877.193
956.938
1000.5
1052.63
1152.74
1208.46
1208.46
1189.06
1153.4
1150.09
1091.11
745.712
700.035
640.41
683.995
1128.67
1135.72
1143.51
1095.29
868.432
883.392
1047.67
1142.86
1204.09
1187.65
1215.81
1155.4
853.242
494.927
428.082
70.2914
72.5716
934.579
967.118
937.207
949.217
1044.39
1154.73
1201.2
1229.26
1250
1249.22
883.002
729.129
858.001
1079.91
1184.83
1194.74
1221.75
1224.74
1231.53
1251.56
1285.35
1281.23
1246.88
1243.01
1159.42
685.871
557.103
491.642
559.91
973.236
931.532
877.193
943.841
908.678
874.508
868.056
604.412
623.247
864.304
730.193
764.818
960.154
1046.57
1120.45
1166.86
1191.19
1194.03
1193.32
1199.76
787.402
694.927
932.836
1113.59
1191.19
1160.09
1131.22
1117.32
1121.08
1146.79
1173.02
1162.12
1133.79
1168.91
1212.86
851.064
628.338
747.105
1044.93
1074.11
1074.11
1034.13
945.18
929.368
980.873
1010.61
964.785
956.48
943.396
635.324
498.38
609.942
779.727
874.891
992.063
957.396
649.562
297.53
335.289
796.178
788.955
713.267
771.605
1068.38
1182.73
1168.91
1138.3
1173.71
1211.39
834.725
705.965
879.894
1032.52
1117.32
1164.14
1117.32
1123.6
1081.08
1043.84
1124.86
1183.43
1208.46
1189.77
1196.89
524.384
496.524
1066.1
1153.4
1161.44
1204.82
1161.44
1193.32
1213.59
1151.41
1190.48
1193.32
1186.24
1179.94
743.771
690.846
1017.29
1181.33
1143.51
1098.3
1146.79
1170.28
1196.89
1202.65
1198.32
1177.16
1150.09
1199.76
1203.37
1084.01
668.673
683.761
1106.81
1165.5
931.966
832.639
1041.12
1215.07
1175.09
1158.75
1131.22
1122.33
1192.61
1187.65
1038.96
862.441
901.713
1133.14
1231.53
1220.26
1233.81
1236.09
1251.56
1261.03
1250.78
1258.65
1269.04
1272.26
1234.57
1222.49
1160.77
997.009
890.472
948.317
1104.36
1204.09
1218.03
1213.59
1214.33
1212.12
1224.74
1106.81
884.564
894.855
1126.76
1134.43
1037.88
990.099
1030.93
1147.45
1221
1241.46
1218.77
1177.86
1179.25
1217.29
1240.69
1262.63
1263.42
1251.56
1250.78
1220.26
1085.19
659.848
658.111
1074.11
1196.17
1244.56
1234.57
1219.51
1246.88
1249.22
1240.69
1230.01
1049.87
947.418
974.659
580.046
520.156
822.707
1004.02
989.609
923.788
943.841
1046.57
1040.58
1048.77
1121.08
1138.3
1129.94
992.063
796.178
842.105
990.589
1034.13
1116.07
1118.57
1138.3
1146.79
1150.09
1155.4
1161.44
1097.09
1000
1030.93
914.495
888.099
1072.39
1075.85
982.318
1014.2
962.464
777.605
812.678
996.016
1069.52
1117.32
1164.82
1186.94
858.001
730.46
891.266
1053.74
1075.85
1083.42
1115.45
1089.32
850.702
674.992
760.456
1018.85
1175.09
1105.58
716.589
745.99
1168.22
1210.65
1259.45
1207
1144.82
1183.43
1182.73
1101.32
895.255
890.472
1104.97
1189.06
570.776
491.642
755.572
829.875
816.66
888.889
1090.51
1109.26
1053.19
1110.49
1121.71
1048.77
931.099
645.161
640.41
870.701
922.084
373.902
372.439
941.62
1037.34
1059.32
796.495
694.444
874.126
1096.49
1135.07
1121.08
1128.03
1182.03
1176.47
1114.21
870.322
819.001
925.069
933.707
824.063
844.595
993.542
1057.64
1120.45
1117.32
1146.79
1158.08
1164.14
1137.66
1130.58
1151.41
1135.07
1100.11
1119.19
1014.2
902.935
982.318
1083.42
1119.82
1110.49
876.424
759.59
870.322
1082.25
1088.14
1061.57
1128.67
1130.58
933.271
763.942
865.426
1026.17
1067.24
1181.33
1176.47
1149.43
1106.81
1103.75
1134.43
1124.86
1129.31
1151.41
1186.94
894.055
701.754
785.855
990.589
1081.08
1140.25
1136.36
1128.03
1147.45
1154.07
892.459
775.194
939.85
1084.6
870.322
751.315
898.473
1093.49
1079.33
950.119
990.589
1115.45
1159.42
1183.43
1191.9
1168.22
1117.32
1124.23
1151.41
847.099
756.144
904.568
1020.41
1068.95
1017.29
1077.59
1157.41
1135.72
1090.51
1076.43
1062.13
1085.78
1122.96
663.79
588.062
892.061
1004.02
983.284
1026.17
1044.93
1097.09
1154.73
1149.43
1131.86
1123.6
1179.94
1129.31
939.85
770.713
803.213
1001
1104.97
1075.85
1055.41
1053.74
1080.5
1154.73
1090.51
1057.08
1108.65
1038.42
971.817
768.935
783.699
1055.97
1101.32
1123.6
1163.47
879.894
780.945
997.009
1071.24
1077.01
965.251
886.918
840.689
742.942
856.164
1089.32
1109.88
1117.32
1156.07
1177.86
1133.79
1103.75
1139.6
1118.57
1111.11
1136.36
1149.43
973.236
710.732
762.486
992.063
1040.58
1116.69
1111.73
1156.07
1192.61
1171.65
1200.48
712.504
589.971
606.612
605.51
842.815
1053.74
1080.5
1050.97
1059.32
1135.72
1131.86
1140.25
1141.55
1124.86
1107.42
1126.13
1029.87
544.811
490.076
702.001
798.085
904.977
1008.06
1124.23
1138.95
1074.11
1034.66
1113.59
525.901
461.574
786.164
890.869
986.193
956.023
971.817
1006.04
977.04
1014.71
961.538
954.199
651.254
616.143
847.099
897.263
992.556
994.53
973.236
948.317
942.063
981.836
1027.75
1072.39
1147.45
909.504
739.645
868.056
1074.69
1184.13
1117.94
1074.69
1214.33
1262.63
1085.19
992.063
1068.95
1095.89
1077.59
1042.21
757.002
356.824
344.709
683.527
895.656
943.841
1009.08
825.423
751.033
718.907
749.064
995.52
1175.78
1103.75
973.71
985.222
1053.19
787.712
674.082
818.331
1037.88
1209.19
1110.49
736.106
700.035
959.233
1090.51
978.474
949.668
1066.67
1018.85
960.615
1007.05
1098.3
1158.75
1131.86
972.29
791.766
897.263
1159.42
1135.07
1038.96
1003.51
1093.49
1179.25
1242.24
1223.24
1205.55
1027.22
1000
786.782
580.889
727.537
1055.41
1077.01
1102.54
1109.26
1088.73
1158.08
1075.27
1011.12
1078.75
1102.54
1144.16
1114.21
950.57
816.327
845.309
956.023
1000.5
980.392
1018.85
1112.97
1102.54
1130.58
1179.25
1196.89
1131.86
1111.73
1098.9
757.289
714.796
978.474
1007.56
810.373
811.688
991.08
1005.03
1062.7
1199.76
1160.09
1184.13
1177.86
1129.31
792.707
709.22
1023.02
1097.09
1072.96
1122.96
1095.89
1157.41
1191.9
1193.32
1233.05
1182.73
1156.74
1243.78
1212.86
784.314
694.444
951.022
1050.97
1075.27
1128.67
1130.58
1140.25
1171.65
1053.19
816.66
814.664
983.768
1055.41
773.694
755.287
1045.48
1089.92
1080.5
1038.42
1070.09
1154.73
1154.73
1121.71
1166.18
1221
1166.18
903.751
568.182
592.066
928.505
972.763
961.538
1055.41
1085.78
1066.67
1086.37
1117.94
1061.01
1078.17
1141.55
531.35
445.434
669.568
718.391
740.467
814.664
866.176
982.801
1156.74
1179.94
1214.33
1223.99
690.608
572.574
851.064
1100.72
1133.79
1158.08
1011.12
936.768
1052.63
1127.4
1126.13
1157.41
1102.54
1010.61
772.499
746.826
999.5
869.187
718.907
819.672
933.271
992.063
1135.07
1179.94
1135.07
1138.3
1160.77
962.464
735.294
792.393
1025.12
1036.81
1015.23
1139.6
1146.13
1057.08
1089.92
1132.5
1139.6
1144.82
1103.75
994.036
790.514
824.742
1132.5
1213.59
1233.81
1199.04
1165.5
1170.28
1179.94
881.834
761.325
920.387
1089.32
1230.77
1028.81
755.858
763.068
949.668
1053.74
983.284
988.631
1104.97
1160.09
1190.48
1101.93
1085.19
1163.47
1131.22
1103.75
816.993
763.067
994.036
1077.01
1063.26
1092.3
1144.82
1039.5
1030.4
986.68
946.97
994.036
1056.52
1041.67
638.162
609.199
919.963
1027.22
1052.63
1111.11
1035.2
1055.41
1200.48
1224.74
1229.26
618.429
575.705
693.963
698.324
1012.15
1103.75
1091.11
1098.3
1122.96
1154.73
1087.55
1033.59
1076.43
1033.06
1062.7
1081.08
908.678
901.713
1095.89
1182.73
1101.32
874.126
871.84
1080.5
1058.76
1074.11
1105.58
1077.01
1032.52
1029.87
969.462
783.085
851.789
1068.95
1114.83
1083.42
1092.9
1125.49
1109.88
1155.4
1186.94
1168.91
1206.27
1245.33
1213.59
1008.57
660.72
690.846
991.08
999.5
987.654
1037.88
1067.81
1057.64
1054.3
787.402
732.064
965.717
1052.63
746.826
682.128
872.22
1007.56
991.08
987.654
1069.52
1009.08
1025.64
1077.01
1088.73
1128.67
1168.22
1075.85
744.324
723.851
942.063
788.333
650.618
756.43
996.016
1100.11
1086.96
982.318
976.563
1109.88
533.618
497.389
965.717
1085.19
1132.5
1027.75
770.713
664.673
695.894
728.597
716.589
577.534
653.168
1020.93
1083.42
1135.07
1157.41
1185.54
1209.92
1168.22
1161.44
1216.55
1150.09
918.274
838.223
725.426
754.717
988.142
991.572
820.345
823.723
964.32
965.717
980.392
1042.21
1074.11
1022.49
1080.5
912.409
777.605
913.242
1081.67
1128.03
1103.75
1078.75
1126.76
1137.01
1105.58
1088.73
1101.93
1131.22
1135.72
939.408
685.871
735.565
1030.4
1126.76
1091.11
1019.89
1067.24
1148.77
968.992
731.529
742.115
921.659
956.938
666.667
637.755
872.981
874.126
905.387
946.074
946.074
968.992
1009.08
967.118
822.707
852.515
686.106
648.929
898.876
924.642
784.314
772.797
859.107
984.737
1127.4
999.001
962.001
1096.49
853.971
630.915
722.543
950.119
1042.21
1131.86
1082.25
1055.97
1109.88
1111.11
1162.79
1207.73
1158.08
1108.03
977.04
785.855
746.269
953.743
1183.43
1153.4
1101.32
1126.13
1162.12
1133.14
1067.81
1054.3
1084.01
1093.49
1092.3
933.271
733.138
769.823
1028.81
1098.3
831.601
760.167
914.077
1077.59
1112.97
1112.97
1038.42
1011.12
1092.3
901.307
811.03
929.368
1026.17
909.918
907.029
1024.59
1063.26
1080.5
1094.69
1134.43
1155.4
1141.55
1006.54
852.152
770.713
859.476
1031.46
1026.69
1007.56
1070.66
1057.08
814.664
711.238
830.91
1003.51
1073.54
950.57
742.115
796.813
1066.1
1017.81
930.665
1021.45
1122.33
1112.97
1098.9
1101.32
1168.91
1182.03
1202.65
1262.63
1037.88
806.127
890.472
1105.58
1110.49
1152.74
1167.54
1009.59
793.336
797.448
966.184
1075.85
1079.91
830.565
564.972
625.587
993.542
1067.24
1023.02
1064.4
1117.94
1123.6
1107.42
1001.5
761.325
662.69
597.729
633.513
871.84
976.563
971.817
1011.63
997.506
851.064
765.99
765.697
830.22
981.836
774.593
673.174
843.17
1032.52
855.798
760.746
925.069
1017.29
1058.2
1131.86
1148.11
1149.43
1119.19
1048.77
958.773
909.918
949.217
1042.21
1113.59
1141.55
1151.41
1166.18
1209.92
1193.32
1181.33
1179.25
1197.6
1222.49
1237.62
1026.17
879.507
941.62
1077.01
1196.17
1107.42
1050.42
1135.07
1183.43
1185.54
1170.96
821.018
743.494
919.118
1019.37
762.486
681.431
928.505
1091.11
991.572
983.284
1120.45
1116.07
1129.94
1171.65
1184.83
1218.03
1187.65
1182.03
1146.13
885.74
853.971
1077.01
1079.91
1034.13
1094.09
1119.82
1170.28
1184.83
1175.09
1186.24
1100.72
1093.49
1066.1
668.896
529.381
702.988
999.5
1119.19
1101.93
1077.01
1104.97
1146.13
1153.4
1156.74
1171.65
1173.02
1192.61
1075.85
797.13
735.835
929.368
979.912
972.763
1072.96
1120.45
1152.07
1189.06
1162.12
1097.09
1024.07
1008.57
1046.57
829.876
791.766
1041.12
1185.54
896.861
808.734
943.396
808.081
827.13
1039.5
1040.58
1016.78
1086.96
930.665
701.754
763.359
1001
1084.01
1138.95
1166.18
1189.06
1177.86
1184.83
1250
1214.33
1218.03
1230.77
1082.25
969.932
793.336
843.17
1126.13
1134.43
1075.27
1030.4
1078.75
1203.37
1204.82
849.618
745.156
973.71
1163.47
1180.64
862.441
724.113
914.495
1126.13
1093.49
1085.78
1136.36
1158.75
1207
1209.92
1198.32
1244.56
1237.62
1085.78
1014.71
777.605
735.024
999.001
1082.84
1081.08
1101.32
1116.07
1166.86
1186.24
1201.92
1151.41
1104.36
1101.93
1078.75
665.115
572.902
819.001
1035.2
808.734
660.502
803.213
1060.45
871.46
738.552
817.327
572.738
534.902
799.041
899.685
899.685
958.313
1000.5
1005.53
978.953
963.391
964.32
961.538
798.722
590.493
652.316
865.052
786.473
463.07
494.927
964.785
1029.87
1068.38
1105.58
952.835
733.676
806.452
1103.75
1077.59
1072.96
1124.23
1124.23
1137.01
1124.86
1119.82
1124.23
1177.86
1169.59
1062.13
876.424
661.157
728.332
991.572
1029.34
1109.26
1162.79
1071.24
958.773
808.734
860.956
1053.74
1074.69
1074.69
844.238
769.231
986.193
1068.95
768.64
709.723
807.754
871.46
856.164
866.927
1029.34
1104.97
1001
776.096
828.844
1071.81
1100.11
1132.5
1100.11
1070.66
1133.14
1175.78
1169.59
1117.94
952.381
887.705
593.824
560.695
877.193
978.953
1026.69
1170.28
1155.4
1135.72
1191.19
1207
1147.45
1095.89
1116.07
1156.74
1176.47
778.816
715.82
1012.15
1117.94
1113.59
1108.03
1116.07
1100.72
1065.53
1044.93
1086.37
1105.58
1124.23
1144.16
1137.66
902.527
882.613
1137.66
1191.19
1218.03
921.659
857.633
1049.87
1128.03
1195.46
1225.49
1196.17
1185.54
1222.49
1215.07
821.693
705.467
906.208
1014.71
1018.33
979.912
1017.29
970.403
943.841
1081.08
1082.25
1054.3
1071.81
1105.58
918.695
854.336
1040.04
1182.73
1173.71
1144.16
1170.96
1184.13
1208.46
1122.33
864.304
755.858
843.526
885.74
648.508
617.093
847.099
925.069
863.931
922.084
973.71
968.523
991.572
1040.04
1085.19
1076.43
1074.11
757.576
696.136
907.853
1003.01
1042.75
1126.13
1186.94
1091.11
1057.64
1089.32
992.556
991.08
1043.84
993.049
923.788
852.878
949.668
1088.14
1111.73
1093.49
1100.11
1181.33
1080.5
969.462
1019.37
1113.59
1109.88
1091.11
1143.51
796.495
589.797
684.228
907.853
947.418
899.685
776.699
730.193
868.432
1019.89
1052.08
1090.51
612.37
471.809
413.223
457.457
784.621
957.854
1071.81
1064.96
1098.9
1016.26
436.872
399.281
682.128
778.816
822.368
795.229
837.17
916.59
858.001
774.593
726.48
843.17
1097.69
1056.52
1061.01
1097.69
1142.86
968.992
759.013
753.864
914.077
1082.84
1129.94
665.336
598.802
936.33
996.016
955.566
1050.42
1101.32
1087.55
1114.83
1144.16
1027.22
870.322
886.132
782.473
745.156
977.995
1054.85
1038.96
1099.51
1070.66
1061.01
1126.13
1129.31
1022.49
1007.05
1070.09
1137.01
674.309
580.552
896.057
1117.94
1123.6
1091.11
1055.97
1106.19
1152.74
1144.82
1140.9
1038.42
1044.39
1146.79
1173.02
877.578
813.339
1004.52
1100.11
1076.43
1006.04
982.801
871.46
760.167
828.157
1033.59
1064.4
1048.77
969.462
835.422
853.607
958.313
907.853
760.167
785.238
976.086
956.48
959.233
1150.09
1177.86
1142.2
1086.37
857.633
829.876
998.004
1080.5
1121.08
1126.76
1150.75
1168.91
1166.18
1184.83
1204.09
1188.35
1159.42
1133.14
1046.57
838.223
744.048
854.701
1047.12
1110.49
1101.32
1139.6
1159.42
1174.4
854.336
788.333
1040.58
1129.94
1135.72
889.284
771.903
931.966
1113.59
1136.36
1127.4
1081.08
1095.29
1135.07
1122.96
1108.03
1091.11
1080.5
1118.57
1140.9
852.152
734.754
880.282
1057.64
1052.08
1082.25
1156.07
1131.86
1103.14
1089.32
998.502
786.473
694.686
604.595
642.674
911.162
930.665
918.274
1037.88
1062.7
1054.3
1109.88
1182.73
1132.5
1095.89
1070.66
1085.78
1061.57
781.25
719.942
773.096
737.735
832.293
999.001
1077.01
1086.37
1129.94
1103.14
1023.54
1099.51
1086.37
732.064
583.26
564.812
556.174
665.336
840.336
992.556
1027.75
1008.06
1064.4
989.609
629.129
637.552
1050.42
1148.77
1080.5
1020.93
1031.99
1078.17
1144.82
1162.79
1179.94
1138.95
1104.36
1106.19
841.751
736.648
925.926
1117.32
1092.9
1107.42
1148.11
1180.64
937.647
782.473
854.336
994.53
1020.41
911.993
746.826
705.467
884.956
990.589
939.85
1039.5
1105.58
1092.3
1151.41
1156.07
1170.28
1215.81
1215.81
1218.03
1005.03
784.929
857.265
1037.34
1021.97
969.932
1003.51
1041.67
1054.3
1135.72
1070.09
1020.41
853.242
723.589
592.944
675.904
1137.01
1230.01
1228.5
1246.11
1220.26
1215.81
1208.46
1175.78
1204.82
1226.24
1201.92
1219.51
1223.99
1110.49
796.495
796.178
1004.52
1011.12
1150.09
1195.46
1165.5
1205.55
1239.93
1209.19
1142.2
1030.4
975.134
1123.6
1057.64
828.157
872.22
1028.28
849.979
820.681
940.291
998.004
1140.25
1196.89
1210.65
1235.33
1255.49
1249.22
1277.96
868.432
718.391
907.853
1052.08
1119.82
1152.74
1151.41
1147.45
1176.47
1173.71
1169.59
1157.41
