2.1843
11.1085
11.1235
9.95966
9.79346
11.0994
11.1418
11.2449
11.3007
11.2156
11.3299
11.0858
10.7229
10.8696
11.5184
11.1498
11.0785
11.0252
11.0545
11.6875
11.4147
11.322
11.3271
11.2846
11.1756
11.2419
11.6091
11.4026
11.4032
11.1832
11.1904
11.5417
11.3081
11.3243
10.8025
10.7357
11.1844
11.1827
11.2554
11.2988
11.4449
11.2564
10.8252
10.331
10.6019
10.3879
10.4542
10.8072
10.773
11.5919
11.0844
10.8525
10.8144
10.8634
11.3011
11.229
11.1508
11.1757
11.4611
11.2125
11.3384
11.398
11.2376
11.4513
11.1975
11.1246
10.8145
10.3157
10.0829
9.99111
9.69814
10.2409
11.1939
11.2242
11.5612
11.259
11.1901
10.9296
10.6189
10.9263
11.1257
11.2696
11.0735
11.0421
10.921
10.9403
11.1661
11.228
11.199
10.9355
10.9609
11.214
11.4331
11.2681
11.301
11.2668
11.1074
11.2365
10.8681
10.7993
10.7632
10.8555
11.1414
11.1622
11.1918
11.0525
11.1067
11.2269
11.3225
11.037
11.0746
10.9388
10.87
11.0065
10.0995
9.63289
9.97322
10.6427
10.891
11.0297
11.0951
10.8637
10.5905
10.6838
10.7323
10.7072
11.1678
10.9197
10.1585
10.1562
10.8339
10.9427
10.9126
10.7719
10.8559
11.22
10.9827
10.8195
10.941
11.0118
10.8449
11.026
11.0645
10.9904
10.8488
10.4148
10.8677
10.8548
10.6434
10.2245
10.0259
9.94936
9.57698
9.78847
10.0742
10.5633
10.8422
10.988
10.7931
11.0229
10.8732
10.7483
11.0166
10.8389
11.0334
10.6437
10.5785
10.9508
11.0802
11.0023
10.8417
10.8882
10.8056
10.9096
10.2149
9.352
9.61201
10.061
9.81321
9.8546
10.1729
10.4322
10.5623
10.7916
10.7789
10.6442
10.3633
10.5069
10.9791
10.6914
10.701
10.689
10.6221
10.2091
10.0071
9.96145
10.0601
10.6856
10.4383
10.1619
10.5774
10.5237
10.6175
10.6767
10.7307
11.0767
10.6585
10.272
10.2833
10.6225
10.6154
10.4414
10.5535
10.465
10.3345
10.6032
10.7061
10.3147
10.1674
9.40743
8.76593
9.14905
9.6731
10.1395
10.6967
10.6217
10.4798
10.3253
10.2784
10.4237
10.6516
10.5081
10.5518
10.6999
10.413
10.5295
10.3236
10.3497
10.3838
10.5938
10.7232
10.5931
10.4196
10.3164
10.4243
10.644
10.6858
10.5754
10.5259
10.091
10.3073
10.5301
10.6999
10.5541
9.62228
8.56678
9.21583
10.5099
10.3324
10.2495
10.2667
10.4971
10.679
10.7987
10.5291
10.4682
10.3604
10.3883
10.1826
9.978
10.2353
10.3363
10.3005
10.3219
10.3159
10.182
10.3152
10.5321
10.4504
9.99166
10.0587
9.99056
10.0865
10.2846
10.4647
10.4017
9.58277
8.97251
8.7473
8.90734
9.56622
10.3228
10.2988
10.0547
10.3643
10.2779
10.1329
10.2193
10.2651
10.0246
9.68762
10.0198
10.1379
10.0181
10.1601
9.98976
10.0066
10.2251
10.1903
9.97521
9.98577
10.3205
10.2337
10.2636
10.2211
10.2863
10.2514
10.4088
10.014
9.41895
8.74428
8.41237
8.84811
9.24014
9.97626
10.3906
10.2146
10.0251
9.74873
9.96691
10.2611
10.2573
9.9619
9.98826
9.93068
9.99211
10.2363
10.1464
9.87079
10.0248
10.3303
10.0391
10.0084
10.0693
10.2017
10.1409
10.1072
9.90771
9.7724
9.80632
10.1056
10.0824
10.011
9.59868
8.96632
8.99333
8.79581
9.28777
9.81094
9.75215
9.98288
9.95134
10.0804
10.0192
9.95114
9.84276
9.9228
10.1619
9.94515
9.67918
9.7757
9.79336
9.94827
9.76844
9.72805
9.92014
9.94446
9.60933
9.4316
9.62325
9.62807
9.82458
9.70417
9.63953
9.82956
9.09343
8.63289
8.28651
8.43074
9.50742
9.97352
10.0332
9.95362
9.84926
9.7972
9.80142
9.60232
9.33323
9.72564
9.86407
9.49357
9.57167
9.78866
9.79581
9.79557
9.75044
9.44055
9.51991
9.59035
9.51203
9.90231
9.90535
9.81865
9.82415
9.7611
9.69899
9.53171
9.41544
9.3254
8.98812
8.37552
8.47296
8.2017
8.76647
9.30622
9.03894
9.41575
9.53271
9.59366
9.57942
9.57639
9.72313
9.69462
9.53889
9.26402
9.17112
9.36347
9.53994
9.5938
9.53639
9.63907
9.70525
9.53684
9.5746
9.21842
9.24078
9.46329
9.20361
9.35519
9.41633
8.64884
8.04609
8.66476
9.2098
9.41646
9.66076
9.45524
9.35121
9.6008
9.38465
9.14256
9.29964
9.34348
9.23459
9.36027
9.39956
9.55165
9.6233
9.69462
9.43076
9.32988
9.54394
9.30852
9.01222
9.20044
9.47719
9.29951
9.25626
9.3348
9.25022
8.67668
8.54748
8.71471
8.56733
8.22862
8.92144
9.42196
9.19206
9.43009
9.35813
9.12513
8.89047
8.97799
9.06191
9.13693
9.25969
9.12267
9.15369
9.39426
8.79759
8.81011
9.2776
9.24693
9.27592
9.41132
9.2675
9.28824
9.3872
9.03943
9.19841
8.90385
8.51655
8.1324
8.10534
8.90309
9.27265
9.23097
9.22803
9.18451
9.32431
9.46078
9.27541
9.36312
9.09347
8.99475
9.09695
8.95772
9.04421
9.20217
9.19646
9.19743
9.28199
9.1039
9.14892
8.94714
8.7581
9.02877
9.30912
9.07141
9.09798
9.16082
9.15051
9.30765
9.34143
9.11569
8.96431
8.98945
9.1265
8.98852
8.81271
8.91202
8.31245
7.92808
8.1482
8.71137
9.00394
9.03951
9.17797
8.90202
8.70845
8.87422
9.20149
8.87367
8.80557
9.23779
9.16868
9.13084
9.02209
8.80255
7.98795
7.69959
8.12113
8.82282
9.00536
8.87107
9.06396
9.17557
9.41013
9.10051
9.10059
8.93308
8.71847
8.79577
9.0342
8.85093
8.66536
8.75354
8.93815
9.10938
8.79922
9.08269
9.16775
9.15294
9.08331
9.06553
9.07803
9.03877
8.76205
8.67058
8.94915
8.92797
8.75511
8.62091
8.87859
8.86784
8.79802
8.55644
8.67879
8.95873
8.88257
8.79071
8.69785
8.86332
8.80576
8.8894
8.76075
8.72878
8.24497
7.63598
7.53628
7.88672
8.87642
8.94618
8.79604
8.58421
8.67935
8.92921
8.71714
9.0056
8.79082
8.74049
8.8285
8.64581
8.59136
8.69542
8.76109
8.38515
8.64584
8.65662
8.56384
8.69735
8.51024
8.62556
8.73981
8.84369
8.73504
8.70549
8.64502
8.746
8.76063
8.64801
8.70436
8.80146
8.86269
8.63576
8.65748
8.49791
8.44309
8.22155
8.32376
8.66889
8.56109
8.71574
8.64599
8.46106
8.43231
8.68561
8.60778
8.41114
8.67258
8.48216
8.56619
8.79322
8.03164
7.26953
7.61499
8.57497
8.83412
8.95792
8.78063
8.72867
8.74661
8.71794
8.47472
8.31642
8.66555
8.56736
8.71691
8.75722
8.65715
8.63148
8.55582
8.49773
8.53654
8.84224
8.45684
8.47052
8.72619
8.70762
8.64353
8.56993
8.50597
8.50018
8.74313
8.68651
7.97076
7.02331
6.84409
7.76859
8.25965
8.34449
8.63726
8.5894
8.68274
8.72178
8.55114
8.45766
8.48651
8.35101
8.52286
8.30334
8.09844
8.61735
8.6775
8.37567
7.65621
7.03109
7.71575
8.46987
8.4528
8.43622
8.39018
8.53162
8.42883
8.20405
8.136
8.30882
8.63964
8.42971
8.3021
8.19749
8.33417
8.2268
7.29381
7.03104
7.41397
7.96549
8.40375
8.18592
8.11856
8.1363
8.00413
8.12202
7.88202
8.06735
7.73841
7.50801
8.09101
8.01057
8.19363
8.38371
8.36901
8.62088
8.48598
8.2893
8.14011
8.10754
8.2497
8.43985
8.15328
7.37327
7.28781
7.97629
8.20045
8.00525
8.06426
8.40121
8.47781
8.46228
8.50991
8.39951
8.54894
8.37055
8.38107
8.41999
8.46392
8.20547
8.04544
7.94767
7.04444
6.78896
7.67086
8.31625
8.50015
8.51727
8.27732
8.33945
8.10708
8.01269
8.04968
8.14395
8.44113
8.38515
8.312
8.22646
8.10691
8.17107
7.50773
6.82189
7.12068
7.87662
8.28133
8.14641
8.13776
8.24396
8.1209
8.26105
8.36236
8.48569
8.37809
8.07816
8.19941
8.08823
7.77744
7.61945
7.15937
7.34557
8.07702
8.2426
8.19471
7.94537
8.0969
8.07304
7.95497
8.20843
8.06634
8.08254
8.10163
8.00859
8.14604
8.1642
8.1647
7.96889
8.1357
8.17491
8.04855
8.17789
8.07627
8.2496
7.56272
6.84353
7.45682
8.20099
8.00839
7.73871
7.73916
8.04027
8.18321
8.14074
8.16577
8.06962
8.08682
8.0502
7.92296
8.05549
7.96511
8.16113
7.74725
6.91522
7.00975
7.43392
7.74281
8.15631
8.21571
8.02163
7.81916
7.6791
7.97664
7.77802
7.61119
7.9395
7.9622
8.06803
8.26149
7.83042
7.79861
7.57068
7.56805
8.10432
8.03177
8.05487
8.0048
8.11142
7.93191
7.1645
6.79789
7.32408
7.88815
8.09179
8.05701
7.95782
7.92104
7.64161
7.84899
7.85503
7.71647
8.01218
7.88435
7.91844
7.90814
7.65653
7.78225
7.73279
7.82644
7.94007
7.84369
7.99811
7.74608
7.68675
7.8689
7.76045
7.94392
7.93179
7.85975
8.0272
7.728
7.72141
8.01154
7.77517
7.8509
7.42589
6.82801
7.33724
7.75654
7.85083
8.14531
7.95691
7.90417
7.91584
7.67386
7.68577
7.74479
7.69104
7.76
7.71822
7.45996
6.97635
7.0534
7.49128
7.39484
7.52417
7.8262
7.74981
7.75515
7.64278
7.61104
7.93878
7.67639
7.57071
7.76889
7.63035
7.74189
7.81003
7.56756
7.81046
7.86173
7.57742
7.64213
7.58924
7.485
7.29208
7.06534
7.4626
7.78286
7.63033
7.82972
7.73371
7.43373
7.03168
6.52424
6.71465
7.51594
7.6536
7.51637
7.69879
7.57154
7.67162
7.7912
7.56232
7.63834
7.59607
7.33743
7.49586
7.50249
7.47963
7.74803
7.54498
7.57636
7.76175
7.39382
7.5406
7.71019
7.3093
7.14089
7.09612
7.2998
7.53602
7.47342
7.14628
7.2571
7.49395
7.27064
7.39044
7.48383
7.25342
7.30257
7.36887
7.29453
7.38228
6.90629
6.71923
6.78408
6.74869
7.22311
7.64403
7.62937
7.49718
7.67878
7.62122
7.37569
7.43591
7.49182
7.24155
7.39254
7.52482
7.38392
7.4987
7.39965
7.38373
7.48209
7.10914
7.09348
7.44668
7.13939
6.95007
7.3013
7.3554
7.16335
7.35289
7.29323
7.35743
7.6791
6.8324
6.48097
6.94529
7.19505
7.32864
7.4694
7.58167
7.2843
7.36426
7.48469
7.50559
7.58377
7.32148
7.32225
7.27482
7.16985
7.41424
7.35743
7.35987
7.55418
7.35475
7.11377
7.25521
7.4332
7.3237
6.9417
6.55951
6.94406
7.42448
7.11916
7.07882
7.49768
7.37577
7.20529
7.40785
7.31045
7.16774
7.22421
7.26852
7.13514
7.14528
6.87581
6.32293
6.51591
7.17643
7.25263
7.15955
7.30026
7.16007
7.18223
7.21857
7.10997
7.1734
7.34303
7.35968
7.1907
7.15471
6.81545
6.72438
7.10033
7.23686
7.09975
7.31109
7.39049
7.05826
7.12192
7.18962
7.03262
7.06956
7.30044
7.29352
7.27611
7.21207
6.97438
6.91833
6.91025
6.34645
6.4465
7.18331
7.19896
7.28149
7.39547
7.25948
7.26612
7.36071
7.00948
6.87834
7.23001
7.2464
7.13926
7.23948
7.14225
7.24147
7.30861
7.04538
7.00852
7.30901
7.24152
6.98295
6.95108
6.94182
7.16892
7.35197
7.18061
7.06574
6.90086
6.4242
6.29101
6.68552
7.23288
7.19158
6.89408
7.08042
7.09625
6.83167
7.02121
7.24685
7.16715
7.3189
7.14589
6.76551
6.71806
6.96241
7.03213
7.04148
7.22324
7.18504
7.03403
7.05953
6.47113
6.07072
6.6114
7.11427
7.15799
7.00999
7.05928
7.03906
6.94541
7.0542
7.20155
7.06522
6.88558
6.73768
6.848
6.90377
6.82902
7.03386
6.99653
7.06846
7.05547
6.78797
6.85328
6.29759
5.87877
6.45605
7.00737
6.95674
6.98073
7.03953
6.86959
6.95686
6.94855
6.6798
6.70434
7.04516
7.23181
7.00366
6.84285
6.92799
6.80925
6.66945
6.89163
7.06537
6.97336
6.99628
6.98553
6.4487
6.17555
6.14851
6.52759
6.90429
6.79329
6.67853
6.64788
6.88497
6.93253
6.93462
6.87874
6.95931
7.04005
6.88203
6.88423
7.05258
7.00648
7.02292
7.049
6.865
6.73448
6.73049
6.49505
6.378
6.64869
6.75185
6.67281
6.72276
6.83952
7.02669
7.00008
6.78044
6.92583
6.88383
6.80193
6.98424
6.96393
6.82566
6.89705
6.92204
6.69499
6.65852
6.91812
6.56278
5.90345
5.97118
6.30905
6.71544
6.86806
6.54887
6.78525
7.02558
6.81296
6.70558
6.83768
6.83803
6.79366
6.92941
6.86394
6.5017
6.48931
6.86198
6.8023
6.73632
6.93123
6.88271
6.20777
6.21014
6.83321
6.55832
6.22206
6.3836
6.8491
6.74091
6.58137
6.87869
6.90899
6.78753
6.76281
6.65956
6.55115
6.65981
6.80029
6.88151
6.86816
6.94271
6.65814
6.55581
7.00739
6.81412
6.56685
6.73464
6.80768
6.68063
6.59468
6.65646
6.42092
5.99147
6.13452
6.55366
6.6498
6.69595
6.58152
6.73607
6.83681
6.65907
6.33732
6.2884
6.52065
6.57354
6.57268
6.80355
6.88047
6.48456
6.77876
6.93929
6.40997
5.86223
5.581
6.02829
6.63049
6.7378
6.643
6.6426
6.66858
6.3555
6.43832
6.71148
6.61936
6.78792
7.01685
6.79454
6.5869
6.67606
6.69024
6.56482
6.52048
6.74771
6.72194
5.97382
5.89915
6.29194
6.50125
6.67256
6.567
6.41017
6.26123
6.42576
6.50472
6.73689
6.77964
6.45003
6.37979
6.54099
6.78122
6.68369
6.63768
6.69528
6.50561
6.28498
6.43325
6.75151
6.7692
6.61934
6.5439
6.3514
5.95467
5.69178
5.85436
6.36501
6.55471
6.44332
6.57423
6.6289
6.45984
6.19222
5.92628
6.15156
6.52058
6.53377
6.45288
6.47038
6.47694
6.332
6.2091
6.58174
6.70574
6.25677
5.83077
5.56923
6.02691
6.47276
6.3043
6.39881
6.63491
6.66624
6.46245
6.36442
6.62026
6.52414
6.34534
6.46362
6.34993
6.04599
5.86137
6.13678
6.53418
6.31142
5.6365
5.49544
6.05549
6.3899
6.52571
6.5501
6.2681
6.24005
6.48933
6.56976
6.37682
6.27146
6.42657
6.36894
6.28492
6.40541
6.53187
6.45807
6.31752
6.27823
6.07698
5.77269
5.90673
6.19454
6.22894
6.46095
6.39589
6.15538
6.16403
6.28595
6.47656
6.39268
6.06239
6.09204
6.25512
6.17368
6.06053
6.10933
6.22082
6.42986
6.33382
5.85768
5.67291
5.65995
5.97834
6.37716
6.34445
6.24731
6.26047
6.28168
6.18839
6.05598
6.17541
6.32617
6.07921
6.06936
6.27924
6.33728
6.3164
6.32489
6.38327
