6.55291
299.76
471.254
1289.49
1612.9
1725.63
1784.12
1731.6
1719.69
1953.13
2159.83
2173.91
2195.39
2202.64
2257.34
2224.69
2212.39
2103.05
2047.08
1616.81
1404.49
1581.03
1857.01
2205.07
2298.85
2344.67
2237.14
1964.64
1908.4
2070.39
2217.29
2314.81
2355.71
2280.5
2157.5
2212.39
2314.81
2325.58
2257.34
2270.15
2369.67
2378.12
2389.49
2412.55
2415.46
2409.64
2412.55
2415.46
2433.09
2272.73
2120.89
1116.07
1066.1
1923.08
2070.39
2134.47
2229.65
2123.14
1978.24
1982.16
1953.13
1953.13
2030.46
2030.46
2047.08
1821.49
1374.57
1280.41
1482.58
1719.69
1921.23
1917.55
2014.1
2178.65
2229.65
2176.28
1928.64
1821.49
1639.34
1632.65
1915.71
2111.93
2150.54
2176.28
2178.65
2136.75
2188.18
2188.18
2190.58
2107.48
2026.34
2120.89
1964.64
1733.1
1583.53
1378.36
1363.33
1397.62
1325.38
1482.58
1768.35
1572.33
997.009
1054.3
1719.69
1838.24
1936.11
2076.84
2159.83
2164.5
2105.26
2116.4
2159.83
2229.65
2209.94
2247.19
2352.94
2320.19
2331
2317.5
2285.71
2288.33
2285.71
2195.39
2100.84
1872.66
1818.18
2016.13
1554
954.198
950.119
1432.66
1853.57
2049.18
2150.54
1824.82
1556.42
1176.47
699.79
724.113
1161.44
1324.5
554.477
431.872
805.802
1539.65
1654.26
1757.47
1962.71
1811.59
1491.42
1189.77
1220.26
1578.53
1544.4
1476.01
684.463
522.466
761.615
713.776
807.102
1467.35
1527.88
797.448
698.568
909.091
922.084
1062.13
1135.72
951.928
819.672
401.123
396.196
875.657
1131.86
1225.49
1312.34
1476.01
1312.34
1258.65
980.392
765.697
959.693
432.9
382.702
960.154
1111.73
912.409
1093.49
1493.65
1643.39
1680.67
1826.48
847.817
751.033
1324.5
1516.3
1522.07
354.988
333.444
1024.59
1028.81
1000.5
1125.49
1163.47
1180.64
1173.02
953.743
1121.08
688.231
631.712
989.12
931.966
856.531
962.001
1201.92
1104.97
1244.56
1129.31
1162.12
1425.52
1523.23
1353.18
1375.52
437.924
420.256
1257.07
1307.19
490.918
476.531
1243.78
1140.25
1236.09
1504.89
1344.09
1341.38
961.076
858.369
1162.79
1275.51
1244.56
1096.49
1058.2
1198.32
1402.52
1527.88
1551.59
1340.48
1356.85
1640.69
1531.39
1074.11
551.572
608.088
1171.65
940.734
532.623
445.236
692.761
1286.17
1633.99
1724.14
1716.74
1706.48
1716.74
1689.19
1168.22
1033.59
1412.43
1699.24
1779.36
1865.67
1204.82
1131.22
1596.17
1489.2
1200.48
1081.67
1137.66
1416.43
708.466
681.663
1386.96
917.011
1003.51
1687.76
1467.35
1372.68
1539.65
1384.08
1237.62
1441.96
1597.44
1497.01
1499.25
1657
898.876
884.956
1563.72
1375.52
1338.69
909.091
859.107
1351.35
1679.26
1906.58
1980.2
2026.34
1897.53
1748.25
1705.03
1602.56
1571.09
1650.17
1606.43
1612.9
1694.92
1672.24
1636.66
1680.67
1766.78
1576.04
1612.9
1563.72
657.462
696.621
1623.38
1205.55
1210.65
1582.28
1476.01
1467.35
1221.75
1170.96
1539.65
1611.6
1507.16
1525.55
1566.17
1512.86
1372.68
485.673
473.597
1218.03
1441.96
754.432
733.676
1236.09
515.996
488.52
1030.93
1368.93
982.801
968.054
1469.51
1342.28
1301.24
1466.28
1644.74
1718.21
1554
1569.86
1762.11
1805.05
1811.59
1721.17
1494.77
1519.76
1824.82
1930.5
1843.32
1765.23
1811.59
1706.48
925.497
784.006
1073.54
835.073
855.066
1327.14
1489.2
1692.05
1801.8
1823.15
1771.48
1801.8
1972.39
1646.09
1495.89
1766.78
1776.2
1754.39
1855.29
1728.61
946.074
836.47
1277.14
1591.09
1739.13
1746.72
1450.33
1334.22
1558.85
1563.72
1568.63
1749.78
1715.27
1643.39
1737.62
1839.93
1785.71
1715.27
1696.35
1317.52
347.343
330.033
929.368
1260.24
1743.68
2081.17
1982.16
1710.86
798.403
692.521
1182.03
837.521
674.309
972.763
1333.33
1587.3
1652.89
1481.48
1151.41
1187.65
1611.6
1417.43
1409.44
1721.17
1654.26
1523.23
1439.88
1492.54
1584.79
1564.95
1566.17
1479.29
898.876
942.951
1639.34
1662.51
1771.48
1872.66
1785.71
1803.43
1609.01
1518.6
1408.45
709.975
707.214
1365.19
1344.09
1101.32
1169.59
380.518
390.472
1547.99
1544.4
1632.65
1666.67
1444.04
1464.13
1476.01
1389.85
1227.75
1221
1391.79
1477.1
1724.14
1743.68
1547.99
914.913
956.023
1591.09
1700.68
1780.94
1644.74
1394.7
1443
1669.45
1673.64
1687.76
1659.75
1466.28
1403.51
1492.54
1591.09
1702.13
1757.47
1682.09
488.4
483.559
1577.29
1652.89
1273.07
1291.16
1806.68
1982.16
1945.53
1945.53
1998
2014.1
2055.5
2053.39
1838.24
1686.34
1715.27
1806.68
1845.02
1805.05
1492.54
792.393
738.552
1216.55
1594.9
1779.36
83.7731
82.8672
1044.93
981.836
1191.19
1215.81
1291.99
1624.7
1581.03
1563.72
1552.79
1444.04
1503.76
938.967
678.426
890.472
1253.13
1226.99
1406.47
1651.53
729.661
640.615
1189.77
1314.92
1098.9
1280.41
1728.61
1798.56
1895.73
1857.01
1654.26
1566.17
1297.02
1043.3
1195.46
1486.99
997.009
498.132
582.581
1420.45
1530.22
1338.69
1216.55
1409.44
1403.51
1333.33
1516.3
1530.22
1569.86
1662.51
1504.89
1348.62
1418.44
1572.33
853.971
832.64
1676.45
2059.73
2232.14
2205.07
2183.41
2111.93
2148.23
2162.16
2008.03
1978.24
1978.24
2125.4
2247.19
1733.1
1395.67
1157.41
933.707
681.663
475.511
640.41
1502.63
997.009
918.695
1302.93
1339.58
1516.3
1526.72
1302.93
1397.62
1547.99
1520.91
1601.28
1811.59
2004.01
2028.4
1850.14
1776.2
959.693
823.384
1183.43
1329.79
1532.57
1793.72
1913.88
1876.17
1992.03
2010.05
1870.91
1930.5
1568.63
1355.01
1543.21
1703.58
1806.68
1863.93
1913.88
1949.32
1897.53
1913.88
1768.35
895.255
905.387
1468.43
1314.92
1343.18
1468.43
1519.76
1592.36
903.751
845.666
1558.85
1448.23
1367.05
1696.35
1924.93
1988.07
2038.74
2034.59
1936.11
726.744
585.138
1088.73
1512.86
1539.65
1623.38
1757.47
1980.2
2141.33
2020.2
1923.08
2107.48
2114.16
2134.47
2129.93
2152.85
2148.23
2150.54
1924.93
1788.91
2081.17
2111.93
2169.2
2107.48
1906.58
1479.29
1303.78
1518.6
1766.78
2020.2
2148.23
2200.22
2270.15
2322.88
2275.31
2262.44
2320.19
2322.88
2227.17
2259.89
2395.21
2378.12
2383.79
2398.08
2375.3
2378.12
2380.95
2296.21
2242.15
2202.64
2259.89
2398.08
2361.28
1511.72
698.324
749.344
1654.26
2061.86
2118.64
2150.54
2185.79
2247.19
2331
2301.5
2288.33
2290.95
2314.81
2166.85
2232.14
2372.48
2197.8
2176.28
2143.62
2205.07
2333.72
2247.19
2267.57
2304.15
2267.57
2270.15
2283.1
1816.53
1404.49
1142.2
1392.76
2280.5
2267.57
2096.44
2176.28
2347.42
2304.15
2094.24
1902.95
2118.64
2197.8
2173.91
2320.19
2247.19
2143.62
2166.85
2145.92
2132.2
2252.25
2152.85
2166.85
2176.28
2227.17
2355.71
2285.71
2285.71
2012.07
783.699
784.006
1805.05
1635.32
1343.18
1436.78
1945.53
2103.05
2105.26
2217.29
2214.84
2242.15
2265.01
2185.79
2205.07
2283.1
2280.5
2277.9
2224.69
2212.39
2317.5
2400.96
2205.07
2051.28
2136.75
2055.5
803.858
781.25
1848.43
2008.03
2123.14
2296.21
2277.9
2283.11
2322.88
2244.67
2116.4
2176.28
2143.62
2200.22
2366.86
2200.22
2190.58
2195.39
2229.65
2212.39
2166.85
2176.28
2178.65
2178.65
2190.58
2322.88
2002
1846.72
1229.26
1150.09
1589.83
1618.12
1824.82
2010.05
1996.01
1949.32
1988.07
2145.92
2254.79
2132.2
1897.53
1366.12
752.729
788.955
1343.18
1389.85
1414.43
1545.59
768.64
739.919
1594.9
1906.58
1872.66
1924.93
2024.29
2053.39
2183.41
2277.9
2333.72
2369.67
2380.95
2392.34
2350.18
2242.15
2272.73
2372.48
2383.79
2366.86
2372.48
2409.64
2412.55
2355.71
2280.5
2205.07
2136.75
1912.05
1736.11
993.049
951.928
1640.69
1895.73
1777.78
1600
1751.31
1982.16
1826.48
1883.24
2105.26
1970.44
2032.52
2222.22
2212.39
2116.4
1988.07
2026.34
2176.28
1936.11
1939.86
2288.33
2369.67
2162.16
708.215
622.665
1383.13
1958.86
2134.47
2103.05
2070.39
2109.7
2026.34
2081.17
2217.29
2022.24
1960.78
1773.05
1855.29
2207.51
1895.73
1958.86
1998
1768.35
1949.32
1988.07
1877.93
1913.88
1713.8
878.349
855.432
1582.28
1862.2
2055.5
2081.17
2087.68
2002
1855.29
1906.58
1934.24
2034.59
1906.58
1813.24
1990.05
2034.59
1892.15
1917.55
2028.4
2020.2
2020.2
1908.4
1915.71
1974.33
1532.57
940.291
1008.06
1700.68
1976.28
2094.24
2098.64
1730.1
1414.43
1502.63
1690.62
1690.62
1829.83
1953.13
1724.14
1659.75
1803.43
1892.15
1877.93
1851.85
1879.7
1831.5
1915.71
2055.5
1879.7
707.714
714.286
1930.5
1980.2
1809.95
1962.71
2350.18
2280.5
2304.15
2439.02
2460.02
2453.99
2424.24
2406.74
2403.85
2430.13
2447.98
2444.99
2192.98
2145.92
2380.95
2447.98
2490.66
2503.13
2503.13
2515.72
2534.85
585.48
554.17
1846.72
2145.92
2350.18
2427.18
2439.02
2447.98
2484.47
2500
2518.89
2512.56
2475.25
2358.49
2383.79
2525.25
2252.25
1901.14
1941.75
2157.5
2234.64
2304.15
2350.18
2212.39
2190.58
2347.42
2412.55
2092.05
1068.38
972.763
1446.13
1766.78
2150.54
2277.9
2262.44
2280.5
2143.62
2044.99
2192.98
2262.44
2304.15
2325.58
2331
2341.92
2369.67
2275.31
2277.9
2389.49
2392.34
2424.24
2433.09
2301.5
2244.67
2109.7
2028.4
1990.05
654.665
648.719
1904.76
1928.64
1990.05
2010.05
2008.03
2096.44
2098.64
2061.86
2042.9
2047.08
2089.86
2129.93
1968.5
1917.55
2061.86
2252.25
2336.45
2406.74
2192.98
2143.62
2252.25
2219.76
2209.94
2224.69
1693.48
1111.11
1212.86
1813.24
1980.2
2055.5
2059.73
2148.23
2252.25
2219.76
2197.8
2096.44
2066.12
2229.65
2395.21
2217.29
2070.39
2051.28
2143.62
2296.21
2252.25
2280.5
2306.81
2247.19
2280.5
2296.21
2242.15
2283.1
2237.14
1992.03
1472.75
1203.37
1503.76
2030.46
2018.16
2136.75
2217.29
2107.48
1970.44
2000
2053.39
2169.2
2290.95
2249.72
2306.81
2127.66
1988.07
1986.1
1998
1968.5
1912.05
2096.44
2239.64
2120.89
2087.68
2229.65
2336.45
2085.51
1189.06
1059.32
1508.3
1826.48
1888.57
1176.47
1176.47
1960.78
2136.75
2222.22
2173.91
2057.61
2239.64
2254.79
2173.91
2306.81
2375.3
2364.07
2192.98
2202.64
2298.85
2283.1
2364.07
2358.49
2249.72
2202.64
2079
1596.17
1289.49
1401.54
1823.15
2118.64
2202.64
2209.94
2244.67
2188.18
2157.5
2152.85
2076.84
2164.5
2249.72
2262.44
2239.64
2234.64
2265.01
2239.64
2155.17
2181.03
2347.42
2298.85
2237.14
2267.57
2275.31
2171.55
2098.64
2259.89
2197.8
1373.63
1148.11
1587.3
2134.47
2217.29
2127.66
2162.16
2224.69
2070.39
1872.66
1531.39
1377.41
1650.17
2085.51
2034.59
2022.24
1643.39
1504.89
1814.88
2057.61
2222.22
2002
2026.34
2237.14
2252.25
2068.25
1000
865.052
1380.26
1776.2
1749.78
1771.48
1936.11
2018.16
2094.24
401.043
301.477
678.426
515.464
520.021
1380.26
1640.69
1998
2057.61
1939.86
2000
2185.79
2185.79
2141.33
2339.18
2457
2484.47
2500
2487.56
2355.71
2361.28
2493.77
2490.66
2475.25
2403.85
2350.18
2386.63
2430.13
2188.18
1481.48
1396.65
1798.56
1964.64
1968.5
2004.01
2173.91
2312.14
2415.46
2478.31
2518.89
2439.02
2442
2560.82
2577.32
2583.98
2580.65
2564.1
2557.54
2567.39
2567.39
2528.45
2380.95
2380.95
2506.27
2518.89
2534.85
2544.53
2547.77
2560.82
2554.28
2493.77
2395.21
1441.96
679.81
802.89
1990.05
2049.18
2173.91
2141.33
2012.07
2044.99
2094.24
2209.94
2074.69
2074.69
2176.28
2169.2
2317.5
2254.79
2232.14
2173.91
2111.93
2094.24
2129.93
2205.07
2227.17
2249.72
2272.73
2200.22
1937.98
1156.74
1215.07
2200.22
2114.16
2081.17
1813.24
1396.65
1610.31
2159.83
2212.39
2259.89
2252.25
2272.73
2336.45
2352.94
2190.58
2087.68
2259.89
2378.12
2272.73
2314.81
2306.81
2239.64
2257.34
2155.17
2195.39
2227.17
2092.05
1490.31
1112.97
1350.44
2018.16
2098.64
2123.14
2252.25
2139.04
2200.22
2222.22
2055.5
2061.86
2212.39
2262.44
2217.29
2244.67
2105.26
1913.88
1838.24
1862.2
1881.47
1915.71
2020.2
2057.61
1992.03
1544.4
1276.32
619.963
624.415
1333.33
1292.82
1328.02
1525.55
1788.91
1834.86
1766.78
1716.74
1231.53
1064.96
1372.68
1838.24
1883.24
1700.68
1670.84
1811.59
1814.88
1210.65
1119.19
1566.17
1831.5
1996.01
2166.85
2143.62
2059.73
2083.33
2232.14
2347.42
2265.01
2265.01
2178.65
2197.8
2265.01
2219.76
2190.58
2205.07
2259.89
2259.89
2270.15
2298.85
2188.18
2164.5
2322.88
2301.5
2296.21
2030.46
1622.06
1218.77
1387.93
2200.22
2270.15
2072.54
2079
2262.44
2152.85
2190.58
2183.41
2192.98
2293.58
2139.04
2098.64
2166.85
2222.22
2229.65
2270.15
2053.39
1945.53
2114.16
2252.25
2328.29
2257.34
2162.16
1623.38
1466.28
1497.01
1117.32
1121.7
1512.86
1919.39
2098.64
2018.16
2136.75
2249.72
2267.57
2224.69
2254.79
2159.83
2068.25
2164.5
2129.93
2195.39
2212.39
2100.84
2217.29
2244.67
2239.64
2249.72
2096.44
2139.04
2192.98
2188.18
2272.73
2057.61
1568.63
1229.26
1488.1
2145.92
2190.58
2085.51
1953.13
1784.12
1657
1845.02
2066.12
2123.14
2217.29
2234.64
2252.25
2224.69
2164.5
2219.76
807.103
799.361
2166.85
2212.39
2237.14
2262.44
2109.7
1264.22
1097.09
1629.99
1928.64
1373.63
1408.45
2063.98
2053.39
2059.73
2325.58
2322.88
2293.58
2181.03
2195.39
2265.01
2257.34
2185.79
2214.84
2328.29
2301.5
2249.72
2157.5
2118.64
1990.05
1782.53
1522.07
1578.53
1167.54
1091.7
1716.74
2136.75
2309.47
2087.68
2002
2085.51
2181.03
2129.93
1996.01
2044.99
2038.74
2120.89
2249.72
2169.2
2089.86
2107.48
2219.76
2164.5
1990.05
2155.17
2325.58
2277.9
2277.9
2181.03
2229.65
2224.69
2195.39
1508.3
1113.59
1458.79
2159.83
2207.51
2232.14
2148.23
2166.85
2166.85
2070.39
2227.17
2317.5
2205.07
2092.05
2200.22
2004.01
1418.44
1407.46
1936.11
2239.64
2224.69
2214.84
2217.29
1949.32
1644.74
1601.28
751.033
718.649
1577.29
2008.03
2076.84
2136.75
2162.16
2145.92
2190.58
2057.61
2181.03
2344.67
2181.03
2200.22
2344.67
2277.9
2277.9
2312.14
2272.73
2141.33
2166.85
2169.2
1943.63
1763.67
1520.91
1386.96
742.39
801.925
1949.32
2002
1958.86
1976.28
2190.58
2290.95
2244.67
2304.15
2272.73
2229.65
2139.04
2059.73
2143.62
2127.66
2214.84
2341.92
2285.71
2298.85
2301.5
2234.64
2176.28
2100.84
1843.32
1405.48
567.698
560.538
1321.88
1624.7
1721.17
1876.17
2105.26
2089.86
2136.75
2155.17
2034.59
2159.83
2265.01
2222.22
2232.14
2176.28
2166.85
2239.64
2047.08
2059.73
2254.79
2164.5
2038.74
2129.93
2006.02
946.97
931.532
1828.15
2105.26
2192.98
2267.57
2152.85
1962.71
2109.7
2076.84
1956.95
2185.79
2290.95
2242.15
2259.89
2239.64
2247.19
2068.25
2132.2
2229.65
2249.72
2296.21
2018.16
2103.05
2325.58
2304.15
2116.4
1709.4
942.063
1011.63
2055.5
2183.41
2157.5
1877.93
1393.73
1529.05
2038.74
2098.64
2127.66
2087.68
2139.04
2178.65
2293.58
2293.58
2272.73
2239.64
2242.15
2247.19
2209.94
2254.79
2098.64
2118.64
2320.19
2267.57
2018.16
1257.86
1030.4
1438.85
2028.4
2107.48
2224.69
2169.2
2040.82
2176.28
2320.19
2049.18
2018.16
2103.05
2173.91
2267.57
2244.67
2275.31
2173.91
2173.91
2280.5
2272.73
2277.9
2265.01
2244.67
2159.83
2197.8
2325.58
2197.8
2047.08
1616.81
1128.03
1330.67
2051.28
2139.04
1751.31
1716.74
2270.15
2378.12
2355.71
2380.95
2496.88
2518.89
2538.07
2538.07
2541.3
2528.45
2178.65
1693.48
1745.2
2074.69
2096.44
1945.53
1809.95
1901.14
1885.01
1826.48
1128.67
809.062
1030.93
1478.2
1572.33
1787.31
2002
1966.57
1806.68
1757.47
1703.58
1662.51
1845.02
1941.75
1958.86
1930.5
1958.86
2014.1
1958.86
1966.57
2085.51
1853.57
1609.01
1665.28
1444.04
1146.79
1390.82
2141.33
2096.44
1968.5
2116.4
2293.58
2139.04
2096.44
2159.83
2190.58
2087.68
2098.64
2283.1
2096.44
1994.02
2089.86
2232.14
2239.64
2239.64
2188.18
2178.65
2171.55
2141.33
2267.57
2159.83
2176.28
2139.04
1504.89
1152.07
1320.13
1906.58
2072.54
2020.2
2061.86
2202.64
2247.19
2166.85
2061.86
2087.68
2234.64
2234.64
2139.04
2181.03
1937.98
1908.4
2247.19
2254.79
2132.2
2143.62
2309.47
2301.5
2254.79
2237.14
2252.25
2055.5
1992.03
1610.31
1178.55
1436.78
2129.93
2136.75
2127.66
2190.58
2176.28
2089.86
2173.91
2123.14
2171.55
2293.58
2148.23
2192.98
2209.94
2197.8
2171.55
2178.65
2247.19
2079
2169.2
2207.51
2197.8
2229.65
2098.64
2083.33
2237.14
2176.28
1365.19
1143.51
1624.7
2212.39
2185.79
2262.44
2314.81
1431.64
1064.96
1431.64
2109.7
2018.16
2024.29
2059.73
2057.61
2222.22
2178.65
2214.84
2317.5
2116.4
2171.55
2312.14
2109.7
1972.39
2159.83
2333.72
2083.33
1448.23
1169.59
1370.8
1787.31
2016.13
2072.54
2176.28
2205.07
2202.64
2229.65
2107.48
2018.16
2092.05
2229.65
2155.17
2030.46
1939.86
1970.44
2157.5
2265.01
2239.64
2116.4
2195.39
2364.07
2280.5
2285.71
2339.18
2336.45
2103.05
1402.52
1095.89
1446.13
2159.83
2183.41
2219.76
2224.69
2252.25
2136.75
2181.03
2051.28
2008.03
2267.57
2290.95
2162.16
2185.79
1814.88
1426.53
1668.06
2141.33
2197.8
2008.03
1902.95
1982.16
2103.05
2136.75
2166.85
1213.59
909.091
1078.17
1403.51
1677.85
1725.63
2085.51
2222.22
2257.34
2317.5
2288.33
2212.39
2188.18
2275.31
2129.93
2100.84
2254.79
2296.21
2252.25
2234.64
2277.9
2270.15
2270.15
2159.83
2059.73
2169.2
1607.72
669.792
655.953
653.595
725.163
1210.65
1075.85
1321
1377.41
1524.39
1632.65
1623.38
1818.18
2143.62
2212.39
2116.4
2164.5
2010.05
659.848
660.066
1982.16
2148.23
2034.59
2087.68
2207.51
2195.39
2242.15
2152.85
2209.94
2234.64
2195.39
2333.72
2118.64
1986.1
2116.4
2116.4
2200.22
2192.98
2200.22
2366.86
2331
2171.55
2188.18
2188.18
1921.23
1996.01
1337.79
1139.6
1718.21
2277.9
2270.15
2200.22
2072.54
1787.31
1719.69
1865.67
1921.23
1956.95
2020.2
2066.12
2125.4
1992.03
1836.55
1759.01
1803.43
1785.71
1811.59
1945.53
1913.88
1941.75
1947.42
1066.67
684.463
783.085
944.287
975.61
1100.11
1395.67
1848.43
1881.47
1988.07
1945.53
1897.53
1939.86
1801.8
1655.63
1759.01
1869.16
1843.32
1917.55
1992.03
1036.27
884.956
1409.44
1623.38
1611.6
1579.78
1665.28
1885.01
1913.88
1980.2
2051.28
2125.4
2192.98
2232.14
2237.14
2237.14
2270.15
2171.55
2100.84
2169.2
2164.5
2173.91
2217.29
2237.14
2272.73
2006.02
1377.41
849.618
917.852
1539.65
1877.93
2116.4
2227.17
2252.25
2237.14
2247.19
2252.25
2296.21
2298.85
2127.66
1734.61
1408.45
1584.79
2114.16
2181.03
2145.92
1757.47
1683.5
2044.99
2192.98
2148.23
2107.48
1682.09
1054.3
1051.52
1643.39
2116.4
2171.55
2181.03
2224.69
2242.15
2169.2
2200.22
2317.5
2288.33
2166.85
2169.2
2265.01
2237.14
2200.22
2157.5
2157.5
2152.85
2145.92
2207.51
2262.44
2200.22
2139.04
2244.67
2247.19
1143.51
769.823
995.025
1514
1759.01
1923.08
1327.14
1117.32
1158.08
1221.75
1452.43
1673.64
1839.93
1632.65
1138.3
1003.01
1126.76
556.638
511.378
1085.78
1615.51
1752.85
1809.95
1784.12
1766.78
1863.93
1881.47
1872.66
1912.05
1904.76
1945.53
1964.64
1755.93
1760.56
1913.88
1870.91
1870.91
1910.22
2008.03
1809.95
933.271
971.345
1947.42
2063.98
2094.24
1966.57
1763.67
1924.93
2040.82
2032.52
1974.33
1855.29
1945.53
1571.09
1439.88
1725.63
1444.04
1163.47
1122.33
1329.79
1757.47
1774.62
976.086
897.666
1469.51
1699.24
1730.1
1314.92
1111.11
1328.02
1669.45
1631.32
1597.44
1845.02
1955.03
1881.47
1682.09
1675.04
1793.72
1766.78
1589.83
1592.36
1823.15
1787.31
990.589
841.397
1336.01
1865.67
1779.36
1680.67
1766.78
1648.8
1622.06
1727.12
1680.67
1748.25
1836.55
1746.72
1746.72
1845.02
1831.5
1848.43
1951.22
1926.78
1917.55
1956.95
1943.63
1808.32
854.336
848.896
1689.19
1657
1733.1
1869.16
1906.58
2002
1945.53
1968.5
1951.22
1958.86
1675.04
1276.32
1347.71
1751.31
1955.03
1890.36
1890.36
1917.55
1934.24
1994.02
1899.34
756.43
692.281
1073.54
1116.07
1488.1
1477.1
1470.59
1629.99
1762.11
1904.76
1936.11
1949.32
1841.62
1858.74
2114.16
2125.4
2132.2
2081.17
1876.17
1826.48
1879.7
1716.74
1008.06
839.278
1124.86
1432.66
1284.52
1334.22
1611.6
1622.06
1527.88
1450.33
1551.59
1552.79
1471.67
1550.39
1863.93
2053.39
2139.04
2092.05
2061.86
2157.5
1784.12
564.016
558.659
1561.28
1779.36
1890.36
1949.32
989.609
920.387
1066.67
1038.42
1584.79
1853.57
1978.24
2014.1
2022.24
2169.2
2304.15
2136.75
1793.72
1638
1236.86
1327.14
2100.84
2079
2109.7
2105.26
2032.52
2183.41
2136.75
2176.28
2309.47
2143.62
2205.07
2272.73
1974.33
1872.66
2076.84
2227.17
2259.89
2317.5
2336.45
2364.07
2380.95
2389.49
2242.15
2145.92
2190.58
1966.57
1902.95
1760.56
1715.27
1980.2
2155.17
2325.58
2406.74
2395.21
1628.66
1488.1
2030.46
2320.19
2439.02
2506.27
2522.07
2531.65
2547.77
2557.54
2444.99
2436.05
2564.1
2574
2541.3
2531.65
2534.85
2531.65
2534.85
2544.53
2544.53
2430.13
2427.18
2541.3
2490.66
2270.15
1769.91
1734.61
1908.4
1953.13
2202.64
2333.72
2306.81
2350.18
2509.41
2541.3
2460.02
2378.12
2406.74
2447.98
2500
2538.07
2518.89
2378.12
2344.67
2436.05
2466.09
2424.24
2369.67
2406.74
2280.5
2059.73
2032.52
2036.66
2092.05
2217.29
2136.75
1692.05
1086.96
1186.94
2034.59
2222.22
2192.98
2244.67
2265.01
2044.99
2089.86
2328.29
2242.15
2219.76
2285.71
2301.5
1953.13
1446.13
1574.8
2040.82
2094.24
2234.64
2085.51
2109.7
2275.31
2197.8
2227.17
2275.31
2074.69
1636.66
1094.69
1182.73
1811.59
1970.44
2074.69
2145.92
2219.76
2244.67
2232.14
2232.14
2272.73
2123.14
2157.5
2296.21
2008.03
2034.59
836.82
834.725
2252.25
2237.14
2280.5
2173.91
2127.66
2114.16
2155.17
1341.38
1236.86
1992.03
2107.48
2107.48
2277.9
2234.64
2217.29
2197.8
2148.23
2232.14
2265.01
2234.64
2234.64
2247.19
2270.15
2237.14
2265.01
2107.48
2087.68
2304.15
2336.45
2339.18
2309.47
2265.01
2272.73
2331
2202.64
1063.83
799.041
1110.49
1626.02
1939.86
2141.33
2116.4
2159.83
2304.15
2280.5
2219.76
2217.29
2081.17
2002
2262.44
2164.5
2114.16
2247.19
2244.67
2159.83
2185.79
2336.45
2265.01
2164.5
2217.29
2270.15
2283.1
2207.51
2063.98
1421.46
1170.28
1597.44
2150.54
2178.65
2081.17
2087.68
2242.15
2237.14
2125.4
2127.66
2239.64
2207.51
2100.84
2162.16
2265.01
2164.5
2057.61
2057.61
2109.7
2234.64
2190.58
2081.17
2127.66
1990.05
1913.88
2008.03
1996.01
1536.1
1169.59
1445.09
2150.54
2176.28
2249.72
1996.01
1383.13
1415.43
1945.53
2076.84
2098.64
2061.86
2212.39
2309.47
2120.89
2150.54
2181.03
2185.79
2288.33
2063.98
2116.4
2217.29
2249.72
2380.95
2317.5
2333.72
2272.73
1870.91
1131.86
1135.07
1657
1821.49
1980.2
1828.15
1926.78
2207.51
2237.14
2306.81
2386.63
2427.18
2439.02
2400.96
2442
2531.65
2538.07
2547.77
2541.3
2538.07
2541.3
2547.77
2541.3
2355.71
2306.81
2457
2506.27
2531.65
2544.53
2341.92
1919.39
1161.44
1092.3
1759.01
2192.98
2188.18
2283.11
2280.5
2254.79
2293.58
2275.31
2280.5
2306.81
2288.33
2288.33
2103.05
1970.44
1491.42
1347.71
1705.03
1893.94
1792.11
1806.68
1943.63
1990.05
2068.25
1919.39
834.376
756.43
1429.59
1736.11
1841.62
1917.55
1892.15
1926.78
1930.5
2049.18
2055.5
1976.28
2059.73
2004.01
2014.1
2169.2
2166.85
1951.22
1883.24
1978.24
2040.82
1899.34
1846.72
2008.03
1834.86
875.274
888.494
1587.3
1689.19
1865.67
1684.92
1567.4
1403.51
1463.06
1831.5
2068.25
2150.54
2074.69
2114.16
2164.5
2209.94
2339.18
2185.79
2200.22
2309.47
2288.33
2280.5
2270.15
2252.25
1932.37
1041.67
955.11
1569.86
1976.28
2089.86
2188.18
2262.44
2280.5
2272.73
2341.92
2217.29
2219.76
2306.81
2296.21
2209.94
2092.05
2229.65
2219.76
2197.8
2333.72
2272.73
2285.71
2081.17
1672.24
1497.01
1466.28
1281.23
646.831
656.168
1287
1566.17
1939.86
2094.24
2092.05
2141.33
2166.85
2074.69
2164.5
2270.15
2244.67
2339.18
2222.22
2181.03
2259.89
2195.39
2247.19
2176.28
2159.83
2257.34
2229.65
2254.79
1978.24
1823.15
1121.7
1100.72
1956.95
2212.39
2234.64
2301.5
1474.93
1260.24
1813.24
2262.44
2424.24
2515.72
2528.45
2538.07
2544.53
2430.13
2439.02
2544.53
2525.25
2522.07
2528.45
2544.53
2547.77
2528.45
2518.89
2531.65
2317.5
2272.73
2205.07
1564.95
1108.03
1230.77
1710.86
1874.41
2127.66
2150.54
2053.39
2024.29
2116.4
2214.84
2229.65
2293.58
2272.73
2280.5
2290.95
2224.69
2200.22
2169.2
2178.65
2272.73
2290.95
2290.95
2285.71
2283.1
2173.91
2098.64
2120.89
1851.85
1331.56
1024.07
1308.04
2079
2136.75
2272.73
2171.55
2096.44
2224.69
2312.14
2227.17
2118.64
2185.79
2304.15
2096.44
1515.15
1485.88
1895.73
1980.2
1988.07
2092.05
2242.15
2207.51
2164.5
2237.14
2157.5
2068.25
1562.5
1178.55
1388.89
2004.01
2085.51
2076.84
2068.25
2139.04
2214.84
2247.19
2333.72
2162.16
2227.17
2296.21
2207.51
2237.14
2214.84
2207.51
2283.1
2293.58
2275.31
2290.95
2150.54
2063.98
2169.2
2247.19
2141.33
2085.51
2205.07
2195.39
1551.59
1177.86
1453.49
2044.99
2159.83
2306.81
2350.18
2219.76
2116.4
2200.22
2265.01
2143.62
2185.79
2285.71
2306.81
2277.9
2234.64
2265.01
2237.14
2173.91
2205.07
2283.1
2181.03
2207.51
2288.33
2200.22
2109.7
1672.24
1076.43
934.143
1253.92
1893.94
2176.28
2049.18
2092.05
2237.14
2227.17
2254.79
2285.71
2257.34
2157.5
2178.65
2162.16
2092.05
2197.8
2257.34
2222.22
2254.79
2178.65
2219.76
2312.14
2145.92
2195.39
2347.42
2333.72
2028.4
1863.93
1668.06
1233.81
1356.85
2006.02
2229.65
2152.85
2152.85
2309.47
2328.29
2314.81
2224.69
2205.07
2262.44
2259.89
2162.16
2188.18
2185.79
2176.28
2262.44
2164.5
2176.28
2116.4
2139.04
2148.23
2032.52
2164.5
1988.07
1924.93
1994.02
1578.53
1143.51
1363.33
2265.01
2123.14
1947.42
1467.35
1433.69
1819.84
2026.34
2262.44
2257.34
2252.25
2254.79
2166.85
2181.03
848.896
842.815
2237.14
2053.39
2014.1
2242.15
2314.81
2190.58
2079
1404.49
1134.43
1500.38
2092.05
2132.2
2070.39
2209.94
2283.1
2224.69
2232.14
2202.64
2188.18
2265.01
2312.14
2312.14
2141.33
2096.44
2298.85
2380.95
2314.81
2244.67
2059.73
2081.17
2272.73
2272.73
2265.01
2139.04
2127.66
2116.4
2051.28
1251.56
1097.69
1702.13
2166.85
2244.67
2254.79
2237.14
2114.16
1958.86
2036.66
2234.64
2277.9
2227.17
2227.17
2079
1456.66
1441.96
2020.2
2049.18
2098.64
2217.29
2205.07
2217.29
2100.84
2173.91
2173.91
2002
1519.76
1142.2
1186.94
1450.33
1746.72
1923.08
1974.33
2162.16
2192.98
2209.94
2249.72
2234.64
2265.01
2152.85
2148.23
2267.57
2283.1
2237.14
2252.25
1633.99
1323.63
1338.69
1177.86
1306.34
1457.73
703.977
694.686
1451.38
1829.83
1924.93
1908.4
1930.5
1845.02
1843.32
1851.85
1913.88
2036.66
2145.92
2265.01
2192.98
2111.93
2178.65
2296.21
2234.64
2242.15
2188.18
2190.58
2280.5
2283.1
1455.6
831.255
911.993
1510.57
1616.81
1609.01
1631.32
1626.02
1793.72
2111.93
2195.39
2188.18
2008.03
1199.04
1169.59
1774.62
1823.15
1527.88
1485.88
1445.09
1418.44
1538.46
874.508
871.08
1466.28
1545.59
1686.34
1734.61
1872.66
2059.73
1998
2087.68
2114.16
1895.73
2024.29
2155.17
2100.84
2057.61
1908.4
1883.24
1857.01
1897.53
1923.08
1890.36
1890.36
1733.1
1445.09
981.836
1148.11
2139.04
1947.42
1360.54
1255.49
1655.63
1841.62
1976.28
2195.39
2188.18
2120.89
2070.39
2190.58
2150.54
2012.07
2040.82
2219.76
2190.58
2209.94
2341.92
2178.65
2200.22
2275.31
2254.79
1984.13
1145.48
949.217
1346.8
1992.03
2053.39
1990.05
2129.93
2083.33
2098.64
2089.86
2042.9
2197.8
2229.65
2252.25
2267.57
2247.19
2155.17
2089.86
2127.66
2229.65
2288.33
2032.52
2044.99
2148.23
2085.51
1655.63
1498.13
1314.06
1068.95
1420.45
2152.85
2079
2132.2
2237.14
2207.51
2249.72
2296.21
2306.81
2275.31
2227.17
2262.44
2118.64
1410.44
1389.85
2047.08
2242.15
2109.7
2074.69
2272.73
2293.58
2181.03
2229.65
2301.5
2209.94
2014.1
1614.2
1198.32
1300.39
1833.18
2068.25
2185.79
2061.86
2123.14
2272.73
2166.85
2061.86
2169.2
2277.9
2234.64
2259.89
2252.25
2136.75
2188.18
2320.19
2127.66
2085.51
2237.14
2185.79
2242.15
2227.17
2222.22
2358.49
2164.5
2089.86
1736.11
1106.81
1244.56
2100.84
2219.76
2214.84
2227.17
2317.5
2301.5
2219.76
2159.83
2072.54
2057.61
2242.15
2205.07
2242.15
2347.42
2214.84
2212.39
2096.44
2016.13
2214.84
2322.88
2044.99
1953.13
2195.39
2089.86
1374.57
1128.03
968.523
1131.86
1955.03
2018.16
2105.26
2185.79
2176.28
2249.72
2237.14
2280.5
2288.33
2164.5
2162.16
2134.47
2114.16
2207.51
2120.89
2125.4
2267.57
2328.29
2328.29
2344.67
2181.03
2183.41
2350.18
2159.83
2190.58
2129.93
1321.88
1111.73
1519.76
1893.94
1877.93
1928.64
1841.62
1713.8
1779.36
2020.2
2141.33
2229.65
2242.15
2185.79
2207.51
2103.05
2105.26
2237.14
2205.07
2219.76
2188.18
2207.51
2309.47
2304.15
2298.85
2301.5
2141.33
1912.05
1304.63
1182.73
1712.33
2096.44
2155.17
1609.01
1361.47
1779.36
2145.92
2018.16
2087.68
2277.9
2252.25
2197.8
2036.66
2118.64
2176.28
1846.72
1928.64
1996.01
2038.74
2283.1
2247.19
2254.79
2254.79
2185.79
2229.65
1937.98
1190.48
1183.43
1739.13
1972.39
2047.08
2185.79
2188.18
2040.82
2141.33
2209.94
2227.17
2192.98
2222.22
2162.16
2190.58
2298.85
2227.17
2141.33
2114.16
2116.4
2092.05
2242.15
2200.22
2169.2
2298.85
2314.81
2350.18
2361.27
2232.14
1347.71
1098.3
1557.63
2057.61
2150.54
2270.15
2212.39
2244.67
2306.81
2272.73
2155.17
2162.16
2125.4
2164.5
2061.86
1430.62
1481.48
1945.53
1962.71
2068.25
2034.59
1960.78
1986.1
2155.17
2237.14
2224.69
2141.33
1624.7
1221
1333.33
1745.2
1934.24
2129.93
2076.84
2012.07
2214.84
2341.92
2325.58
2270.15
2157.5
2178.65
2169.2
2127.66
2217.29
2283.1
2159.83
2192.98
2355.71
2247.19
2114.16
2185.79
2296.21
2212.39
2195.39
2298.85
2361.28
2254.79
1635.32
1194.74
1394.7
2042.9
2155.17
2114.16
2244.67
2304.15
2145.92
2171.55
2252.25
2257.34
2239.64
2257.34
2143.62
1972.39
2116.4
2333.72
2280.5
2200.22
2217.29
2242.15
2242.15
2265.01
2022.24
1446.13
1360.54
1526.72
1234.57
632.911
744.324
2212.39
2262.44
2092.05
2136.75
2304.15
2212.39
2190.58
2290.95
2181.03
2176.28
2285.71
2265.01
2296.21
2272.73
2247.19
2195.39
2214.84
2312.14
2162.16
2209.94
2185.79
1774.62
1263.42
923.361
1112.97
1801.8
1879.7
1776.2
1869.16
1893.94
1537.28
1328.02
1381.22
1713.8
2066.12
2076.84
2059.73
2103.05
2234.64
2336.45
2336.45
2114.16
1848.43
1705.03
1385.04
655.093
694.927
898.473
877.193
1601.28
1941.75
2024.29
2136.75
2207.51
2192.98
2249.72
2280.5
2164.5
2059.73
2192.98
2325.58
2293.58
2259.89
2270.15
2150.54
2049.18
2232.14
2166.85
1996.01
1915.71
856.164
836.12
1848.43
2081.17
2155.17
2259.89
2227.17
2100.84
2150.54
2262.44
2254.79
2277.9
2244.67
2275.31
2157.5
2059.73
2254.79
2350.18
2214.84
2118.64
2239.64
2224.69
2205.07
2344.67
2267.57
2265.01
2320.19
2079
1955.03
1958.86
1913.88
1811.59
1855.29
2152.85
2325.58
2403.85
2415.46
2395.21
2314.81
2344.67
2487.56
2525.25
2531.65
2506.27
1596.17
1438.85
1923.08
2116.4
2244.67
2053.39
1974.33
2123.14
2100.84
2164.5
2296.21
2265.01
2127.66
1902.95
1874.41
1869.16
1892.15
1988.07
1829.83
1855.29
2145.92
2214.84
2178.65
2109.7
2079
2145.92
2224.69
2275.31
2312.14
2347.42
2280.5
2244.67
2270.15
2301.5
2320.19
2195.39
1996.01
2123.14
2331
2234.64
2242.15
2293.58
2270.15
2259.89
2129.93
1838.24
1098.9
1062.13
1796.95
2038.74
1990.05
2049.18
2139.04
2155.17
2085.51
2162.16
2190.58
2247.19
2293.58
2103.05
2148.23
2312.14
2290.95
2265.01
2285.71
2306.81
2262.44
2162.16
2200.22
2207.51
1506.02
1387.93
1571.09
1154.07
1191.9
1752.85
2076.84
2139.04
2008.03
2044.99
2129.93
2242.15
2301.5
2265.01
2139.04
2049.18
2089.86
1974.33
2066.12
2267.57
2280.5
2202.64
2181.03
2127.66
2190.58
2383.79
2304.15
2249.72
2055.5
2116.4
2209.94
2012.07
1284.52
1223.99
1958.86
2224.69
2205.07
2076.84
2016.13
2085.51
2205.07
2341.92
2267.57
2262.44
2275.31
2100.84
2094.24
2254.79
2166.85
2181.03
2132.2
2076.84
2096.44
2185.79
2320.19
2257.34
2265.01
2272.73
2114.16
2051.28
1897.53
1310.62
1254.71
1806.68
1855.29
1307.19
1429.59
2123.14
2214.84
2141.33
2173.91
2275.31
2267.57
2081.17
2098.64
2277.9
2219.76
2234.64
2290.95
2229.65
2125.4
2185.79
2298.85
2304.15
2290.95
2265.01
2285.71
2183.41
2014.1
1075.85
912.825
1537.28
2173.91
2185.79
1968.5
1998
2217.29
2262.44
2386.63
2439.02
2403.85
2436.05
2547.77
2564.1
2557.54
2538.07
2528.45
2544.53
2554.28
2544.53
2447.98
2463.05
2574
2580.65
2590.67
2590.67
2544.53
2506.27
2512.56
2481.39
2347.42
1876.17
1555.21
1666.67
2026.34
2283.1
2406.74
2469.14
2469.14
2478.31
2500
2427.18
2439.02
2531.65
2528.45
2528.45
1760.56
1546.79
2000
2317.5
2460.02
2355.71
2066.12
2129.93
2136.75
2139.04
2296.21
2212.39
2249.72
2159.83
1988.07
1414.43
1054.3
1274.7
1936.11
2068.25
2155.17
2280.5
2259.89
2132.2
2173.91
2375.3
2239.64
2185.79
2219.76
2219.76
2132.2
2205.07
2336.45
2298.85
2306.81
2265.01
2143.62
2207.51
2355.71
2358.49
2304.15
2254.79
2267.57
2141.33
1646.09
1109.88
1236.09
1994.02
2145.92
2247.19
2344.67
2339.18
2280.5
2178.65
2202.64
2285.71
2272.73
2166.85
2141.33
2242.15
2141.33
2178.65
2320.19
2244.67
2111.93
2159.83
2339.18
2244.67
2207.51
2116.4
1467.35
1431.64
1424.5
1122.96
1126.13
1308.9
1680.67
2026.34
2116.4
2044.99
2188.18
2202.64
2162.16
2317.5
2155.17
2129.93
2288.33
2239.64
2148.23
2171.55
2283.1
2333.72
2347.42
2369.67
2171.55
2207.51
2424.24
2375.3
2288.33
2298.85
2207.51
1103.14
907.853
1370.8
1509.43
1572.33
1930.5
1923.08
1972.39
1984.13
2042.9
2042.9
2063.98
2232.14
2242.15
2132.2
2190.58
2325.58
2123.14
2053.39
2209.94
2265.01
2244.67
2254.79
2267.57
2234.64
2178.65
1407.46
990.099
1040.04
789.578
819.336
1421.46
1673.64
1814.88
1734.61
1736.11
1968.5
2155.17
2026.34
2010.05
2092.05
2049.18
2118.64
2212.39
2301.5
2109.7
2022.24
2111.93
2188.18
916.17
797.448
1616.81
2134.47
2049.18
2129.93
2132.2
2083.33
2234.64
2265.01
2057.61
1984.13
2214.84
2277.9
2089.86
2136.75
2309.47
2290.95
2139.04
2173.91
2341.92
2209.94
2214.84
2312.14
2267.57
2283.11
2298.85
2018.16
735.024
751.597
2139.04
2224.69
2309.47
2469.14
2531.65
2509.41
2506.27
2551.02
2551.02
2551.02
2551.02
2439.02
2442
2554.28
1947.42
1571.09
1836.55
2270.15
2383.79
2472.19
2484.47
2469.14
2352.94
2344.67
2466.09
2506.27
2531.65
2386.63
2176.28
1996.01
1939.86
1890.36
1901.14
2141.33
2350.18
2442
2457
2447.98
2472.19
2503.13
2380.95
2214.84
2176.28
2249.72
2197.8
1984.13
1814.88
1851.85
2032.52
2089.86
2200.22
2288.33
2285.71
2079
2000
2152.85
2283.1
2207.51
1787.31
1257.86
1150.09
1639.34
2192.98
2123.14
2197.8
2254.79
2143.62
2200.22
2317.5
2272.73
2244.67
2242.15
2259.89
2125.4
2152.85
2296.21
2270.15
2207.51
2076.84
2157.5
2309.47
2237.14
2227.17
2277.9
1947.42
777.303
592.944
956.023
1662.51
1926.78
1892.15
2079
2087.68
1932.37
1966.57
1984.13
1787.31
754.717
721.241
1485.88
1722.65
1661.13
1609.01
1676.45
1510.57
1583.53
1581.03
1510.57
1808.32
2074.69
2176.28
2244.67
2350.18
2412.55
2439.02
2361.28
2389.49
2522.07
2509.41
2496.88
2506.27
2518.89
2509.41
2506.27
2525.25
2433.09
2358.49
2409.64
2392.34
2355.71
2386.63
2439.02
2506.27
2538.07
2525.25
2378.12
2366.86
2475.25
2296.21
2132.2
2109.7
2120.89
2232.14
2098.64
2047.08
2207.51
2123.14
2178.65
2183.41
2171.55
2298.85
2314.81
2285.71
2265.01
2290.95
2270.15
2202.64
2098.64
2202.64
2209.94
2202.64
2222.22
2237.14
2347.42
2244.67
2234.64
2030.46
2032.52
2129.93
1411.43
1000.5
1182.73
1839.93
2141.33
2094.24
2171.55
2288.33
2096.44
2143.62
2339.18
2350.18
2277.9
2234.64
2272.73
2290.95
2283.1
2239.64
2169.2
2096.44
2227.17
2350.18
2301.5
2290.95
2272.73
2296.21
2244.67
2040.82
1877.93
1616.81
1286.17
1375.52
1934.24
2120.89
2136.75
2285.71
2347.42
2224.69
2157.5
1990.05
1788.91
1803.43
1818.18
1121.7
1109.26
1949.32
2038.74
2057.61
2224.69
2162.16
2166.85
2109.7
2008.03
2159.83
2262.44
1899.34
1199.76
1189.77
1715.27
1690.62
1632.65
1779.36
1902.95
1748.25
1544.4
1596.17
1763.67
1666.67
1658.37
1890.36
1858.74
1798.56
1841.62
1829.83
1883.24
1964.64
2132.2
2249.72
2185.79
2105.26
2059.73
1345.9
1104.36
1549.19
2169.2
2139.04
2051.28
2242.15
2341.92
2283.1
2214.84
2171.55
2148.23
2205.07
2178.65
2205.07
2312.14
2227.17
2094.24
2047.08
2197.8
2081.17
2123.14
2205.07
1399.58
1255.49
1706.48
1287
1023.02
1191.9
1368.93
1589.83
1886.79
1828.15
1686.34
1860.47
2152.85
2047.08
2006.02
2109.7
1976.28
1937.98
2087.68
2016.13
2016.13
2232.14
2224.69
1814.88
1824.82
2188.18
2224.69
2280.5
2247.19
2252.25
2304.15
2188.18
2068.25
2044.99
2111.93
2166.85
2008.03
1644.74
1529.05
1710.86
1839.93
1846.72
1945.53
2118.64
2209.94
2280.5
2336.45
2372.48
2314.81
2347.42
2457
2447.98
2447.98
2415.46
2369.67
2352.94
2375.3
2386.63
2372.48
2252.25
2120.89
1998
1801.8
1705.03
1727.12
1334.22
1360.54
1970.44
2192.98
2188.18
2234.64
2355.71
2272.73
2244.67
2304.15
2270.15
2247.19
2301.5
2301.5
2079
1901.14
1869.16
1834.86
1846.72
1862.2
1857.01
1836.55
1895.73
1818.18
1739.13
1787.31
1808.32
1813.24
1550.39
1491.42
1627.34
1697.79
1838.24
2026.34
2207.51
2205.07
2272.73
2383.79
2406.74
2296.21
2044.99
1968.5
2068.25
2195.39
2296.21
2259.89
2296.21
2415.46
2344.67
2242.15
2247.19
2293.58
2105.26
1924.93
1501.5
1472.75
1904.76
1992.03
2074.69
2109.7
2044.99
2083.33
2162.16
2150.54
2129.93
2076.84
1596.17
1297.86
1473.84
1883.24
2074.69
2166.85
2272.73
2322.88
2336.45
2347.42
2247.19
2257.34
2293.58
2283.11
2254.79
2087.68
2032.52
2012.07
1982.16
2022.24
2118.64
2169.2
2275.31
2457
2509.41
2538.07
2541.3
2493.77
2466.09
2493.77
2515.72
2430.13
2433.09
2531.65
2528.45
2534.85
2554.28
2554.28
2509.41
2227.17
2118.64
2169.2
2227.17
2355.71
2395.21
2409.64
2415.46
2322.88
2125.4
2018.16
1893.94
1662.51
1765.23
2176.28
2355.71
2447.98
2503.13
2512.56
2496.88
2503.13
2525.25
2522.07
2395.21
2358.49
2380.95
2325.58
2336.45
2350.18
2366.86
2403.85
2436.05
2463.05
2383.79
2242.15
2234.64
2244.67
2188.18
1683.5
1540.83
1824.82
1831.5
1788.91
1765.23
1573.56
1694.92
2098.64
2217.29
2288.33
2350.18
2424.24
2481.39
2049.18
1841.62
