9.9971
319.081
368.189
457.875
495.786
516.529
480.538
404.122
378.501
411.184
439.754
458.19
323.625
150.693
140.469
206.612
277.855
414.336
309.215
293.169
410.509
437.924
447.928
464.253
360.815
343.997
420.698
452.796
505.306
502.765
438.116
386.473
398.089
444.939
341.822
144.227
75.7748
105.781
315.308
318.573
404.367
310.222
293.298
330.087
333.444
361.991
380.662
411.946
349.773
361.86
200.662
179.986
335.402
361.076
287.398
200.803
203.046
312.402
329.001
289.352
344.175
398.963
374.322
341.006
248.385
269.034
421.319
421.141
321.699
250.344
274.876
375.94
363.636
281.136
285.225
173.295
130.132
121.647
162.483
357.974
371.885
278.358
242.954
341.88
432.713
424.719
252.557
253.036
412.882
400.641
269.288
255.885
380.445
432.994
436.967
434.688
451.162
391.16
381.752
444.741
457.771
459.242
443.164
389.484
385.06
373.483
347.283
271.37
235.599
295.858
324.834
284.212
299.715
388.425
423.012
434.877
512.164
569.801
382.848
361.533
462.856
351.556
317.209
302.663
342.994
478.813
522.603
554.785
563.539
555.556
417.362
188.058
201.857
243.546
236.295
177.525
60.0637
73.8471
367.985
401.526
505.817
557.569
581.226
570.125
505.945
421.141
430.57
527.426
568.666
557.88
488.759
440.238
392.619
417.711
534.902
583.09
571.592
527.426
515.597
442.576
443.951
543.183
573.888
591.017
585.652
563.857
355.429
342.642
530.926
563.857
556.174
546.896
548.095
456.204
435.73
531.35
569.152
581.564
595.77
595.948
562.746
439.85
437.733
478.469
435.066
458.821
471.587
356.824
356.633
490.557
543.478
570.613
578.704
586.51
496.894
454.339
509.944
561.01
573.066
552.792
561.325
558.191
443.754
445.038
536.193
549.602
575.871
579.206
581.564
474.271
448.732
537.924
524.384
518.269
575.043
593.824
371.264
333.222
448.33
503.778
574.383
573.066
547.945
464.576
448.229
536.337
579.542
563.38
537.201
548.396
498.132
448.129
492.247
502.008
475.059
443.262
328.192
318.979
417.624
468.384
465.116
474.271
352.423
341.764
483.442
543.036
589.275
540.541
454.959
396.511
407.332
467.29
459.453
328.246
343.466
465.983
487.329
555.093
575.043
582.751
574.878
569.152
448.43
399.122
480.192
561.01
591.017
593.296
575.54
519.886
471.698
492.732
546.747
579.206
602.954
604.23
602.047
606.612
542.594
518.672
561.01
501.002
473.821
533.903
576.203
531.208
480.307
520.156
588.928
600.06
580.046
577.534
598.086
543.774
485.319
505.433
506.457
473.149
413.65
396.118
387.372
427.35
552.181
563.38
540.103
536.337
526.593
430.942
403.877
443.754
488.878
557.88
581.058
572.082
418.76
370.302
466.418
559.441
598.982
558.036
512.952
476.644
470.367
496.155
493.827
511.117
564.653
592.066
522.057
467.946
488.998
473.934
460.936
514.536
565.611
502.26
433.839
429.092
395.961
418.148
532.198
602.047
288.392
241.342
371.402
413.479
421.053
404.04
428.174
487.092
508.13
526.177
535.332
517.197
445.732
442.478
512.82
552.334
571.429
513.215
377.43
363.042
430.942
484.966
538.068
527.844
537.346
478.126
444.642
509.295
492.005
490.677
538.648
559.441
508.906
476.417
535.906
520.969
436.872
443.656
507.099
440.82
409.92
493.949
548.396
536.913
553.71
592.066
601.866
505.689
496.278
579.039
603.682
625.195
459.031
369.344
351
378
438.212
436.491
447.327
463.714
434.028
442.772
520.427
557.569
580.889
602.41
596.659
458.085
422.833
528.541
590.145
602.41
588.755
550.661
546.597
464.145
437.733
479.962
485.201
548.246
595.77
592.593
470.921
441.209
556.174
451.977
395.257
457.666
506.971
469.814
469.704
567.376
564.334
558.503
582.751
593.296
599.341
497.884
405.762
417.362
493.34
463.929
397.456
368.868
439.85
583.771
604.23
561.01
392.542
317.965
363.372
401.929
434.122
529.942
578.704
466.962
366.435
414.852
535.619
584.795
584.112
570.776
567.054
441.306
423.012
526.454
546.001
545.852
558.503
573.23
456.83
423.639
443.361
432.339
462.214
503.398
556.948
459.031
442.184
537.779
528.123
529.101
557.258
561.482
474.496
459.77
546.597
580.72
612.557
520.156
426.621
383.289
422.476
564.016
615.574
613.309
604.961
283.648
259.37
445.931
455.27
494.56
582.411
571.755
407.747
386.847
497.141
555.093
585.309
535.762
527.704
485.084
457.666
523.149
539.374
537.057
562.43
560.224
554.324
475.964
433.745
434.783
429.369
468.713
497.76
440.82
431.872
495.172
500
518.403
544.811
564.016
585.652
495.417
471.365
529.801
555.556
496.278
410.425
355.114
338.467
382.702
379.075
368.936
369.549
391.083
466.636
507.614
546.15
559.128
565.771
420.433
370.92
445.137
507.872
501.379
478.927
515.863
458.821
439.078
501.253
531.632
558.036
530.082
524.384
480.307
465.983
462.214
422.119
451.875
513.215
561.167
465.658
427.442
514.139
487.329
453.926
517.732
555.71
489.117
482.509
559.441
585.995
569.152
463.499
427.259
410.341
435.92
555.401
591.716
593.472
586.51
574.053
543.036
449.438
410.678
457.038
517.732
571.919
603.318
426.348
342.348
394.244
444.05
417.798
408.998
422.386
460.936
498.878
466.092
504.923
581.395
593.12
584.624
463.822
452.694
537.634
558.347
564.493
544.959
571.102
468.165
411.777
482.625
498.878
503.778
561.64
594.001
509.295
461.148
523.56
571.919
563.222
428.174
367.715
376.506
433.839
558.971
580.72
553.71
555.093
396.118
322.061
385.877
478.469
549.451
576.701
574.878
357.398
294.855
361.794
402.495
451.365
491.039
397.614
404.776
527.565
554.017
588.408
611.247
612.933
435.161
397.456
412.797
394.244
433.651
461.574
443.459
432.526
517.464
532.056
510.856
548.697
589.623
598.086
500.375
449.135
508.259
578.369
477.099
394.477
398.406
431.034
507.485
578.369
574.053
559.284
561.482
566.412
445.335
362.122
398.724
488.52
550.055
530.786
385.877
380.807
519.211
570.288
546.747
482.509
479.157
485.791
456.725
486.618
543.331
559.754
566.733
563.857
488.162
463.499
462.856
450.857
481.58
495.295
520.562
506.842
465.441
505.689
540.979
553.71
587.371
547.345
534.045
467.508
458.19
554.785
585.138
506.201
440.141
439.754
427.991
459.453
543.036
577.868
571.429
574.548
595.238
566.091
473.037
460.193
518.403
462.749
383.436
305.018
293.083
360.425
425.532
462.214
517.197
472.144
414.938
450.248
447.427
441.501
491.159
548.847
462.107
442.576
464.145
421.941
465.008
555.247
533.476
417.537
400
437.254
473.597
516.529
540.394
561.956
532.34
529.521
563.063
589.971
505.051
420.964
459.031
486.381
498.629
563.698
575.871
580.889
589.797
597.372
587.544
443.557
373.832
427.625
479.616
527.704
586.682
433.463
385.951
476.985
518.941
474.158
445.732
505.178
467.399
449.741
487.448
485.909
538.648
563.222
554.324
446.429
407.997
341.297
329.489
369.549
305.577
337.268
409.333
432.339
488.043
528.122
509.814
485.437
450.248
394.011
356.952
371.54
396.668
428.357
515.996
550.055
542.888
548.396
561.482
505.433
459.876
487.924
536.337
553.403
563.222
565.611
379.939
344.293
419.024
436.205
493.097
530.786
539.811
451.264
429
488.998
526.454
566.091
499.625
375.164
378.286
432.152
399.042
407.415
466.309
498.38
416.493
426.621
518.807
529.661
572.082
556.019
518.941
438.02
442.478
560.853
592.242
484.261
411.1
412.626
424.538
483.676
563.539
578.202
556.174
527.426
525.348
486.145
464.792
507.872
533.618
551.572
563.063
476.872
359.842
381.752
515.996
571.102
549.451
527.009
531.773
459.77
464.145
550.661
558.036
574.218
602.047
605.144
547.645
459.453
446.229
448.934
442.576
467.399
517.866
475.172
418.498
466.201
491.642
504.286
553.557
570.939
565.771
474.158
466.2
561.325
585.138
484.614
416.493
415.8
425.08
466.853
531.491
562.746
570.288
582.92
572.082
481.464
455.373
516.262
533.76
515.464
530.082
494.315
376.861
395.257
511.509
534.474
532.056
547.345
592.593
509.424
389.712
401.768
388.878
351.062
343.23
331.62
384.172
433.651
440.432
456.413
390.32
387.372
492.49
503.651
518.807
565.451
566.251
503.398
445.831
487.686
541.712
483.676
429.83
447.928
448.934
462.214
528.402
545.852
543.183
553.403
569.314
548.697
471.032
460.087
533.476
546.001
540.103
562.114
457.352
380.084
444.05
552.029
553.25
534.474
545.554
571.429
467.399
438.308
513.347
541.126
564.972
594.354
614.628
562.114
356.952
310.511
418.76
525.901
553.25
579.206
498.878
477.783
521.376
515.73
546.597
568.505
550.812
472.144
462.856
513.611
551.724
475.511
398.168
402.253
370.028
384.986
481.58
484.379
493.949
541.419
484.379
461.787
500.877
533.333
562.746
590.319
596.125
542.594
442.576
447.427
529.942
543.183
520.427
522.739
566.733
499.625
484.144
560.852
545.554
502.892
522.057
565.931
421.852
385.505
358.873
344.709
424.989
330.142
306.607
363.967
418.235
514.933
556.328
493.462
388.048
414.852
541.272
489.956
407.83
429.461
406.669
419.111
533.049
565.451
575.374
576.535
587.027
566.091
459.559
448.632
515.464
531.915
554.017
567.698
486.145
380.518
419.815
563.539
555.864
534.902
555.556
538.938
453.001
437.158
462.749
475.285
527.704
559.284
576.203
468.713
417.798
435.35
467.399
518.403
529.661
552.639
474.496
461.467
511.378
508.001
539.52
578.536
590.319
505.433
475.059
550.661
603.318
598.086
464.684
403.877
431.499
442.478
501.253
590.842
594.001
570.776
557.103
579.039
504.414
464.468
537.057
580.383
592.593
564.175
488.4
380.373
395.101
536.769
584.283
562.588
536.625
561.01
600.06
473.037
420.787
483.442
552.181
562.114
536.913
526.87
443.656
402.982
430.385
467.836
504.796
523.56
518.135
385.654
353.482
469.153
576.868
599.88
596.303
568.828
458.4
455.892
525.486
395.101
348.736
422.297
394.166
400.882
523.286
580.72
588.755
587.199
599.161
481.232
424.268
489.237
558.659
596.659
607.165
516.529
373.065
377.858
480.885
516.662
547.495
548.246
553.557
503.652
489.716
564.175
554.17
532.907
554.477
562.905
528.262
447.027
456.725
462.428
431.313
464.468
510.725
503.905
460.405
496.401
543.478
568.666
568.02
544.959
563.063
491.642
475.285
547.645
566.091
479.271
446.229
519.751
496.648
444.444
510.465
602.41
590.667
583.601
597.372
543.626
460.829
455.581
521.376
557.258
559.284
577.367
397.062
304.739
358.295
409.752
415.196
491.884
561.956
477.897
473.373
552.792
571.102
576.701
572.738
590.145
540.394
457.247
451.977
515.464
580.72
594.177
589.623
586.166
468.384
358.938
357.59
416.406
406.835
323.834
352.547
485.909
459.031
293.212
274.123
382.848
469.925
470.478
434.499
436.967
477.213
388.5
358.938
382.702
410.931
440.529
348.493
326.958
398.883
460.405
459.876
460.723
386.997
379.651
446.728
409.082
392.003
441.891
393.468
333.445
362.713
448.43
516.396
567.537
486.973
451.162
500.877
530.223
563.857
575.54
488.281
408.831
449.843
544.959
502.639
322.425
251.319
318.878
476.531
544.366
544.811
543.036
550.812
567.537
479.157
436.681
480.654
463.929
482.16
519.886
417.014
387.822
487.448
577.034
548.697
521.376
534.902
528.402
474.383
431.313
456.309
530.082
562.272
565.611
526.87
449.035
395.491
403.226
447.628
488.281
537.634
498.256
453.412
510.725
464.576
418.06
494.927
508.518
414.766
425.894
547.645
565.131
409.5
349.04
324.886
360.295
522.739
562.905
582.751
602.773
545.108
460.193
426.621
493.583
573.559
568.505
577.868
558.971
396.825
368.256
492.854
539.811
499.5
487.211
515.198
484.144
474.271
534.474
542.299
541.712
562.272
569.314
548.396
466.309
420.433
437.637
480.769
530.363
574.548
586.854
467.508
454.339
511.117
509.814
528.961
543.036
560.538
508.388
462.749
508.13
544.662
487.448
468.055
515.996
487.211
467.399
539.52
582.92
578.536
548.396
492.005
470.146
443.066
456.83
526.316
544.959
544.07
523.286
439.271
408.747
489.237
510.465
478.927
516.396
562.114
586.51
503.398
480.423
552.944
576.701
592.066
596.125
557.569
504.286
459.242
422.565
424.088
427.899
459.137
535.189
480.769
469.594
519.751
535.906
582.072
575.54
567.698
587.371
464.468
396.354
318.674
316.807
455.996
352.671
320.051
408.163
459.664
539.957
581.564
467.836
403.063
461.574
501.63
499.376
517.197
379.795
307.361
401.043
556.174
543.036
446.229
444.741
451.162
441.014
520.291
566.572
584.966
592.417
596.125
562.746
469.704
413.736
438.5
506.073
543.774
576.535
569.963
458.505
420.08
478.012
510.204
520.698
568.828
599.88
488.281
469.925
551.42
514.139
447.728
456.1
537.057
