5.36509
34.0078
31.5721
32.6073
38.9014
32.0904
31.3028
41.8121
39.8065
31.7506
35.6144
45.5602
44.5117
36.5083
36.8562
30.1051
30.3458
46.5495
46.9142
48.644
49.7711
46.5875
45.4422
46.2899
41.1675
41.7589
48.0111
48.3606
44.5732
42.2654
42.372
42.2199
43.1174
42.5423
39.847
40.5375
43.0598
44.2948
43.1695
41.9305
45.4566
48.5578
47.4158
45.2376
46.2834
49.5896
48.0538
46.4102
48.4215
49.0641
49.4352
50.2601
46.516
45.3762
47.2389
48.5791
48.1835
47.4947
46.3456
46.6472
47.6985
47.8973
47.4992
41.3095
41.7092
46.811
47.9237
50.2967
50.9879
50.4719
49.7971
49.2793
49.505
47.6043
46.3865
48.7864
49.2696
48.962
50.3284
48.9668
46.7082
46.463
46.2652
46.3135
47.4046
49.3036
49.209
48.1614
48.5084
48.273
47.0566
47.9226
47.2623
45.1977
46.3027
46.9175
47.3687
47.2155
46.2428
47.5364
47.8595
45.2591
43.3257
44.9843
46.9362
47.6679
48.0411
48.5944
49.6524
47.7532
46.9594
45.2264
43.3013
46.9748
48.2114
46.0214
47.344
48.2265
48.4308
47.3149
47.6395
47.7031
46.477
46.3994
47.9375
48.7068
48.1638
48.8532
48.0769
49.7983
49.6487
46.9814
46.2899
46.7115
48.0492
49.1485
47.3608
47.6497
49.7104
48.4731
49.5896
49.0388
47.4721
47.5941
48.1162
49.3852
49.2453
49.1135
49.215
49.2393
49.4364
46.6962
44.3931
46.7126
47.4496
47.0788
49.3791
48.1719
45.88
45.6308
46.7355
48.2369
46.705
45.3515
46.9991
47.5794
47.7486
50.2222
49.5565
48.2625
48.3138
46.4695
46.2267
46.8527
47.2121
48.0769
49.1147
47.3418
42.5885
41.4242
40.4613
41.1446
45.819
47.7635
48.0943
48.8484
47.9812
47.3821
48.4473
48.2591
45.5405
45.4112
47.4338
47.652
46.5723
47.0899
47.7042
47.5229
48.1765
46.7224
46.856
46.0183
44.9176
47.0157
47.719
45.0887
44.2419
45.9232
46.6037
47.3037
45.94
44.834
46.4749
47.1932
47.5206
49.1787
49.2817
49.4425
49.889
48.0181
44.5117
44.9186
47.0721
47.2043
48.4567
46.8472
47.2222
47.9065
46.449
45.6163
45.9158
47.9363
48.5732
47.3653
47.2456
47.5873
47.7054
48.266
46.4673
45.403
46.9131
46.1744
47.4563
48.9548
47.444
48.9021
49.2927
48.122
46.7148
45.4071
46.5929
48.0839
46.2011
45.6882
46.2225
47.0732
48.7223
47.9789
45.3823
45.469
46.9892
47.533
48.0077
47.8641
47.316
47.5862
47.7749
47.0245
45.5208
44.6688
46.632
47.4868
48.2812
48.6452
47.5195
48.0665
47.9478
45.9876
45.3124
46.9649
49.2259
47.9065
46.8856
48.1035
47.8595
47.6792
48.8126
46.6027
44.4563
42.7442
43.2395
46.4835
47.2646
47.5771
47.278
46.8801
46.6451
45.92
45.0025
44.2919
44.959
47.4327
47.3082
47.6213
47.6259
46.5019
48.3465
46.49
44.4168
46.9903
49.5946
48.1661
48.0088
48.0411
47.4293
46.8779
47.0688
45.9168
45.0704
47.0511
48.9033
47.9409
47.0577
47.5308
46.5929
47.4181
47.1598
44.6937
45.4866
47.6803
47.3911
48.1777
48.2463
47.7897
47.3104
46.3973
45.042
44.5434
45.9221
47.6077
47.6713
46.2385
46.8242
47.3552
46.7552
47.3945
44.3272
42.4701
46.3865
47.3878
46.657
47.2757
47.4226
47.5048
47.4372
45.8821
44.7167
44.0432
45.3206
48.0365
46.8779
46.8768
47.7669
46.4641
46.0501
44.9277
45.707
48.0631
46.9263
46.3876
47.8114
47.4428
46.2438
47.4924
46.8406
44.8904
46.4619
47.6315
47.7601
46.3252
46.1766
48.1881
47.3015
46.1499
46.5073
46.5224
45.6986
47.5082
49.3401
47.5217
46.6494
45.6225
44.7989
44.8883
45.0704
46.6657
47.9605
47.8183
47.9651
49.3523
50.1479
49.3133
47.55
45.8117
44.7678
45.039
47.0732
48.1928
46.7235
46.8911
46.799
45.8737
47.6713
49.0076
45.5291
45.405
47.5579
48.4238
48.2474
47.9455
49.4328
48.9884
46.8538
43.4292
43.3426
44.8934
46.2877
48.0284
48.3185
47.6599
47.0168
48.6926
46.3639
44.3912
45.8895
46.4814
45.6757
46.2535
46.879
45.0004
45.0562
45.107
42.9332
44.6638
46.5907
46.9351
47.8939
46.1755
46.4576
47.8069
47.3878
43.5597
37.4132
39.5906
45.556
46.4145
47.2791
47.3563
49.2296
48.7092
46.7782
41.6727
41.6441
46.1787
47.0124
48.0746
49.0352
48.6074
45.8411
46.365
46.856
45.8169
47.1065
47.7464
46.7858
47.8309
49.9077
49.1413
47.4518
45.9569
44.3764
45.5187
46.4587
46.3973
46.9528
47.0124
47.6656
47.5986
47.6531
45.7457
43.8452
45.9728
46.9704
46.4868
47.3518
48.7936
48.4766
48.1429
47.0976
42.633
43.1667
44.8662
45.9633
48.6985
47.8686
47.0389
47.2735
47.8538
46.3392
45.9992
46.5864
47.6361
47.6599
46.6429
47.4586
46.9362
46.6429
47.0932
45.6069
47.2311
49.1763
48.1696
48.5366
46.3188
46.2171
47.9835
46.6853
44.3853
43.8635
45.0572
47.7612
49.0545
45.7038
45.335
47.1098
47.191
47.444
46.5679
45.7101
46.856
47.4969
47.0921
47.824
47.5274
47.6531
48.0584
44.3862
43.9039
46.0787
46.2738
48.1244
47.6259
46.9406
48.1522
47.6372
46.2417
43.2498
40.5014
42.1221
43.4367
41.2584
40.5992
41.5308
42.8578
43.122
39.3345
38.7402
44.3715
47.3765
48.0688
47.8721
47.9996
50.5766
49.3376
45.3844
45.0979
46.4263
44.4969
44.8159
47.1176
48.2975
47.4777
47.0466
47.1876
45.0816
44.6857
46.3478
47.4203
47.8091
47.7521
46.6146
46.4857
47.5839
46.2097
45.66
46.379
47.4552
48.7128
48.2241
47.2054
46.8999
46.8615
47.2802
45.798
44.962
47.0256
47.1865
46.9252
48.7329
48.1812
47.25
47.5161
46.0681
45.2212
47.2043
48.0354
47.6247
47.8137
46.594
47.0223
47.1453
47.8939
47.1542
39.6432
39.1489
45.6882
47.8194
48.0642
48.2311
47.9869
47.5251
47.3339
47.325
45.4638
46.0098
47.7749
48.1823
47.2489
45.5415
47.1609
48.2218
47.7281
46.9175
44.484
45.1091
48.0204
47.3597
47.6894
48.4543
48.0804
48.4367
47.4552
45.5259
44.7287
45.9601
48.4555
49.6524
49.1171
48.3337
46.9164
46.5788
46.6559
45.2991
47.0245
46.966
46.1585
48.7817
48.1591
46.3908
47.7623
47.4845
44.615
43.6653
45.708
47.7521
47.9639
48.1997
47.172
46.4069
47.3003
49.5111
50.158
45.9137
46.0692
46.7464
46.811
48.7009
46.2524
45.9654
48.6523
48.5531
44.3744
42.1994
44.4148
48.1788
47.0765
45.556
48.1487
47.9513
47.1921
48.5531
47.7327
45.5633
45.3576
46.4005
48.2532
48.0146
45.8958
46.8823
47.1298
47.7293
48.3244
44.9378
44.24
46.0543
46.2556
45.6725
46.9252
46.3919
46.2
47.1353
45.3566
46.2193
46.7486
46.556
48.3758
49.4157
48.7246
47.1187
47.1832
47.6304
44.4504
44.34
47.4586
47.7989
47.7897
48.8281
48.0931
46.8735
46.7443
45.3803
45.7268
48.0515
47.6951
47.3418
46.0109
45.5197
47.8835
48.0342
45.1121
42.1026
42.757
45.045
46.7694
47.2255
46.5875
45.8117
45.2427
45.5042
44.2008
43.6662
45.7164
47.3149
48.0943
45.8674
45.7132
48.287
49.5111
48.0584
43.7694
43.6367
46.4781
46.6842
47.453
48.2707
47.1498
48.0423
48.0954
46.3295
46.1191
47.2757
48.9884
48.4943
47.0256
47.6327
47.7065
46.1457
46.5506
46.1489
45.5768
46.5398
47.3541
49.0581
47.7486
45.5322
47.2032
49.2878
48.0019
46.8044
45.369
45.256
46.4371
46.2011
46.8647
48.7389
48.6275
48.9608
47.2892
45.4721
46.901
46.5744
44.6698
45.3022
46.6592
47.6327
48.765
48.2998
48.1359
46.912
44.2821
46.246
48.4696
47.0921
48.0157
47.5647
47.1509
47.8847
47.2322
47.0954
45.5508
44.8139
46.6135
47.9651
47.7156
47.784
48.8854
49.1557
45.3402
42.6858
43.3633
45.7206
47.1453
47.9317
48.4273
46.8044
48.3033
47.25
44.116
45.4762
46.322
45.977
46.436
47.3866
49.3839
47.7817
47.3631
46.9307
44.4247
43.671
45.9031
48.5354
48.0134
48.5897
49.1075
48.6867
48.4966
46.4932
46.8604
47.2556
47.9375
49.0244
47.1976
46.1414
46.987
47.5409
47.4305
47.0743
45.659
46.3994
48.6121
48.1012
48.2265
48.9548
48.5037
48.0885
47.2679
48.377
45.9253
44.7507
47.2545
47.1932
45.2796
45.6767
47.7498
47.5602
48.322
45.4607
44.5553
47.3104
46.8516
48.4966
48.1487
46.4673
46.8373
47.9295
46.0119
44.3429
44.6448
45.1121
47.7794
47.9042
47.3048
46.0448
45.8926
48.1383
47.957
47.1398
46.8033
47.2836
48.4649
49.5233
48.6547
47.735
48.0977
46.9881
46.4436
46.0395
45.4411
44.8079
46.7257
48.0088
46.7454
45.995
47.4316
49.0569
43.1202
43.2985
47.7555
47.2378
47.8847
47.6769
48.6464
49.9988
48.2474
47.9352
46.4598
44.7728
48.144
48.9668
46.6875
47.2869
48.2812
45.8085
45.3587
46.2899
44.1794
44.6548
46.2481
46.7377
47.6429
47.9352
48.1696
47.4282
47.04
46.8889
44.7678
45.4504
48.2148
47.8572
47.2311
47.4676
46.934
48.0561
48.5696
44.7888
44.4622
46.5398
46.4943
47.1631
48.1093
47.9409
48.2102
47.9007
47.1209
46.4306
44.8863
46.1883
47.7395
47.4338
48.3454
48.0885
47.0566
47.895
48.8627
48.0769
44.7688
44.239
45.8631
46.6821
44.6269
43.6977
46.9076
47.1442
47.4485
45.7959
44.8511
47.325
47.7498
48.9345
48.4801
47.3485
48.0227
48.0561
46.9296
46.1808
46.0925
46.7312
48.2416
48.5048
48.8007
46.5896
46.5354
48.8317
48.1325
45.66
45.3124
47.0588
46.8845
47.84
47.9524
46.9903
47.8252
48.0457
47.6656
46.8823
44.9661
45.8358
46.9274
45.7687
46.2556
46.9109
47.3306
47.2545
44.6279
44.1443
45.6475
45.4742
45.9485
47.808
48.439
48.6725
48.6511
46.8077
46.3124
45.8621
45.5996
46.9517
47.8069
48.3969
48.3208
46.2492
46.7628
47.3093
46.2984
46.3489
46.7181
46.6331
46.4501
47.3216
48.6748
49.2963
47.856
47.8893
47.2523
44.7147
46.184
47.6849
46.2118
48.6109
50.5817
49.8728
46.5994
46.9076
47.61
45.6038
45.8043
46.7792
47.2422
47.5376
47.221
46.261
47.8011
48.0711
43.9715
43.0441
46.0352
47.0102
48.3162
48.6157
47.4068
48.4825
47.7783
47.7407
47.4102
43.8308
44.6768
48.0411
47.2545
47.3272
49.0858
48.3337
47.6838
43.7302
43.0172
46.6179
47.3833
47.7852
47.7703
47.2813
47.9582
47.5907
47.7213
45.6548
43.6805
45.1906
46.0978
47.3429
48.3103
49.2441
48.8842
47.4113
46.8856
43.6243
43.691
46.3102
46.3381
47.1465
47.8263
48.187
47.7874
46.3177
45.2437
46.5365
47.4012
47.102
47.8457
48.3372
48.3688
47.3093
47.325
48.3337
47.1009
45.5872
46.0532
46.3167
47.4856
47.6531
47.1398
47.644
46.5008
46.0914
46.89
47.2166
47.3026
47.3328
47.6463
48.5991
47.8538
47.4068
49.2623
48.7258
45.0035
46.1798
48.0943
47.7852
48.6665
48.2416
47.6066
47.0289
46.4997
45.0633
45.1885
46.5279
47.453
47.7612
46.8439
47.6168
48.0088
48.0411
48.0504
46.8165
44.5911
45.5436
47.1453
47.6883
48.3384
47.1298
47.2478
47.2277
47.453
45.776
44.7377
47.5274
48.8544
47.498
47.8412
47.7612
47.1032
47.4665
45.8821
44.8712
45.2653
45.2029
47.7407
49.4682
47.8939
47.7179
47.9134
47.1898
46.987
45.3391
46.0066
48.6511
49.755
50.0789
48.3279
47.4068
47.3037
47.3395
45.6402
43.1788
44.1034
46.3714
48.2905
47.1754
46.0914
48.329
47.8985
45.9147
44.9731
45.731
47.8057
48.486
47.4518
49.0232
48.5543
47.8985
48.432
45.0877
45.0714
47.7817
46.4447
47.1709
48.1928
47.1832
47.8847
48.2905
48.2358
47.7749
47.325
47.5545
47.686
46.8856
48.0711
47.5613
47.995
48.9129
47.8366
46.2161
44.4168
46.6037
48.7829
47.3138
46.5712
47.5161
47.6508
49.0208
47.24
43.1034
45.2919
48.1024
46.6342
46.0819
47.3619
47.7145
47.8767
47.6917
47.061
45.3947
45.9601
48.8842
47.4676
46.3768
48.4754
50.9762
48.2102
46.2792
45.959
45.8327
45.1437
45.3443
48.1719
49.3571
48.8341
48.5826
48.1649
46.7257
46.0808
46.4695
48.2172
48.98
47.2177
46.8242
47.743
48.033
49.087
48.0054
45.436
45.7446
47.4834
48.0804
47.9524
47.1999
48.3711
49.8293
48.0908
47.1231
45.2509
45.7101
46.9958
45.4938
46.5495
47.7498
49.016
50.5063
47.8686
47.1265
47.1932
45.9823
47.1387
47.669
47.2701
48.0966
47.7635
46.6146
47.3306
48.1429
47.9789
47.8492
47.9846
48.9033
48.6452
46.998
48.025
48.0031
48.0111
48.0307
46.7508
46.8856
47.5116
46.7738
48.085
49.186
48.79
49.0545
47.926
49.2005
46.1042
44.1189
47.4001
48.1371
47.5941
47.6066
48.391
49.4242
48.6039
44.4316
42.2931
45.1712
47.2869
48.4473
48.6784
48.2824
48.6843
47.6077
47.4237
47.3474
47.4586
48.0388
48.6121
47.1876
47.0422
48.0192
48.5944
48.7021
48.0781
47.435
46.231
45.0593
45.406
47.7555
47.9916
47.7658
47.5828
48.944
47.3171
43.9783
45.4164
47.172
48.0284
48.5897
47.6281
47.1098
48.8532
49.6944
47.2467
45.634
44.1803
45.9664
46.4987
46.0257
48.0735
47.9685
46.3124
46.408
45.3176
44.825
46.6374
46.788
47.453
48.033
48.2439
49.7475
49.6438
47.5681
45.4184
44.617
45.7771
47.7658
48.8651
49.1727
49.1763
47.8137
48.7329
47.2344
45.6663
46.6679
48.1058
48.6381
48.4285
47.4552
48.398
49.4743
48.4437
49.1256
45.9295
46.1287
47.7065
47.0765
48.1267
47.2646
46.5647
47.5071
47.7179
46.3618
46.4177
46.0024
44.5365
46.503
47.8229
46.1084
46.3124
47.3418
47.3339
47.344
45.7028
46.3822
48.3057
46.9881
48.4825
49.9114
49.5847
48.7116
47.335
46.0968
45.8253
46.4382
48.5555
49.0208
48.9333
49.5884
48.1487
47.5455
47.6849
45.2591
45.212
46.9495
47.4203
