10.0511
211.73
196.078
166.903
160.914
192.215
225.454
209.314
198.669
220.58
193.125
193.555
237.389
212.879
205.17
181.554
165.837
139.014
138.956
200.22
242.16
132.196
113.026
184.485
216.802
81.4365
73.9618
154.595
188.893
194.818
174.429
181.373
210.128
165.44
172.592
154.024
117.682
125.282
150.286
77.6337
75.4745
147.689
166.708
183.705
167.616
198.157
161.199
156.14
216.24
188.573
192.883
228.232
214.684
145.666
120.999
96.9227
113.18
218.388
223.914
190.785
110.302
112.322
133.547
83.3472
101.446
205.55
214.823
223.439
230.309
233.127
237.586
219.563
222.247
250.407
248.201
211.909
201.572
241.78
249.377
61.7322
62.0829
228.024
201.857
215.983
266.418
210.571
201.005
264.201
288.559
229.542
216.474
267.773
258.098
246.853
263.783
247.249
226.091
243.161
266.347
212.54
206.143
128.949
128.353
255.33
247.893
242.984
259.101
268.025
259.538
241.488
257.235
282.446
252.207
247.463
280.505
292.099
262.502
255.754
264.76
240.356
246.609
278.668
272.665
243.962
252.27
280.702
271.26
240.154
250.721
288.892
283.086
238.72
221.558
204.186
195.217
228.728
261.883
235.766
215.077
205.318
196.021
213.698
224.82
211.394
228.859
271.924
274.461
259.841
200.02
176.757
211.06
257.102
273.336
252.813
243.191
235.018
220.775
224.039
236.518
258.866
252.27
261.404
297.442
293.341
250.25
232.585
246.67
245.821
261.37
277.932
264.971
246.853
260.688
296.736
273.598
231.911
245.489
286.615
286.574
262.467
267.237
285.266
270.49
212.157
212.675
265.146
244.978
256.674
250.627
207.404
211.104
247.311
257.169
241.838
258.431
276.205
249.688
248.262
279.33
283.648
221.361
223.115
285.878
289.981
274.236
265.393
253.582
249.563
251.731
252.175
273.598
261.301
264.236
296.472
305.764
266.738
236.63
241.313
241.313
250.973
282.606
292.056
265.252
265.252
275.52
283.206
224.719
215.61
280.899
290.909
260.484
250.25
268.709
280.859
246.396
215.193
239.177
257.798
251.162
237.361
212.834
220.07
233.019
252.398
260.586
254.939
273.149
272.146
260.688
269.251
266.241
213.333
222.074
284.051
288.475
255.951
245.881
240.414
194.666
205.825
264.901
250.156
235.793
244.051
256.312
246.275
239.149
248.293
253.936
261.712
269.469
274.99
266.099
266.88
280.23
287.233
234.082
222.124
266.525
282.366
266.276
258.331
271.739
287.728
265.781
235.294
235.239
239.492
258.598
262.02
232.639
211.932
205.465
231.107
246.154
258.833
289.981
274.952
239.378
245.761
283.006
232.504
228.284
290.36
303.444
267.845
248.571
250.282
253.1
224.417
230.867
273.224
249.657
253.614
286.779
295.072
266.631
247.219
239.234
227.273
240.761
279.018
282.486
259.673
264.795
278.28
290.023
240.038
231.187
278.396
251.889
218.341
227.324
259.168
255.135
247.77
240.645
202.696
219.78
280.938
295.596
231.589
209.512
236.967
222.568
235.766
276.243
279.408
242.512
241.051
275.596
251.477
238.294
265.922
284.212
259.471
251.319
254.874
262.158
248.139
240.848
277.508
291.758
273.973
269.942
284.779
294.377
280.387
260.112
254.001
247.188
258.465
280.269
282.686
271.076
269.869
286.451
282.646
247.463
253.197
287.811
287.935
253.165
223.964
235.322
243.487
236.351
259.067
287.522
250.627
241.75
272.331
214.041
202.45
238.578
250.689
207.018
203.149
262.295
234.742
208.703
210.194
191.241
211.64
270.49
247.127
233.618
246.792
273.748
269.034
258.365
274.914
260.756
242.836
247.005
267.487
261.199
255.787
244.738
243.546
258.098
268.781
279.525
283.849
256.246
247.709
283.286
246.002
225.912
266.347
286.985
246.975
244.141
266.099
277.701
251.984
236.463
269.796
240.298
237.614
283.567
291.928
265.358
213.652
203.314
221.705
237.897
262.502
228.859
201.898
221.607
215.308
201.167
228.441
267.023
266.418
266.702
274.952
255.297
219.419
229.437
273.748
278.164
271.444
275.634
278.862
265.463
260.247
250.847
257.169
254.421
254.13
275.634
276.243
249.594
253.55
292.569
251.193
236.155
275.748
295.727
276.091
255.918
256.542
275.824
250.031
234.797
253.068
245.912
238.72
254.323
283.487
282.406
264.306
226.501
201.572
223.464
272.889
272.591
161.095
157.841
232.612
222.469
243.013
269.724
252.621
252.844
260.688
278.979
234.439
221.117
279.408
276.51
260.756
279.486
296.033
289.352
260.485
255.037
286.205
275.027
253.646
266.631
280.308
255.428
242.365
267.63
249.47
223.065
247.831
268.853
242.571
233.454
236.63
250.627
243.161
237.671
272.109
256.18
252.398
288.725
283.246
250.407
242.925
213.789
202.696
248.016
288.684
243.487
206.761
235.018
258.498
229.384
241.663
288.725
303.306
268.962
247.311
266.773
283.407
246.64
243.132
287.811
282.406
258.9
254.939
271.15
263.783
241.984
234.522
247.525
258.431
266.312
287.191
285.592
262.433
264.971
284.576
265.604
250.973
267.559
288.892
287.687
264.831
253.229
271.776
280.348
254.033
260.756
284.172
260.146
263.922
291.545
288.892
266.028
256.246
253.165
259.336
262.64
243.576
251.067
244.588
227.557
247.005
255.102
226.372
238.892
288.06
284.819
237.869
229.568
273.748
245.519
233.155
258.532
252.525
258.431
277.701
298.597
265.781
238.863
215.54
224.492
249.097
255.265
258.598
247.525
263.922
286.164
287.274
250.313
247.954
276.893
276.129
260.044
242.954
256.246
268.637
226.142
238.692
278.009
240.356
241.429
269.687
272.591
238.977
221.558
251.509
256.246
254.972
279.291
286.082
266.134
217.817
193.555
201.025
210.793
235.46
255.689
254.907
255.069
253.968
234.99
237.727
278.048
278.28
248.016
247.647
271.813
274.198
261.986
249.657
258.331
252.557
258.331
276.893
272.814
260.518
258.065
271.555
238.834
227.428
266.951
294.161
266.276
250.219
258.699
271.776
248.355
240.125
264.236
256.805
236.714
240.877
270.27
275.217
261.54
240.674
250.501
258.866
256.016
269.143
265.569
255.493
245.308
220.556
215.75
257.202
281.928
221.705
201.511
246.609
290.824
238.777
223.514
267.666
274.537
268.962
277.701
291.121
275.9
251.984
240.067
244.738
223.539
223.09
251.826
252.302
260.926
278.242
231.777
192.271
224.643
273.038
214.225
202.265
254.647
203.459
196.078
238.493
217.581
211.439
225.124
261.301
227.48
199.422
244.2
264.48
258.098
266.418
275.482
275.065
268.384
233.372
206.996
231.535
263.296
279.135
219.467
207.469
261.609
226.091
217.344
250.91
235.377
240.558
266.134
275.33
250.941
220.386
236.072
251.099
240.356
244.379
267.773
274.952
265.534
277.701
283.809
251.826
246.731
276.052
287.894
251.541
237.107
269.942
254.421
238.635
257.301
263.992
253.872
262.709
283.688
285.714
255.591
223.889
236.911
248.324
257.136
282.486
276.091
251.953
253.357
264.445
202.081
202.204
266.987
252.717
218.89
222.692
241.08
190.259
189.735
228.598
209.622
228.128
269.651
260.146
249.283
247.739
262.123
255.33
254.842
274.048
277.662
258.298
246.396
253.229
228.676
231.589
261.883
277.855
268.312
259.605
268.853
283.166
243.665
238.806
276.74
245.188
239.894
267.738
278.823
269.034
250.564
245.821
263.054
252.972
253.004
284.657
292.056
267.165
260.146
252.43
212.359
228.415
278.979
282.247
219.13
208.485
261.712
223.764
211.171
245.821
231.321
217.936
237.164
250.941
230.044
217.202
232.693
243.279
251.699
263.193
265.922
261.097
261.883
277.508
271.776
264.62
273.785
286.533
253.453
220.775
236.714
272.294
221.263
219.322
247.127
232.883
256.542
272.331
277.662
253.936
233.318
255.102
246.579
243.043
276.281
292.44
213.538
187.547
211.551
199.541
223.714
279.213
260.926
245.369
273.336
252.048
189.179
207.404
278.59
255.037
249.221
264.515
264.34
241.517
227.48
254.323
266.845
254.065
260.688
274.16
257.169
250.25
247.433
232.261
247.801
277.354
290.234
263.748
244.648
264.306
288.767
231.267
224.719
259.707
251.067
252.493
260.213
280.112
268.853
231.884
227.92
262.054
258.298
259.235
265.887
267.917
266.809
264.131
248.201
220.41
240.703
244.978
245.158
248.324
243.576
252.27
217.014
225.149
267.594
275.482
264.375
257.699
268.926
232.045
218.818
253.55
278.28
246.305
232.019
258.833
268.709
243.873
254.453
240.414
222.222
261.472
288.309
290.318
265.534
259.135
290.318
289.352
250.376
252.844
279.916
285.551
271.924
270.526
285.266
251.636
220.192
238.92
282.526
255.135
237.558
214.293
214.5
258.198
233.427
212.721
233.672
262.433
277.239
268.42
236.63
233.645
213.835
217.273
275.293
257.832
223.914
244.349
280.073
265.393
222.618
231.75
287.646
267.415
253.678
269.324
272.146
263.435
261.438
253.068
221.508
229.095
271.444
290.824
266.241
233.345
251.067
296.516
253.743
248.478
265.887
255.722
257.301
256.838
276.97
264.971
233.973
245.64
269.215
242.366
233.318
258.465
280.662
270.819
276.932
268.889
233.563
249.563
286.821
297.663
268.889
244.828
233.1
199.124
196.136
234.742
267.094
248.17
253.872
290.782
274.311
229.305
232.45
271.592
241.255
233.645
267.058
282.925
264.41
266.667
262.916
238.294
251.826
277.239
280.466
256.838
253.1
276.129
297.841
227.972
207.555
248.293
256.772
271.15
292.569
303.122
270.453
250.376
268.168
281.73
264.901
262.536
280.741
276.855
261.952
268.348
253.968
245.881
253.453
266.205
293.126
297.309
261.335
250.219
282.167
218.962
207.641
261.643
282.925
258.031
228.024
230.441
213.47
202.758
220.702
223.589
226.091
259.134
286.123
267.165
268.781
259.034
234.522
242.043
262.571
280.23
264.34
243.605
241.663
221.951
223.464
271.37
284.333
248.849
242.748
271.15
289.059
261.335
230.734
242.101
248.54
243.902
252.525
265.006
254.388
222.916
171.851
175.685
253.872
290.529
286.082
223.389
219.37
280.034
245.7
246.944
268.168
225.124
234.247
283.688
252.781
199.8
215.471
270.526
272.628
251.636
247.249
272.777
272.294
266.17
244.32
237.248
255.885
258.933
273.038
277.894
262.123
268.637
300.075
270.673
239.664
251.984
269.034
250.752
253.807
286.533
298.196
268.384
221.263
224.442
232.396
219.998
238.237
267.773
262.605
265.64
272.257
271.887
268.673
263.435
281.73
286.985
263.539
265.745
290.487
229.595
216.826
255.363
273.075
250.627
223.164
223.164
210.548
229.489
281.73
279.681
232.775
224.215
238.521
219.202
207.965
221.019
232.423
253.582
282.127
287.977
256.312
250.973
285.551
255.918
244.349
267.738
265.922
263.505
267.594
280.662
300.3
275.862
235.96
245.972
280.978
248.973
229.489
254.227
271.961
265.041
236.044
230.947
246.305
267.953
276.817
269.614
259.168
258.833
281.571
263.262
237.812
259.437
275.028
250.282
253.389
274.461
286.205
252.813
213.63
228.807
221.852
221.435
267.165
266.773
240.674
251.351
258.264
233.263
246.64
280.938
296.956
274.424
254.615
266.347
288.434
248.973
241.955
279.096
281.69
265.922
264.306
278.242
283.407
247.985
241.371
280.584
263.817
246.488
244.738
260.315
264.76
261.301
250.47
223.689
233.291
268.132
280.938
263.992
254.972
270.307
279.955
250.847
246.64
265.498
283.527
280.741
261.028
267.559
279.408
240.993
238.067
258.298
200.602
195.637
258.031
272.368
253.55
222.767
217.889
230.256
244.708
266.028
246.488
241.809
263.47
256.542
232.775
257.5
277.393
262.916
247.586
251.604
279.838
253.293
232.126
255.297
280.584
259.538
254.81
281.334
286.533
274.499
277.855
273.598
261.097
260.213
273.112
295.465
292.44
272.442
273.598
295.858
267.917
252.366
275.406
287.853
269.034
248.633
261.952
278.087
239.063
233.263
272.665
287.646
273.038
251.667
257.102
286.862
261.404
255.689
262.123
218.15
216.403
244.888
261.472
245.308
247.893
287.687
253.036
236.995
271.186
291.206
257.832
240.819
276.205
287.109
239.349
234.522
278.784
296.912
263.401
252.621
273.112
226.783
177.51
187.371
226.27
259.808
293.47
281.73
241.488
239.664
281.096
234.137
219.298
252.621
255.951
239.063
238.949
271.481
267.201
259.269
278.979
286
247.862
219.949
221.166
246.579
255.232
205.761
179.695
210.371
253.646
261.712
245.67
247.127
287.811
273.448
228.024
234.522
273.673
264.166
265.498
292.141
301.659
253.646
224.366
234.467
256.641
259.336
255.167
282.287
284.698
255.069
241.284
235.71
220.775
241.517
279.252
278.087
237.954
244.021
298.151
239.837
223.289
259
274.16
275.938
276.243
296.121
300.616
254.388
235.045
255.135
272.926
265.393
257.632
242.014
229.174
259.673
260.213
241.809
204.897
203.252
234.797
215.494
224.795
248.571
226.244
241.342
283.246
296.736
272.74
256.608
