8.61445
116.945
119.539
105.764
102.622
112.07
110.047
108.366
108.483
112.619
100.18
101.041
111.52
87.1118
78.4652
74.6464
68.3807
74.3356
77.4893
66.4408
75.4119
101.317
102.307
99.0933
107.927
109.182
111.34
120.07
108.637
118.259
122.018
114.791
117.343
108.678
84.7422
89.222
118.196
129.366
126.422
124.977
130.71
128.65
132.564
117.966
116.252
128.758
52.319
52.4742
126.654
126.183
131.432
136.649
138.036
134.798
132.231
132.626
128.394
122.421
124.86
127.049
128.46
129.988
117.137
123.51
136.407
134.084
125.976
127.934
121.61
106.86
106.05
111.501
128.543
136.612
129.761
123.594
123.571
128.758
130.489
130.693
122.227
121.618
129.483
130.497
128.263
133.023
133.067
117.841
124.116
133.103
132.723
132.926
135.446
122.956
118.35
101.683
98.5659
129.358
131.562
123.054
123.009
130.039
136.771
126.863
125.117
131.935
127.024
125.29
133.023
131.648
131.674
132.415
122.647
129.601
134.535
134.862
128.213
126.936
130.031
123.854
115.707
114.43
127.113
108.085
101.724
119.854
128.296
131.518
119.811
121.117
123.686
123.701
120.402
121.33
133.049
127.787
122.519
121.264
127.6
128.891
130.924
107.625
98.6291
123.732
118.68
118.864
124.828
107.591
112.095
120.026
124.208
132.328
133.342
127.486
124.634
125.055
120.737
124.031
129.441
134.075
135.842
130.183
130.959
127.494
126.103
126.056
120.941
117.702
125.258
130.651
131.337
131.987
130.976
123.1
111.551
118.413
115.848
120.46
119.133
113.915
127.738
126.255
125.353
128.866
132.935
133.556
124.463
127.154
131.105
132.363
116.225
116.394
128.883
127.138
124.023
116.401
118.97
119.847
109.272
101.128
111.161
129.241
133.663
133.797
134.057
134.58
125.039
120.977
126.614
128.345
127.902
117.192
123.609
131.191
131.242
125.149
124.448
131.674
129.082
123.709
119.133
129.483
131.216
114.758
113.598
115.447
116.503
112.454
112.701
121.788
116.966
122.82
126.944
130.591
132.767
126.032
124.634
129.82
133.824
135.455
128.65
120.192
125.086
129.971
123.365
117.834
125.384
127.885
115.433
119.839
123.617
121.205
117.806
120.897
126.326
122.843
127.445
122.16
122.579
127.624
126.896
123.946
127.478
123.839
110.035
121.242
135.713
130.71
121.632
118.821
124.1
125.133
121.234
111.888
109.944
115.949
112.051
114.718
122.197
125.968
128.725
130.455
131.935
127.624
115.101
110.76
127.291
131.38
131.036
120.214
113.74
126.622
129.141
129.702
127.413
127.413
126.646
112.759
118.224
122.444
118.147
119.725
127.91
130.599
127.681
130.446
117.675
122.858
136.565
128.949
127.275
126.135
125.047
127.641
121.418
121.051
126.486
126.855
128.254
124.618
127.178
127.771
126.936
124.062
122.504
121.109
102.812
113.469
134.147
126.687
124.665
118.526
122.948
127.299
118.934
119.104
130.047
136.351
122.474
124.293
135.263
129.55
127.008
132.935
129.299
127.73
128.75
126.04
129.955
132.293
126.175
118.504
129.719
119.646
114.515
120.359
120.985
131.822
128.551
118.196
117.502
125.794
128.419
122.979
122.242
130.591
129.676
125.715
131.822
135.704
137.608
137.713
133.422
131.492
131.813
133.538
134.391
119.553
110.883
121.988
114.89
119.453
126.767
122.317
124.86
119.374
125.094
127.567
113.967
109.266
122.956
123.732
117.869
127.763
130.753
133.627
131.778
124.953
129.066
134.048
131.242
110.205
110.687
118.238
106.428
103.471
97.9912
98.0633
107.793
111.012
120.149
122.227
113.052
116.259
126.904
121.558
100.929
99.6016
105.042
103.311
109.325
114.292
119.624
106.935
106.106
110.078
97.6181
103.029
99.005
94.6074
96.9791
104.15
110.211
110.742
124.316
134.689
135.685
131.935
129.777
127.105
131.657
131.804
125.305
120.627
127.771
134.571
127.316
125.039
126.43
127.251
124.1
118.977
120.113
128.991
121.803
116.795
129.391
127.049
127.324
126.735
130.124
135.227
129.676
124.533
127.665
130.591
123.586
120.525
119.389
128.841
135.428
127.918
121.921
132.38
132.013
119.332
123.51
119.382
117.862
122.609
125.447
132.512
135.584
130.642
113.385
120.424
131.216
127.453
127.877
128.32
133.067
134.372
123.221
119.682
127.146
125.762
130.591
125.211
120.373
103.837
98.8875
124.247
125.008
120.344
121.47
120.54
130.276
130.429
113.282
104.783
115.58
123.839
117.994
126.414
138.007
136.193
134.535
132.022
128.353
126.767
124.984
122.182
132.433
138.735
130.804
120.041
119.432
120.525
126.215
116.604
104.657
117.254
126.855
127.008
126.928
131.087
130.208
126.92
127.38
120.431
125.921
128.883
121.632
124.494
129.174
133.699
127.372
127.82
134.662
131.562
122.85
127.714
131.57
118.273
109.254
112.032
126.048
131.64
135.511
120.963
120.113
134.03
135.291
136.836
135.492
131.079
118.977
117.571
126.743
133.094
126.703
123.533
128.717
127.502
122.07
119.055
125.849
129.853
126.119
123.64
105.452
107.084
120.912
119.969
123.138
129.107
130.429
130.933
129.333
125.518
128.775
122.496
123.97
130.251
123.327
125.086
128.197
128.148
130.924
125.723
115.707
121.892
127.641
114.502
114.936
115.433
120.562
117.385
111.882
123.824
129.066
130.472
121.264
123.862
133.085
133.592
132.013
128.074
130.779
129.794
120.744
116.482
128.966
131.787
125.463
121.367
122.309
127.057
120.25
121.021
118.828
119.854
114.423
104.75
116.747
122.354
123.747
125.541
124.813
130.166
135.879
130.822
121.706
123.13
127.502
132.732
126.936
127.73
129.174
129.997
118.998
116.401
134.825
126.558
123.946
118.652
116.077
127.836
119.854
125.211
133.28
124.085
121.168
126.735
133.289
131.372
124.046
127.567
130.54
127.975
129.71
119.133
126.318
130.2
127.836
118.878
113.276
125.573
129.786
125.18
120.934
119.439
118.085
114.567
120.294
130.276
129.174
126.478
129.5
125.968
120.46
122.647
122.812
131.122
129.904
119.739
114.89
126.302
130.753
117.336
120.012
126.67
127.828
124.131
124.162
128.916
128.75
129.988
111.309
113.482
131.726
131.752
129.98
126.526
124.486
128.477
127.194
117.723
121.168
126.342
129.938
131.987
136.212
137.732
138.198
126.896
124.821
131.822
128.403
125.282
120.78
128.824
132.97
124.93
114.299
118.828
131.019
124.611
130.787
132.864
127.959
119.768
121.3
129.467
131.631
135.86
128.833
128.949
130.625
123.724
115.274
119.574
125.802
130.149
124.177
116.293
126.04
130.599
100.17
90.9711
106.94
122.767
127.097
122.609
124.309
123.122
122.377
124.062
127.113
126.271
122.055
124.556
133.923
132.617
120.985
125.762
132.899
129.676
125.865
128.791
133.28
131.467
130.651
126.119
123.487
123.472
130.157
113.353
113.398
124.914
124.533
127.17
121.308
124.456
127.6
118.015
116.353
123.839
127.689
131.139
127.738
122.549
124.93
122.579
125.66
130.89
130.489
128.246
117.35
113.902
119.062
114.253
114.358
122.986
126.446
122.504
124.93
136.939
136.79
136.073
132.899
121.021
122.212
132.214
124.945
123.993
129.651
134.4
126.598
125.117
131.648
133.672
135.199
131.848
133.316
128.526
122.003
109.23
114.692
127.073
130.924
131.961
126.032
123.282
122.587
128.008
125.818
133.289
128.659
128.791
129.475
124.618
127.024
122.647
125.282
126.534
127.951
128.783
121.81
120.802
127.51
122.632
114.194
116.016
121.124
132.556
118.97
112.6
127.105
128.543
127.584
123.625
129.425
131.199
126.695
130.404
133.404
135.971
136.939
131.83
120.656
122.137
129.895
117.11
110.369
127.804
131.406
115.062
122.843
119.446
119.453
128.916
127.502
122.003
117.793
122.317
122.055
132.829
129.249
126.863
130.378
129.685
132.829
136.119
135.254
128.883
129.651
132.988
126.896
124.533
133.788
129.099
128.156
128.049
121.286
126.08
123.282
123.35
125.573
124.758
128.008
124.077
115.254
118.652
133.316
128.271
124.093
128.18
134.445
127.243
121.381
130.191
137.429
134.807
123.001
117.165
123.625
136.175
128.966
128.361
124.339
113.25
115.6
113.314
119.818
129.467
126.791
125.251
133.032
131.277
115.327
119.962
131.917
134.454
127.592
120.38
124.518
134.039
135.75
122.873
120.236
130.191
137.382
123.191
119.954
119.147
113.244
120.751
116.638
119.818
127.405
120.97
121.47
133.699
134.165
120.504
120.7
126.936
133.076
126.807
123.946
131.148
133.797
135.805
128.742
126.032
125.984
129.618
126.04
121.892
116.666
117.35
119.717
111.464
118.273
126.831
124.649
123.862
130.907
116.023
108.879
124.665
130.514
131.527
118.406
115.374
129.988
120.07
105.235
115.022
133.085
129.099
120.33
122.994
124.743
121.286
112.663
113.411
123.985
123.442
121.3
123.092
133.085
130.37
121.721
127.033
136.407
133.645
128.51
128.172
114.247
119.097
137.155
127.275
125.156
132.415
130.873
120.351
122.504
131.397
120.438
114.804
116.591
120.192
119.796
119.804
128.411
135.318
132.022
125.109
124.417
128.304
133.869
136.24
129.525
122.026
126.302
127.105
117.98
120.489
133.681
131.605
121.381
121.929
128.866
122.873
114.976
124.914
122.534
124.386
121.359
107.388
122.22
132.074
128.189
128.403
131.337
134.989
133.636
121.729
117.612
128.263
127.445
118.399
123.609
130.959
126.43
121.544
122.858
129.534
134.553
124.108
121.595
123.916
123.847
120.315
113.295
126.912
129.425
127.146
131.027
130.132
133.032
131.752
112.6
104.833
123.054
127.967
98.9266
97.2242
115.882
107.614
108.231
115.553
119.524
112.296
96.103
102.135
101.312
101.24
118.758
122.399
124.875
128.733
123.755
123.115
121.249
111.645
109.547
112.032
106.033
103.718
111.123
121.065
122.369
124.649
122.994
112.158
116.7
120.286
117.158
120.163
125.842
117.966
116.666
130.31
119.481
117.855
129.366
129.049
128.824
132.767
132.293
132.31
123.251
116.959
132.022
134.962
125.463
118.217
124.193
133.976
124.556
119.832
124.069
134.165
138.169
118.273
116.003
133.95
121.065
108.684
120.685
128.271
131.191
127.267
127.324
127.714
128.164
126.574
121.007
131.277
128.329
122.332
117.516
125.141
134.436
126.534
125.321
128.148
132.688
122.895
116.809
119.296
130.268
126.35
112.448
124.409
132.837
135.153
124.681
119.653
130.005
134.192
129.895
123.236
126.135
129.769
133.932
127.959
125.984
128.444
127.494
122.234
123.107
127.967
129.744
126.847
122.534
122.933
115.634
118.462
124.836
128.287
132.952
120.359
121.249
133.147
136.687
136.696
128
127.608
131.614
131.294
130.959
121.514
121.212
136.836
129.024
128.386
128.411
126.582
124.363
121.278
129.534
133.253
110.43
105.125
131.268
125.739
114.129
120.46
122.137
118.064
108.448
112.391
130.796
124.735
123.411
117.585
119.897
133.085
132.97
123.885
121.249
133.271
128.833
120.948
123.138
132.398
133.351
121.988
117.454
109.957
118.252
120.656
115.267
123.77
127.738
133.245
134.21
131.328
122.451
117.869
116.421
126.31
128.609
115.969
121.566
127.008
129.425
137.514
130.251
127.861
131.113
126.406
113.83
116.225
120.344
115.694
110.047
112.227
130.438
131.778
125.486
128.345
132.179
126.654
123.954
124.751
131.156
136.129
124.93
118.941
123.259
135.3
135.648
127.146
127.121
130.779
134.653
130.933
117.405
115.694
118.751
111.794
121.131
125.298
120.098
124.844
124.162
131.096
136.286
128.131
121.168
125.463
132.864
122.812
123.388
133.905
132.415
124.502
125.086
133.094
137.155
129.091
121.936
121.699
116.557
117.24
116.939
125.008
131.666
128.874
116.925
112.721
130.702
135.842
128.09
125.747
131.113
133.806
134.753
133.271
135.336
134.264
131.328
117.612
113.122
124.456
125.282
132.688
127.894
129.041
129.828
106.735
112.48
121.359
111.995
109.836
113.295
128.675
120.424
112.886
122.369
132.582
132.415
121.536
125.937
132.066
133.779
127.235
124.844
132.512
132.266
122.911
115.942
125.534
130.217
127.518
119.524
116.083
117.316
121.308
126.326
124.891
134.165
132.758
123.411
122.669
128.908
135.501
128.568
120.715
123.732
134.944
135.796
125.117
126.127
135.685
129.091
120.686
120.424
119.403
127.943
124.378
114.705
111.508
113.843
119.624
121.662
132.97
133.067
124.572
117.014
120.511
120.026
113.276
122.444
125.478
130.259
125.905
123.693
133.369
130.762
125.81
121.433
129.166
134.391
130.89
114.358
112.79
117.709
114.214
123.77
123.145
126.31
127.162
122.647
124.177
123.724
131.804
127.755
125.494
125.604
125.141
126.263
128.493
132.039
132.328
136.827
128.982
126.799
131.156
130.719
120.598
122.354
122.317
124.139
129.542
112.303
113.353
121.308
121.308
125.25
131.917
133.253
119.639
120.729
131.053
136.398
124.852
121.766
127.902
125.109
125.589
123.762
126.04
