8.55074
86.2292
89.67
94.5761
95.2971
93.6593
74.8475
69.5459
58.7458
55.8207
73.1101
79.0233
81.1787
62.1543
66.0001
82.9291
78.4868
87.6962
90.592
95.388
96.9838
95.4016
89.3895
91.5248
78.4929
73.8662
91.8189
98.4155
100.11
90.2527
85.1354
90.4486
97.833
102.897
99.1228
96.2094
99.1965
95.0164
46.084
47.1165
93.1185
93.9364
96.5437
94.4599
95.1203
96.9885
97.3141
82.8947
74.2501
78.6968
80.7461
82.2335
92.1786
91.6926
89.5456
98.7264
101.75
97.1581
93.5629
96.6324
97.2148
94.5046
95.8635
96.6884
96.7024
97.5657
88.0747
83.6295
90.4323
97.2905
98.3961
101.286
90.7729
87.1194
98.9952
103.008
98.2367
94.8677
101.158
101.999
94.6253
95.1203
97.2715
93.8835
97.0309
96.5437
92.7558
89.7505
89.1822
92.8247
98.1788
101.947
96.7165
99.2211
97.6801
90.9918
95.7075
99.4629
96.2974
93.2401
95.3289
97.0356
97.111
91.916
78.883
85.6128
96.4181
90.1144
88.6918
93.7647
96.1169
97.6467
101.507
100.969
98.1017
90.0901
95.3107
101.482
97.8234
98.3091
98.0104
98.1306
94.7598
90.967
93.6812
87.5388
86.9376
95.6389
96.0615
95.616
96.2094
99.4876
103.595
94.6566
91.0208
92.9887
94.4956
98.7069
97.766
98.1981
99.6661
97.9
90.3302
87.3057
87.6539
90.1348
93.2531
97.4421
95.7304
95.429
103.391
103.338
96.8382
93.3358
97.2763
93.5235
88.0863
90.9918
95.1249
95.511
96.5391
93.0103
90.5141
95.2608
91.2201
91.6212
96.5857
95.1158
96.796
95.388
90.4773
91.5877
93.8923
88.1018
82.0378
91.2617
91.6506
86.6701
87.0171
78.9391
79.0233
83.8223
76.298
73.3353
79.6591
80.8146
86.5127
95.1701
93.8835
86.5951
81.5195
81.0636
86.3409
88.6997
84.0089
84.6561
84.1397
84.0018
77.4803
71.5282
82.7335
85.2988
76.9408
81.08
87.8619
95.2472
97.7278
93.0622
95.5292
102.093
98.6242
96.4646
104.064
103.697
94.3886
95.0751
104.357
95.0615
88.1407
92.6956
95.22
95.2653
95.9601
94.6611
94.8722
95.4016
93.3881
97.3425
99.6214
96.4878
95.511
99.5223
103.056
89.0393
89.4734
97.2905
93.0362
92.1829
88.8612
90.7029
94.509
96.0338
93.9938
98.0152
101.25
90.0779
92.0556
103.204
100.766
97.6038
100.115
101.312
94.6477
97.4184
103.691
100.331
101.714
97.9096
92.1616
90.4445
90.3587
89.4654
93.3445
96.5997
99.4431
96.9274
91.0125
96.2788
100.776
101.317
102.543
101.559
101.394
96.5484
91.416
99.2359
102.643
83.3646
76.6842
90.5059
92.5497
88.5308
92.2424
99.7904
98.4494
93.0622
97.0874
95.8313
95.6755
96.8195
93.0362
96.6884
102.26
95.3016
97.0073
101.302
94.8722
89.3416
84.7206
87.4929
97.0874
99.3345
99.2408
96.3252
93.4143
95.388
97.3283
95.9923
90.4773
88.2651
95.6984
100
94.8767
91.1702
94.8992
93.541
91.3951
97.229
83.2397
81.1853
88.8257
88.4995
92.73
97.5848
95.5794
90.9835
88.2613
86.8432
86.6664
90.6125
95.2154
97.4279
99.1867
93.2836
94.3574
99.2113
98.7703
88.5936
80.2923
85.6128
95.5749
95.3016
95.2245
97.8905
94.3218
94.4733
95.039
98.3719
99.8403
95.2562
99.4777
101.384
94.9577
95.4244
102.449
103.724
93.835
84.0689
91.5793
90.1551
87.5159
96.5437
97.6086
95.2744
94.7059
95.5749
94.4688
97.9384
98.7411
101.22
102.187
93.8174
92.5369
100.402
101.88
94.518
95.9969
94.7194
86.7754
89.5335
93.4754
98.2367
96.9556
94.3174
95.5475
95.8957
97.0591
95.0706
99.4283
101.399
90.5428
91.1785
99.6711
99.2359
95.7029
97.4469
91.2575
87.1156
93.4012
98.8631
97.1298
91.8105
97.045
101.117
100.806
97.8617
97.0685
100.2
101.286
102.041
98.3671
93.8835
94.7059
95.9371
93.9055
91.2034
92.0133
93.1966
96.7258
91.2201
85.5176
86.077
82.6276
86.218
90.5059
90.4404
92.98
96.623
95.3334
95.5155
99.4085
91.3409
90.1388
95.648
94.3663
95.0345
91.916
85.2733
90.8884
97.4801
94.9082
92.7214
95.0932
100.68
97.5229
93.1402
96.9838
96.8758
92.4855
96.6604
96.4227
93.1619
90.465
90.9587
98.8045
99.2359
91.6254
96.0938
91.4077
80.4505
87.3324
96.796
94.3263
92.4941
94.5761
96.1955
94.2196
95.2926
98.1788
96.7726
96.2835
98.9169
92.7945
91.7179
100.075
96.0338
90.9339
90.5059
90.5879
94.5135
98.5076
96.9697
92.8634
91.6464
95.7258
99.2901
99.985
98.02
97.0732
98.2849
96.7212
95.0254
99.681
104.428
92.8376
87.0928
95.288
92.6269
85.6091
77.6518
81.2777
95.4016
96.8758
92.2552
91.638
98.1451
96.6837
94.1221
97.8665
98.8728
95.79
96.782
98.4979
96.8617
86.7566
73.959
74.4796
87.581
95.0842
94.594
98.0969
95.6389
93.2444
92.6612
94.3174
92.0598
93.2271
97.7517
92.8247
95.4517
100.786
93.4099
91.462
100.548
92.6569
87.8387
92.6097
94.6656
94.3441
95.1158
92.4343
95.0661
96.9838
96.2047
99.1129
97.9048
98.401
94.304
95.0254
98.6826
93.5454
91.3117
98.7459
91.9287
89.0393
91.5332
92.0387
98.401
97.5087
91.5081
95.0796
103.397
100.356
94.6611
93.6812
94.5358
89.9685
92.7472
100.15
94.9758
95.1746
102.822
99.7009
98.8973
100.954
89.4374
84.4951
91.8822
93.1402
95.3971
99.8901
98.8924
95.9923
95.0119
96.2371
95.5064
96.8711
99.3937
94.7015
95.5201
98.7362
95.1792
94.4421
98.4543
92.3574
82.9703
80.7689
81.7461
88.8021
95.2336
92.366
90.0131
96.6277
98.824
94.6342
95.1429
93.5585
94.6387
97.7278
92.3702
91.1951
93.2314
87.2296
85.1209
94.6477
95.5794
82.0378
83.1497
96.353
96.8851
95.229
96.8148
92.6012
96.1955
99.7108
91.0042
90.1104
98.3623
97.5895
95.6389
101.358
98.9952
86.218
85.1535
88.4682
91.9879
99.1965
91.7852
83.8153
89.7022
96.651
89.7263
89.7706
88.8376
90.8348
95.7763
95.8543
95.2744
95.5475
96.0846
91.7221
96.4553
92.3574
85.6018
89.1385
96.9697
94.9037
90.8884
96.3716
98.595
99.7357
100.796
100.236
96.0707
95.1249
96.2557
94.9758
96.6137
97.0214
92.8419
96.8382
101.266
88.2574
84.538
92.1277
89.1107
90.7317
95.8543
95.0706
96.2696
97.2668
92.5112
93.375
98.7849
97.9336
98.8435
100.371
96.7867
83.9384
88.1756
100.311
88.0011
80.6744
86.077
88.9957
89.7706
92.2339
93.301
96.7445
97.045
91.7137
91.9498
88.3236
83.3785
91.1535
94.8092
90.3342
92.7128
93.8747
86.6401
84.9545
86.4192
90.4037
95.1203
95.1973
92.1107
94.2951
99.7506
93.813
92.6484
93.4056
90.2201
91.2118
94.0026
94.9577
92.1956
91.7473
90.7812
89.3895
88.6721
83.2709
83.3472
90.1591
94.4287
93.6988
94.9803
95.3607
97.3852
99.1228
95.8681
95.8268
98.401
100.155
97.6181
98.8191
101.9
94.4465
91.878
87.0511
84.7278
93.5366
95.9187
95.229
95.6114
97.5657
92.2254
93.1055
95.0887
91.8147
92.3574
97.3047
99.9051
90.905
93.2444
97.2432
92.2041
93.0233
99.453
92.3063
86.4118
91.6926
96.0246
96.3206
94.2774
90.4527
95.8497
102.828
93.9717
92.6183
99.0639
102.417
96.3902
96.7586
102.654
97.0403
97.8905
101.286
89.5496
82.6788
87.5044
88.6525
90.5264
95.5201
91.1702
94.353
100.873
88.0049
82.058
87.2715
91.2367
95.1384
97.3805
94.162
97.6467
102.323
95.1746
94.9172
91.2409
87.5235
92.477
99.0884
98.5028
91.3534
93.1402
98.1306
95.2018
93.2705
95.68
95.6114
96.3113
99.8801
89.4775
89.5375
101.005
98.464
94.8362
96.4972
87.0663
83.4133
96.2186
97.0685
90.4773
92.9541
99.7705
97.229
95.2245
95.9647
95.9279
95.0842
96.9462
94.3352
92.5412
99.2851
95.3153
93.1663
90.6166
87.2486
92.3787
96.637
94.8407
93.2749
89.214
88.129
96.2464
98.6096
95.7075
94.8632
97.8857
97.7947
94.3708
95.8865
96.2279
87.9546
87.9624
92.4684
94.8317
92.2892
86.949
86.8847
93.1142
100.356
94.7643
92.7644
94.8452
90.5059
89.1782
94.7957
94.6477
93.6286
96.4088
91.5164
92.773
98.6875
90.5756
82.1794
87.0095
92.6226
92.2978
95.79
92.9627
91.32
94.0159
92.6355
92.5455
97.6992
98.8484
95.6114
100.68
104.107
95.6252
96.8992
103.354
93.3576
87.9585
92.5369
92.1999
91.2118
92.1871
94.4822
94.3263
89.3495
88.9798
88.4017
95.6526
104.123
91.5122
92.302
100.893
93.4536
94.0867
99.3542
90.9794
89.7989
91.0374
84.7925
92.5155
99.6115
91.416
94.9487
99.8303
94.7598
95.338
99.965
92.3148
90.7853
96.8007
99.557
95.3107
94.3085
101.859
92.8635
89.1027
91.6632
77.8968
79.1578
94.8047
93.9232
95.0887
97.1534
92.3617
94.0601
98.8777
96.1538
97.2053
96.5111
92.9627
96.8429
99.7357
97.7517
92.6698
95.9003
92.098
86.464
87.9817
90.5469
87.4585
88.5936
96.8805
96.9791
98.9854
98.6777
92.1404
93.8527
100.675
92.6698
92.2084
95.7763
92.8548
88.234
89.4214
92.7214
92.8764
96.8242
89.0353
84.9943
90.5141
93.0233
95.5201
97.9912
93.4317
93.1055
96.1446
97.7708
97.281
90.9546
91.1162
96.1261
95.8222
93.6154
78.9297
76.7283
95.1973
91.1702
89.0194
93.2184
93.985
97.3805
94.7463
91.1868
94.1176
97.1581
90.9546
92.5326
98.561
93.9805
93.3228
100.639
95.5292
88.3392
88.164
86.0733
93.1142
101.348
94.9983
91.1536
97.0403
98.8142
93.9805
95.6709
98.7411
93.0406
92.0853
99.6363
95.7671
96.3484
102.512
94.8407
90.4241
89.4815
84.0831
91.4788
97.5991
88.7311
88.347
93.7998
93.2879
90.7194
93.1185
99.2704
93.3794
90.0171
95.4016
96.8711
98.4252
97.6563
89.9604
93.7735
95.1928
84.6955
87.2524
97.8043
97.5657
94.6925
97.7756
94.6342
96.0338
97.8905
93.2488
92.9239
95.2971
96.7024
94.7822
97.2526
99.4876
93.0536
93.9276
82.1052
73.4997
84.7242
90.2853
90.81
97.6276
97.3947
89.5215
87.3134
96.6791
95.5201
93.0016
99.1768
97.9912
96.5344
97.9096
97.4137
99.7357
99.3838
87.7539
91.0996
91.1826
86.1067
93.1099
99.2457
98.3768
91.4077
92.1871
98.9364
93.4317
92.1447
95.4107
93.2575
97.5943
98.8728
92.6484
93.5935
101.363
89.3575
89.0551
93.8703
87.0246
90.5674
98.2801
96.177
95.229
93.8791
88.68
94.7912
91.529
84.3917
85.3461
89.8876
87.1004
78.7278
81.3637
84.6704
81.9874
83.2882
79.1828
81.6193
88.4408
89.2339
95.0977
97.0544
89.4214
84.6024
81.4332
76.6959
83.4028
84.4488
85.7229
93.576
86.4603
84.1397
85.5835
84.2815
87.6194
87.1764
83.7486
80.6452
79.6559
86.003
86.5501
87.8503
93.8218
98.7947
100.862
93.2314
95.4335
92.2467
82.6071
87.5925
87.6271
87.1878
97.0167
95.1611
87.3096
90.4773
99.8452
94.8587
90.9877
97.5991
97.704
96.0615
100.513
96.2974
92.6741
93.1663
87.2981
93.769
103.05
92.8936
90.4118
98.3816
95.8268
86.847
92.1234
101.683
93.791
89.3176
98.6242
95.3471
89.0155
93.4842
95.511
98.9854
101.533
98.7508
98.4931
97.5372
93.2488
85.767
88.0786
86.9376
82.9772
89.9645
89.674
90.7606
95.9141
89.2538
87.8426
96.8523
98.2367
92.7472
92.9282
94.1442
93.7163
97.2763
96.3066
89.2897
88.9324
94.8767
94.3619
95.4153
96.5904
90.8926
91.1037
96.2094
94.9352
90.7729
93.9055
92.7429
93.633
98.4155
96.7071
95.7075
95.3243
96.5391
91.5081
84.6883
83.7696
85.2333
90.629
99.0295
95.813
91.2992
94.4912
94.4956
95.8773
93.2531
90.1429
96.3252
94.1088
85.8074
88.7745
98.8435
98.9952
89.2897
87.3897
83.4202
87.7693
98.4494
88.7351
86.8056
94.9938
96.8242
95.6389
99.2704
94.9713
94.0911
95.1928
95.3334
99.8303
100.832
103.194
100.654
94.9397
89.6017
91.0788
91.0913
89.4654
87.203
86.3409
94.9487
96.8476
91.1162
92.2722
96.9415
99.6165
98.3139
89.6218
94.2418
99.8801
94.9442
93.6944
95.9325
92.0895
85.4993
88.8257
96.1585
96.2974
92.3702
93.201
97.6849
100.832
101.153
100.14
100.386
97.6896
90.4855
92.9109
97.4374
94.3663
97.3378
100.311
95.2426
92.7472
94.1487
96.0384
88.9403
88.269
95.813
93.4667
91.5206
92.4685
96.768
100.361
97.4042
90.005
94.7643
99.9101
93.1706
87.5159
93.3053
95.4563
92.9368
92.2722
83.4899
87.0701
93.3358
92.7085
91.0332
93.2792
96.9932
92.993
95.0616
97.0167
85.7265
87.6271
91.4411
90.086
95.6023
97.3757
96.857
96.0661
95.9141
89.0988
92.5027
93.188
86.9338
91.0208
98.6729
95.7029
90.67
93.1142
93.6154
97.9912
97.2905
91.5499
94.6835
98.527
93.8482
89.6298
93.2749
98.4737
90.7565
87.6232
91.166
88.3119
88.6879
91.8189
92.5626
96.5391
99.0589
94.4153
97.9672
98.3865
91.8021
92.7042
97.7756
93.7471
89.7384
94.069
90.9877
89.5415
90.8265
89.8553
90.51
95.7946
94.4109
94.8002
98.2801
81.103
78.6565
90.0739
95.0615
99.6066
96.6417
91.1785
91.617
97.7565
99.0933
96.8195
96.4506
100.226
91.9033
88.0011
98.0152
95.7808
92.3191
94.0468
93.3707
97.9768
95.1837
90.1388
95.7396
99.7855
96.7118
94.9217
99.4481
95.648
91.5667
98.3526
99.7457
88.3509
83.949
91.0249
98.5125
97.5039
87.9933
83.0358
93.4099
96.1862
88.164
94.688
102.812
99.4233
95.288
97.8043
98.0152
92.9411
92.2509
96.0984
85.6421
78.8644
86.6288
90.967
93.362
91.7179
89.5135
94.5671
99.3542
96.8945
96.3206
92.6312
91.2617
97.3899
95.735
91.0664
95.6252
101.817
95.5292
92.1914
90.6413
82.3893
83.2258
93.2271
90.6536
93.576
102.638
94.1442
94.5984
102.443
96.1215
89.7384
95.3016
102.244
95.3425
97.2621
101.513
92.2211
