11.7976
310.078
470.921
1004.52
1116.07
1179.25
1164.14
1230.01
1207.73
1185.54
1300.39
1489.2
1592.36
1658.37
1623.38
1531.39
1518.6
1539.65
1563.72
1536.1
1314.92
1156.74
727.273
736.106
1310.62
1400.56
594.884
556.174
1251.56
1291.16
1124.86
1342.28
1164.14
1100.11
351.124
255.46
426.621
772.499
1430.62
1627.34
1779.36
1771.48
1795.33
1759.01
1576.04
975.61
954.654
1490.31
1686.34
1826.48
1782.53
1706.48
1611.6
1679.26
1451.38
812.348
733.407
1091.11
770.713
725.953
1066.1
822.03
482.742
475.851
883.783
902.527
749.625
227.557
184.553
483.559
1219.51
1291.16
1251.56
1233.05
1100.72
1134.43
1515.15
1863.93
1801.8
1514
1386.96
1426.53
1517.45
1624.7
1818.18
1949.32
1863.93
1655.63
1556.42
1703.58
1814.88
1087.55
776.699
947.418
1303.78
1503.76
1582.28
1536.1
1351.35
1229.26
1324.5
1377.41
1224.74
1032.52
988.631
1009.08
1166.86
1609.01
1655.63
1255.49
1019.37
1032.52
1227.75
1444.04
1520.91
1383.13
1424.5
1662.51
1424.5
1293.66
1439.88
1474.93
1520.91
1561.28
1550.39
1411.43
1309.76
1484.78
751.597
704.722
1060.45
1072.96
1421.46
1638
1312.34
1175.09
1306.34
1375.52
1522.07
1409.44
1386
1355.93
1277.14
1336.01
1282.87
762.195
742.942
1003.51
941.176
1100.11
1145.48
1014.71
1060.45
1367.05
1611.6
1368.93
1369.86
1572.33
1644.74
1692.05
1697.79
1670.84
1612.9
772.201
717.618
1321.88
1395.67
1461.99
1503.76
1509.43
724.375
669.344
1215.81
952.381
1005.03
1474.93
1605.14
1639.34
1515.15
1434.72
1424.5
1549.19
1584.79
1631.32
1706.48
1686.34
1651.53
1624.7
1647.45
1713.8
1759.01
1776.2
1808.32
1809.95
1876.17
1872.66
1890.36
1809.95
1361.47
1374.57
1705.03
1673.64
1486.99
1352.27
1336.01
1457.73
1658.37
1728.61
1728.61
1809.95
1928.64
1904.76
1919.39
1885.01
1910.22
1897.53
1850.14
1862.2
1795.33
1858.74
1792.11
1338.69
1285.35
1647.45
1765.23
1647.45
1471.67
1428.57
1409.44
1366.12
1495.89
1631.32
1737.62
1746.72
1655.63
1605.14
1638
1683.5
1718.21
1784.12
1728.61
1654.26
1623.38
1705.03
1752.85
1787.31
1881.47
1951.22
2022.24
1910.22
1760.56
1652.89
1600
1544.4
1543.21
1629.99
1763.67
1755.93
1646.09
1755.93
1867.41
1870.91
1869.16
1865.67
1841.62
1792.11
1672.24
1689.19
1846.72
1721.17
1622.06
1610.31
1620.75
1647.45
1589.83
1511.72
1454.55
1485.88
1418.44
1314.06
1254.71
1307.19
1363.33
1401.54
1433.69
1385.04
1433.69
1506.02
1592.36
1564.95
1545.59
1574.8
1597.44
1546.79
1342.28
1132.5
1222.49
1591.09
1584.79
1524.39
1538.46
1532.57
1540.83
1554
1492.54
1405.48
1464.13
1555.21
1615.51
1594.9
1618.12
1658.37
1754.39
1858.74
1828.15
1806.68
1519.76
1362.4
1393.73
1512.86
1615.51
1643.39
1666.67
1655.63
1716.74
1643.39
1609.01
1547.99
789.266
572.246
831.255
1337.79
1381.22
1423.49
1204.09
1133.14
1243.78
1308.9
1302.08
1335.11
1423.49
1448.23
1469.51
1335.11
1332.45
1366.12
1365.19
1359.62
1447.18
1628.66
1662.51
1586.04
1544.4
1568.63
1489.2
1416.43
1277.14
1158.08
1189.77
1325.38
1373.63
1422.48
1537.28
1509.43
1486.99
1451.38
1430.62
1397.62
1372.68
1414.43
1470.59
1212.86
1161.44
1459.85
250.564
228.493
852.515
788.022
838.926
1352.26
1405.48
1392.76
1344.09
1307.19
1404.49
1526.72
1669.45
1759.01
1687.76
1512.86
1417.43
1461.99
1455.6
1455.6
1413.43
1389.85
1423.49
1508.3
1652.89
1754.39
1836.55
1752.85
1702.13
1721.17
1795.33
1728.61
1579.78
1651.53
1793.72
1846.72
1839.93
1941.75
2002
2020.2
1990.05
1908.4
1776.2
1692.05
1745.2
1893.94
2092.05
2107.48
2159.83
2157.5
2159.83
176.507
172.34
1367.05
1409.44
1327.14
1265.82
1184.83
1156.07
1348.62
1406.47
1374.57
1337.79
1435.75
1492.54
1409.44
1504.89
1532.57
1469.51
1412.43
1503.76
1314.92
1214.33
1464.13
1579.78
1615.51
1533.74
1518.6
1516.3
1527.88
1507.16
1543.21
1405.48
1267.43
1396.65
1447.18
1515.15
1484.78
1353.18
1245.33
1318.39
1432.66
1473.84
1576.04
1493.65
1476.01
1546.79
539.665
334.169
366.502
478.011
807.428
1148.77
265.287
245.881
784.314
1016.26
1105.58
1172.33
1135.07
1221
1314.06
714.796
696.621
1015.23
1017.29
990.589
1069.52
1262.63
1284.52
1359.62
1390.82
1471.67
1466.28
1483.68
542.446
535.906
1357.77
1354.1
1336.01
1381.22
1520.91
1470.59
1490.31
1391.79
1299.55
1364.26
1446.13
1236.86
1212.86
1216.55
1126.76
1101.93
1101.93
1270.65
1092.3
1103.75
1005.53
969.932
1243.78
669.792
597.729
936.33
1054.3
981.354
1062.13
657.03
640.205
903.342
919.118
1110.49
1047.67
1199.04
1294.5
1324.5
1459.85
1555.21
1500.38
1403.51
1393.73
1426.53
1522.07
1594.9
1624.7
1494.77
1308.9
1356.85
1503.76
1503.76
1424.5
1432.66
1361.47
1302.93
550.661
546.15
1222.49
1233.81
1304.63
1311.48
992.556
564.016
659.196
1366.12
1527.88
1662.51
74.6408
74.3467
1490.31
1538.46
1466.28
446.13
422.565
1070.09
1151.41
1150.75
1050.97
1103.75
1283.7
1275.51
1171.65
1255.49
1443
1472.75
1465.2
1470.59
1460.92
1436.78
1426.53
1557.63
1589.83
1594.9
1694.92
1771.48
1721.17
1620.75
1581.03
1646.09
1752.85
1703.58
1700.68
1703.58
1722.65
1652.89
1477.1
1417.43
1449.28
1457.73
1385.04
1355.93
1040.04
1079.33
1340.48
1321
1457.73
1456.66
1509.43
1555.21
291.503
283.326
1302.93
1319.26
1233.81
1327.14
1474.93
1458.79
1422.48
1418.44
1355.93
1350.44
1370.8
1440.92
1387.93
1384.08
1492.54
1596.17
1633.99
1443
1448.23
1515.15
1600
1522.07
1272.26
1272.26
1338.69
1361.47
1397.62
1465.2
1503.76
1527.88
1525.55
1454.55
1367.05
1362.4
1399.58
1325.38
1314.06
1355.01
1415.43
1439.88
1499.25
1506.02
847.817
839.278
1446.13
1520.91
1466.28
1461.99
1488.1
1549.19
1626.02
1206.27
1089.92
1304.63
855.066
800.641
1268.23
1597.44
1766.78
893.256
725.163
1143.51
1618.12
1862.2
1912.05
1888.57
1858.74
1874.41
1892.15
1913.88
1863.93
1870.91
1982.16
1895.73
1826.48
1768.35
1855.29
1846.72
1899.34
2006.02
1951.22
1858.74
1629.99
757.576
721.241
1365.19
1493.65
1609.01
1514
1428.57
1558.85
1697.79
1768.35
1703.58
1721.17
1727.12
1677.85
1627.34
1689.19
1709.4
1648.8
1702.13
1733.1
1057.08
732.064
901.713
1359.62
1611.6
1659.75
1624.7
1594.9
1618.12
1749.78
1510.57
1386
1457.73
1523.23
1647.45
1623.38
1610.31
1632.65
1658.37
1680.67
1533.74
791.139
765.111
1282.05
1448.23
1693.48
1733.1
1731.6
1673.64
1703.58
1836.55
1947.42
1955.03
1941.75
1976.28
1893.94
1951.22
2012.07
1962.71
1953.13
1970.44
1906.58
1846.72
1602.56
851.064
880.282
1696.35
1897.53
1872.66
1928.64
1988.07
1992.03
2026.34
2044.99
1624.7
1471.67
1696.35
1839.93
1998
1915.71
1915.71
1784.12
1612.9
1606.43
1692.05
1895.73
1845.02
1673.64
1464.13
1342.28
1273.89
1432.66
1742.16
1850.14
1883.24
1845.02
1953.13
1923.08
1923.08
1906.58
1839.93
1885.01
1970.44
1998
1904.76
1834.86
1904.76
2000
1869.16
1831.5
1888.57
1819.84
1749.78
1697.79
1573.56
1485.88
1572.33
1682.09
1851.85
1924.93
1955.03
1996.01
1879.7
1956.95
2010.05
1943.63
1848.43
1919.39
2008.03
1990.05
1978.24
1589.83
1469.51
1728.61
1928.64
1945.53
1888.57
1689.19
1055.41
834.028
1140.9
1768.35
1895.73
1947.42
1919.39
1941.75
1956.95
1921.23
1869.16
1823.15
1928.64
2004.01
2008.03
1960.78
1958.86
1904.76
1947.42
2004.01
2020.2
2002
1962.71
2022.24
1823.15
1659.75
1524.39
1495.89
1596.17
1686.34
1710.86
1763.67
1921.23
1892.15
1913.88
1872.66
1813.24
1881.47
1970.44
1949.32
1970.44
2070.39
1976.28
1960.78
1930.5
1943.63
1939.86
1845.02
1897.53
2000
1858.74
1593.63
874.126
804.182
1329.79
1633.99
1883.24
1885.01
1879.7
1892.15
1834.86
2012.07
1964.64
1845.02
1899.34
1877.93
1881.47
1992.03
1870.91
1755.93
1806.68
1915.71
2000
1816.53
1745.2
1374.57
1057.08
1247.66
1768.35
1953.13
1923.08
1819.84
1686.34
1642.04
1600
1665.28
1538.46
1492.54
815.661
815.661
1661.13
1606.43
1620.75
1679.26
1739.13
1647.45
931.966
911.577
1627.34
1912.05
1806.68
1774.62
1765.23
1819.84
1757.47
1453.49
1461.99
1768.35
1901.14
1877.93
1992.03
1990.05
1829.83
1862.2
1923.08
1833.18
1917.55
1874.41
1801.8
1718.21
1527.88
1578.53
1676.45
1793.72
1926.78
1974.33
1982.16
1962.71
2010.05
1982.16
1870.91
1771.48
1607.72
1460.92
1523.23
1755.93
1910.22
1970.44
1962.71
1943.63
1951.22
1908.4
1902.95
1885.01
1910.22
1655.63
1460.92
1583.53
1746.72
1883.24
1941.75
1915.71
1919.39
1951.22
2000
745.99
707.214
1540.83
1493.65
1403.51
1033.06
981.354
1330.67
1537.28
1591.09
1465.2
1389.85
1402.52
1511.72
1765.23
1921.23
1906.58
1906.58
1899.34
1850.14
1913.88
1862.2
1877.93
1719.69
1564.95
1449.28
1418.44
1467.35
1470.59
1525.55
1491.42
1433.69
1448.23
1440.92
1286.17
1276.32
1415.43
1480.38
1415.43
1424.5
1606.43
1702.13
1757.47
1676.45
1670.84
1795.33
1850.14
1846.72
1829.83
1853.57
1839.93
1943.63
1897.53
1860.47
1788.91
1693.48
1622.06
620.54
622.665
1609.01
1760.56
1792.11
1809.95
1768.35
1690.62
1699.24
1771.48
1773.05
1743.68
1826.48
1816.53
1709.4
1609.01
1620.75
1774.62
1865.67
1765.23
1500.38
1093.49
1133.79
1713.8
1912.05
1899.34
1939.86
1962.71
1980.2
1974.33
1986.1
1932.37
1883.24
1902.95
1986.1
1939.86
1930.5
1915.71
1941.75
1990.05
1853.57
1919.39
2004.01
1978.24
1932.37
1934.24
1814.88
1383.13
1380.26
1586.04
1730.1
1906.58
1895.73
1915.71
1962.71
1951.22
1531.39
1267.43
1483.68
1932.37
1892.15
1872.66
1826.48
1853.57
1996.01
1893.94
1836.55
1862.2
1988.07
1972.39
1780.94
1102.54
843.526
1103.75
1703.58
1813.24
1771.48
1724.14
1633.99
1811.59
1843.32
1904.76
1893.94
1818.18
1888.57
1910.22
1923.08
1853.57
1865.67
1853.57
1910.22
1939.86
1945.53
1964.64
1879.7
1818.18
1602.56
1142.86
1246.11
1661.13
1493.65
1509.43
1544.4
1670.84
1858.74
1937.98
1976.28
1928.64
1934.24
1930.5
1945.53
1858.74
1583.53
1433.69
1646.09
1953.13
1899.34
1936.11
1910.22
1816.53
1623.38
1557.63
1651.53
1768.35
1796.95
1755.93
1902.95
1934.24
1945.53
1964.64
1955.03
1937.98
1970.44
2014.1
2028.4
1947.42
1913.88
2016.13
1921.23
1874.41
1879.7
1824.82
1867.41
2010.05
2049.18
1955.03
1833.18
1418.44
1041.67
1219.51
1826.48
1885.01
1937.98
1855.29
1814.88
1733.1
1610.31
1754.39
1886.79
1806.68
1855.29
2008.03
1901.14
1908.4
2034.59
1886.79
1834.86
1932.37
1988.07
1960.78
1919.39
1527.88
822.707
809.389
1440.92
1819.84
1895.73
1848.43
1748.25
1816.53
1901.14
1960.78
2018.16
1986.1
1968.5
1945.53
1962.71
1893.94
1765.23
1803.43
1917.55
1978.24
1923.08
1862.2
1897.53
1926.78
1346.8
1096.49
1431.64
1913.88
1994.02
1928.64
1897.53
1826.48
1892.15
1874.41
1814.88
1836.55
1883.24
1958.86
1928.64
2006.02
1850.14
1892.15
1874.41
1874.41
1998
1976.28
1879.7
1895.73
1945.53
1430.62
1099.51
1271.46
1800.18
1913.88
1843.32
1881.47
1904.76
1976.28
1308.04
1010.1
1072.96
1234.57
1618.12
1974.33
1986.1
1978.24
2070.39
1934.24
1846.72
1790.51
1910.22
1834.86
1629.99
1518.6
1516.3
1679.26
1877.93
1879.7
1839.93
1994.02
1976.28
1921.23
1913.88
1860.47
1811.59
1901.14
1912.05
1885.01
1915.71
1937.98
2024.29
1888.57
1941.75
2016.13
1939.86
1955.03
1930.5
1863.93
1517.45
1344.99
1400.56
1602.56
1751.31
1808.32
2014.1
1960.78
1945.53
1958.86
1936.11
1928.64
1941.75
1958.86
1968.5
1962.71
1968.5
1949.32
1569.86
1427.55
1216.55
1115.45
1391.79
1762.11
1655.63
1387.93
1372.68
1433.69
1606.43
1829.83
1824.82
1833.18
1790.51
1716.74
1853.57
1972.39
1819.84
1746.72
1672.24
1606.43
1677.85
1721.17
1710.86
1622.06
1489.2
1447.18
1518.6
1468.43
562.272
538.648
1185.54
1314.06
1479.29
1571.09
1654.26
1813.24
1904.76
1955.03
1850.14
1867.41
1955.03
1956.95
1972.39
1937.98
1990.05
1862.2
1902.95
1998
902.12
645.369
892.061
1409.44
1845.02
2010.05
1945.53
1949.32
1939.86
1932.37
1846.72
1872.66
1976.28
1968.5
2018.16
1919.39
1966.57
1978.24
1819.84
1833.18
1966.57
1976.28
1964.64
855.066
727.537
1337.79
1710.86
1877.93
1862.2
1851.85
1986.1
1828.15
1823.15
1953.13
1910.22
1917.55
1984.13
1901.14
1932.37
1945.53
1831.5
1877.93
2012.07
2044.99
1955.03
1976.28
1994.02
1816.53
1616.81
1382.17
1354.1
1458.79
1511.72
1606.43
1763.67
1823.15
1474.93
1438.85
1746.72
1692.05
1689.19
1867.41
2002
1941.75
1801.8
1813.24
1841.62
1893.94
1893.94
1921.23
1924.93
1777.78
947.418
881.834
1530.22
1795.33
1798.56
1829.83
1945.53
1951.22
1845.02
1897.53
1855.29
1850.14
1858.74
1888.57
1958.86
1867.41
1919.39
2010.05
1992.03
1951.22
1862.2
1885.01
1996.01
1908.4
1642.04
1168.91
1230.01
1801.8
1990.05
1986.1
1901.14
1862.2
1862.2
753.012
750.469
1913.88
1838.24
1906.58
1552.79
1145.48
1276.32
1638
1677.85
1722.65
1814.88
1340.48
1041.67
1305.48
1749.78
1848.43
1877.93
1860.47
1715.27
1508.3
1516.3
1700.68
1941.75
1902.95
1908.4
1899.34
1908.4
1949.32
1958.86
1970.44
1974.33
1970.44
1982.16
2030.46
1958.86
1860.47
1347.71
1025.12
1227.75
1801.8
1966.57
1970.44
1848.43
1814.88
1872.66
1848.43
1872.66
1855.29
1850.14
1734.61
1766.78
1943.63
1843.32
1908.4
1904.76
1899.34
1998
1968.5
1926.78
1923.08
2012.07
1672.24
1465.2
1324.5
1143.51
1324.5
1798.56
1970.44
2010.05
1910.22
1917.55
2059.73
1955.03
1930.5
1947.42
1858.74
1874.41
1908.4
1867.41
1821.49
1893.94
1943.63
1966.57
1883.24
1902.95
1919.39
1833.18
1384.08
1097.69
1403.51
1936.11
1968.5
1904.76
1913.88
1757.47
1661.13
1819.84
1921.23
1996.01
1968.5
1964.64
1841.62
1785.71
1872.66
1943.63
1976.28
1982.16
2004.01
2020.2
2068.25
2016.13
2040.82
1668.06
1113.59
1150.75
1728.61
1945.53
1857.01
1930.5
1879.7
1928.64
1561.28
1302.08
1574.8
1919.39
1943.63
1970.44
2028.4
1848.43
1800.18
1919.39
1937.98
1921.23
1960.78
1978.24
2018.16
2032.52
1798.56
1497.01
1317.52
1423.49
1706.48
1877.93
1980.2
2006.02
1974.33
1947.42
2014.1
1982.16
1953.13
1897.53
1818.18
1876.17
2000
1962.71
1962.71
2042.9
1932.37
1943.63
1926.78
1924.93
1857.01
1885.01
1809.95
1151.41
1077.01
1546.79
1782.53
1826.48
1947.42
1906.58
1838.24
1904.76
1897.53
1876.17
1870.91
1926.78
1976.28
1857.01
1867.41
1867.41
1697.79
1383.13
1378.36
1586.04
1752.85
1890.36
1686.34
1067.24
991.08
1407.46
1724.14
1865.67
1874.41
1953.13
1923.08
1865.67
1908.4
1890.36
1890.36
1897.53
1885.01
1976.28
1962.71
1906.58
1968.5
1923.08
1845.02
1895.73
1848.43
1638
1450.33
616.333
636.335
1774.62
1976.28
1966.57
1915.71
1939.86
1974.33
1949.32
1978.24
1867.41
1892.15
1974.33
1964.64
1934.24
1843.32
1895.73
1994.02
1986.1
1970.44
2022.24
1968.5
1943.63
1728.61
727.273
676.819
1426.53
1858.74
1919.39
1892.15
1669.45
1346.8
1201.2
1302.08
1440.92
1520.91
1508.3
1460.92
1522.07
1536.1
1716.74
1846.72
1836.55
1826.48
1482.58
1350.44
1519.76
1755.93
1809.95
1795.33
1826.48
1951.22
1836.55
1725.63
1893.94
1855.29
1755.93
1919.39
2047.08
1846.72
1881.47
1990.05
1980.2
1960.78
1956.95
1984.13
1974.33
2028.4
1980.2
1798.56
1668.06
1629.99
1524.39
1665.28
1814.88
1834.86
1874.41
1850.14
1980.2
1510.57
1404.49
1763.67
1888.57
1912.05
1883.24
1877.93
1860.47
1921.23
1964.64
1949.32
1908.4
1917.55
1949.32
1939.86
1848.43
1748.25
1672.24
1512.86
1576.04
1706.48
1828.15
1910.22
1951.22
2000
1960.78
1932.37
1888.57
1964.64
1877.93
1879.7
1928.64
1836.55
1885.01
1992.03
2022.24
1951.22
1956.95
1826.48
1860.47
2002
1990.05
1867.41
1668.06
1277.96
1212.12
1611.6
1862.2
1912.05
1892.15
1888.57
1910.22
1953.13
1943.63
1855.29
1910.22
1921.23
1951.22
1964.64
1936.11
1481.48
1325.38
1640.69
1860.47
1947.42
1893.94
1801.8
1724.14
1452.43
1163.47
1311.48
1779.36
1874.41
1949.32
1956.95
1863.93
1874.41
1953.13
1936.11
1879.7
1867.41
1841.62
1872.66
1978.24
2028.4
1855.29
1776.2
1798.56
1912.05
1888.57
1833.18
1947.42
1851.85
1816.53
1719.69
1516.3
1451.38
1557.63
1616.81
1607.72
1624.7
1564.95
1381.22
1463.06
1877.93
2002
2059.73
2103.05
2127.66
2150.54
2148.23
2207.51
2145.92
2127.66
2096.44
2079
1926.78
1816.53
1850.14
1846.72
1739.13
1712.33
1447.18
1341.38
1746.72
2063.98
2129.93
2136.75
2092.05
2053.39
2094.24
2197.8
2141.33
2155.17
2134.47
2134.47
2143.62
2152.85
2143.62
2010.05
1994.02
2028.4
2116.4
2129.93
2132.2
2145.92
2164.5
2157.5
2074.69
1928.64
1774.62
1823.15
1813.24
1879.7
2026.34
2092.05
2116.4
2109.7
2118.64
2143.62
2200.22
1951.22
1915.71
1923.08
1921.23
2014.1
2022.24
1934.24
1819.84
1921.23
1972.39
1980.2
1923.08
1945.53
1984.13
1821.49
1527.88
915.751
996.512
1805.05
1870.91
1876.17
1941.75
1919.39
1432.66
1404.49
1806.68
1869.16
1881.47
1990.05
1968.5
1962.71
1934.24
1949.32
1992.03
1883.24
1897.53
1937.98
1876.17
1855.29
1437.81
1085.19
1250
1716.74
1819.84
1839.93
1926.78
