12.2399
306.185
513.084
1669.45
1853.57
2096.44
2173.91
2358.49
2728.51
3252.03
4040.4
4454.34
4854.37
4830.92
4866.18
4338.39
4210.53
4608.3
4149.38
3284.07
3424.66
3436.43
3389.83
4329
4878.05
4672.9
4405.29
4494.38
4784.69
5128.21
4819.28
4494.38
4728.13
5115.09
5221.93
5221.93
4796.16
4830.92
5376.34
5449.59
4938.27
4524.89
4761.9
5154.64
5305.04
4889.98
4587.16
4524.89
4866.18
5141.39
4694.84
4514.67
4618.94
4878.05
4008.02
3683.24
4434.59
4889.98
4576.66
4651.16
5208.33
5249.34
5249.34
4329
3311.26
3231.02
3527.34
4040.4
4338.39
4149.38
4228.33
4024.14
3521.13
3802.28
4357.3
3891.05
3745.32
3717.47
4056.79
4032.26
3590.66
3597.12
3773.59
3642.99
3115.26
3174.6
3571.43
3906.25
2840.91
2418.38
2059.73
1647.45
1689.19
2229.65
3100.78
2754.82
3267.97
4376.37
3787.88
3731.34
4273.5
3649.64
3367
2976.19
2881.84
4032.26
4901.96
5089.06
5154.64
5249.34
5263.16
5194.81
4728.13
4807.69
5305.04
5249.34
5167.96
4597.7
4282.66
4739.34
5037.78
4672.9
4474.27
4366.81
4705.88
5319.15
5347.59
5390.84
3231.02
2280.5
2808.99
1154.73
684.463
1067.81
2721.09
3076.92
3220.61
3355.7
3333.33
3724.39
4545.45
5102.04
4975.12
4975.12
4784.69
4842.61
5405.41
4597.7
4301.08
4796.16
5037.78
5181.35
5249.34
5305.04
5305.04
4926.11
4926.11
5347.59
5420.05
5420.05
5434.78
5464.48
5420.05
5405.41
5405.41
5405.41
4830.92
4739.34
5194.8
5305.04
5376.34
5221.93
5025.13
4504.5
4444.44
4901.96
4901.96
3527.34
3262.64
4291.85
4866.18
5050.51
5076.14
5050.51
5050.51
3913.89
3344.48
3766.48
3944.77
4192.87
3389.83
3067.48
3952.57
4484.31
4750.59
4987.53
5115.09
5249.34
4878.05
4938.27
5449.59
5479.45
5494.51
5494.51
5479.45
5434.78
5405.41
5405.41
5405.41
5025.13
5063.29
5509.64
5479.45
5434.78
5449.59
5464.48
5494.51
5494.51
5479.45
5464.48
4842.61
3731.34
3267.97
3597.12
4484.31
3676.47
3110.42
3378.38
3717.47
4494.38
4975.12
4662
4773.27
5390.84
5390.84
5390.84
5390.84
5361.93
5420.05
5012.53
4962.78
5347.59
4938.27
4987.53
5420.05
5449.59
5524.86
4683.84
4219.41
4484.3
4464.29
3960.4
3095.98
2805.05
3025.72
2754.82
3125
1280.41
1142.86
2577.32
3490.4
4842.61
5154.64
4773.27
4796.16
5263.16
5347.59
5390.84
5390.84
5347.59
4842.61
4444.44
4761.9
5221.93
4878.05
4950.5
5479.45
5420.05
5347.59
5347.59
5333.33
5333.33
5347.59
5347.59
5376.34
4889.98
4807.69
5319.15
5449.59
5449.59
5464.48
5434.78
5420.05
5449.59
5390.84
4640.37
3787.88
3875.97
4629.63
5012.53
5128.21
5208.33
5208.33
5181.35
5076.14
4901.96
4597.7
3795.07
3809.52
4329
4089.98
4048.58
4081.63
3629.76
3412.97
3831.42
4338.39
4192.87
3407.16
3546.1
4166.67
3466.2
3144.65
3603.6
4065.04
4357.3
4819.28
4237.29
3703.7
3984.06
4555.81
4962.78
4705.88
4319.65
4319.65
4784.69
5167.96
5221.93
5263.16
4784.69
4819.28
4608.3
4246.28
3773.59
3571.43
4301.08
4926.11
5089.06
5154.64
5221.93
4773.27
4807.69
5208.33
5221.93
5361.93
5361.93
5361.93
5390.84
5333.33
4464.29
3490.4
3091.19
3350.08
4219.41
4866.18
4914
4950.5
5115.09
5208.33
5249.34
5319.15
5154.64
4587.16
4494.38
4158
3454.23
3710.58
3610.11
3120.12
3430.53
4106.78
3787.88
3584.23
4273.5
4830.92
5000
4597.7
4008.02
3710.57
4008.02
4514.67
4357.3
4357.3
4319.65
4366.81
4089.98
3372.68
3496.5
4098.36
4535.15
4901.96
5115.09
5141.39
4629.63
3883.49
4201.68
5167.96
5277.04
5333.33
5305.04
5305.04
5347.59
5305.04
5305.04
3976.14
3149.61
3603.6
3539.82
3189.79
3968.25
4938.27
5076.14
5141.39
5221.93
4474.27
4140.79
4192.87
4347.83
4962.78
4504.5
3656.31
3200
3430.53
4184.1
4264.39
3067.48
2541.3
2522.07
2773.93
3149.61
3081.66
3460.21
3816.79
4158
4866.18
5063.29
5141.39
4716.98
4357.3
4347.83
4694.84
5194.8
5291
5319.15
5347.59
5347.59
5305.04
5305.04
4866.18
4866.18
5319.15
5291
5291
4889.98
4504.5
4807.69
5194.8
5263.16
5319.15
4830.92
4761.9
5181.35
5235.6
5249.34
5167.96
5167.96
5249.34
5208.33
4728.13
4319.65
4175.37
4608.3
5347.59
5319.15
5221.93
5263.16
5305.04
5319.15
4866.18
4444.44
4728.13
4773.27
4901.96
5376.34
5405.41
5390.84
5277.04
5141.39
5089.06
416.927
390.244
2162.16
3039.51
3766.48
3539.82
3372.68
2865.33
2754.82
3571.43
4524.89
4683.84
4750.59
4504.5
3690.04
3466.2
3816.79
4395.6
4987.53
5141.39
5154.64
5000
3937.01
3129.89
2695.42
3062.79
4201.68
4587.16
4914
5025.13
5102.04
4237.29
3787.88
4424.78
4319.65
3590.66
3690.04
4395.6
4830.92
4962.78
2688.17
1214.33
1243.01
1972.39
2364.07
3044.14
3454.23
3745.32
3610.11
2881.84
2677.38
2980.63
3095.98
3125
2453.99
1700.68
1561.28
1539.65
1632.65
1592.36
1386.96
254.065
248.694
1261.83
1686.34
1901.14
1648.8
1614.2
1461.99
1529.05
1901.14
2415.46
2398.08
2016.13
1793.72
1651.53
1793.72
1883.24
1769.91
1593.63
764.234
816.993
2444.99
2590.67
2475.25
2754.82
2890.17
3021.15
3350.08
3194.89
2869.44
3231.02
3466.2
3025.72
3134.8
3552.4
3367
3091.19
3149.61
3072.2
2645.5
2777.78
3412.97
3590.66
3502.63
3372.68
3316.75
3284.07
3129.89
3048.78
2911.21
2928.26
3044.14
3189.79
2911.21
2713.7
3344.48
3521.13
3361.34
3629.76
3424.66
2941.18
3091.19
3853.56
4089.98
3853.56
3642.99
3731.34
3683.24
3395.59
3384.09
3149.61
2433.09
2580.65
3401.36
3053.44
3030.3
3418.8
3436.43
3546.1
3460.21
3395.59
3759.4
3683.24
3241.49
3030.3
2919.71
2932.55
3072.2
2347.42
2378.12
3412.97
3883.49
4366.81
4255.32
4347.83
4444.44
3696.86
3401.36
3780.72
3773.59
3616.64
3696.86
3868.47
3724.39
3442.34
3424.66
3327.79
3129.89
3225.81
3853.56
4310.34
4357.3
4376.37
4395.6
3636.36
3205.13
3184.71
3225.81
3215.43
3044.14
3231.02
3115.26
2478.31
2597.4
3210.27
3115.26
3448.28
3717.47
3115.26
3205.13
2881.84
2490.66
2932.55
3514.94
3367
3110.42
3120.12
3454.23
3824.09
3448.28
3367
3220.61
3361.34
3944.77
3809.52
3891.05
4140.79
3514.94
3333.33
3929.27
4040.4
3731.34
3484.32
3246.75
3144.65
2551.02
2403.85
2928.26
3053.44
3344.48
3906.25
3921.57
3992.02
3262.64
2923.98
3225.81
3262.64
2496.88
2217.29
2673.8
2751.03
2906.98
3139.72
2762.43
2941.18
3355.7
3030.3
3194.89
3590.66
3384.09
3577.82
395.413
376.577
2190.58
2484.47
2797.2
3355.7
3868.47
3898.64
3616.64
3338.9
3424.66
3430.53
3372.68
3944.77
4264.39
4255.32
4175.37
4175.37
4301.08
4273.5
3367
2805.05
3081.66
3787.88
4405.29
4651.16
4376.37
4008.02
4040.4
4514.67
4975.12
4273.5
4032.26
4761.9
5208.33
5181.35
4524.89
3478.26
3350.08
3875.97
3795.07
3246.75
3502.63
4395.6
4474.27
4454.34
4115.23
3584.23
3430.53
3766.48
4175.37
4192.87
3590.66
3424.66
3502.63
2994.01
2853.07
2994.01
3067.48
3305.79
3384.09
3407.16
3262.64
3139.72
3134.8
3205.13
3629.76
3913.89
4089.98
4192.87
4149.38
3724.39
2954.21
1904.76
1936.11
897.263
891.663
2758.62
2773.93
2751.03
1204.82
1036.27
1838.24
2053.39
2247.19
2197.8
1998
1586.04
1204.09
1067.81
1502.63
3395.59
3062.79
2169.2
2392.34
3210.27
3289.47
3838.77
4597.7
4784.69
4750.59
4683.84
4597.7
4484.3
4484.3
3780.72
1237.62
755.002
1095.89
2518.89
3327.79
3533.57
3690.04
3717.47
3853.56
3853.56
4008.02
3906.25
3921.57
4405.29
4385.97
3300.33
2277.9
2518.89
465.333
435.825
1848.43
2178.65
2361.27
2304.15
2906.98
4319.65
4587.16
4629.63
4672.9
4716.98
4842.61
4807.69
4651.16
3787.88
3577.82
4264.39
4405.29
4376.37
4319.65
4140.79
4140.79
4357.3
4618.94
4629.63
4246.28
4405.29
4926.11
4962.78
4901.96
4854.37
4938.27
4807.69
4784.69
4842.61
4089.98
3610.11
4048.58
4662
4866.18
4773.27
4474.27
4385.96
4524.89
3838.77
3584.23
3710.57
3502.63
3891.05
4454.34
4587.16
690.608
625.391
1970.44
1955.03
2214.84
2967.36
3154.57
3418.8
3710.57
3752.35
4123.71
4210.53
3944.77
3809.52
3766.48
3838.77
2123.14
1934.24
3278.69
3921.57
3937.01
3610.11
3752.35
4106.78
3960.4
3490.4
3802.28
4576.66
4405.29
4514.67
5050.51
4950.5
4716.98
4464.29
3937.01
3521.13
3460.21
3795.07
4192.87
4040.4
4149.38
4761.9
5076.14
5128.21
5208.33
5128.21
5000
4819.28
4504.5
3478.26
3361.34
3984.06
4166.67
4434.59
4566.21
4357.3
4376.37
4405.29
4424.78
4494.38
4048.58
4184.1
4545.45
4608.3
4705.88
4784.69
4950.5
5012.53
4914
4705.88
4474.27
3921.57
3913.89
4444.44
4716.98
4819.28
4273.5
4255.32
4385.96
4376.37
4773.27
4962.78
942.063
920.81
4201.68
4629.63
4901.96
4926.11
4597.7
3846.15
3656.31
3610.11
3717.47
4008.02
3960.4
4219.41
4514.67
4566.21
4576.66
4618.94
1223.99
1043.3
1377.41
1464.13
2628.12
3076.92
3407.16
3690.04
3929.27
3824.09
3838.77
2954.21
2758.62
2688.17
2234.64
2762.43
3636.36
3795.07
4065.04
4166.67
4192.87
4192.87
4149.38
4175.37
4228.33
3921.57
3937.01
4273.5
4301.08
4310.34
4319.65
3284.07
741.84
763.068
2631.58
2728.51
3407.16
3496.5
3883.5
3976.14
3189.79
2994.01
2528.45
2604.17
3745.32
3795.07
3649.64
3690.04
3960.4
3984.06
3350.08
3316.75
2836.88
2631.58
2735.98
2645.5
3194.89
3395.59
3584.23
3944.77
3021.15
2493.77
2275.31
2209.94
2469.14
2331
2317.5
509.814
472.813
1716.74
2173.91
2016.13
2544.53
4089.98
4424.78
4566.21
4618.94
4662
4608.3
4048.58
3690.04
2659.57
1846.72
1886.79
2531.65
2265.01
2272.73
3430.53
4158
4597.7
4357.3
3944.77
4106.78
4454.34
4608.3
4716.98
4819.28
4866.18
4866.18
5012.53
474.046
439.367
2490.66
3338.9
3105.59
3215.43
3344.48
3424.66
3521.13
3610.11
3710.57
3539.82
3289.47
3472.22
3838.77
3960.4
3610.11
3241.49
2777.78
2298.85
2503.13
3252.03
3448.28
3590.66
3696.86
3696.86
3891.05
3984.06
3738.32
3724.39
4000
3846.15
3773.59
3669.73
3921.57
4484.31
4608.3
4608.3
4504.5
4301.08
4246.28
4140.79
3960.4
3577.82
2994.01
3189.79
3436.43
3401.36
3724.39
3663
3883.49
3636.36
2985.07
3110.42
3603.6
3690.04
3802.28
4089.98
4415.01
4739.34
4866.18
4962.78
4950.5
4926.11
4987.53
4640.37
4694.84
4987.53
4842.61
4761.9
4819.28
5000
4901.96
4773.27
4739.34
4866.18
4651.16
4651.16
4962.78
4123.71
3944.77
4524.89
4705.88
4545.45
4514.67
4524.89
4640.37
4618.94
4750.59
5305.04
5347.59
5347.59
5291.01
5167.96
5141.39
5167.96
5063.29
5000
4444.44
4474.27
358.295
348.979
1857.01
1788.91
1877.93
1978.24
3424.66
4008.02
3466.2
3003
3311.26
3846.15
3891.05
3875.97
3623.19
3508.77
3669.72
3898.64
4210.53
4140.79
3752.35
3527.34
3731.34
4032.26
4210.53
4474.27
4376.37
3724.39
3361.34
3484.32
3442.34
3436.43
3773.59
3478.26
3412.97
3597.12
3558.72
3407.15
3252.03
3350.08
3610.11
3401.36
3642.99
4576.66
3311.26
2743.48
3194.89
3656.31
4000
4415.01
4662
4566.21
4048.58
4184.1
4819.28
4866.18
4914
4987.53
4938.27
4901.96
4796.16
4629.63
4566.21
4192.87
4166.67
4301.08
3514.94
3257.33
3629.76
3780.72
3846.15
3802.28
3831.42
3913.89
3484.32
3539.82
3759.4
3898.64
4376.37
4545.45
4662
4728.13
4784.69
4618.94
4065.04
3984.06
4301.08
4415.01
4504.5
4474.27
4464.29
4444.44
4454.34
4376.37
3597.12
3333.33
3960.4
4464.29
3676.47
3448.28
919.963
822.368
2164.5
2554.28
2534.85
1901.14
1843.32
2453.99
2743.48
2751.03
2828.85
3478.26
3597.12
2902.76
2680.97
2509.41
2304.15
2375.3
2522.07
2244.67
2280.5
2249.72
2439.02
2836.88
2649.01
2442
685.166
637.349
1552.79
1902.95
2450.98
2267.57
1836.55
1851.85
2288.33
2580.65
2706.36
3350.08
2941.18
2418.38
2781.64
3384.09
4219.41
4889.98
4950.5
4987.53
4415.01
3906.25
3883.5
3472.22
3603.6
2971.77
2663.12
2656.04
2886
3968.25
4210.53
4048.58
3868.47
4366.81
4366.81
3992.02
1949.32
822.707
926.355
2403.85
3154.57
3514.94
3724.39
3891.05
4201.68
3984.06
4040.4
4728.13
5128.21
5263.16
5347.59
5361.93
5277.04
5128.21
4878.05
4424.78
4166.67
3350.08
2840.91
3174.6
3724.39
3257.33
3241.49
3273.32
2958.58
3129.89
3021.15
3210.27
3539.82
2525.25
2265.01
2816.9
3305.79
3952.57
2628.12
2280.5
2673.8
2372.48
640.41
628.338
2564.1
4016.06
4115.23
3577.82
3039.51
3091.19
3913.89
4535.15
3913.89
3430.53
3125
1346.8
1194.03
1992.03
2614.38
3273.32
3401.36
3846.15
4264.39
3802.28
3710.57
4115.23
4201.68
4201.68
4132.23
4228.33
4424.78
4273.5
3703.7
3703.7
4016.06
4255.32
4761.9
3976.14
3565.06
3883.5
4008.02
3502.63
3034.9
3095.98
3333.33
3311.26
3174.6
3231.02
3430.53
3773.59
3906.25
4132.23
4073.32
3252.03
3246.75
3724.39
3745.32
4115.23
4329
4201.68
4273.5
4608.3
5012.53
5167.96
5263.16
5235.6
4796.16
4807.69
5221.93
5249.34
5291.01
5263.16
5263.16
5249.34
5221.93
5235.6
5235.6
4854.37
4807.69
5249.34
1015.74
998.502
4629.63
4842.61
4901.96
4807.69
4796.16
4878.05
4618.94
4784.69
5277.04
5263.16
5277.04
5277.04
5305.04
5319.15
4376.37
3759.4
2409.64
1116.07
736.92
1067.81
2684.56
3125
3780.72
4158
3968.25
3642.99
2713.7
2564.1
3401.36
3891.05
4140.79
4192.87
4338.39
3992.02
3984.06
4597.7
4784.69
4975.12
4555.81
4597.7
5194.8
5235.6
5277.04
5208.33
86.2962
86.0141
4016.06
4535.15
4773.27
3937.01
3831.42
4683.84
4830.92
4938.27
5037.78
5050.51
5050.51
5050.51
5012.53
4987.53
4504.5
4464.29
4854.37
4587.16
4073.32
3929.27
4192.87
4246.28
4255.32
4444.44
4464.29
3891.05
3795.07
3944.77
4089.98
1555.21
1408.45
2656.04
2358.49
2392.34
503.145
476.19
2298.85
4073.32
4524.89
4662
4683.84
4629.63
3891.05
3514.94
3795.07
4073.32
3891.05
3787.88
4149.38
4535.15
4694.84
4773.27
4640.37
4608.3
4784.69
4975.12
5167.96
4587.16
4081.63
4192.87
4524.89
4750.59
4914
5025.13
5025.13
5037.78
4975.12
4950.5
4434.59
4484.3
3210.27
3003
4366.81
3448.28
2967.36
3194.89
3316.75
3448.28
3378.38
590.145
579.039
2849
2898.55
1043.84
1006.04
2055.5
2032.52
2249.72
2525.25
2777.78
2677.38
3016.59
2710.03
1833.18
1556.42
1546.79
1870.91
2386.63
2673.8
3225.81
3210.27
3278.69
3407.15
3508.77
3831.42
3623.19
3200
1503.76
1444.04
3149.61
4132.23
3802.28
3913.89
4566.21
4329
4357.3
4662
4694.84
4545.45
4434.59
4424.78
4555.81
4282.66
4376.37
4901.96
4694.84
4545.45
4566.21
4494.38
3514.94
3149.61
3316.75
3278.69
2936.86
2721.09
3003
3367
3246.75
2932.55
2732.24
2758.62
3053.44
3395.59
3766.48
3795.07
4065.04
4587.16
4662
4683.84
4640.37
3577.82
3267.97
4008.02
4484.31
3898.64
3795.07
4123.71
3710.57
3067.48
2484.47
2777.78
3514.94
2781.64
2433.09
2861.23
3472.22
4106.78
4662
4672.9
4618.94
362.647
355.429
3460.21
4282.66
3521.13
3189.79
3430.53
3508.77
3508.77
3154.57
2994.01
3257.33
3508.77
3053.44
2739.73
3044.14
3305.79
2695.42
808.081
807.102
2317.5
2751.03
3262.64
3231.02
3134.8
2735.98
2890.17
3327.79
3012.05
2773.93
2450.98
2389.49
2531.65
2378.12
2691.79
3322.26
3401.36
3389.83
3159.56
2739.73
2828.85
3200
3367
3231.02
3200
2777.78
2403.85
2506.27
1881.47
1801.8
1639.34
870.322
823.384
1463.06
2680.97
2484.47
2244.67
3058.1
3921.57
4246.28
4008.02
4140.79
4672.9
4219.41
3616.64
3558.72
3430.53
3294.89
3558.72
3372.68
3184.71
3007.52
2928.26
3225.81
3095.98
3169.57
3430.53
3577.82
3527.34
3508.77
3656.31
3636.36
3257.33
3048.78
3053.44
2554.28
2105.26
1724.14
2094.24
2557.54
765.697
790.826
2469.14
2656.04
3539.82
4098.36
3355.7
3086.42
2967.36
3154.57
2706.36
2597.4
3407.16
3105.59
3034.9
3460.21
3322.26
3215.43
3418.8
3424.66
3154.57
2954.21
3115.26
3072.2
2923.98
3205.13
3225.81
3267.97
3623.19
3558.72
3384.09
3442.34
3139.72
3105.59
3338.9
2962.96
2873.56
2962.96
467.946
451.06
2229.65
2932.55
3533.57
3034.9
2280.5
2280.5
2339.18
2751.03
3717.47
3558.72
3236.25
3231.02
3252.03
2962.96
3030.3
3210.27
3220.61
2902.76
3225.81
3590.66
3149.61
2789.4
1354.1
1395.67
2607.56
2290.95
2202.64
700.035
689.18
2072.54
2183.41
2277.9
2134.47
2267.57
2604.17
2989.54
3937.01
4282.66
4140.79
4219.41
4545.45
4694.84
4264.39
4210.53
4683.84
4854.37
5102.04
5181.35
5263.16
4889.98
4889.98
5291.01
5333.33
5405.41
5390.84
5376.34
5305.04
5208.33
5235.6
5277.04
4842.61
4854.37
5361.93
5376.34
5347.59
5333.33
5333.33
5305.04
5277.04
5305.04
3091.19
2577.32
3225.81
3016.59
596.837
592.944
2436.05
2544.53
2967.36
2706.36
2673.8
3016.59
3012.05
2945.51
3241.49
3144.65
2347.42
2604.17
3816.79
4032.26
4255.32
3838.77
3174.6
3436.43
3976.14
3603.6
3236.25
3154.57
2352.94
2463.05
3802.28
4329
4739.34
4395.6
4376.37
4842.61
4123.71
3838.77
4219.41
4228.33
3565.06
3484.32
4048.58
3846.15
2945.51
2801.12
3311.26
3120.12
3194.89
3430.53
3533.57
3780.72
3952.57
3521.13
2873.56
3025.72
3597.12
3853.56
3649.64
3629.76
3952.57
4273.5
4228.33
3773.59
3816.79
4192.87
3610.11
3389.83
4106.78
4273.5
3731.34
3883.5
4424.78
3898.64
3891.05
4024.14
3976.14
3683.24
3436.43
3883.5
4201.68
4640.37
932.401
869.187
3105.59
3690.04
4065.04
3338.9
3120.12
3906.25
3086.42
2677.38
3129.89
3395.59
3571.43
3110.42
2976.19
3683.24
3766.48
3724.39
2475.25
2239.64
3236.25
3159.56
3007.52
3316.75
3401.36
3424.66
3300.33
2785.52
2773.93
2976.19
2793.3
2857.14
2911.21
3164.56
3590.66
3539.82
3430.53
3350.08
3311.26
3284.07
3448.28
2447.98
1651.53
1877.93
2680.97
2490.66
2457
1231.53
732.332
956.938
1651.53
2207.51
2747.25
2801.12
2923.98
1658.37
1740.64
2890.17
3350.08
3883.5
3521.13
2398.08
2100.84
2853.07
2570.69
2290.95
2607.56
3025.72
3533.57
3418.8
2976.19
3081.66
3401.36
3436.43
3484.32
3460.21
3546.1
3590.66
3372.68
2958.58
2840.91
2967.36
3401.36
3683.24
2503.13
2347.42
3048.78
3179.65
3169.57
3577.82
4405.29
4576.66
4301.08
4366.81
4739.34
4750.59
4842.61
4914
4926.11
4878.05
4830.92
4866.18
4535.15
4484.3
4115.23
3466.2
3384.09
3590.66
3809.52
3787.88
3759.4
3883.5
3891.05
3565.06
3616.64
3960.4
3745.32
3533.57
801.925
578.035
1117.94
1506.02
437.924
466.092
1205.55
394.322
443.066
2171.55
3058.1
3194.89
2280.5
1865.67
2635.05
4008.02
4219.41
3968.25
4000
4514.67
4716.98
4728.13
4618.94
4555.81
3883.5
3478.26
3738.32
3853.56
3603.6
3824.09
4376.37
4566.21
3883.5
3294.89
3496.5
3745.32
3906.25
3322.26
3081.66
3278.69
3454.23
3861
4098.36
4319.65
4454.34
4494.38
4434.59
4474.27
4566.21
4192.87
4210.53
4842.61
5012.53
5037.78
5102.04
5076.14
5012.53
4773.27
4683.84
4889.98
4716.98
4796.16
5154.64
5154.64
5076.14
4878.05
4750.59
4434.59
3787.88
3616.64
3883.5
3738.32
3913.89
4464.29
4504.5
4376.37
4424.78
4576.66
4474.27
4301.08
3846.15
3663
3683.24
3976.14
4597.7
4683.84
4750.59
4140.79
3430.53
3642.99
4237.29
3898.64
3795.07
3868.47
4040.4
4535.15
4587.16
4201.68
4032.26
4273.5
1215.07
931.532
550.509
605.694
504.668
489.956
1956.95
474.496
489.716
3012.05
2628.12
2336.45
2989.54
3787.88
3802.28
3921.57
4434.59
4545.45
1798.56
1316.66
1655.63
2217.29
3110.42
3125
2364.07
2257.34
3072.2
3472.22
3539.82
3623.19
3430.53
2706.36
2941.18
2911.21
2317.5
2808.99
3225.81
691.802
688.942
2915.45
3252.03
2816.9
2724.8
3407.16
3502.63
3577.82
3669.72
3496.5
3401.36
3838.77
4464.29
4651.16
4608.3
4651.16
4728.13
4796.16
4878.05
3327.79
2877.7
3831.42
4587.16
4524.89
2836.88
2820.87
4424.78
4629.63
4597.7
3565.06
3466.2
4524.89
4854.37
4761.9
4773.27
4926.11
4830.92
4662
3690.04
3316.75
3937.01
4089.98
4301.08
4938.27
5141.39
5167.96
5181.35
5141.39
4975.12
4750.59
4048.58
3546.1
3311.26
3316.75
3603.6
3745.32
3795.07
3891.05
4444.44
4975.12
4842.61
4310.34
4166.67
4081.63
3629.76
3496.5
3696.86
3976.14
4149.38
4357.3
4405.29
4464.29
4385.97
4149.38
3676.47
3590.66
3831.42
3913.89
4132.23
4210.53
4255.32
4255.32
4175.37
4073.32
4000
3766.48
3944.77
4474.27
4576.66
4640.37
4662
4651.16
4629.63
1428.57
1338.69
3267.97
1809.95
1488.1
1682.09
641.026
683.293
2439.02
2853.07
3149.61
3355.7
3584.23
3745.32
3809.52
4282.66
4662
4796.16
4987.53
5089.06
5063.29
5050.51
5050.51
5025.13
4484.31
4376.37
3937.01
3257.33
3284.07
3110.42
2906.98
3184.71
3125
2919.71
3361.34
3361.34
3039.51
3081.66
3067.48
3289.47
3257.33
3546.1
3846.15
3514.94
3502.63
3129.89
2789.4
956.938
700.28
1222.49
2051.28
2506.27
2857.14
2344.67
1846.72
2100.84
2645.5
2710.03
2638.52
2244.67
2453.99
2547.77
2816.9
3558.72
3472.22
3110.42
2777.78
2418.38
2472.19
2890.17
3144.65
3262.64
3149.61
3110.42
3454.23
4098.36
3929.27
3883.5
3944.77
4149.38
4683.84
4716.98
3629.76
3076.92
3367
3478.26
3502.63
3676.47
3780.72
3663
3656.31
4123.71
4454.34
4454.34
4065.04
3816.79
4106.78
4376.37
4597.7
4694.84
4210.53
4246.28
4566.21
4555.81
4842.61
5037.78
5076.14
4914
4901.96
5000
4081.63
3597.12
3960.4
4319.65
4484.3
4081.63
3846.15
3960.4
4056.79
4210.53
4282.66
4140.79
4395.6
4987.53
4750.59
4807.69
5154.64
5076.14
4454.34
2386.63
2202.64
2941.18
2773.93
3262.64
4132.23
4201.68
4184.1
4484.3
4310.34
4032.26
3802.28
3412.97
3284.07
3205.13
3442.34
3787.88
3816.79
3853.56
3898.64
3745.32
