9.58442
125.282
150.139
171.482
170.126
151.826
140.105
149.701
151.596
167.94
177.636
102.412
92.8678
140.489
144.238
141.924
153.268
142.126
143.092
145.635
108.143
67.8587
75.0356
119.133
137.146
151.481
147.918
143.174
153.917
135.035
137.665
199.322
188.786
185.96
184.162
177.022
160.798
166.237
201.857
203.645
198.906
194.345
183.773
188.484
196.812
147.34
98.9511
121.212
210.593
202.922
198.432
209.096
210.46
201.227
187.056
190.44
211.797
208.812
193.517
190.64
153.574
146.231
173.928
188.857
212.359
200.26
195.676
205.994
195.427
196.367
209.205
189.717
62.5039
64.8025
201.066
190.404
199.7
207.168
200.481
206.122
215.82
180.914
175.346
177.274
176.725
205.149
198.236
191.534
203.894
196.002
192.678
208.333
191.132
160
149.566
159.821
163.814
171.88
122.399
117.13
170.678
174.216
181.258
192.938
185.839
173.868
178.571
202.819
204.144
193.63
188.041
179.678
195.829
212.698
191.022
188.715
182.149
166.973
181.505
190.295
193.498
210.261
203.231
163.814
153.046
183.117
209.93
203.355
194.194
193.293
185.477
171.954
172.726
196.155
217.533
161.825
145.497
167.322
186.619
211.775
190.024
172.771
175.84
182.498
200.26
201.147
191.058
181.094
172.444
191.699
209.534
203.066
203.791
220.58
197.824
183.672
194.137
196.406
203.169
204.52
188.094
189.072
193.386
192.031
201.43
198.768
201.979
197.785
189.054
198.039
206.654
185.408
178.651
156.838
163.026
215.936
199.92
188.448
196.29
178.524
183.756
193.517
198.59
221.068
208.616
175.762
169.635
179.986
187.459
190.15
177.368
189.286
179.646
181.851
214.684
196.059
184.706
192.474
189.717
184.655
178.205
181.34
194.118
184.587
179.63
167.757
179.921
207.879
192.326
197.804
216.497
172.786
164.745
180.848
166.778
185.839
189.879
182.116
193.33
190.114
190.603
191.571
193.274
198.491
198.472
198.393
200.12
194.856
201.045
199.302
183.436
195.141
209.468
200.582
196.541
199.521
191.663
196.483
192.252
193.498
215.703
199.461
182
190.186
199.442
208.877
218.603
177.399
165.18
162.522
167.14
202.102
173.16
161.538
173.476
176.96
187.652
190.295
201.572
207.706
190.386
179.372
182.749
201.207
218.079
198.275
191.113
193.78
172.191
179.083
190.313
186.498
201.654
198.393
189.466
206.101
197.707
185.408
203.915
190.712
166.32
174.277
202.593
212.585
199.481
198.985
139.606
122.639
152.184
179.083
199.243
170.387
175.408
213.151
188.306
177.888
194.666
194.609
189.43
180.505
195.065
217.557
193.705
185.477
201.106
193.93
199.322
185.237
168.876
183.486
195.542
189.358
191.736
192.901
185.753
180.164
171.086
177.211
181.34
189.484
202.614
197.414
190.785
161.865
156.642
180.554
193.573
167.884
162.259
167.954
133.458
136.575
162.035
147.732
146.789
159.655
156.875
168.819
170.445
150.161
154.979
162.127
166.736
175.778
149.869
145.18
152.416
161.46
167.884
166.75
157.27
137.504
146.649
160.72
160.966
154.024
159.566
161.199
162.456
173.265
162.853
161.212
131.562
127.243
141.064
132.529
154.381
172.265
166.806
187.811
187.196
162.986
168.279
180.131
186.411
195.771
187.073
178.555
177.62
175.392
191.443
190.476
176.632
191.333
203.438
211.954
222.618
207.814
208.943
212.811
202.204
208.052
215.913
207.49
208.03
221.508
205.339
197.103
203.397
169.707
165.645
157.716
144.103
161.551
182.315
198
190.078
197.355
198.689
192.068
207.577
213.927
203.438
196.831
190.168
178.811
189.107
199.302
201.268
146.767
124.938
134.273
144.488
178.492
194.42
195.255
176.072
180.115
200.02
187.494
186.619
200.864
189.934
186.672
189.538
173.521
184.928
197.006
199.064
182.765
165.221
180.848
185.512
184.74
194.382
183.739
191.095
213.424
185.615
175.731
195.351
190.259
198.511
191.699
191.241
218.46
189.573
172.028
191.443
193.911
195.771
213.22
159.401
141.573
177.557
208.117
219.684
202.737
192.456
186.029
171.836
179.711
191.04
198.629
202.799
182.199
169.119
163.012
180.115
201.45
195.925
205.149
189.34
172.548
196.252
209.183
187.336
193.723
191.755
179.986
200.06
199.96
191.608
207.082
200.541
190.858
195.198
187.864
184.451
148.423
154.847
197.961
196.021
203.687
196.696
201.126
209.666
207.404
199.442
210.018
203.832
196.329
213.447
197.316
182.832
171.189
177.164
205.212
191.095
174.703
175.408
177.022
195.141
206.612
166.708
169.952
203.915
179.791
174.019
182.799
193.255
211.416
193.255
191.058
201.979
201.979
206.334
204.52
210.504
223.589
182.866
176.991
214.615
199.92
190.585
204.897
177.968
176.788
193.405
189.843
214.638
207.189
195.982
195.906
183.05
189.179
179.872
156.58
170.561
169.996
177.683
208.812
189.215
186.116
202.306
195.656
177.321
175.623
189.789
208.638
213.607
202.409
204.123
202.224
195.103
207.814
203.459
201.939
195.103
186.254
206.612
215.82
201.511
200.682
194.137
182.815
194.553
175.886
173.01
207.9
199.8
186.916
198.432
203.832
211.551
198.255
173.295
172.473
174.948
189.897
202.552
192.827
204.332
222.519
199.064
187.564
181.934
181.951
190.931
169.162
167.631
171.306
185.753
216.497
207.039
205.804
211.618
187.829
187.846
217.108
201.005
185.529
190.042
178.987
188.59
192.326
186.741
200.28
195.656
179.035
185.96
196.194
193.218
210.504
205.444
202.984
165.851
165.467
183.133
156.274
164.663
170.663
182.365
212.495
180.979
173.22
202.634
189.753
186.306
180.93
184.298
212.382
205.592
181.159
145.075
156.018
205.276
198.511
182.882
193.874
193.05
188.697
193.611
188.253
201.268
206.441
184.502
185.305
194.307
192.511
196.947
190.024
199.96
189.502
182.615
205.571
182.899
166.653
187.091
166.279
158.831
175.346
187.021
212.314
192.623
176.96
180.603
193.311
208.768
207.211
192.049
177.573
165.728
179.678
206.037
189.699
189.645
201.694
202.204
210.659
194.704
186.933
197.961
183.756
174.764
182.765
190.295
205.044
215.866
199.94
176.382
147.591
150.682
175.886
168.591
183.756
180.31
161.173
161.018
174.795
193.723
190.785
189.861
188.501
181.901
165.536
171.38
191.186
182.083
185.77
215.123
199.461
191.241
205.888
188.679
186.55
200.562
193.536
200.562
219.853
199.183
183.824
202.265
206.398
202.45
215.796
203.791
197.922
194.043
192.289
213.197
195.37
161.251
175.577
183.604
162.681
170.459
194.307
199.521
183.15
182.632
201.349
203.417
193.798
204.583
201.857
205.086
203.687
198.649
217.273
218.15
194.571
193.686
180.505
177.069
208.073
194.496
184.094
209.096
212.721
208.572
222.618
191.939
179.292
207.749
208.921
205.825
188.982
187.988
220.167
206.718
185.305
197.941
195.389
191.113
181.143
164.312
186.081
179.469
161.525
183.083
187.091
184.928
200.421
194.628
179.808
170.488
191.902
223.764
200.944
188.041
208.681
194.269
189.054
212.382
185.168
179.565
199.064
185.271
191.15
188.448
177.999
199.342
207.426
206.016
187.494
182.715
200.2
199.72
190.15
194.761
196.155
201.025
211.327
176.274
176.913
170.3
159.071
188.448
174.963
172.995
203.211
188.679
162.549
163.854
191.755
220.289
210.305
196.618
208.312
190.476
184.128
201.025
202.84
204.04
198.787
191.132
182.249
182.532
194.913
204.353
197.511
203.853
194.97
178.683
198.098
213.95
190.712
191.15
176.382
167.084
180.018
181.901
199.86
187.178
165.153
184.366
193.949
177.873
189.376
199.322
194.856
188.608
197.941
207.211
187.459
183.891
205.529
197.765
187.617
201.41
204.457
208.921
220.386
208.659
195.198
206.228
200.26
193.968
170.314
169.635
198.059
192.308
203.77
223.414
201.288
184.111
200.06
189.072
188.59
213.584
202.799
180.75
167.406
147.189
148.181
172.325
185.856
192.308
205.17
185.065
172.741
200.421
208.073
195.332
198.432
193.405
189.934
198.847
185.891
188.005
208.834
193.761
185.925
179.824
178.094
208.073
210.018
202.532
196.483
183.419
179.824
197.863
202.388
199.164
211.73
169.578
157.072
180.636
188.2
176.897
168.677
172.577
173.762
190.512
194.989
186.707
194.571
174.49
167.126
179.067
173.581
188.023
187.564
180.554
198.472
196.329
191.699
202.306
201.045
191.847
206.356
206.782
195.925
209.644
205.444
199.422
189.681
182.05
206.569
222.247
200.642
189.107
180.31
190.84
215.959
195.81
189.843
205.044
201.837
193.855
165.03
167.056
208.008
187.899
189.394
204.311
175.963
184.519
176.6
172.637
208.464
172.013
164.082
199.661
200
204.855
222.346
204.061
194.363
210.881
196.87
183.925
195.695
198.866
187.424
185.908
203.604
215.262
185.908
182.799
198.472
187.864
188.733
191.498
199.005
215.262
182.017
171.072
196.715
191.92
170.039
128.213
124.611
158.115
186.829
209.424
188.733
173.491
170.794
187.231
213.311
201.268
176.835
188.857
202.86
185.856
196.387
203.728
202.347
216.99
211.104
201.694
183.824
181.934
201.877
197.844
201.025
212.766
188.626
188.75
216.216
204.645
203.128
218.317
183.993
176.866
211.707
202.963
199.461
217.202
209.908
165.344
155.739
164.772
169.162
187.126
204.457
190.024
183.705
197.278
189.663
193.05
203.293
183.705
166.003
173.566
190.658
213.424
208.117
190.567
190.949
197.297
210.04
209.271
184.757
185.995
185.977
187.952
213.538
207.34
200.541
209.842
195.542
185.632
206.74
197.161
182.116
192.864
193.667
189.52
185.925
179.63
181.686
183.033
195.886
178.11
165.276
188.324
182.216
183.083
193.817
177.494
186.306
210.815
197.492
195.046
186.393
185.117
197.844
185.718
189.52
211.528
197.668
192.845
197.922
184.86
193.367
201.045
192.271
201.349
203.355
191.314
197.2
195.484
191.168
202.409
198.472
177.888
180.294
196.309
209.008
181.012
176.429
201.309
174.551
179.26
181.373
171.101
198.926
198.531
188.982
207.018
196.444
185.168
210.704
213.698
189.952
195.255
206.782
203.604
208.659
197.472
199.541
197.883
192.678
209.03
211.999
212.067
213.129
195.542
180.408
191.15
195.829
192.585
201.979
202.511
183.066
186.341
199.104
206.847
198.452
175.685
191.847
174.978
161.564
167.322
167.645
192.197
171.482
161.76
177.462
186.515
205.128
201.959
200.642
196.04
186.776
198.177
212.947
186.898
176.538
182.882
189.843
212.834
204.771
201.41
206.037
186.515
184.349
203.087
193.536
190.15
210.571
174.84
150.161
145.635
167.616
217.794
184.877
183.419
188.661
163.68
173.581
192.4
204.353
187.97
166.237
183.993
199.104
197.18
210.084
204.897
188.626
193.78
197.336
198.295
210.926
199.382
201.086
189.394
185.219
208.681
192.79
195.963
220.361
196.059
191.04
216.45
203.998
190.858
200.944
197.258
184.468
188.359
197.316
209.38
212.517
197.161
174.262
167.532
168.876
169.391
183.184
193.667
185.374
185.58
201.694
201.755
204.207
201.939
190.295
187.354
190.042
199.005
209.227
202.984
193.367
200.541
182.799
184.281
215.983
193.162
187.741
215.564
189.502
181.538
202.963
197.006
204.29
205.592
197.394
195.446
193.237
206.313
214.915
194.363
189.753
196.599
182.315
185.753
197.668
195.122
208.746
188.573
174.84
185.753
168.067
179.549
212.562
205.36
192.141
195.733
200
205.677
217.462
203.48
175.685
158.04
168.449
196.271
196.676
190.967
187.758
190.876
201.227
175.131
151.538
166.293
173.34
178.126
196.098
185.856
193.968
197.785
189.879
169.794
169.895
191.406
183.705
196.406
192.4
178.524
196.792
175.346
166.182
197.006
190.858
166.625
168.364
187.021
206.911
209.754
196.812
185.494
178.923
188.59
205.656
202.47
205.297
215.332
204.666
195.925
176.041
177.289
202.532
198.787
192.068
193.311
186.881
194.515
209.227
201.41
208.812
198.196
175.824
186.498
184.587
179.565
194.951
167.098
165.33
177.258
175.101
201.491
202.901
185.031
189.555
182.382
178.412
185.305
183.57
184.723
183.655
196.155
215.448
201.187
193.836
193.461
177.117
182.932
191.755
197.57
189.609
164.379
160.578
178.875
200.783
212.112
179.163
166.833
171.042
178.11
203.025
194.382
184.247
200.14
190.15
167.532
168.209
183.79
212.45
206.143
186.341
191.314
198.906
207.727
215.193
190.06
193.05
186.602
176.32
193.573
194.894
205.761
223.714
207.814
184.468
189.538
192.678
193.424
208.921
206.037
188.964
191.296
197.746
202.963
211.551
196.87
183.117
174.398
162.47
183.79
206.377
209.842
220.167
185.134
172.548
165.494
158.378
172.548
180.783
185.271
185.34
193.237
207.189
189.609
192.252
198.61
176.866
184.383
215.936
201.959
193.817
182.782
174.672
200.361
192.141
195.58
225.81
212.993
179.921
182.382
196.831
205.423
214.73
197.844
180.587
