3.30702
20.2339
21.3404
22.8723
23.4373
17.2411
17.416
19.4211
18.8517
22.4344
22.9308
23.9573
23.7085
21.7536
21.2603
22.8728
23.4412
23.6261
22.9403
22.485
23.5496
24.108
24.5555
23.0463
22.246
23.4645
23.9521
23.5031
22.025
22.5
23.4662
23.3449
23.2142
22.5515
22.9345
23.3337
22.7936
22.2921
22.7772
23.7116
23.639
23.35
22.7568
22.4969
23.6337
23.9532
23.1299
22.6296
23.0343
23.6978
23.8763
24.2195
23.3478
22.7278
23.3724
23.6228
22.9505
22.5281
22.9708
22.4593
22.0811
22.2946
22.6837
22.9003
23.4417
23.7552
22.4049
22.519
23.3555
23.3446
22.6196
22.5838
23.347
23.3239
23.281
22.3556
22.1178
23.0947
24.0232
23.8067
21.9766
21.8138
22.5813
22.5851
22.6285
23.1329
23.7248
23.8949
23.6421
22.422
22.2993
23.1984
23.3133
23.2899
23.1731
23.1906
23.2672
23.0976
22.9653
22.3947
22.5502
23.0779
22.8577
22.0034
22.5248
22.9176
22.2464
23.1168
21.8615
21.6812
23.2512
22.765
22.9703
22.8292
22.7487
22.8752
22.6937
22.9318
22.5175
22.5981
22.5296
22.7827
23.0766
22.5757
23.0926
24.0431
23.7386
22.0704
21.175
22.0422
22.7203
22.4727
22.4183
22.5071
23.3833
23.4662
22.0313
22.0466
23.0891
23.0367
22.5339
22.0797
22.3414
22.7892
22.9787
22.5716
21.9795
22.3287
22.3561
22.2623
21.6788
20.9936
21.7543
22.6493
22.2913
21.9517
22.0658
22.4553
23.1433
22.2955
21.8138
22.2834
21.9178
22.1966
21.5701
21.5838
22.7835
22.8509
22.1526
21.8539
22.3574
22.1648
22.2363
21.1665
21.0801
22.5586
22.3811
21.7943
21.8072
22.1109
22.2207
21.8326
21.6106
22.2235
22.3003
22.4568
22.0919
21.1766
21.9152
22.9811
22.6742
22.0926
22.3741
22.5238
22.0327
20.98
21.1784
22.3814
22.5678
22.2151
21.8508
21.8529
22.3419
22.425
21.1142
21.044
21.9802
22.2509
21.9423
21.1285
21.5128
21.9737
21.9945
21.5692
21.5088
22.2202
21.7953
20.7132
20.8411
22.1048
22.1855
21.7889
21.0597
21.2707
22.2282
22.3351
22.0349
21.2091
21.5012
22.0641
21.8341
22.0914
21.8565
21.9563
21.6722
20.2899
20.8188
21.7118
20.9183
20.2075
20.6505
21.495
21.5508
21.6006
21.0064
21.2854
22.0247
21.8584
21.1907
20.9069
21.5012
22.017
21.9814
20.9301
21.3477
21.9614
21.4353
20.862
20.993
21.0095
20.847
21.3161
20.9589
21.2441
21.8503
21.9865
21.2274
20.0116
20.7422
21.805
21.7988
20.9879
20.9133
21.7678
21.5966
20.8775
20.2098
20.9374
21.3465
20.7286
20.2216
20.5124
21.231
21.0946
21.1477
21.1278
21.2931
21.5033
21.0349
21.0964
21.3869
21.4512
20.9216
20.4401
20.8281
20.7374
20.4601
20.1947
20.9067
21.5955
21.1387
19.7677
19.3652
20.7054
21.5299
21.3095
20.4568
20.6147
21.0868
21.1779
20.0465
20.4564
22.2101
21.7472
20.4332
20.1753
20.9253
21.2132
21.4862
20.4842
20.474
21.3183
20.2118
19.8112
20.2081
20.6834
20.5982
19.9702
20.192
20.9159
20.9413
20.3813
20.6618
21.1383
21.1064
20.63
20.6795
20.6868
20.532
20.5952
20.1436
20.1507
20.5
20.3714
19.4975
19.9352
20.9413
20.7734
20.1428
20.2218
20.8179
20.5647
20.0116
19.8126
20.5463
21.0139
19.9549
19.6659
20.3186
20.2575
19.7496
19.663
19.8533
19.6556
19.5008
19.8714
20.6247
20.6126
20.1861
19.3162
19.3962
20.3169
20.1138
19.766
20.0513
20.5717
20.4589
19.7881
19.9968
20.3784
20.5297
20.4044
19.7908
19.7627
19.9605
19.6171
19.7453
20.5109
20.6763
19.8847
19.1353
19.6568
20.3215
19.8973
19.3168
19.5498
19.9744
19.8785
19.78
19.72
20.1074
19.5114
19.2484
19.5236
19.2942
19.4294
19.5425
19.5628
19.6963
19.4955
19.4602
19.8997
19.6282
19.4088
18.5539
19.0328
19.7998
19.6217
18.8952
18.7184
19.5505
19.7033
18.5477
18.2222
19.5082
19.8598
19.532
19.9118
20.4286
20.084
18.8669
18.9665
20.107
19.9118
19.3586
19.5103
19.9854
19.5578
19.1916
19.3917
19.4949
19.0836
17.9846
18.1922
19.749
19.7728
19.4668
19.5503
19.7601
19.8122
19.3616
19.0903
19.2374
19.7867
18.9867
18.7587
19.5829
19.4216
18.7301
18.7396
19.3787
18.8957
18.2932
18.7763
19.5244
19.836
19.0914
18.647
19.1801
19.2766
18.3268
18.6412
19.9448
19.3328
18.5934
18.6524
19.5175
19.3364
18.7711
18.829
18.2414
18.2329
18.4011
18.3291
18.9908
18.5782
18.5517
19.1688
19.2003
18.8223
18.3226
19.0008
19.8862
19.4064
18.6372
18.6369
18.8335
18.0833
17.7106
17.9474
18.4807
18.123
18.1656
19.0156
18.9295
18.0026
17.7244
18.8722
18.7822
18.2332
18.5677
18.9428
18.4106
17.8712
18.4383
19.0632
18.892
17.6075
17.7979
18.9649
18.2723
18.1477
18.6539
18.8938
17.7475
17.6677
19.0346
19.2916
18.7594
18.5592
18.6261
18.3922
17.681
17.5562
18.3869
18.0784
17.5091
17.8854
18.2018
17.7128
18.0013
17.7573
17.745
18.1955
18.2329
16.9099
16.1311
17.8382
18.4037
18.025
17.2163
17.1403
17.9976
17.2765
16.4635
17.2313
18.1412
18.2065
18.0577
18.0959
18.3414
17.7947
17.5463
17.2931
16.8895
17.3433
17.0632
17.2124
16.332
16.217
17.3444
17.4309
16.9263
16.8233
17.8099
17.7226
17.2473
17.3465
18.0122
17.3868
17.3482
18.1982
17.8646
16.857
16.8362
17.7404
17.4207
17.1883
17.0764
17.0472
17.2749
17.1849
17.5863
17.4619
16.9441
17.3593
17.2469
16.4077
16.9759
18.3261
18.1952
16.775
17.1012
18.8546
18.7898
17.4158
17.2791
18.3756
17.3733
17.0643
17.4525
16.2946
16.0913
17.0544
17.3088
16.1229
16.8811
19.0163
18.1803
16.6976
16.8026
17.4128
16.4635
16.3684
18.266
18.5271
16.8413
16.737
17.7198
17.6463
17.6092
18.488
19.0512
17.8226
17.5779
18.331
18.5367
17.8603
17.3283
17.9895
17.7476
17.2101
17.6757
18.2176
18.1641
17.5696
17.225
17.6635
17.6479
17.7898
18.1689
18.2194
17.1756
17.112
18.0832
17.4004
17.4034
17.8576
17.5979
17.1139
17.3474
18.0411
17.6496
17.3133
17.3996
17.9131
18.093
17.649
18.2537
18.5232
17.474
17.3693
18.3888
18.735
17.7041
16.8688
17.3896
17.2274
16.9877
17.5225
17.8912
17.2366
17.1236
18.1802
18.0274
17.2513
17.3328
17.8294
17.4316
17.4488
17.8336
17.8199
16.9568
16.7031
17.5849
17.4441
17.3966
18.0582
18.0752
17.1283
16.8134
17.7027
17.7316
16.9996
17.0493
17.6166
17.3195
17.1463
17.0646
17.2105
16.6464
16.2694
17.2795
17.3656
17.0219
17.3662
17.6947
16.916
16.6608
17.0054
16.3173
16.2758
17.0816
17.3094
16.2966
16.1231
17.1947
16.5684
16.1708
16.9887
15.1318
14.554
16.5763
17.4834
17.0382
16.684
17.333
17.9914
17.2325
16.913
17.5314
16.5728
16.4451
16.9481
16.5377
16.3717
16.5634
17.3449
17.3225
16.4745
16.6622
17.0968
16.7253
17.2536
17.6608
16.8207
16.757
17.042
16.9388
16.3456
16.4053
16.856
16.3682
16.3457
16.8722
17.2728
16.6221
16.3688
16.8682
16.5451
16.6
17.1016
17.4743
16.5662
16.3058
16.9182
16.1742
15.9896
16.8112
16.7726
16.1414
16.3971
16.9846
16.5499
16.4602
16.9424
16.8209
16.6601
16.6699
16.5847
16.1046
16.4685
17.2298
16.1375
15.4064
15.8475
16.0719
15.7143
15.9274
16.7161
16.4996
16.442
16.9146
16.1474
16.0534
17.0137
16.6796
16.0933
16.2529
16.483
16.0906
15.7499
16.2677
16.494
15.982
16.353
17.0552
16.0844
15.9106
16.5718
16.7791
15.737
15.1995
16.6241
16.4417
15.7299
16.0661
16.2263
15.9212
15.9987
16.9305
16.4514
15.8647
16.4981
16.2805
16.2749
16.5652
16.6728
16.2892
16.2388
16.4147
15.5636
15.273
15.2908
15.4238
16.1998
16.585
16.6147
16.2052
16.1508
16.2414
16.1648
16.5721
16.5803
16.1484
15.672
16.1119
16.7961
15.6128
15.1889
15.9284
15.4206
15.5081
16.0796
15.5335
15.4794
15.9946
15.9237
15.7578
15.8445
16.306
15.7788
15.5907
16.1363
14.9761
14.922
15.8773
15.7623
15.848
16.1512
16.0042
15.4084
15.5131
16.0263
15.455
15.5229
16.1543
15.5456
15.3753
16.1359
16.0408
15.1987
15.558
16.4333
14.4261
13.4754
14.6526
14.5206
14.5741
15.3105
14.8176
15.0917
15.5557
15.184
15.7928
16.2866
15.2257
15.6163
16.0614
14.7053
14.6262
15.44
15.1536
14.4973
15.5386
16.54
15.7212
15.2496
15.5038
15.3219
14.8046
15.0897
15.3315
14.9255
15.2682
15.3324
15.0588
15.2151
14.0683
13.5229
13.8112
14.5658
15.8536
15.9825
15.8253
14.5884
14.3826
15.4968
15.249
15.4462
15.9996
15.3801
15.0223
15.3726
15.6999
15.43
15.2881
15.6566
14.6393
14.7652
15.4765
14.5836
14.8999
15.7468
15.4837
15.4197
15.6146
14.8455
14.9899
15.5583
14.8989
14.7245
15.0514
15.258
15.2299
15.5254
14.9937
14.3934
15.044
15.4875
15.1874
14.9361
15.202
14.7048
14.8212
15.3766
14.5844
14.5613
15.2423
15.0999
15.1048
15.077
14.6823
14.838
15.5859
15.0632
14.6662
15.084
14.1683
14.1264
15.3461
15.2981
14.9918
15.4648
15.2795
14.8834
15.1436
14.5597
14.3611
14.4659
14.3707
14.9496
15.0274
14.8899
14.9891
15.0428
14.8011
14.8157
15.246
14.9094
13.7739
14.078
14.642
14.3163
14.7418
14.6505
14.5334
14.6628
15.0947
14.7263
14.5201
15.4537
14.742
14.3544
14.8192
14.1334
13.8901
14.7659
13.9239
13.8621
14.4522
13.528
13.6406
13.4296
13.6247
14.0195
13.9278
14.0399
14.192
13.9825
13.6892
14.4352
14.4889
14.2838
14.9679
13.8357
12.2545
12.3921
12.1545
12.3365
13.7733
13.2057
12.5004
11.8308
11.6594
12.5545
11.4485
11.4369
12.115
12.1289
10.6971
10.4974
11.6596
10.5817
11.0835
11.4746
12.1706
13.189
12.1189
12.7129
12.5657
11.9285
13.0363
12.622
11.8658
11.8607
11.8986
12.8005
12.8583
13.0588
12.2207
11.6173
11.5005
10.711
11.3954
11.0735
11.0576
9.34361
8.49935
11.3972
13.5905
12.6525
11.7645
11.7553
11.4805
11.4137
11.5736
11.2008
11.5824
11.5036
11.8154
12.0758
11.596
12.4251
13.221
13.7284
13.8166
13.1893
13.1866
13.8402
13.4612
12.793
12.4581
12.5283
13.129
11.6496
11.9767
14.0996
13.5982
13.7054
13.5755
13.1279
13.4906
13.3713
13.5715
13.5086
12.8273
13.0628
12.4498
11.4753
11.8766
12.334
13.3828
14.0688
13.4483
13.7382
12.9498
12.7025
13.3179
12.9603
12.992
13.6278
13.8506
13.2352
12.9782
13.4864
13.6962
13.4236
13.3743
13.3967
12.9211
12.6216
12.9805
13.1278
12.9344
11.7753
11.2463
11.627
11.3034
12.2719
12.4641
12.2236
12.9701
12.4322
12.5641
12.3091
12.4694
12.4241
12.27
12.7606
12.8995
12.7825
12.9805
11.9702
11.9029
13.7022
12.5099
12.0724
12.7747
13.1672
13.601
13.2199
12.9743
13.2321
12.7308
12.4018
12.8016
12.8447
12.8259
12.1125
11.941
12.5337
12.4903
12.9726
13.3936
12.9589
13.2557
13.2285
12.7178
13.1316
12.9798
12.5141
12.8418
12.8422
12.8385
12.7877
13.0594
13.1945
12.0785
12.3147
12.8001
12.5229
13.1455
13.0473
12.4758
12.5603
12.9847
13.2525
12.6964
12.6577
13.0585
12.6203
12.9272
13.0648
11.9791
11.26
10.4013
10.4937
11.3361
12.2256
13.2096
12.7087
12.5692
12.9013
12.7472
12.8018
13.0169
12.9259
12.7615
12.2908
12.2283
12.0159
11.7906
13.0306
12.9991
12.3975
12.8565
12.7231
12.697
12.7992
12.7267
12.5735
12.2714
12.427
12.2536
11.8818
12.5193
12.2202
12.0205
12.9761
12.4288
12.2463
12.4393
12.459
12.8558
12.0197
12.3048
12.8555
12.1181
12.4075
12.6406
12.3511
12.6761
12.0809
12.5365
13.637
12.3522
12.2329
12.6313
12.3563
12.6169
12.213
12.3546
12.6354
11.3152
10.647
10.8998
11.985
12.2161
11.9357
12.3785
11.7808
11.7026
12.2379
12.7279
13.5551
12.7982
12.5916
12.8403
12.4004
12.8319
12.5535
12.1849
12.4898
12.3294
12.7719
12.5895
12.4647
12.8885
12.4849
12.6674
12.4658
12.1997
12.2792
11.7843
11.8658
12.0138
12.1836
12.3947
12.0512
12.4292
12.8752
12.5474
12.58
12.2896
12.1506
12.0227
11.7503
12.2578
12.5579
12.4486
12.0412
11.9639
12.5668
12.4523
12.2279
12.7401
12.528
11.9676
11.4508
11.9281
12.6772
12.2537
12.418
12.3802
12.0531
12.1726
12.418
12.4187
12.0892
12.2243
12.2988
12.4189
12.8601
12.075
12.0731
12.6652
11.9392
11.9929
12.0465
11.8192
12.5141
12.4455
11.8454
11.7649
12.4
12.5318
12.3391
12.4824
12.2425
12.0688
12.2926
12.2927
11.8561
11.2983
11.7489
12.5419
12.0111
12.1002
12.2815
12.4984
12.8177
12.2699
12.1749
12.1223
12.0621
12.1319
11.2928
11.4705
12.6275
12.3384
12.2392
11.5988
11.4985
11.9569
12.0471
12.4481
12.006
12.0122
11.6222
11.729
12.5225
11.6317
11.2486
11.7998
12.0221
11.0816
10.2393
10.4477
10.4539
11.0478
11.7011
11.8988
11.8898
11.9813
12.1802
11.5588
11.4243
11.6089
11.5605
11.9788
11.8832
11.519
11.2511
11.4113
11.7834
11.6704
11.8703
11.568
11.8045
12.1428
11.6233
11.4099
11.0472
11.3487
11.9352
11.7615
12.0646
11.0515
10.8287
11.393
11.1339
11.6017
11.5643
11.1096
11.1053
11.3913
11.2781
11.468
12.1483
11.8131
11.7397
11.727
11.6663
11.8862
11.5202
11.1168
10.9315
11.4437
11.9604
11.6777
11.5735
11.1017
10.9721
11.4795
11.608
11.5633
11.1904
11.4729
11.1039
10.2668
10.1308
10.5401
11.0135
11.2788
11.6162
11.5415
11.7147
11.1703
11.2514
11.8131
11.4993
11.4672
11.0122
11.1856
11.4755
11.5542
11.8138
11.1539
11.1379
10.8921
11.1039
11.4782
11.3629
11.9055
11.4515
11.0935
11.0656
