2.88729
17.7715
17.7486
17.179
17.8193
15.3658
15.1367
17.6378
17.8159
18.9197
18.2458
17.6597
18.4154
18.9541
18.0889
17.9247
18.6386
19.2147
18.4657
17.5309
18.1587
18.4841
16.7396
16.1684
16.607
15.7724
16.5504
18.124
18.3569
17.3993
16.8012
17.8107
18.4322
18.2548
18.3347
18.7617
18.8434
17.8387
17.7079
18.9681
18.9174
18.5494
19.011
18.9065
18.0057
17.699
18.2495
18.4939
18.2061
18.1319
18.3271
18.7494
18.4087
18.2707
18.5611
17.8897
17.1801
17.5739
18.5142
18.1381
18.011
18.5307
18.316
17.515
17.6365
18.2498
17.7623
17.9657
18.4413
18.1401
17.9793
18.164
18.6088
18.4988
17.9698
17.701
18.0398
18.2971
18.2707
18.1214
18.1166
18.202
17.708
17.9966
18.6857
17.899
17.3006
17.9379
18.3224
17.8426
17.8474
17.9551
17.8721
17.9672
18.3412
18.7786
18.4204
18.2488
18.122
18.134
18.0226
17.6129
18.0034
18.5582
18.125
17.8048
18.2134
18.4894
17.1468
16.5603
17.9557
18.4323
17.7456
17.7192
18.253
17.7862
17.8017
18.2505
18.0185
17.6502
17.5571
18.1997
17.406
16.0055
15.9297
16.1207
15.64
15.6152
16.5381
16.3332
16.6518
18.1969
18.2217
16.9863
17.0648
18.2023
17.3433
17.3198
18.2404
18.1663
17.3595
17.2549
17.8997
17.1421
16.5089
17.2586
17.8908
17.294
17.4929
17.9072
17.89
17.0936
16.8084
17.597
17.3763
17.4252
17.7623
18.0912
17.831
17.4158
17.459
17.5403
16.9319
17.0211
17.7027
17.4234
17.5602
17.856
17.8128
17.4004
17.4265
17.9125
17.7016
17.3192
17.7046
17.5664
16.8611
17.2488
18.1557
17.5489
16.6269
17.3498
17.6638
16.863
16.8869
17.3135
17.2709
16.7108
16.9647
17.5035
17.0818
16.9022
17.3102
17.6035
17.1368
17.0429
17.182
16.2115
16.5105
17.575
17.3412
15.3704
14.5469
15.9084
16.2858
16.5297
17.2647
15.871
14.9159
15.2746
16.4336
17.5494
16.9112
16.9299
17.3525
17.4052
17.7805
18.0279
16.7782
16.2949
17.2439
17.1981
16.7704
16.9085
17.3084
16.8379
16.8122
17.3875
17.52
16.7911
16.5007
17.1945
16.5128
16.4011
17.1662
17.1963
16.6731
16.4579
16.6797
16.4535
16.5924
17.138
16.3511
16.2256
17.0284
16.6729
15.6916
15.9434
17.1075
16.403
16.1241
16.797
16.834
16.1507
15.9981
16.6614
16.028
15.8811
16.6937
16.3177
16.1856
16.5123
16.2526
15.8352
15.8107
16.3355
16.2167
16.2595
16.4935
15.87
16.0694
16.275
15.9758
16.0235
16.6007
16.6287
15.7028
15.1532
14.2015
13.9112
14.409
14.2415
13.7729
14.1827
15.3629
15.706
16.1812
16.7552
16.4196
15.9909
16.1801
16.5191
15.8277
16.0164
15.9393
15.2353
15.8308
16.5604
15.9448
15.5773
16.1173
16.7608
16.1184
15.7182
16.2479
15.4121
15.2595
16.1946
15.9056
15.3789
15.59
15.8218
15.6495
15.7092
16.0865
15.599
15.3408
15.4338
14.9277
14.4089
15.0739
15.4778
15.365
14.5135
14.1747
14.9693
15.1887
15.0315
15.0483
15.5695
15.3748
15.4196
15.7617
15.7139
15.6716
15.821
15.9996
15.3125
15.1701
15.6472
14.8128
14.577
15.5188
15.0693
15.0033
15.7244
14.7181
14.6345
15.5955
15.4071
15.1751
15.2219
14.9923
15.0959
15.2365
14.4081
14.5425
15.0924
14.6294
14.7154
15.2804
15.0554
14.1763
13.3297
12.7171
13.9662
15.5411
14.9052
13.9915
13.4595
13.2804
14.1477
15.3361
14.8774
14.5059
14.8934
14.9789
14.7875
15.1836
15.2005
14.7436
14.8867
15.0772
15.0523
15.2312
14.6204
14.1979
14.5806
14.6737
14.5268
14.788
15.0688
14.6549
14.5436
14.6979
14.3078
14.3952
14.7024
14.1492
14.0308
14.4551
13.9389
13.9361
14.3768
14.3575
14.6929
14.7053
14.1339
14.0316
14.6352
14.7457
14.6396
14.3992
13.8659
13.8117
14.0621
13.8062
13.8358
13.813
14.0981
14.6773
14.1587
14.1067
14.4759
13.8911
13.9825
14.6417
14.0284
13.5582
13.2748
12.4769
12.4501
12.5583
13.3024
14.7652
14.334
14.0921
14.4811
14.0641
14.2769
14.451
13.4526
13.7864
14.6669
14.073
13.9832
14.3393
14.068
14.2289
14.6469
14.142
14.1663
14.7425
14.3615
14.255
14.4508
13.9158
14.0033
14.4567
13.8492
13.9423
14.5126
14.1588
14.0775
14.3578
13.375
13.1743
14.25
13.9513
13.4247
13.7981
13.9442
13.9205
14.1702
13.6215
13.7573
14.0025
13.6886
13.8657
13.5977
13.7186
14.2998
13.3363
12.9037
14.096
13.7325
13.4354
13.9855
13.8063
13.9533
14.2006
13.7724
13.7624
14.0809
13.8867
13.8155
13.9508
13.5253
13.7075
13.5703
13.2148
13.9176
13.4241
13.3928
14.013
12.8927
12.07
12.518
12.606
12.9396
13.0473
13.2238
13.835
13.5503
13.9128
14.5993
14.4212
14.4533
14.9642
14.3559
14.3129
14.8087
13.8036
13.9456
14.7077
14.0823
14.1624
14.7025
14.2283
14.285
14.6005
14.1029
14.0593
14.4123
14.2193
13.949
14.1967
14.4941
14.6541
14.1631
14.3493
14.9907
14.7744
14.0928
14.1989
15.0384
14.0237
13.8727
14.7666
13.9133
14.0313
14.8816
14.0676
13.5515
14.0141
13.8838
13.9874
14.2585
14.2953
14.9166
14.7021
13.9663
14.1908
14.1955
14.2168
14.5622
14.2852
14.1426
14.1785
13.7682
13.5936
13.3755
12.3178
11.7869
12.0249
12.8057
13.9455
14.4916
14.2754
14.2119
13.9461
13.3177
13.8283
14.0834
13.8737
14.4263
14.2272
14.1814
14.5111
14.1168
13.9009
14.0281
13.942
14.0574
14.3741
13.7515
13.5717
14.2081
14.1835
14.1519
14.1323
13.4137
13.3152
14.0732
13.9905
13.8697
13.7847
13.4993
13.4364
13.4528
13.7388
14.2452
14.0945
13.7837
14.0793
13.8045
13.7988
14.2165
13.9399
14.1248
14.3981
13.4476
13.1771
13.548
13.9276
14.2539
14.1147
13.7921
13.8643
13.9851
13.8687
14.1655
13.87
13.834
14.2188
13.5376
13.2328
14.0254
14.1047
13.7842
13.9333
12.981
13.0667
14.173
13.6582
13.6232
13.8863
13.759
12.9432
11.5892
11.9962
12.4544
12.7865
13.9941
13.734
13.5232
13.8819
13.6754
13.4683
13.7033
13.329
13.3021
13.7382
13.3362
13.2247
13.5291
13.3208
13.6207
13.9484
13.5887
13.6352
13.4382
13.3809
13.6727
13.5752
13.6535
13.6842
13.2463
13.7006
14.0161
13.3612
13.7558
13.7522
13.3752
13.4967
12.8726
12.9362
13.6755
13.2206
13.0786
13.2184
12.8408
13.0315
13.0726
13.1893
13.7403
13.2368
12.8424
13.4017
13.4537
13.2077
13.3512
13.438
13.4199
13.3679
13.3599
13.3965
13.1716
13.2203
13.2637
12.3966
11.5527
11.5894
11.7686
11.2055
12.0059
13.3621
12.9382
12.4815
12.7565
12.9654
13.2036
13.7034
13.4864
13.5665
13.3812
13.2483
13.4113
13.0911
12.6676
13.0959
13.2359
13.0978
13.4479
12.2685
12.3601
13.2615
12.9933
13.2703
13.0923
13.2471
13.5213
12.4695
12.7276
13.7239
12.8679
12.998
13.4579
12.9874
13.1803
12.7644
12.7489
13.3568
13.0343
12.8525
12.8493
13.0764
13.2655
12.6922
12.9282
13.3637
12.9911
12.8132
12.6536
12.647
13.0622
12.8614
12.9038
12.4876
12.2199
13.0412
13.0051
12.9299
13.2363
12.8325
12.82
13.3005
12.851
13.106
13.083
12.5022
11.9891
11.0655
10.7901
10.6097
11.3408
12.6565
12.4919
12.8844
12.9635
12.7773
13.2283
12.8655
12.5073
12.7693
12.8987
13.0864
12.9477
12.7452
13.2711
13.0722
12.8024
12.89
12.6734
13.0827
13.1171
12.2795
12.3151
12.6097
12.7154
12.9584
12.4027
12.4236
12.6628
12.5461
12.9943
12.5074
12.4462
12.754
12.2134
12.813
12.6115
12.2475
12.9041
12.6112
12.632
12.6224
12.6392
12.8516
12.6561
12.6316
12.456
12.2884
12.7085
12.6401
12.4985
12.7436
12.3296
12.5596
12.2602
11.5636
11.2635
11.1459
10.6477
11.1592
12.8052
12.7544
12.7367
12.7562
12.4749
12.4615
12.3888
12.2076
12.6628
12.5987
12.1552
12.5053
12.4357
12.3671
12.4412
12.4113
12.7115
12.3451
12.3445
12.8628
12.394
12.359
12.5762
12.2084
12.3569
11.9437
12.1768
12.0874
11.9905
12.828
12.5442
12.5595
12.2187
12.111
12.687
12.1884
11.928
12.6526
12.6293
12.2688
11.8701
12.0838
12.337
11.735
11.6581
12.0306
12.4764
12.4482
12.1861
12.4136
11.9651
11.6201
11.3244
10.9526
11.2425
11.5572
11.9777
11.9675
12.1924
12.0639
11.6486
12.3019
12.2948
12.2728
12.7838
12.0801
11.9991
12.3561
12.2545
12.4423
12.1638
12.0255
11.8458
12.0021
12.7103
11.9956
11.8699
12.0771
11.8584
12.3501
11.726
11.7336
12.2022
11.7095
11.9631
11.9768
11.9545
12.1498
11.815
12.0068
12.2033
12.2867
12.4969
12.2311
12.1914
11.7294
11.6752
12.1768
12.1595
12.358
12.0646
12.1757
12.4758
11.9014
11.8598
11.1228
10.6343
10.6026
10.3432
11.0408
11.8489
12.1092
11.9264
11.9647
11.6333
11.3585
12.1126
11.6198
11.3231
11.8398
12.0065
12.2115
12.0734
12.1493
12.058
11.9337
12.1604
11.686
11.6763
12.026
11.8351
11.903
11.9431
12.241
11.9799
11.6635
11.8549
11.9798
12.3061
11.8234
11.5778
11.7523
11.1784
11.2327
11.6535
11.7305
11.5095
11.4792
11.8975
11.695
11.8302
11.7166
11.8481
12.1051
11.5798
11.7748
11.4487
11.3473
10.9454
10.3812
10.3855
10.4445
11.2016
11.8519
12.0613
11.5385
11.6163
11.5474
11.6704
12.0083
11.4393
11.6205
11.1817
11.1186
11.5568
11.5676
12.0443
11.7078
11.241
11.4295
11.4311
11.4526
11.5769
11.8249
11.1458
10.9235
11.3619
11.4265
11.3945
11.0376
11.3258
11.3169
11.4674
11.7886
11.7235
11.8478
11.7929
11.7415
11.363
11.5936
11.7581
11.3702
11.6985
11.4782
11.2906
11.0549
11.1269
11.6381
11.6691
11.8137
11.5272
11.5205
11.2277
11.315
11.7648
11.5489
11.6176
11.3556
11.1878
10.6363
9.90177
10.2178
10.1492
10.0437
10.6958
11.4212
10.7894
10.8065
11.6412
11.2031
11.465
11.6252
11.6803
11.0339
10.9448
11.6339
11.2205
11.4062
11.5182
11.4949
11.4896
11.1841
11.5389
11.4886
11.3033
11.2402
11.2284
11.1524
11.2448
11.9501
10.8234
10.4316
11.1259
11.3494
11.2076
11.0198
11.118
11.5847
12.6454
11.9954
12.2085
12.9433
12.5954
13.2162
13.0114
12.0852
11.8497
11.8887
11.7398
11.9869
12.678
11.8243
10.5257
11.2904
12.417
12.4405
11.7716
10.8595
10.4593
10.9619
12.2528
11.6943
11.4677
11.9783
11.6379
12.416
12.7481
12.489
12.2296
12.0443
12.085
11.0923
11.2241
12.214
12.6826
12.587
12.2485
12.6125
12.6873
12.3382
12.584
11.8426
11.1808
11.1887
11.1696
11.1582
11.0836
11.9142
11.7754
11.3943
12.3893
12.7166
12.4809
11.9146
11.311
11.1967
11.2177
11.2853
11.216
11.2143
11.0878
11.229
11.4366
11.0762
11.2519
11.6744
12.1566
12.0597
11.6805
11.4328
11.3623
11.78
11.8713
11.4039
10.2881
9.77054
10.4057
10.9198
10.107
10.2601
11.5117
11.3067
11.6694
12.4476
12.5899
13.2203
12.0643
11.3874
12.1435
11.6421
11.754
11.6463
11.246
12.0268
12.4236
12.7546
12.5073
11.755
11.8657
12.5507
12.082
11.3386
11.2829
10.7463
11.3567
12.5462
11.3074
10.8584
11.7216
12.4446
12.7576
11.7147
11.7062
12.098
12.1183
12.6338
12.2664
12.013
11.989
12.4628
12.1908
11.3211
11.8854
12.1394
11.8685
12.0133
12.0008
11.1452
10.018
9.58892
9.84683
10.5957
11.1983
11.4075
11.5392
12.1762
12.1994
10.8787
10.4027
10.3634
10.5804
10.5419
10.4243
11.4502
11.9765
11.6606
10.94
10.7029
11.1167
12.0107
12.3097
12.1304
12.2871
11.3644
11.1444
11.2987
11.6543
12.6148
12.1117
11.2686
10.7891
11.1316
11.55
11.714
11.2319
10.9425
11.425
11.0883
10.7495
10.923
11.0843
11.1298
11.8191
12.3122
11.768
11.3264
11.6334
11.1086
10.5617
10.9153
10.9411
10.3086
10.3948
10.8196
10.9311
11.463
11.5353
11.483
11.0279
10.9163
10.9763
11.677
10.9522
10.0681
10.7161
10.6951
10.6901
10.786
11.4561
11.4864
11.374
12.082
11.0544
9.39492
9.56233
10.6658
10.6164
11.1485
12.0515
12.1113
11.9407
11.5715
11.7622
11.822
11.6073
11.8341
11.558
10.4919
10.5654
11.8269
11.6305
10.7943
10.6425
10.9696
11.0068
11.3672
11.8912
11.4671
11.6031
11.041
10.3983
10.0817
10.1532
10.35
9.94966
9.83589
10.0059
10.2052
10.171
10.0358
10.2416
10.5249
11.271
12.0301
10.6856
10.1266
10.3998
10.2983
10.8773
11.2617
11.2284
9.94382
9.00143
9.73018
11.2519
11.9105
11.0711
11.0889
11.3824
10.9729
10.6144
11.0704
11.6747
11.624
10.7451
11.0271
11.3957
10.5404
10.8002
11.2585
11.6316
11.6621
11.6467
11.2158
10.4838
10.6559
11.3022
11.5681
11.3758
10.804
10.8364
11.2077
10.8185
11.1309
11.9121
11.6863
11.0254
10.4084
10.0534
11.0985
11.8837
10.7403
10.2298
10.79
10.6289
10.4568
11.0325
10.9238
10.7744
10.4627
10.8956
11.3026
11.2904
11.7036
11.6421
10.7455
10.6615
11.8825
11.1837
10.6762
10.8002
11.118
10.7937
9.99615
10.2312
9.89903
9.92802
10.4186
10.7416
10.7323
10.9109
10.3256
10.3866
10.6097
10.2989
10.208
10.2388
11.0696
10.6734
10.1053
10.1218
10.1975
10.153
10.753
11.5037
11.6045
11.8115
10.4769
9.83763
9.82516
10.3101
10.6767
10.2589
10.0097
9.82811
10.8501
11.2461
10.7286
10.774
11.0977
10.9818
11.0274
10.4076
10.1891
10.8797
10.7297
10.7803
11.3375
11.0933
10.8341
11.3431
10.4244
9.84994
10.558
11.3422
11.1146
10.3622
10.4382
10.6527
11.3572
11.4594
11.1001
10.539
10.4002
11.0971
11.4066
11.4922
11.4187
10.6643
10.1912
10.8716
10.3513
10.0673
10.993
11.2419
11.5176
11.3684
10.4108
10.2115
10.7594
11.0494
10.954
11.207
