8.70792
296.296
420.964
784.929
842.815
811.359
785.546
697.593
603.682
668.896
842.815
952.835
1054.85
1092.3
940.292
810.373
848.896
823.723
319.438
318.674
746.547
530.223
540.249
810.045
763.067
479.501
489.956
758.15
605.144
595.77
783.392
790.514
741.565
698.812
468.604
475.285
749.064
825.764
784.929
794.913
889.284
924.642
795.545
701.754
469.043
468.384
652.529
675.447
763.359
733.945
749.064
814.664
786.164
798.403
625.587
563.063
666.223
724.113
713.776
682.128
712.251
709.975
709.975
582.581
531.632
557.724
630.318
784.929
610.314
598.982
768.64
728.332
765.404
668.226
602.228
749.344
847.099
582.751
441.891
374.462
251.477
300.752
629.129
614.062
638.978
770.119
688.942
397.614
402.172
695.169
506.329
507.872
606.244
586.682
708.215
570.288
499.5
551.572
495.295
532.623
675.676
619.579
630.716
410.931
424.448
752.729
762.486
755.287
738.28
745.156
559.597
536.481
550.964
548.546
493.097
437.733
411.269
251.857
302.663
375.305
358.359
581.226
617.284
383.068
373.343
618.812
696.379
739.372
619.963
626.566
747.664
776.699
512.952
462.428
386.997
352.237
527.565
652.742
187.126
178.555
550.358
670.241
705.219
654.879
679.117
742.666
701.016
696.379
709.723
710.985
749.064
427.168
341.413
475.398
463.607
345.542
442.184
642.467
641.849
331.62
328.569
674.082
657.462
511.902
528.681
754.148
572.902
379.579
465.549
805.802
807.754
676.819
674.082
715.308
487.805
511.117
700.771
723.851
707.714
636.537
677.966
676.59
657.678
509.814
522.193
694.927
715.308
672.043
660.502
749.344
544.662
304.925
316.256
551.724
724.9
813.339
794.281
716.332
649.773
387.222
394.244
737.191
606.612
491.521
506.971
520.833
607.349
476.644
451.671
524.659
544.662
670.241
717.103
786.782
854.336
953.289
612.745
546.747
654.664
652.955
693.241
722.805
783.699
667.78
681.663
862.069
851.064
784.314
825.083
977.517
1091.11
1055.97
1035.73
1085.78
1109.26
1118.57
1130.58
1130.58
1110.49
1101.93
1002.51
661.376
659.631
962.464
1046.03
1091.11
1097.09
1091.7
1036.81
1030.4
1075.85
242.542
227.221
690.369
519.346
530.363
710.985
664.011
286.738
274.763
657.462
747.943
695.652
754.717
68.7663
67.2744
432.246
472.702
692.761
797.13
973.71
1025.12
1005.53
1026.17
1010.61
999.5
1032.52
1070.09
968.992
657.895
657.895
941.62
1035.2
1063.83
1047.67
1051.52
1058.76
1058.2
1088.14
1082.25
1026.69
1016.78
969.932
790.826
842.46
1029.34
1066.67
1105.58
1050.42
1066.67
1090.51
1062.13
1085.19
1091.7
1024.07
1015.23
1004.02
442.674
438.885
963.855
991.08
1017.81
1068.38
1080.5
1093.49
1061.01
1025.64
1054.3
1075.27
664.452
606.428
845.309
882.613
930.665
1014.2
1043.84
1048.77
1046.57
1030.93
1042.21
1066.1
1077.59
595.415
567.537
991.572
1044.39
842.815
808.734
965.717
1037.34
1065.53
1079.91
1079.33
1083.42
1029.87
853.607
737.191
795.229
975.61
1093.49
1102.54
1104.97
1126.13
1092.9
1063.26
1081.67
1037.88
1022.49
1074.69
686.577
620.347
879.121
1010.61
1012.15
1003.51
1039.5
1053.74
1098.3
918.695
833.333
980.873
1085.19
743.494
631.313
814.001
987.654
1060.45
1092.3
1106.81
1074.11
1058.2
1069.52
1018.33
1003.01
1033.59
981.354
658.545
654.45
969.932
734.214
615.764
687.049
782.779
867.679
900.495
1009.08
1082.84
899.281
689.417
691.085
860.585
1026.69
1091.11
1108.03
1114.21
1124.23
1114.21
1081.08
1086.96
1121.08
1131.86
740.466
666.001
930.233
1028.28
1003.51
1026.17
1067.81
1068.95
1046.03
1025.64
1053.74
1086.96
1109.88
1114.83
536.913
505.945
913.659
826.446
796.813
963.391
1007.05
994.036
1022.49
1034.13
1084.01
1098.9
626.763
530.926
712.251
814.664
931.532
947.418
929.368
964.785
968.992
965.717
978.474
959.693
608.458
533.618
635.93
653.168
635.324
658.762
687.758
694.203
824.742
709.723
616.713
692.521
754.432
788.955
746.547
711.491
777.001
856.164
886.918
866.176
753.296
762.195
938.086
1029.87
975.134
965.717
1048.22
995.025
933.271
969.462
1025.12
1036.27
1073.54
623.441
552.944
817.327
897.666
925.497
980.392
1019.37
976.563
1006.04
1050.97
1015.23
1036.81
1021.97
835.422
770.713
871.46
1002
404.122
391.696
898.876
964.32
1001
994.036
978.474
902.935
930.665
1034.66
1067.24
892.459
812.348
904.977
1018.33
1077.59
1093.49
1105.58
1112.35
1091.11
1091.11
910.332
746.269
814.001
942.507
963.391
1004.52
995.52
976.563
968.992
969.932
1035.2
1073.54
1033.06
1008.06
724.9
709.22
927.644
914.495
908.265
886.918
947.867
1011.63
809.717
744.879
911.577
1054.3
877.193
746.826
851.426
987.167
1005.03
1023.54
966.651
947.867
1010.61
1026.69
1046.03
960.615
922.084
961.076
792.393
781.555
960.154
998.004
999.5
1005.03
1005.53
1010.61
1032.52
1051.52
1069.52
1074.11
1069.52
468.384
421.941
807.428
998.004
1088.14
1112.97
1010.1
928.505
981.354
1079.33
1100.72
1023.54
997.506
839.631
828.157
1018.85
989.12
975.61
982.801
946.97
968.054
846.382
816.66
859.476
913.659
917.431
751.315
825.082
1040.04
908.265
759.013
835.073
1032.52
1101.93
1097.09
1055.97
1046.57
1017.29
1037.34
713.521
626.959
666.667
634.115
782.779
957.854
1028.81
1064.96
1044.93
1054.3
1108.65
1119.19
687.521
528.402
557.88
594.884
672.269
733.676
723.851
627.549
708.466
644.538
555.864
765.697
1005.53
1053.19
1103.14
1091.7
1049.32
1055.97
1030.93
1019.37
961.076
939.85
925.926
693.241
730.193
1039.5
1082.84
1027.75
969.462
988.142
994.036
988.142
1020.93
1029.87
1046.57
1037.34
685.401
621.697
841.751
824.402
770.119
804.182
871.46
998.502
1078.17
931.532
855.798
858.369
747.384
738.825
889.284
940.292
917.011
916.17
925.497
888.494
918.274
1029.87
1046.57
1068.95
1094.69
824.742
771.903
992.063
1052.08
941.177
706.464
706.464
923.788
983.284
983.284
1041.12
1046.03
974.659
674.309
607.533
820.681
1026.17
1067.24
1092.9
1078.75
1010.61
1009.59
1049.87
1106.81
1121.7
1134.43
1098.9
867.303
864.304
1053.19
1078.17
1103.14
1122.33
1085.78
1014.71
1019.89
811.03
758.15
953.289
1020.41
814.332
668.003
782.779
970.403
1027.75
1084.6
1068.38
1049.32
1064.4
1052.63
1050.42
1020.41
927.644
930.233
705.716
688.942
983.284
1078.75
1116.69
1078.17
1044.93
1058.76
1070.66
1097.69
1059.88
1013.68
1046.03
946.97
547.945
559.284
942.507
1001.5
1023.02
1049.87
1063.26
1039.5
1014.71
1044.93
995.52
932.836
934.143
730.727
719.424
976.086
1077.59
1059.88
1035.2
1028.28
925.069
927.214
1020.41
999.001
971.345
994.53
802.89
776.096
981.836
904.159
738.825
760.167
890.869
973.71
969.932
942.951
953.743
971.345
766.871
638.978
763.65
927.214
917.852
907.853
910.332
918.274
877.963
836.82
940.734
973.71
925.069
632.311
488.043
608.458
763.359
825.764
911.993
796.178
684.697
729.395
856.531
595.77
601.142
951.928
968.523
962.001
903.751
704.722
622.665
626.37
664.673
610.874
625.978
850.34
984.737
1037.88
1035.73
1038.96
1023.02
987.167
1010.1
1053.19
1027.22
862.441
635.122
600.781
764.818
957.854
1051.52
1027.22
957.396
961.076
1003.01
1057.08
1059.32
993.049
1001.5
942.507
720.461
721.761
927.644
940.291
936.33
1027.22
1061.57
988.631
962.927
1018.33
935.891
877.193
762.195
707.714
862.441
679.579
620.347
817.996
884.173
941.176
1024.59
1064.96
1061.01
1003.01
718.133
678.887
892.857
1043.3
1093.49
1042.75
981.836
975.61
1030.4
1012.66
943.396
972.763
1047.12
1044.93
807.428
764.526
949.217
1006.54
1055.97
931.532
925.069
1095.89
1109.26
843.526
780.945
977.04
1080.5
807.754
654.664
776.699
981.836
1027.75
995.52
1032.52
1074.11
1073.54
1066.1
1088.14
971.345
930.665
995.025
740.467
716.332
939.408
996.512
1011.63
977.995
874.126
890.869
1014.71
1058.76
1076.43
1101.93
1114.21
563.698
510.204
868.432
1011.12
1030.93
1022.49
1020.93
1054.85
1103.75
1071.24
1066.1
1015.23
998.502
936.768
837.872
904.977
1026.69
971.817
906.618
944.733
987.654
951.022
953.289
1012.15
1038.42
1058.2
1079.91
785.238
759.301
1021.45
911.993
727.273
729.927
891.663
987.167
1028.81
1056.52
1045.48
1046.57
1071.81
693.481
615.195
829.876
938.086
997.506
986.68
1023.54
1007.05
1009.59
1047.67
1028.28
1053.19
1029.87
828.157
759.013
879.507
1013.68
1061.01
944.733
926.355
1014.71
987.654
756.144
747.664
967.586
876.808
588.928
550.964
724.9
876.808
565.771
548.546
742.942
613.685
630.915
540.103
544.662
753.58
876.04
998.502
886.918
857.265
936.33
960.615
1023.54
1040.04
612.37
557.103
797.448
867.303
912.409
987.654
1079.33
1111.11
1137.66
1148.11
1092.3
1071.24
1117.32
882.613
694.927
796.813
1046.57
1044.93
1055.97
1121.7
1112.97
1103.75
909.504
782.779
791.139
869.565
962.001
765.111
764.818
977.995
759.878
709.471
934.143
1060.45
1078.75
1082.25
1100.72
1132.5
997.009
916.59
667.111
615.195
824.402
908.678
923.361
978.953
995.025
983.284
1033.06
1003.01
987.167
996.512
939.85
765.404
805.153
1023.54
940.734
783.085
753.58
794.913
763.359
661.813
671.366
820.008
674.764
588.928
712.758
823.384
837.17
879.121
988.142
1075.85
1135.72
1168.22
920.387
849.257
824.742
717.103
819.001
1009.59
1061.57
1088.73
1115.45
1088.73
998.004
1014.71
1089.32
1098.9
1123.6
1124.86
627.549
538.068
809.717
1019.89
1070.09
1049.32
937.647
928.936
1042.75
1072.96
1093.49
1103.14
1103.75
1054.85
758.725
751.88
1025.12
1036.81
1014.2
895.255
866.927
886.132
905.387
949.668
780.945
771.605
725.953
728.863
964.32
774.293
699.545
901.307
1077.01
1119.82
1125.49
1043.84
1025.64
1086.96
1085.19
791.452
648.298
799.68
1007.05
1040.58
1052.63
1029.34
963.391
971.817
929.368
908.678
1009.08
1082.25
1100.72
804.182
770.416
989.609
1012.15
869.187
843.882
957.854
730.994
672.043
802.246
830.91
571.265
521.648
688.231
745.712
819.001
905.387
968.054
1019.37
919.963
869.565
968.992
1043.84
813.339
670.241
717.618
779.12
877.193
1035.2
1091.11
1063.26
1055.97
1103.75
1134.43
1123.6
1049.87
621.118
500
587.027
666.889
729.661
794.913
914.495
934.579
987.167
1089.32
1089.32
664.011
576.701
740.741
801.603
963.855
1071.24
969.462
892.857
921.234
990.099
961.538
948.767
824.742
682.361
780.336
677.966
613.121
783.699
803.213
799.68
812.678
786.782
717.103
600.06
606.428
718.907
794.597
862.441
830.22
862.441
853.607
737.735
757.289
761.905
644.122
666.445
874.126
848.176
775.194
849.979
711.238
688.231
776.096
834.376
762.777
629.129
722.282
800.641
785.855
810.701
846.74
930.233
943.841
880.282
858.738
797.766
664.673
690.131
819.672
859.476
861.698
413.394
392.927
633.312
436.205
463.392
796.813
962.464
915.751
863.558
892.857
874.891
877.963
911.162
882.223
619.195
604.778
836.12
862.813
870.701
894.855
780.945
735.024
816.993
862.069
861.698
826.788
711.491
722.543
848.536
704.722
668.226
814.996
843.526
852.515
841.751
814.332
876.424
731.261
661.813
797.13
882.613
887.311
919.54
945.626
960.615
914.495
896.459
934.143
964.785
942.063
750.751
723.066
864.304
935.016
858.369
853.971
763.942
703.482
806.127
867.303
907.853
812.018
687.521
756.43
886.525
914.495
922.935
900.901
946.074
961.538
966.651
955.11
943.396
946.97
705.219
687.994
902.935
931.966
947.418
951.928
937.646
932.836
966.65
1029.34
1046.03
910.332
542.152
510.204
768.344
901.307
907.029
887.311
904.159
932.401
966.184
984.252
963.391
935.891
562.114
524.109
812.018
896.057
881.057
915.332
902.527
888.099
938.526
920.81
926.355
899.685
733.407
739.098
727.802
708.717
697.837
681.896
704.97
751.315
913.659
966.184
620.347
530.223
744.325
920.81
972.763
977.04
952.381
922.084
957.396
978.953
937.647
956.023
998.502
900.495
845.309
914.913
991.08
1028.28
1035.73
1032.52
1027.75
883.783
838.926
964.32
1054.85
1071.81
1058.76
951.022
855.066
899.685
987.167
1027.75
1030.4
962.001
947.418
980.392
907.029
849.979
863.185
929.368
805.153
767.46
900.495
946.522
995.025
1012.66
980.392
970.874
979.912
994.036
970.403
962.464
955.11
512.558
479.157
831.947
946.074
949.668
977.995
942.507
942.063
973.236
926.355
926.355
877.963
713.776
744.048
905.387
880.669
891.266
951.928
932.401
898.069
917.431
929.8
928.936
954.654
831.255
730.46
810.701
942.507
727.273
671.141
861.326
913.659
907.03
935.891
904.568
908.678
802.246
654.664
713.012
864.304
888.494
931.532
916.17
869.943
914.077
939.408
917.852
913.659
739.919
646.412
795.862
916.59
898.473
890.869
766.871
723.066
829.875
900.09
904.568
