10.9168
249.626
268.817
281.571
269.833
284.536
267.237
253.261
286.205
313.775
310.318
290.065
295.159
318.016
296.472
268.384
289.226
292.398
291.673
292.654
291.928
307.078
304.599
298.73
296.296
245.942
174.81
198.236
213.698
160.798
165.508
223.164
218.579
175.07
131.234
135.75
167.602
190.658
263.123
251.225
232.072
246.883
281.73
275.33
266.418
248.324
236.967
229.911
244.2
201.126
179.582
204.478
232.585
212.925
166.583
198.295
129.032
117.378
217.415
265.217
200.844
189.591
248.077
256.443
218.938
221.214
245.489
236.016
171.674
176.072
250.91
268.097
313.873
360.425
278.823
258.9
320.976
349.406
344.234
320.873
314.762
265.006
217.746
187.811
224.618
254.356
240.993
297.53
313.824
281.413
269.978
308.452
333.444
329.272
294.724
300.165
333.778
338.238
299.043
264.515
279.994
316.356
226.296
130.064
146.06
108.838
116.32
328.947
346.26
368.121
336.134
322.841
359.712
374.883
367.04
285.51
70.5642
73.0567
317.209
345.006
371.747
380.807
322.633
307.267
349.712
366.636
369.754
323.468
306.279
341.939
325.203
281.968
301.523
359.389
367.377
182.116
177.92
274.01
232.288
201.147
209.578
281.611
289.771
289.729
325.468
330.087
309.167
321.13
337.211
341.764
321.234
287.894
322.789
366.838
355.492
271.186
259.707
329.924
336.134
302.343
285.959
319.132
369.481
379.219
374.532
336.304
331.345
362.122
372.787
371.54
296.472
283.487
347.887
371.333
345.304
337.268
368.324
337.098
315.806
309.598
264.34
274.048
335.57
333.056
329.327
365.497
366.502
364.564
337.781
318.37
346.981
372.232
322.997
276.281
295.247
330.524
328.893
320.77
308.024
304.507
342.407
358.487
295.421
283.527
343.525
365.297
358.744
282.686
270.819
328.947
346.081
338.352
320.154
304.183
317.41
363.174
287.398
278.94
329.218
299.401
179.131
170.01
264.306
278.28
305.064
353.92
346.681
341.064
316.256
313.332
345.363
377.216
352.113
306.984
331.895
367.242
350.693
312.354
320.821
367.918
332.005
313.283
313.136
326.105
301.705
285.225
301.932
313.185
347.343
357.27
343.584
321.388
333.834
354.988
354.547
363.24
317.914
302.709
354.61
370.576
358.166
339.789
336.814
352.299
365.631
372.439
296.165
277.008
342.994
361.794
319.438
316.506
356.824
368.324
372.717
316.656
289.226
305.344
331.016
376.79
322.373
315.11
351.865
357.015
343.171
281.492
270.856
304.044
298.285
276.74
303.536
355.872
377.003
332.281
301.069
312.842
353.544
367.918
292.398
289.813
364.299
401.445
378.43
310.704
280.387
297.044
315.607
302.024
306.185
313.136
333.111
365.163
292.355
297.619
362.122
366.569
359.583
332.945
342.759
371.471
355.745
304.414
301.614
351.062
381.971
388.35
394.945
334.896
300.03
334.896
375.728
389.181
308.833
296.033
365.43
373.972
345.901
319.183
332.723
364.764
378.644
368.868
343.584
328.461
336.87
357.526
347.826
341.588
360.036
369.754
350.385
282.686
287.398
346.021
293.686
240.414
273.785
351.927
329.056
220.337
209.358
296.692
303.536
247.341
268.962
364.166
363.504
303.03
294.247
309.262
299.222
314.268
289.603
252.175
284.616
317.41
286
257.136
263.992
297.885
259.605
264.971
340.02
242.189
225.836
259.875
274.386
341.006
309.741
285.919
316.056
329.11
281.611
276.663
308.166
298.641
265.182
283.809
346.2
323.887
298.73
308.452
278.746
257.965
273.523
288.143
286.779
267.702
280.112
287.604
290.402
289.394
218.079
231.348
307.834
281.373
233.182
238.436
302.343
291.758
226.912
251.162
333.111
343.82
303.214
275.71
316.807
358.295
350.877
309.358
286.615
306.984
338.123
316.706
305.67
325.256
342.877
358.295
299.133
286.697
302.297
291.971
278.94
283.93
271.334
250.878
282.406
276.052
293.988
362.647
274.236
229.621
280.781
311.333
289.143
274.123
286.697
304.878
257.533
248.849
308.833
330.306
308.928
330.579
361.468
365.764
386.175
361.533
338.581
361.794
377.358
320.461
256.345
263.435
301.25
308.928
246.67
219.346
267.917
312.159
279.955
274.348
289.729
300.391
298.329
310.849
367.107
362.056
337.211
294.507
280.151
318.319
350.631
316.807
309.885
347.162
350.447
359.195
336.814
221.729
215.889
296.692
314.317
335.233
334.448
334.336
316.706
286.574
316.706
319.183
281.373
276.51
303.951
336.417
346.981
312.061
315.657
361.794
363.703
350.385
289.184
277.469
333.111
375.375
358.551
330.743
331.4
347.403
361.925
264.166
248.047
306.937
288.392
265.463
257.998
292.44
360.62
336.247
309.358
341.764
320.564
202.84
211.595
315.358
300.661
287.894
310.849
335.345
339.616
378.286
339.963
306.796
306.279
302.984
295.727
305.483
344.649
356.189
375.657
393.159
329.652
321.13
368.053
336.417
305.67
307.645
323.311
355.114
376.506
330.797
321.492
368.189
394.089
398.645
310.994
276.091
319.132
338.238
337.496
299.356
310.318
373.622
382.848
364.964
302.618
275.976
303.26
337.325
303.536
311.09
357.974
346.741
338.524
291.29
300.842
337.724
319.795
307.314
324.097
367.782
362.056
363.306
357.143
331.236
319.234
320.77
344.531
288.143
271.702
302.069
312.842
304.136
301.159
348.189
378
323.834
273.448
279.877
313.676
353.294
343.584
340.541
365.43
379.507
381.098
346.801
333.834
366.502
347.524
321.13
310.078
320.41
368.053
389.029
394.166
306.843
272.442
321.13
368.46
385.208
309.406
309.502
387.222
375.657
377.858
343.171
330.797
337.838
341.355
387.747
334.392
232.666
240.125
321.958
314.663
316.706
340.368
367.377
374.392
315.209
321.75
376.081
332.502
281.611
301.069
350.201
364.764
371.955
322.789
285.266
282.486
287.109
253.614
273.935
371.54
375.235
310.318
282.805
318.016
346.681
364.299
300.707
254.227
288.143
338.926
269.505
257.998
325.839
345.363
373.343
330.251
310.994
352.175
315.906
245.942
267.845
352.609
372.856
384.615
338.639
312.94
344.768
372.232
379.147
313.873
303.49
350.324
336.87
330.961
319.898
312.842
330.306
354.359
339.501
328.893
310.897
306.091
355.24
342.524
334.728
357.974
353.357
327.172
297.309
320.461
341.997
323.05
330.142
321.958
339.616
387.822
375.799
363.108
321.234
318.674
367.985
372.093
307.172
269.288
270.416
284.576
273.56
291.928
364.431
365.297
364.697
293.126
259.235
312.11
339.963
312.012
308.785
324.992
348.371
380.662
365.898
315.507
308.928
313.431
305.204
306.091
321.079
361.272
365.297
359.518
335.233
333.834
376.435
364.631
300.3
289.939
337.154
348.371
347.887
345.961
332.668
308.261
303.951
336.814
327.332
305.483
335.57
370.714
345.901
309.55
320.307
356.952
381.025
386.175
335.965
325.892
350.508
275.71
249.19
313.431
376.081
389.864
390.549
344.293
319.642
358.68
393.623
392.157
329.979
316.206
363.57
376.223
379.147
314.911
291.715
340.832
371.195
382.629
343.525
250.407
249.035
325.309
289.436
285.837
339.271
351.062
370.851
326.424
296.121
292.013
305.998
312.598
312.793
335.796
329.056
321.802
286.738
291.163
358.038
396.825
304.229
274.99
335.965
334.169
337.61
349.406
348.918
365.097
335.514
304.414
302.115
298.998
320.359
373.413
370.028
339.328
335.683
351.927
369.754
259.605
217.297
262.571
304.229
302.069
309.981
354.673
381.025
392.85
318.016
294.118
350.385
377.358
378.931
287.894
274.461
340.252
357.334
348.068
342.407
372.995
368.596
304.229
273.299
279.994
266.489
274.574
273.261
282.008
320.256
338.696
358.423
336.134
347.162
331.345
311.478
310.849
307.74
344.412
360.425
370.851
334.616
305.857
343.702
356.316
330.743
281.928
303.122
377.858
370.439
383.068
346.2
330.743
365.03
353.232
314.317
295.116
300.797
329.598
362.713
300.842
288.434
339.501
356.506
367.918
316.256
311.867
319.744
313.725
325.203
314.465
343.584
383.436
390.016
337.211
295.421
320.41
377.287
393.701
272.368
258.9
292.44
279.252
313.676
344.116
367.444
371.609
378.501
319.489
295.029
328.731
285.47
260.484
299.401
340.541
367.715
374.742
277.816
243.161
258.766
267.702
264.936
265.182
292.44
313.676
309.023
320.41
381.534
403.959
400.32
282.247
260.722
322.997
343.053
353.482
345.542
324.044
317.914
345.901
308.833
283.046
299.85
315.806
321.543
301.477
306.654
349.773
391.389
362.911
338.753
359.906
315.06
296.209
302.024
321.234
368.664
374.883
386.175
344.828
319.54
359.648
381.752
323.52
282.048
320.461
283.567
270.636
308.214
315.657
363.636
350.693
307.314
296.648
305.204
336.644
336.134
268.565
254.065
300.075
347.705
290.149
278.823
346.021
312.061
297.885
302.115
295.727
339.847
376.364
355.999
311.526
313.234
326.211
305.67
274.99
301.978
351.062
357.462
374.742
344.59
329.056
357.782
387.747
393.546
333.111
289.226
297.177
322.061
315.06
306.796
340.541
353.357
361.86
341.122
331.565
328.138
309.215
346.62
348.918
332.06
336.927
360.231
392.003
326.531
319.591
387.822
378.788
307.031
291.248
344.531
361.533
352.609
330.633
322.789
354.736
363.372
364.1
320.41
260.18
279.486
337.268
338.352
308.499
290.276
327.386
373.902
304.229
287.48
344.293
365.097
364.631
305.81
265.604
267.953
298.196
301.614
314.762
378.215
359.131
286
271.076
317.259
352.858
366.502
350.57
345.006
368.528
372.439
355.682
307.882
280.269
312.11
354.17
373.972
335.064
309.693
350.754
340.832
332.392
337.952
347.645
345.722
328.246
344.234
318.827
312.11
353.669
380.662
379.219
327.279
325.945
384.837
390.244
308.166
277.816
310.414
326.317
359.583
351.124
333.111
360.815
378.215
385.282
357.782
321.337
328.407
357.654
361.533
323.415
296.692
329.327
369.208
382.629
350.201
343.702
272.072
259.74
306.748
308.071
352.547
384.172
404.285
295.552
259.034
294.464
284.657
255.526
282.566
356.316
371.885
377.216
333.111
321.595
365.097
370.233
357.974
330.743
299.267
311.915
331.236
314.861
312.695
338.811
368.732
387.447
379.147
291.545
204.311
235.433
299.088
294.551
347.887
373.274
389.257
293.298
286.246
371.747
376.435
308.356
289.561
324.675
323.468
346.741
343.23
333.111
361.598
376.79
366.771
322.009
283.286
298.329
352.361
350.079
302.069
287.853
329.979
354.799
312.94
321.906
375.164
259.504
223.889
301.341
362.188
283.97
232.234
268.889
337.154
365.898
357.59
319.336
324.044
363.504
359.712
359.842
316.506
308.642
358.038
373.552
361.141
282.287
285.551
363.24
367.309
344.59
317.612
321.234
358.038
388.048
384.689
344.768
350.57
322.477
296.165
289.939
290.867
338.238
365.631
381.898
323.154
298.641
318.218
328.353
288.85
285.919
351.741
370.645
376.152
349.895
339.098
357.782
367.04
385.654
347.645
301.659
329.056
379.939
395.335
336.417
310.704
351.062
372.509
375.446
348.432
337.041
316.456
290.023
247.158
258.431
347.464
386.473
395.883
309.741
263.783
295.77
342.7
260.62
247.219
334.84
367.175
390.016
349.345
335.345
377.003
382.995
365.965
310.704
279.018
298.107
327.332
345.006
313.332
311.478
364.564
391.007
387.222
337.325
315.209
318.624
324.781
323.834
330.579
355.366
359.454
377.145
335.233
305.297
332.171
290.402
243.102
261.78
303.444
306.091
319.183
331.95
322.581
329.924
349.162
300.571
285.837
356.443
388.123
374.602
336.191
312.207
335.233
369.208
372.856
319.949
320.41
331.126
312.256
285.714
273.112
325.998
378.573
391.313
302.343
274.424
330.961
358.744
298.285
241.692
259.37
317.209
363.504
330.306
314.614
326.318
308.547
291.63
305.951
353.482
372.926
385.802
367.715
335.739
335.008
364.299
395.726
401.365
348.797
330.415
299.805
284.455
309.31
335.121
375.023
387.898
378.716
329.652
303.49
338.868
359.777
322.061
304.925
337.382
367.04
365.163
380.084
329.056
313.578
348.008
339.559
254.097
259.437
362.845
378.716
384.468
328.731
310.559
365.23
390.625
398.327
376.719
352.175
310.27
285.878
324.675
299.401
273.486
323.468
371.333
340.541
295.203
279.096
268.132
251.036
268.456
289.561
296.209
319.591
315.557
341.122
389.029
393.082
331.236
291.843
295.508
312.451
348.129
326.531
314.021
360.425
386.175
375.94
325.15
321.285
329.327
330.087
364.764
293.169
262.916
286.328
287.48
287.356
320.359
378.215
387.597
311.672
278.823
281.492
290.444
251.731
243.665
321.13
323.258
293.772
281.096
258.866
286.205
288.018
257.699
279.916
309.741
296.209
256.706
249.875
292.398
360.75
320.77
296.296
322.893
344.709
333.89
276.97
275.255
267.308
253.197
304.136
337.041
339.674
371.747
289.981
263.609
315.706
338.524
292.312
277.469
328.785
356.633
374.813
337.667
307.125
