1.30099e-311
inf
12.0624
320.616
493.583
1154.07
1067.81
1209.92
1821.49
1554
1431.64
2028.4
2355.71
1915.71
2100.84
2962.96
3766.48
2994.01
2217.29
2132.2
2247.19
2288.33
2475.25
867.679
771.903
2000
3300.33
2134.47
1117.32
1179.25
1676.45
1550.39
1924.93
2902.76
2587.32
2129.93
2496.88
3478.26
3007.52
2945.51
2881.84
2954.21
2717.39
2554.28
3278.69
3514.94
2068.25
1886.79
2314.81
2098.64
1388.89
1382.17
1310.62
1243.01
2267.57
3034.9
2283.1
1992.03
2751.03
3824.09
3944.77
3861
4264.39
4773.27
5012.53
5089.06
5221.93
5305.04
5361.93
5291.01
5115.09
5167.96
5208.33
5141.39
5154.64
4987.53
4338.39
4089.98
4535.15
3623.19
2994.01
3514.94
4123.71
4210.53
4484.3
3110.42
2886
4098.36
4385.97
4640.37
4739.34
4566.21
4089.98
3225.81
2587.32
2812.94
3875.97
1517.45
695.41
751.597
1666.67
3656.31
4784.69
5305.04
5479.45
5602.24
5780.35
5633.8
5649.72
5899.71
3442.34
3012.05
4494.38
5235.6
5509.64
5714.29
5649.72
5633.8
5780.35
5747.13
5714.29
5882.35
4901.96
4629.63
4424.78
3590.66
3442.34
3710.57
4395.6
5221.93
5633.8
5865.1
5934.72
5952.38
5934.72
5952.38
5934.72
5952.38
6006.01
5847.95
5555.56
5633.8
5899.7
5970.15
6079.03
6134.97
6134.97
6153.85
6097.56
6024.1
6097.56
6172.84
6191.95
6191.95
5714.29
3883.5
1203.37
530.363
639.182
1998
3773.59
4366.81
4494.38
5089.06
5434.78
5509.64
5617.98
5747.13
4576.66
3891.05
4608.3
4878.05
4494.38
4415.01
1452.43
1468.43
4329
4608.3
5494.51
5714.29
5181.35
4987.53
2466.09
2270.15
3236.25
2743.48
3430.53
3367
2724.8
3338.9
3838.77
3294.89
2200.22
1473.84
643.087
735.024
1415.43
1446.13
1867.41
1895.73
2877.7
3546.1
4901.96
3577.82
3225.81
4081.63
4385.97
4629.63
4424.78
4395.6
4514.67
4494.38
4597.7
4618.94
4395.6
4291.85
3802.28
3802.28
4338.39
4347.83
4395.6
4514.67
3584.23
3110.42
3257.33
2877.7
2656.04
2898.55
3448.28
4008.02
4192.87
2739.73
2129.93
775.194
820.681
2369.67
883.392
920.81
2642.01
2710.03
2886
4273.5
3773.58
3929.27
5089.06
5063.29
5747.13
6006.01
6024.1
5141.39
4484.31
4494.38
4545.45
4618.94
4716.98
3696.86
3278.69
4301.08
5277.04
4098.36
1899.34
1467.35
2181.03
3597.12
4192.87
4310.34
4830.92
5665.72
5586.59
5586.59
5970.15
5633.8
4784.69
902.527
642.055
1411.43
3490.4
3752.35
1769.91
1196.17
1754.39
2509.41
2945.51
4329
4357.3
4166.67
2911.21
2583.98
2958.58
3395.59
4016.06
3316.75
2894.36
3053.44
3091.19
3241.49
3752.35
3442.34
3115.26
3355.7
3490.4
3636.36
3992.02
3795.07
3669.73
4357.3
4319.65
3642.99
3007.52
2894.36
3091.19
772.499
805.477
4773.27
5405.41
6060.61
5464.48
5434.78
6153.85
6211.18
6230.53
6269.59
6349.21
6430.87
6451.61
5479.45
3533.57
2998.5
2949.85
3424.66
4987.53
4683.84
4040.4
3407.16
3745.32
5291.01
2587.32
2150.54
2836.88
2976.19
2998.5
2773.93
931.532
787.712
1960.78
3766.48
4228.33
3472.22
2677.38
1383.13
1030.93
1310.62
2055.5
2597.4
1522.07
1662.51
3759.4
5347.59
5763.69
5952.38
4255.32
1093.49
1053.74
1291.99
1091.7
1796.95
2265.01
2677.38
3623.19
4310.34
4464.29
3571.43
2923.98
2816.9
1652.89
1601.28
2656.04
521.512
525.762
3496.5
4089.98
4514.67
3514.94
2781.64
1337.79
1329.79
1644.74
1659.75
2976.19
1684.92
1579.78
1566.17
1666.67
3179.65
3367
3389.83
3868.47
5167.96
5633.8
5830.9
5141.39
3442.34
3401.36
3831.42
2453.99
2061.86
1986.1
1468.43
761.325
944.733
3809.52
4166.67
4662
5780.35
6079.03
5586.59
5449.59
5934.72
6060.61
469.704
457.666
4264.39
5361.93
5494.51
5555.56
5681.82
5830.9
5602.24
4830.92
4784.69
5221.93
5376.34
5602.24
5665.72
5681.82
5865.1
5780.35
3284.07
3120.12
4987.53
5291.01
5494.51
5698.01
5763.69
5899.71
6024.1
5813.95
5586.59
3891.05
3194.89
4032.26
4228.33
4149.38
4878.05
4683.84
4796.16
5571.03
5813.95
5714.29
5555.56
5665.72
5882.35
5865.1
5797.1
5830.9
5555.56
5494.51
5763.69
5847.95
6042.3
6097.56
5952.38
5917.16
5813.95
5665.72
5763.69
5882.35
5917.16
5952.38
5882.35
5813.95
5780.35
5763.69
5665.72
5665.72
5830.9
5813.95
5780.35
5899.7
6116.21
6289.31
6309.15
6250
6289.31
6309.15
6153.85
6060.61
6042.3
4866.18
2869.44
2980.63
4938.27
5277.04
4504.5
4310.34
4854.37
4576.66
4357.3
4705.88
4514.67
4629.63
5154.64
4926.11
4672.9
4889.98
4750.59
4484.31
4878.05
3913.89
3134.8
3577.82
4376.37
3853.56
3558.72
4357.3
5063.29
5235.6
5509.64
5571.03
5555.56
5602.24
5602.24
5347.59
4494.38
4576.66
5376.34
5714.29
6153.85
6250
6006.01
4784.69
4291.85
4474.27
4662
4842.61
4640.37
4629.63
4750.59
4705.88
4672.9
4830.92
5102.04
5347.59
5420.05
5361.93
5361.93
5128.21
4842.61
3174.6
3039.51
2747.25
2190.58
1988.07
2364.07
4301.08
5115.09
4597.7
4219.41
4504.5
4866.18
5141.39
5208.33
5305.04
5305.04
5263.16
4662
4444.44
4938.27
5434.78
5813.95
5899.7
5952.38
6116.21
5181.35
4618.94
5154.64
5730.66
3766.48
2680.97
2695.42
2695.42
2717.39
2793.3
2710.03
2684.56
3565.06
5494.51
5865.1
5479.45
5376.34
5899.7
6116.21
6191.95
6289.31
6369.43
5464.48
5141.39
5747.13
5524.86
5405.41
5847.95
6097.56
6230.53
6230.53
6211.18
6230.53
5747.13
5730.66
6309.15
5917.16
1473.84
441.306
544.811
3184.71
3016.59
3478.26
4773.27
5376.34
549.904
515.73
2911.21
3944.77
3048.78
2713.7
2628.12
2894.36
4073.32
4338.39
3289.47
3305.79
4032.26
3194.89
3558.72
5154.64
4950.5
3577.82
3120.12
4024.14
4938.27
3367
3184.71
1494.77
293.126
326.264
2560.82
3125
4132.23
4405.29
4597.7
4618.94
4264.39
3169.57
2824.86
2418.38
2710.03
3759.4
4098.36
4866.18
4938.27
5649.72
3929.27
3745.32
5479.45
4629.63
4566.21
5797.1
6079.03
6153.85
6211.18
6230.53
6250
5167.96
4716.98
5277.04
3558.72
3389.83
3663
3690.04
4347.83
3361.34
2915.45
3610.11
4504.5
4357.3
3154.57
2699.06
3460.21
4140.79
3105.59
2597.4
548.396
537.201
2450.98
3262.64
3273.32
2481.39
283.889
280.308
1499.25
1780.94
3460.21
4024.14
3436.43
2638.52
1158.75
1151.41
2915.45
2849
2600.78
3058.1
792.707
745.99
2732.24
3316.75
3241.49
3944.77
4415.01
3257.33
2288.33
2331
2747.25
3656.31
3125
2493.77
3284.07
2447.98
2087.68
2525.25
2954.21
3246.75
3442.34
4008.02
2989.54
2275.31
2249.72
1694.92
634.518
707.714
2341.92
1426.53
1331.56
2016.13
2116.4
2205.07
2447.98
2074.69
1433.69
1577.29
377.003
383.068
3442.34
4405.29
4587.16
3134.8
2801.12
3703.7
4301.08
4629.63
4444.44
4901.96
5333.33
5681.82
5763.69
5882.35
6079.03
6191.95
5917.16
5747.13
6006.01
6153.85
6116.21
6172.84
6211.18
6153.85
6060.61
5934.72
5917.16
5917.16
5882.35
5970.15
6230.53
6430.87
6472.49
6493.51
6514.66
6535.95
6369.43
6153.85
5025.13
4444.44
4184.1
4065.04
4395.6
4694.84
4672.9
4140.79
4081.63
4566.21
4975.12
4535.15
4514.67
4535.15
4291.85
4484.31
4739.34
4555.81
4494.38
4555.81
4166.67
4434.59
335.402
307.22
1700.68
2713.7
3552.4
4357.3
4474.27
4545.45
5181.35
5617.98
5952.38
6097.56
5797.1
4901.96
4514.67
4950.5
3508.77
2941.18
3944.77
5000
5167.96
5305.04
5763.69
5970.15
4962.78
4629.63
4395.6
4415.01
5420.05
5617.98
5449.59
5586.59
5780.35
5882.35
6024.1
4950.5
4494.38
4555.81
4597.7
4395.6
4149.38
4494.38
4484.31
4504.5
4385.96
4395.6
4385.97
4415.01
4705.88
4576.66
4842.61
4255.32
3338.9
3194.89
3649.64
3984.06
4032.26
4098.36
4158
4192.87
4140.79
4246.28
4424.78
4878.05
5319.15
5434.78
5405.41
5494.51
5602.24
5698.01
5865.1
5899.71
5847.95
5813.95
5813.95
5797.1
5763.69
5747.13
5763.69
5665.72
5376.34
5494.51
5813.95
5952.38
6060.61
5221.93
4796.16
5167.96
5464.48
5602.24
5194.81
5037.78
4484.31
4089.98
4587.16
4962.78
4842.61
5025.13
5291
5208.33
2285.71
1203.37
1519.76
3466.2
4032.26
4056.79
4246.28
3968.25
3100.78
2645.5
829.531
606.612
1270.65
3669.72
4566.21
5208.33
5540.17
5361.93
5235.6
5602.24
5780.35
5847.95
5988.02
5952.38
6024.1
6153.85
6116.21
6116.21
4938.27
4132.23
4464.29
4878.05
5000
5076.14
4566.21
4444.44
4474.27
4587.16
4576.66
3780.72
3875.97
4405.29
3809.52
3703.7
3717.47
3478.26
3338.9
3484.32
4073.32
4329
4914
5602.24
5681.82
5797.1
5934.72
5988.02
5988.02
5970.15
5934.72
5934.72
5970.15
5882.35
5830.9
4950.5
4618.94
4514.67
4662
5208.33
3937.01
3616.64
4255.32
4444.44
3490.4
3669.73
2902.76
2702.7
3407.15
3460.21
4683.84
5333.33
5540.17
5763.69
5899.71
6024.1
6079.03
5952.38
5813.95
5714.29
5780.35
5934.72
4166.67
3831.42
4938.27
4938.27
4545.45
4184.1
4395.6
4273.5
4415.01
5291
1446.13
1253.92
2911.21
2721.09
2247.19
2673.8
3164.56
3154.57
3454.23
3565.06
1919.39
1274.7
1439.88
1928.64
629.525
645.161
2840.91
3539.82
2877.7
2406.74
2971.77
3703.7
4175.37
3350.08
3189.79
968.992
851.789
1879.7
2460.02
3861
4597.7
4514.67
4784.69
5524.86
5665.72
5899.71
6153.85
6097.56
5970.15
5830.9
5747.13
5830.9
5934.72
5952.38
6006.01
6042.3
5934.72
5952.38
6024.1
5917.16
5899.7
4938.27
4385.97
4784.69
5221.93
4950.5
3053.44
2945.51
3577.82
3590.66
3257.33
3205.13
3571.43
3478.26
3875.97
4424.78
4587.16
4474.27
5115.09
5780.35
5952.38
6006.01
5988.02
4854.37
4608.3
4796.16
4608.3
4310.34
4106.78
4662
4158
4149.38
5291.01
5154.64
4716.98
4347.83
3937.01
4219.41
3883.49
3968.25
4587.16
4784.69
5420.05
5405.41
5479.45
5376.34
5249.34
5347.59
5141.39
5141.39
171.468
168.449
2242.15
2155.17
2217.29
2143.62
2424.24
1917.55
1908.4
2721.09
2534.85
2277.9
2781.64
2949.85
2481.39
3115.26
2945.51
923.788
914.077
2680.97
3766.48
3976.14
3710.57
3717.47
2853.07
2861.23
4123.71
4255.32
3159.56
3267.97
4310.34
4175.37
4484.31
4640.37
4694.84
4987.53
4807.69
4739.34
4854.37
5063.29
5235.6
5235.6
5291.01
5319.15
5361.93
4889.98
4819.28
5277.04
5277.04
5115.09
5037.78
5181.35
5194.8
5128.21
5221.93
5263.16
5167.96
5141.39
5115.09
5037.78
5181.35
5405.41
5449.59
5167.96
4651.16
4784.69
5347.59
5665.72
5882.35
5899.7
5952.38
6079.03
5988.02
5797.1
5747.13
5714.29
5730.66
5813.95
5865.1
5494.51
5479.45
4132.23
3300.33
3717.47
3752.35
3937.01
4291.85
3703.7
3603.6
4282.66
4376.37
4329
5167.96
5813.95
6006.01
6116.21
6116.21
6006.01
6006.01
5988.02
484.496
462.749
2906.98
2911.21
2735.98
2906.98
3154.57
3289.47
3875.97
4184.1
3984.06
3367
1692.05
1293.66
1765.23
2881.84
2849
662.91
686.106
3236.25
2728.51
2412.55
2886
3669.72
4566.21
4597.7
3478.26
3311.26
3327.79
3305.79
3590.66
3952.57
4158
4192.87
5128.21
5830.9
6079.03
6116.21
6153.85
6269.59
6349.21
6369.43
6410.26
6451.61
6430.87
6410.26
6430.87
6451.61
6472.49
6472.49
6451.61
6153.85
6116.21
6389.78
6451.61
6230.53
5665.72
4228.33
3448.28
3683.24
4282.66
4395.6
4545.45
4651.16
4705.88
4705.88
4576.66
3787.88
3597.12
3992.02
2656.04
2699.06
3745.32
3738.32
3316.75
2928.26
3745.32
3616.64
2781.64
3200
4405.29
5333.33
5714.29
5571.03
5449.59
5449.59
5208.33
4987.53
5154.64
5649.72
5934.72
6097.56
6172.84
6211.18
6042.3
4796.16
4098.36
4319.65
4662
4629.63
741.29
674.309
2173.91
2541.3
3072.2
3159.56
2886
2528.45
2484.47
3154.57
4008.02
4761.9
5494.51
5780.35
5434.78
4842.61
4878.05
4796.16
4366.81
4444.44
4319.65
3846.15
3773.59
3710.58
4106.78
4237.29
4149.38
4246.28
4395.6
5221.93
5681.82
5970.15
6042.3
6116.21
6116.21
6060.61
5934.72
5882.35
5988.02
5714.29
5681.82
6042.3
6134.97
6060.61
6006.01
6060.61
6134.97
3853.56
3225.81
4210.53
4975.12
5167.96
5128.21
5434.78
5633.8
5571.03
5602.24
5449.59
5390.84
5494.51
5000
5025.13
5763.69
5988.02
6097.56
6269.59
6289.31
6309.15
6329.11
6134.97
5102.04
4889.98
5420.05
5434.78
5420.05
5361.93
5434.78
4319.65
4201.68
5221.93
5586.59
5970.15
5899.71
31.8603
31.8152
3539.82
3496.5
4123.71
4950.5
5494.51
4662
4385.96
5221.93
5763.69
6079.03
6116.21
6134.97
6191.95
6172.84
5665.72
2797.2
2020.2
2713.7
4347.83
5586.59
4405.29
3039.51
2577.32
2436.05
3164.56
5076.14
4950.5
3058.1
1632.65
1876.17
3144.65
2886
3100.78
3663
4255.32
554.477
535.762
2085.51
2022.24
410.678
419.199
3577.82
3139.72
2873.56
3159.56
2728.51
2466.09
2766.25
2604.17
1824.82
2096.44
2777.78
2257.34
2820.87
1609.01
1057.64
1702.13
4166.67
5208.33
5665.72
4773.27
4219.41
4228.33
4132.23
4123.71
3898.64
3898.64
4385.97
4651.16
4228.33
4081.63
4694.84
5305.04
4889.98
4048.58
1853.57
1800.18
2805.05
3007.52
4158
3316.75
3418.8
4854.37
4987.53
5494.51
5882.35
5882.35
6006.01
6172.84
5154.64
4683.84
5128.21
5524.86
5899.71
6042.3
6153.85
6230.53
6153.85
3571.43
3189.79
4484.31
4854.37
5063.29
5263.16
5730.66
6153.85
6369.43
6369.43
6289.31
6329.11
6269.59
5952.38
6006.01
4415.01
2985.07
572.082
584.966
2621.23
1675.04
1936.11
3220.61
2936.86
3030.3
4132.23
5649.72
5050.51
5037.78
3731.34
3490.4
5291.01
4385.96
4347.83
5102.04
4629.63
3992.02
4115.23
4866.18
5050.51
4914
4132.23
4032.26
4056.79
4291.85
4750.59
4842.61
5420.05
5494.51
5089.06
5025.13
5050.51
4926.11
4618.94
5012.53
4784.69
4597.7
4889.98
4123.71
3898.64
3105.59
3215.43
3976.14
3424.66
3110.42
3502.63
4282.66
4329
4210.53
4065.04
4395.6
3496.5
2702.7
2865.33
3738.32
5141.39
4926.11
4395.6
4987.53
5813.95
6134.97
5952.38
5830.9
6042.3
6134.97
6230.53
6349.21
6369.43
6349.21
6389.78
6060.61
5970.15
6349.21
6493.51
6472.49
6514.66
6557.38
6493.51
6472.49
6493.51
6451.61
6472.49
6557.38
6535.95
6329.11
6269.59
6410.26
6451.61
5747.13
5263.16
5571.03
5698.01
5813.95
6191.95
6369.43
6430.87
6451.61
6410.26
6430.87
6472.49
6451.61
6430.87
6410.26
6472.49
6557.38
6557.38
6557.38
6578.95
6430.87
5649.72
5479.45
6024.1
6211.18
6309.15
6369.43
6451.61
6493.51
6472.49
4629.63
4016.06
4545.45
4219.41
3663
4016.06
4901.96
4405.29
4347.83
4784.69
5025.13
4310.34
4201.68
4310.34
3898.64
3125
2766.25
3809.52
4878.05
5221.93
6060.61
5586.59
5390.84
5899.71
6079.03
6097.56
6289.31
6369.43
5277.04
4854.37
4901.96
5102.04
5899.7
6172.84
6329.11
6369.43
6430.87
6493.51
6493.51
6514.66
6535.95
6514.66
6514.66
6557.38
6578.95
6514.66
6451.61
6493.51
6230.53
5988.02
6211.18
6410.26
6472.49
6535.95
6514.66
6472.49
6410.26
6430.87
6472.49
6230.53
6116.21
5899.7
5714.29
6079.03
6389.78
6451.61
6514.66
6451.61
6369.43
6389.78
6430.87
6430.87
6430.87
6493.51
6578.95
6622.52
6622.52
6578.95
4728.13
2034.59
1271.46
676.59
638.57
1515.15
3081.66
3584.23
4255.32
4329
4830.92
4535.15
3861
4056.79
4555.81
3906.25
4514.67
4672.9
4651.16
5376.34
5037.78
4587.16
4889.98
4926.11
4255.32
2328.29
2239.64
4319.65
5763.69
5494.51
4796.16
4651.16
5128.21
5025.13
5102.04
5970.15
6211.18
6329.11
6410.26
6309.15
6289.31
6430.87
6430.87
6309.15
6309.15
6410.26
6451.61
6514.66
6578.95
6535.95
4819.28
4073.32
4716.98
5305.04
5509.64
5602.24
5405.41
5361.93
5586.59
5665.72
5617.98
5555.56
5555.56
5847.95
5899.71
5681.82
5698.01
6042.3
6430.87
6389.78
5479.45
4716.98
5128.21
5899.7
6097.56
6230.53
6369.43
6410.26
6451.61
6472.49
6472.49
6514.66
6557.38
6578.95
6514.66
6472.49
6493.51
6289.31
6269.59
6410.26
6389.78
6410.26
6191.95
5899.7
5917.16
6134.97
6289.31
6349.21
6430.87
6430.87
6329.11
4524.89
4366.81
5681.82
5434.78
4950.5
4385.96
4739.34
5449.59
5025.13
5025.13
4576.66
4444.44
4273.5
3696.86
3968.25
4694.84
4950.5
4301.08
4319.65
4750.59
5128.21
5037.78
4878.05
5128.21
5221.93
5714.29
4576.66
2583.98
1411.43
1122.33
1168.91
1597.44
2789.4
3960.4
4219.41
3752.35
4504.5
4640.37
4357.3
4926.11
4807.69
3868.47
3738.32
4854.37
5405.41
4608.3
4629.63
5076.14
5089.06
3906.25
3496.5
4405.29
5167.96
4357.3
4338.39
5221.93
4514.67
4750.59
5167.96
3696.86
3533.57
4739.34
4672.9
4705.88
4629.63
4640.37
5405.41
5076.14
4357.3
4694.84
4728.13
4484.3
3350.08
2557.54
2728.51
3154.57
2574
546.747
540.103
2463.05
3745.32
3960.4
4032.26
4535.15
4716.98
2890.17
2436.05
3159.56
3710.57
3656.31
3418.8
3407.15
3906.25
2118.64
1773.05
1792.11
1446.13
2051.28
3262.64
3623.19
2877.7
2958.58
3952.57
2185.79
2290.95
3921.57
4329
3696.86
3696.86
3676.47
3466.2
725.163
619.195
1725.63
2932.55
4228.33
4115.23
4158
4219.41
4048.58
4739.34
4587.16
4264.39
4773.27
5181.35
5882.35
4175.37
3597.12
4201.68
4132.23
4175.37
4357.3
4264.39
4705.88
4716.98
4175.37
4796.16
5540.17
5319.15
5235.6
5277.04
5347.59
5154.64
5037.78
4914
4842.61
5181.35
4555.81
4576.66
5347.59
5181.35
4987.53
4878.05
5037.78
5141.39
4514.67
4784.69
5586.59
4264.39
4065.04
4975.12
3724.39
2185.79
1828.15
1518.6
1489.2
2500
3968.25
4545.45
4545.45
4395.6
5115.09
5167.96
4938.27
4597.7
4842.61
5037.78
4938.27
5063.29
5025.13
