1.16998e-311
inf
11.9634
240.5
287.604
366.703
365.898
375.375
393.314
376.364
371.747
334.001
328.569
326.691
335.177
389.257
266.702
252.111
371.402
378.573
313.824
328.192
387.072
372.509
377.074
408.413
358.102
316.656
351.803
393.778
391.313
317.712
325.415
404.613
399.6
412.882
349.711
343.82
381.679
357.526
387.747
378.43
204.625
209.886
389.864
152.777
144.092
270.416
288.684
359.195
381.825
140.667
126.207
252.143
287.026
347.766
127.624
128.477
330.196
277.932
322.477
402.414
382.555
383.068
309.598
303.168
376.719
392.927
370.233
312.94
327.011
120.034
121.043
333.89
336.984
308.547
294.247
361.729
332.226
306.044
346.681
346.741
235.294
247.463
210.062
218.747
345.125
272.814
291.375
304.925
274.348
256.016
241.429
314.515
467.508
452.899
339.098
346.2
474.383
394.244
377.643
431.127
389.56
408.747
469.704
481.58
362.319
198.255
218.15
250.407
248.911
385.505
427.259
506.457
542.005
518.135
513.743
495.786
460.299
493.827
529.241
534.045
491.763
473.373
348.918
356.57
539.811
557.414
550.509
546.299
544.218
460.193
441.112
512.295
554.017
572.902
572.082
555.401
551.724
508.388
511.378
569.152
506.971
490.437
527.426
535.906
473.821
460.829
537.201
542.152
525.901
533.333
532.765
536.625
480.885
480.654
541.418
554.324
578.202
561.64
552.486
560.853
536.193
448.229
396.04
412.712
471.365
525.624
491.401
497.018
559.441
593.648
32.3761
32.3557
597.729
535.906
520.969
583.942
621.311
635.728
641.437
631.712
600.601
520.833
452.08
493.583
596.303
636.132
602.591
590.842
633.914
636.132
519.076
518.672
604.595
607.349
647.668
517.598
479.616
561.64
447.728
460.936
600.962
615.764
620.732
581.903
602.773
648.298
545.405
503.778
593.648
610.501
627.156
662.69
643.087
666.223
658.328
533.049
546.747
674.082
574.383
537.346
576.037
564.972
606.796
593.824
593.824
645.369
650.407
676.819
687.521
689.655
621.311
609.385
584.454
549.451
594.707
597.372
591.716
606.612
637.552
643.708
640.615
587.199
568.505
554.785
487.805
435.825
470.035
572.738
525.486
520.291
557.569
561.325
589.275
579.206
587.199
620.925
508.259
477.099
573.559
596.481
573.888
541.126
537.346
593.296
520.833
506.714
597.193
625.195
641.437
640.615
658.328
673.401
394.633
368.596
567.537
621.311
673.627
709.723
687.285
683.995
629.327
497.265
520.291
648.298
653.168
648.088
651.042
577.701
568.02
513.479
512.164
624.025
675.904
701.262
670.916
663.79
696.864
707.214
587.889
537.346
630.915
716.332
697.35
663.57
671.592
717.103
747.664
734.214
659.631
672.947
699.79
650.618
654.236
705.219
667.111
652.955
712.251
585.138
555.556
613.497
625.587
666.001
660.502
647.04
639.591
615.385
541.712
542.152
617.665
603.682
602.954
646.412
663.57
664.452
645.786
590.493
603.136
652.742
652.316
607.533
589.797
625.587
613.497
469.153
442.282
524.659
565.931
562.43
533.903
523.149
545.554
564.016
564.653
590.667
607.718
625
638.978
660.939
615.385
554.939
553.097
547.196
558.503
600.42
621.697
608.643
615.574
638.162
509.814
450.45
524.659
607.718
583.09
521.241
440.141
357.782
402.658
539.811
588.235
613.874
630.915
660.72
475.172
402.495
504.796
590.145
600.24
608.458
631.114
646.204
584.624
533.476
577.201
599.341
594.001
632.711
640
628.733
629.921
504.414
500
638.774
637.146
634.518
626.37
605.51
559.441
468.713
453.001
529.101
603.136
641.437
659.848
675.219
696.864
699.056
608.828
566.412
652.529
645.369
567.698
598.623
648.088
654.236
509.035
486.027
590.145
591.716
636.132
637.552
545.405
535.906
490.557
478.698
593.12
565.131
523.697
583.942
647.668
686.106
628.733
549.451
581.226
652.103
664.231
660.939
649.562
626.959
628.141
633.312
571.265
587.544
675.904
567.537
501.379
557.414
577.034
577.367
492.975
510.725
664.673
679.81
680.504
679.117
637.552
629.723
646.621
563.539
583.771
703.73
719.942
731.529
714.286
698.324
725.426
734.484
620.54
582.242
540.687
487.805
524.521
566.893
615.953
659.631
699.056
578.369
466.092
527.565
655.953
664.011
653.381
691.324
709.975
515.331
458.505
495.786
550.358
700.771
722.805
705.965
702.001
514.271
438.02
483.559
497.636
558.503
611.434
633.112
700.28
672.721
522.33
540.541
662.032
619.963
611.247
635.526
658.328
680.735
672.269
580.046
614.251
740.192
742.942
662.691
650.618
741.29
614.439
486.381
473.597
514.139
594.53
676.819
696.864
690.131
643.294
633.112
599.7
571.919
632.911
689.655
688.231
679.579
682.827
687.049
712.758
732.064
618.62
594.707
676.132
718.391
770.416
672.948
548.095
562.905
497.265
474.271
610.128
697.35
728.067
733.945
747.105
737.735
697.593
688.468
542.152
515.996
619.771
643.501
711.997
764.818
748.223
641.026
545.256
518.269
582.581
683.527
641.849
561.64
584.624
620.54
623.247
559.441
527.565
604.047
660.066
706.464
726.744
722.282
672.043
649.562
649.984
543.626
549.904
661.594
701.508
727.273
728.863
715.563
676.819
656.168
551.268
502.639
570.776
629.921
598.265
587.371
658.979
712.758
748.223
620.732
589.623
663.13
558.503
523.972
605.51
663.35
680.504
649.984
546.15
514.139
518.807
533.76
575.209
628.338
717.618
455.27
408.58
534.474
575.871
653.595
712.504
756.43
763.067
761.325
634.518
583.771
647.668
571.592
530.786
592.417
612.37
635.93
704.225
589.102
573.888
718.391
741.015
750.469
752.162
688.231
564.493
559.754
546.448
522.739
635.93
716.589
706.714
698.568
649.562
633.112
629.723
523.286
510.595
602.954
631.512
597.193
617.475
698.568
702.741
702.247
556.483
526.87
655.093
679.81
674.992
566.091
537.201
574.053
479.616
468.055
553.557
600.24
658.328
719.424
736.377
640.82
567.698
539.811
573.066
625.978
664.011
733.945
749.344
701.508
684.228
735.294
614.439
587.027
675.447
677.736
647.878
661.813
699.79
696.864
721.761
745.434
548.847
497.76
640.205
739.919
772.499
779.423
779.423
695.894
666.223
659.196
495.54
513.875
702.001
715.563
719.683
745.712
729.395
680.041
695.169
547.345
452.182
497.389
545.554
577.701
643.708
706.464
736.377
624.22
582.581
694.444
728.332
628.338
511.64
551.268
664.673
609.57
533.476
556.948
555.093
508.259
524.934
620.925
746.826
772.797
452.284
419.287
620.347
644.538
651.042
663.35
649.351
664.011
663.35
580.552
619.003
684.463
687.994
720.721
725.689
673.627
684.228
749.906
580.72
566.251
735.024
747.943
728.067
728.332
662.032
555.71
554.017
491.884
473.934
625.978
737.191
726.48
709.22
717.103
732.869
707.464
647.04
564.812
592.944
696.621
699.545
692.281
703.482
725.689
740.467
748.783
598.802
589.97
722.022
727.802
732.064
691.085
606.796
640.615
692.761
673.174
595.948
600.06
698.324
694.927
709.975
726.744
723.066
733.945
741.84
624.025
552.181
619.195
667.78
668.003
726.216
732.869
717.618
741.84
751.88
600.962
587.717
728.863
657.246
603.682
656.599
635.324
613.309
662.471
529.942
473.261
573.723
612.37
648.088
684.932
642.261
655.308
691.563
594.707
580.889
704.722
754.717
604.961
556.793
668.449
703.482
716.076
618.62
523.286
568.182
645.578
631.912
608.828
638.366
605.51
497.141
488.878
591.191
700.035
605.327
480.885
548.847
700.525
632.911
539.229
589.971
699.056
704.97
700.525
690.369
686.342
689.18
504.032
436.395
575.705
678.196
697.35
719.166
685.871
683.527
700.28
721.501
457.771
437.158
644.33
680.272
717.36
705.965
652.529
626.566
568.182
555.864
641.026
675.904
679.348
676.819
674.309
629.327
588.582
428.908
419.903
619.771
677.966
681.896
680.735
682.594
703.482
717.875
547.196
534.759
709.22
738.28
741.84
723.327
692.521
689.893
700.525
671.366
618.238
636.132
695.894
723.589
723.327
585.48
567.698
661.813
636.74
574.878
629.525
729.927
702.988
733.407
751.033
719.942
719.424
711.491
675.219
633.312
681.199
703.73
691.324
721.241
717.875
733.945
732.064
735.835
749.064
618.812
600.601
687.285
591.017
577.201
628.141
647.249
691.324
710.985
594.884
550.509
631.712
657.246
659.196
672.269
595.061
586.854
708.215
634.518
603.5
675.676
689.417
683.995
692.761
713.267
693.481
703.482
666.667
628.931
637.755
672.495
662.032
567.859
523.149
598.623
710.732
599.52
570.288
657.03
709.471
738.007
672.269
642.674
699.545
700.771
533.76
479.501
588.928
689.18
718.649
730.727
722.022
727.273
735.565
683.06
370.028
344.531
538.068
620.347
664.673
677.736
631.712
553.557
505.561
577.534
687.049
688.942
727.273
725.953
710.227
713.776
731.529
598.444
573.559
697.107
720.98
714.541
730.727
731.261
591.891
562.588
538.648
533.76
678.656
700.771
683.293
722.022
753.864
752.445
728.332
720.202
586.338
555.864
692.761
765.404
726.48
697.837
720.461
750.188
776.096
786.782
673.854
632.511
694.927
742.942
704.473
540.249
540.394
677.966
718.133
694.444
691.802
718.133
695.894
691.563
729.395
744.602
745.712
755.858
733.138
674.309
662.69
692.521
694.444
700.771
704.473
671.817
684.228
738.552
756.43
611.247
594.001
710.985
612.557
557.725
616.713
678.887
736.106
772.797
712.758
559.128
561.956
685.871
718.391
735.835
747.664
678.426
679.81
745.156
636.943
590.493
666.001
720.202
713.267
718.907
752.445
754.432
735.835
744.325
683.761
614.817
639.591
670.466
657.678
690.608
757.863
780.335
788.022
788.333
706.464
612.37
632.511
706.714
729.927
709.22
704.225
727.802
710.732
718.907
515.198
461.361
630.517
740.741
755.858
730.193
718.649
729.661
691.085
352.299
314.564
485.084
568.505
622.278
615.385
621.504
512.426
515.73
615.006
572.41
567.537
573.888
617.856
693.241
671.141
584.112
594.707
662.69
673.627
700.28
714.286
618.812
600.42
663.79
579.542
586.338
719.424
745.712
744.602
757.863
768.344
765.404
735.024
700.525
591.191
591.541
709.975
728.332
741.015
721.501
718.391
746.826
716.846
708.215
637.959
647.878
741.015
750.751
744.879
618.62
572.246
648.929
685.166
484.027
463.392
632.311
695.894
654.45
632.111
702.741
713.012
711.491
606.612
602.773
717.875
738.007
772.499
749.625
741.84
696.621
655.093
682.594
626.763
621.311
694.927
633.312
637.552
729.927
735.024
742.39
748.223
719.424
614.628
594.354
660.939
692.521
701.262
708.968
686.342
672.043
701.754
592.066
582.242
697.837
702.988
695.652
725.426
727.802
701.508
730.46
758.15
605.144
519.751
549.904
559.91
566.572
612.37
704.225
759.878
740.192
609.756
598.623
737.735
782.473
729.129
692.041
703.977
721.501
754.432
767.754
611.621
538.213
545.108
559.597
581.564
566.251
588.928
501.128
427.716
483.442
388.727
384.468
563.857
624.22
622.084
557.414
603.865
688.705
709.723
750.469
748.783
757.576
766.284
690.846
640.41
592.768
609.57
703.235
688.231
688.942
708.466
704.225
624.805
528.122
477.897
561.64
723.851
719.424
727.802
749.064
758.15
697.837
699.056
625.587
609.199
710.732
730.193
733.138
707.965
707.214
739.645
744.048
739.098
613.685
594.707
697.593
732.601
762.486
633.914
566.251
574.053
609.385
600.06
586.51
670.916
719.683
732.869
730.994
730.994
748.503
744.879
687.521
587.027
607.165
722.282
745.156
749.344
759.59
753.864
757.863
703.235
644.745
579.878
596.125
678.426
615.764
646.412
763.359
755.858
735.024
744.879
747.943
649.562
647.878
759.878
792.707
798.403
800.961
788.955
731.797
728.332
769.823
729.661
600.42
625.978
788.955
738.552
720.461
787.712
787.402
769.231
782.167
748.223
517.732
493.097
618.62
616.333
638.366
693.001
690.369
698.08
692.281
520.833
512.426
655.738
673.401
690.131
745.99
766.284
778.21
732.601
589.275
595.415
730.46
752.729
683.06
593.472
642.674
761.615
732.601
370.37
354.17
542.888
443.656
462.963
591.891
589.449
496.278
568.182
713.521
726.216
692.761
563.222
575.209
705.965
775.795
610.501
585.995
744.325
803.536
822.03
772.499
722.022
640.205
630.915
710.227
585.995
554.017
670.916
717.618
742.942
773.096
760.456
735.565
756.144
766.871
607.533
589.797
727.537
762.195
714.286
693.241
745.434
749.344
733.945
761.325
671.141
634.921
722.543
751.315
757.289
591.891
553.25
638.366
621.504
582.242
533.476
592.242
720.202
725.426
681.663
681.663
730.46
706.464
722.282
679.117
660.284
742.666
763.942
792.079
800.32
773.694
774.593
805.802
812.348
711.238
572.41
588.755
640.615
615.574
626.959
613.685
639.182
713.776
708.717
551.268
568.343
707.464
646.621
616.713
654.45
741.84
793.336
801.603
793.966
674.082
673.627
795.545
795.862
803.858
812.018
813.008
816.66
788.955
754.717
581.734
492.975
566.733
533.333
538.068
713.267
753.864
742.115
765.697
671.141
649.984
745.434
782.167
797.766
765.99
758.15
788.955
790.826
782.779
791.139
603.5
570.939
706.964
723.589
694.686
544.366
511.509
561.167
444.148
449.337
605.877
712.758
766.284
559.441
488.4
594.884
552.944
556.019
695.652
761.035
810.373
808.081
788.333
730.994
704.722
694.203
521.921
522.466
665.115
641.437
646.412
697.35
668.896
616.713
635.122
421.496
440.432
758.15
733.945
714.541
730.994
725.689
729.129
738.28
740.466
616.523
608.828
738.825
736.106
756.43
785.855
775.795
757.576
773.994
774.593
667.334
657.462
736.377
688.468
633.714
654.879
692.041
622.278
628.931
632.911
572.41
647.668
727.537
744.325
771.01
781.861
778.513
786.473
754.148
751.88
625.587
585.309
735.294
788.644
790.202
777.907
777.605
810.045
811.688
761.905
608.088
614.251
610.687
552.181
627.746
598.802
614.439
722.805
716.076
576.037
561.167
669.12
722.022
768.935
741.565
688.468
678.656
736.648
778.513
651.466
628.733
723.327
726.216
659.413
615.006
663.35
732.064
742.39
643.501
539.665
556.174
636.335
593.296
611.995
733.945
756.144
761.905
699.79
561.956
610.501
777.907
773.395
711.238
683.995
707.464
734.214
715.052
689.18
632.911
635.526
750.469
775.795
773.395
757.002
719.166
729.927
710.227
596.125
471.698
497.512
648.298
715.052
727.273
752.729
781.861
657.678
432.059
463.177
664.011
685.166
737.463
737.191
730.46
729.395
756.144
784.314
506.586
444.346
619.387
735.294
779.727
727.273
596.125
604.595
730.994
513.347
499.376
722.282
753.579
753.296
742.666
755.287
738.825
757.002
762.777
583.431
582.242
718.649
607.903
602.228
741.565
805.802
801.603
802.568
757.576
588.582
614.439
786.473
763.65
629.723
614.062
645.369
596.481
517.866
507.614
581.226
597.193
590.842
641.231
741.29
784.929
716.076
662.69
630.517
670.466
773.994
774.893
768.935
742.666
580.046
516.129
532.198
500.877
526.039
607.903
691.802
705.965
677.507
704.722
716.589
711.491
596.303
565.131
692.041
728.597
637.755
544.366
527.009
611.06
687.285
601.323
607.165
727.273
734.484
704.722
652.103
582.581
608.828
678.196
513.479
492.732
602.047
579.71
609.013
643.915
680.967
726.216
703.235
517.866
450.552
474.608
503.905
628.931
616.333
509.944
509.554
552.944
656.168
779.727
735.294
730.994
792.079
802.89
743.494
579.206
413.138
430.663
559.128
585.48
632.511
626.959
575.043
523.697
482.625
466.744
526.87
633.112
557.569
507.099
600.601
559.441
420.61
418.06
473.373
503.271
569.638
634.115
472.144
416.233
524.384
641.643
681.431
680.041
716.846
741.015
726.48
569.963
562.272
697.35
688.231
703.235
652.742
625
715.052
738.552
539.374
507.485
587.89
504.923
493.097
584.795
627.156
653.595
579.039
529.101
561.325
579.542
572.902
537.924
523.56
578.369
635.728
565.931
596.481
636.943
536.913
567.859
687.994
670.691
644.745
585.995
589.275
542.741
537.49
548.095
502.892
558.036
574.383
493.705
478.126
579.71
672.269
663.79
665.779
690.131
654.879
530.223
528.681
653.595
659.848
676.59
753.012
602.954
539.229
542.299
460.723
498.505
580.383
590.493
666.223
733.138
720.202
620.732
545.554
546.299
568.343
541.565
510.595
554.631
605.694
659.631
719.166
552.639
503.398
559.91
570.288
608.643
594.177
542.299
475.172
492.611
563.38
600.962
589.971
496.648
529.521
572.738
461.787
449.944
568.02
610.874
539.52
522.33
557.414
538.213
455.581
459.559
569.801
498.878
395.179
426.985
404.285
432.059
556.019
574.548
595.061
622.084
697.107
755.572
626.566
515.73
597.193
603.5
491.28
542.152
645.161
672.947
721.241
650.407
576.535
638.162
619.963
513.084
536.625
558.347
548.396
561.325
574.053
638.978
651.042
571.429
551.876
573.394
529.381
524.659
510.856
553.097
646.412
582.92
528.123
523.013
550.206
527.983
512.952
485.319
478.24
467.181
493.218
567.376
601.323
554.477
526.454
620.347
667.78
648.088
572.738
624.61
688.942
543.626
496.648
535.189
626.174
645.786
609.199
624.805
647.459
697.593
