1.38939e-311
inf
9.68767
69.1228
71.9813
75.0666
72.0072
66.5048
69.4348
75.466
74.9597
76.1412
70.7214
44.5355
44.2292
62.9327
67.193
73.0594
67.4445
65.0639
60.8865
63.7146
79.7448
77.5374
75.27
79.8563
81.1326
83.2986
84.1397
85.3898
86.5726
72.812
70.2988
81.314
76.864
75.749
23.3138
23.3005
78.9827
79.8658
82.6105
83.5806
77.7786
72.5268
74.5323
76.646
76.0052
78.5885
80.538
80.8179
85.168
83.1566
81.8063
84.016
81.5661
78.5022
80.3568
82.1591
81.8599
83.1359
79.2801
72.0098
74.1372
81.42
81.1688
82.96
84.2993
80.1957
80.9946
83.5003
81.4531
79.7448
79.526
79.8722
78.1464
78.9141
83.3646
81.1227
77.1873
76.9201
75.8869
79.8148
84.8069
79.1484
78.9266
82.2267
80.844
82.43
83.8223
75.2162
75.6716
82.3181
80.032
77.1307
75.6229
77.4743
78.4406
82.7472
83.1705
79.4849
81.7695
82.2741
79.1672
79.6464
84.1751
86.3782
83.3229
82.3147
83.7661
83.2224
85.3862
82.7369
75.1767
74.6714
78.8115
82.1693
82.9876
84.2957
84.7853
81.3968
82.2639
86.3036
84.5988
84.1503
84.5702
80.8669
82.3791
85.3206
84.3597
78.855
78.8488
85.5652
82.9635
80.7233
84.6238
85.1317
82.7369
83.1601
82.1963
80.9684
83.309
84.5666
80.8113
84.2566
88.0359
77.9059
77.8483
80.8636
77.4863
78.2075
81.9807
88.8849
84.8392
81.6493
83.861
83.3785
84.488
84.9726
84.0124
84.406
84.9041
85.9033
80.3697
74.0521
72.9341
76.0832
81.5428
84.4702
82.335
83.1428
84.8716
84.6489
85.11
83.3403
84.735
83.4725
83.2258
87.4585
87.4546
86.3558
86.1364
82.5389
73.3004
72.8704
85.3352
84.631
82.8569
86.2813
81.5528
82.7917
86.9414
84.3241
84.4737
86.7303
86.9074
81.0143
82.0782
85.5981
80.7559
74.8671
77.4743
84.1609
86.6739
86.9036
84.4666
83.0806
83.689
87.0891
87.108
86.3632
87.3935
84.4951
82.5866
86.6701
83.8434
79.5292
78.7526
82.6446
84.4167
84.0795
87.535
85.503
83.3403
82.0816
85.1752
87.6232
87.6463
86.5015
84.5023
88.6682
91.8653
91.0954
82.7164
76.7872
79.7003
78.5793
78.232
83.3855
86.9452
88.2262
86.7905
87.3248
84.7494
84.7853
89.67
88.6879
86.7679
85.7412
87.9508
82.4878
76.8374
79.092
76.5638
73.2493
76.1557
80.7461
74.677
71.3878
74.1647
74.1922
78.0062
76.7578
74.1207
78.1616
78.4899
70.9471
66.0262
69.0799
74.7524
77.2201
75.8812
77.5916
79.3242
79.8722
78.4529
77.7635
79.0077
82.0681
83.4237
74.1455
74.9176
81.7695
85.5688
75.933
71.1389
81.7561
87.9972
91.3451
93.6067
91.0996
86.218
85.2006
86.4342
86.5202
87.1536
87.7963
85.6238
86.1326
91.8021
88.2418
79.694
82.4266
85.9033
80.6452
84.9077
88.6328
84.349
81.4863
83.633
90.0333
87.0511
86.5763
89.7948
89.2339
91.7768
89.7706
89.3136
89.3376
83.8293
87.3591
87.0511
84.5201
88.1951
89.7263
88.1873
87.916
91.617
88.9086
86.9036
90.2323
91.4829
86.4753
82.0917
85.3206
89.0432
86.494
86.0956
85.357
81.3339
86.6814
91.8569
89.3376
88.1368
89.4254
93.4317
90.1551
88.5152
90.2649
86.2589
85.7045
87.8503
86.3372
84.0513
86.5276
89.0194
90.7523
87.9005
83.7486
87.0474
90.9174
91.7137
90.0252
88.8336
89.3495
90.7441
94.1088
87.1574
85.5835
92.7429
91.3451
86.4865
88.8968
88.877
82.9497
85.7706
86.9603
87.8812
88.0165
90.3669
95.388
88.7311
85.4884
82.9531
85.9217
92.4642
91.5248
89.9847
90.629
92.2637
91.5541
92.7472
83.8539
85.9587
90.6166
84.1326
85.2551
89.8029
92.3788
87.1004
87.7385
92.4129
95.3925
92.9757
90.6947
93.8879
92.6956
91.4955
91.1286
92.2169
90.1957
87.9701
90.9711
84.5988
82.085
90.51
94.4064
88.9086
88.5543
92.8721
94.4867
91.4788
89.5295
93.8747
93.3053
89.92
90.3016
93.0752
85.0883
84.513
88.1213
84.3099
84.4773
86.8621
91.3325
91.295
89.4654
91.083
92.4385
88.8376
88.347
90.5838
89.5335
91.0457
91.5081
90.5633
86.7416
90.7523
96.5484
86.8093
82.3893
86.5838
93.0579
90.465
90.0657
93.6242
93.6812
90.5551
91.0664
97.0261
95.9187
93.3053
94.1708
94.3218
89.3017
90.5305
93.1012
89.9847
92.1999
90.6372
87.4049
88.2768
87.5925
92.3105
97.4279
95.1565
96.4925
93.8835
93.2966
93.4754
93.3925
96.5158
93.4973
88.0475
87.8079
96.0015
92.8936
89.222
88.743
92.2041
90.5059
87.7616
92.9627
92.4086
92.0598
93.3184
93.6637
88.0088
90.9711
94.7104
92.9195
90.3832
92.7042
98.5561
97.0685
95.8543
89.2538
87.581
91.3743
90.5879
92.2382
94.6208
87.7001
85.2879
92.8117
96.3484
93.5279
93.6154
96.8007
97.144
92.6097
92.1065
99.0246
98.9511
92.8591
93.7735
95.9785
86.5089
85.1317
93.4929
96.7165
92.5027
90.0212
94.1221
95.5977
93.2749
94.2374
97.4611
92.4813
92.0133
95.0074
94.3352
91.8569
93.0016
97.5943
98.5659
93.4842
86.9754
83.7275
82.6139
86.6213
93.4885
96.432
93.8042
93.9364
95.6206
97.7135
97.0214
93.471
96.7212
97.6992
92.2211
89.3815
93.1316
90.7071
77.4954
76.7666
82.0479
88.5073
88.4017
87.108
86.9754
84.814
94.0911
88.4486
83.4829
90.4486
97.3568
89.0869
82.4063
84.1043
86.2552
94.6387
93.4317
89.4094
88.6328
91.2159
96.5717
94.5626
90.009
92.6569
99.1522
97.9912
92.8074
94.7463
100
97.6658
96.8898
99.9301
99.2704
92.5069
95.057
93.0016
91.6758
88.7154
85.778
92.5369
93.668
95.7167
97.1723
97.9048
93.4667
91.416
94.8722
96.0154
96.7258
98.43
100.025
98.7021
91.9879
89.4614
90.5961
91.9287
86.5015
84.9293
92.1107
91.7053
89.3895
91.9836
96.177
94.6522
95.1294
96.5158
98.4155
96.7773
91.9879
95.3062
99.7506
94.9623
93.214
93.7339
93.1446
91.5332
91.2784
96.0938
97.8091
96.6744
97.3568
101.973
99.5124
98.4931
100.256
102.26
97.6944
95.5658
102.849
101.947
96.2742
99.054
101.859
99.7755
96.0892
96.7961
96.768
91.4286
91.2575
94.1708
96.8148
95.2381
94.8947
98.1836
99.2753
96.9368
99.108
99.925
98.7459
92.7085
92.4642
98.5464
97.8857
94.0115
91.6674
93.2271
92.2169
91.5332
96.4785
96.2881
96.4088
100.226
100.397
100.913
99.6115
95.7121
95.0661
97.352
97.6944
96.2047
95.8681
96.8335
97.5182
98.0296
97.4421
96.8382
93.835
89.6178
93.214
103.778
97.5657
93.4143
98.6096
102.234
98.1884
95.0525
98.256
95.5064
95.4517
99.453
99.2901
100.376
102.443
104.39
97.6992
88.9957
87.8657
92.8591
100.256
97.948
97.1865
101.766
102.281
101.559
98.6388
97.1723
101.631
104.701
97.0874
95.1928
100.806
101.148
96.6417
96.5624
97.2668
91.3659
93.5104
97.2053
100.271
99.7108
97.7422
102.564
103.848
102.997
105.009
104.976
101.533
100.095
101.89
99.3493
100.959
101.817
96.0061
98.5222
101.528
99.5025
93.4187
91.4411
96.7633
100.351
99.8901
102.208
105.302
102.03
102.208
103.869
104.058
103.109
101.678
101.133
103.167
104.613
95.3562
95.6984
101.569
90.005
83.8188
87.9585
86.8583
87.4432
87.7501
91.2118
93.3184
93.4274
94.5046
93.6067
97.7183
93.7119
94.9127
98.9315
91.32
94.0734
99.3937
97.0544
98.8093
95.7442
95.6206
90.0576
79.7703
84.8608
97.6229
92.1192
88.4838
95.511
93.4143
86.798
86.734
90.74
89.7989
85.7854
84.1609
91.9498
101.44
96.5624
92.6355
94.4465
90.5346
84.3775
83.8645
84.3384
87.7078
94.4822
97.8522
92.4129
92.009
98.6096
103.756
94.7373
87.2258
92.0048
90.4241
89.7666
91.5206
92.6784
96.1816
93.576
91.7011
95.1565
94.193
97.2999
103.423
101.543
97.6753
98.5076
102.093
104.145
101.015
102.822
107.066
103.087
103.279
103.498
104.205
109.331
104.14
98.0921
100.893
95.8451
89.1424
93.5672
101.849
103.274
99.5718
103.837
105.58
102.129
103.842
103.734
105.669
108.589
104.904
102.459
107.452
109.254
106.033
100.751
99.3394
100.231
101.621
95.048
89.1464
97.924
103.983
99.1473
96.9509
103.3
107.359
101.317
101.947
103.381
105.831
108.237
106.889
102.449
101.797
101.585
102.265
104.613
105.092
97.6324
97.4042
100.857
100.68
101.025
103.778
108.478
105.893
103.783
104.526
108.36
107.095
104.351
102.68
107.654
106.496
99.1424
100.085
104.937
109.17
113.321
103.194
98.6777
108.143
100.918
95.4016
106.423
107.015
100.437
101.849
105.887
107.793
111.123
106.815
101.291
106.866
109.29
102.197
102.606
104.734
103.67
106.598
96.8664
91.878
95.7854
101.968
106.276
102.717
105.815
105.563
100.08
104.679
107.365
103.584
102.902
104.45
106.479
109.314
104.641
102.759
105.686
106.849
104.14
102.119
104.954
94.3174
84.9907
92.4343
100.523
102.475
107.388
107.986
104.783
106.129
105.031
99.5619
104.319
106.084
101
105.893
109.379
105.703
105.136
101.678
104.937
106.598
100.898
98.868
105.485
108.909
105.224
106.242
106.576
108.448
110.32
105.202
101.745
105.658
108.015
105.736
105.491
104.833
103.788
109.589
101.456
96.2094
103.788
103.082
101.874
107.273
108.178
107.158
103.794
103.918
106.44
107.152
104.477
101.374
109.415
110.132
102.365
103.842
107.544
110.327
115.982
105.932
106.718
111.012
105.876
95.8405
97.1959
101.911
99.6363
106.056
107.411
108.625
113.116
109.135
103.263
107.486
108.243
109.782
103.826
102.485
110.217
110.308
99.3394
101.989
111.402
107.273
106.946
102.328
95.9187
101.281
103.885
95.5292
96.1585
105.175
111.179
109.505
110.926
111.826
114.292
110.619
106
108.903
108.784
100.22
103.902
115.721
111.944
107.968
106.82
103.557
106.202
109.445
103.52
108.595
110.467
106.247
103.381
103.461
110.011
113.804
108.572
106.118
108.98
107.021
106.485
105.485
107.892
111.352
108.743
103.466
109.433
103.573
100.599
104.199
105.686
113.103
112.784
107.515
103.724
109.739
114.403
117.226
109.818
103.751
111.995
111.526
100.629
101.518
106.576
109.325
112.505
110.126
111.582
110.785
108.196
86.7792
85.3898
102.859
101.297
107.997
110.791
109.932
112.867
105.02
103.848
114.071
116.87
115.393
114.201
111.253
112.366
112.81
103.295
106.338
111.582
108.891
103.972
100.16
99.995
107.273
107.475
101.307
110.254
112.259
104.559
105.219
107.423
106.724
110.138
110.132
114.24
118.462
114.797
106.803
105.63
113.263
110.351
109.535
110.699
100.538
96.8289
107.44
107.701
100.412
106.146
113.43
110.32
109.427
110.522
109.176
106.689
106.741
109.709
114.299
116.408
107.98
104.849
109.397
117.461
112.378
105.591
109.739
107.55
106.304
108.938
109.451
110.939
112.347
107.406
110.156
115.875
110.84
108.53
107.383
111.204
117.633
118.357
110.363
109.721
111.707
115.009
119.268
110.583
106.372
109.421
110.945
110.327
107.986
113.122
116.245
103.891
107.759
118.533
118.106
115.513
110.254
115.768
115.574
114.436
113.636
106.084
107.158
112.524
116.966
112.835
102.696
103.322
111.607
95.6663
89.7626
102.491
105.53
97.6467
94.2907
98.7654
102.807
96.432
95.9463
105.407
105.202
100.306
99.1572
99.4481
100.73
98.2849
96.0892
101.745
106.247
98.7313
90.4895
92.081
101.864
91.9752
88.5426
98.868
107.417
107.446
95.7213
94.8677
97.7852
94.7149
93.9099
105.042
113.109
104.335
100.888
102.004
97.0544
99.3197
101.358
98.6193
93.4361
90.2812
92.584
99.8303
111.626
118.744
121.212
120.308
115.969
111.495
111.694
119.56
117.543
113.456
110.363
106.508
109.613
116.918
115.888
109.963
106.684
107.107
109.812
107.986
109.129
113.43
114.175
111.173
113.869
115.513
116.421
120.489
116.659
115.982
118.765
118.892
115.115
115.187
117.626
115.148
117.055
118.015
120.511
115.634
106.729
115.075
108.395
99.965
110.29
115.955
114.403
115.161
119.976
119.51
114.705
110.308
110.357
110.534
112.524
112.549
108.832
109.451
112.001
117.509
115.161
111.235
118.878
117.481
93.3881
98.0008
117.295
113.424
111.701
107.898
114.567
120.005
119.261
113.353
111.445
119.983
122.048
120.795
113.507
112.108
115.647
117.062
114.136
115.587
122.647
121.603
121.014
108.091
108.419
110.675
109.176
114.058
111.025
118.266
122.115
119.918
116.455
111.826
114.732
119.474
119.467
113.462
114.462
120.091
116.286
110.169
114.521
121.78
119.854
116.523
108.731
107.256
110.126
110.497
113.649
108.808
108.021
112.026
116.788
117.103
114.58
116.72
116.53
116.809
113.282
114.613
122.986
121.706
108.672
108.909
115.493
117.467
123.586
115.141
113.611
113.96
109.284
111.427
107.898
108.584
114.371
115.848
116.462
117.171
120.7
120.853
113.18
112.619
116.387
120.809
125.929
113.25
110.156
120.163
120.351
117.096
115.194
121.131
121.205
119.947
114.705
100.903
102.229
109.445
113.863
112.442
112.797
121.477
122.79
122.624
117.254
115.38
113.598
108.927
109.445
110.436
112.126
113.85
118.266
119.382
123.305
122.377
118.245
112.899
112.051
121.124
112.397
110.926
113.785
111.963
119.374
122.677
123.1
116.537
114.097
118.68
117.22
114.26
113.314
117.075
122.377
122.063
117.233
116.374
117.987
120.243
121.44
121.595
122.249
119.596
113.546
115.187
121.877
121.751
122.782
121.293
115.181
116.394
121.492
125.494
120.941
114.077
120.106
126.775
127.478
128.675
126.703
123.801
126.598
121.773
120.839
121.766
115.081
108.389
106.519
109.367
112.303
115.287
116.239
123.525
121.345
118.673
118.885
115.088
116.891
112.442
117.938
123.343
120.467
125.063
123.274
126.207
126.863
123.954
121.974
113.999
112.816
109.794
114.489
111.47
106.281
119.66
123.808
124.378
119.303
119.883
123.191
118.97
122.572
114.155
116.713
128.824
126.016
122.466
113.908
119.51
124.751
120.824
114.103
112.101
126.008
115.68
114.863
113.856
110.065
124.425
123.1
126.438
120.388
111.161
112.322
115.801
122.835
113.27
108.413
117.904
122.414
124.27
123.434
126.992
123.977
116.05
116.353
117.702
123.442
116.788
108.548
113.25
113.039
116.164
123.145
118.28
118.175
123.403
124.432
125.818
124.844
122.167
122.76
123.472
124.254
124.069
121.322
122.979
122.145
122.647
121.588
117.378
120.744
119.467
119.218
116.918
111.826
114.811
118.694
119.796
120.257
121.907
120.525
121.33
121.146
118.906
118.455
116.973
121.951
124.054
123.464
129.174
125.644
120.12
118.526
116.293
113.552
113.915
114.318
112.638
115.547
121.699
125.298
115.46
113.792
120.569
118.673
119.617
117.028
118.476
125.968
128.65
127.291
121.729
120.722
128.568
125.636
119.976
116.158
117
126.887
123.388
119.318
107.962
103.498
118.871
128.098
118.645
118.329
125.102
123.747
121.803
119.839
119.847
123.236
122.302
123.009
123.48
120.301
126.984
123.251
114.377
114.679
115.58
120.736
123.541
120.897
117
111.334
119.253
121.146
108.725
117.233
128.725
121.81
122.459
124.425
119.832
121.869
124.533
125.676
122.496
118.085
120.366
121.684
120.78
125.133
124.984
125.676
126.024
119.076
116.07
119.09
126.016
123.274
122.827
117.516
110.571
119.367
127.332
123.343
119.133
124.899
127.527
125.282
122.205
118.106
125.51
125.762
125.865
129.149
121.618
122.812
126.287
125.494
120.584
121.936
126.295
126.151
129.483
116.137
113.276
121.84
118.043
118.934
123.541
123.77
124.409
124.324
123.259
123.993
124.743
130.787
125.699
127.041
121.507
112.771
124.046
126.968
127.437
124.231
121.803
123.808
125.747
129.963
99.9301
91.2659
117.158
127.049
118.392
110.742
101.533
108.536
121.153
121.029
121.684
121.014
124.039
127.218
119.467
119.097
131.148
133.645
133.556
125.81
120.839
125.36
123.617
124.969
108.26
102.317
112.177
114.436
118.617
115.354
117.82
128.452
125.778
121.936
125.211
128.816
131.744
134.589
126.831
118.154
125.953
130.455
131.9
125.321
119.531
127.372
130.89
133.458
128.378
118.203
116.306
120.149
118.476
110.687
119.682
126.056
123.993
129.634
124.425
124.649
132.144
134.68
136.008
122.287
114.725
127.714
131.596
130.779
126.095
128.082
134.508
131.752
130.83
118.28
114.495
119.048
122.722
123.548
123.487
125.055
116.016
117.412
123.16
114.863
116.829
127.771
131.002
131.019
124.813
121.455
129.5
134.58
131.796
122.436
123.289
127.779
122.003
126.815
121.892
121.78
130.09
128.551
125.976
124.185
119.439
114.318
125.329
128.493
118.022
119.51
126.976
131.458
133.618
121.183
119.126
130.421
126.847
128.908
126.904
125.62
130.251
132.17
130.124
118.645
122.979
133.094
129.425
124.688
123.191
126.944
135.281
132.758
132.864
111.694
104.564
128.957
134.102
128.617
122.873
122.145
131.475
133.663
135.364
127.951
119.746
120.985
121.315
128.824
122.895
119.019
130.039
130.48
126.151
115.647
117.696
117.647
108.873
106.803
105.865
108.131
111.776
115.587
117.35
117.378
118.779
123.016
129.803
124.016
122.137
115.855
109.325
123.847
124.046
123.97
125.905
120.113
126.302
125.471
129.643
132.635
131.01
132.591
118.744
118.217
123.625
123.885
120.956
115.168
107.98
104.031
114.025
116.05
109.23
112.543
124.139
124.977
109.739
112.07
121.603
119.012
112.829
109.535
120.207
125.849
116.36
107.026
112.797
118.85
108.767
113.052
123.396
113.173
103.504
116.809
129.685
129.416
124.502
124.789
124.193
105.787
108.348
121.403
118.336
116.333
111.365
112.619
125.62
130.959
124.533
116.124
111.019
112.227
119.832
112.404
107.689
