7.16461
58.9136
39.2619
39.3654
61.8238
41.3189
37.4021
51.8726
58.9136
63.4719
56.9882
54.3626
55.9253
59.9215
63.5385
64.0307
64.1396
63.9611
67.2201
65.5867
63.9018
65.6771
61.2989
45.5591
17.3324
19.1201
67.1321
68.2221
67.2178
65.8783
66.1398
65.6362
64.5224
58.9779
57.0028
62.0829
64.9562
62.6096
62.106
62.9465
61.4307
63.2591
65.563
61.8869
59.8623
61.6656
61.1135
52.0738
53.9258
65.0639
60.9477
59.9395
62.0867
61.5101
64.4205
65.9152
62.8516
61.4496
59.6107
58.8391
59.6641
61.2464
63.8937
64.7836
62.079
63.7146
64.8277
60.9199
59.2329
60.6778
64.3045
63.4538
59.8569
61.5101
63.5284
63.8203
65.1529
63.4558
63.1273
63.1233
64.406
67.7254
65.7678
64.5349
66.749
61.6238
50.2677
50.9165
54.2815
53.8213
58.5566
57.8068
57.5258
60.3847
57.9408
60.423
64.5245
59.7051
60.746
63.2751
65.0259
65.0936
64.0471
66.0219
58.9484
57.6402
62.9148
61.222
64.2715
62.2665
57.1363
59.6019
63.8366
65.1975
63.3493
63.484
65.238
64.1416
63.9284
65.5372
60.8698
58.9084
63.3653
62.1968
58.1058
58.292
60.042
62.6488
64.3314
66.1857
65.3937
64.0902
65.0216
63.5688
65.1742
64.1334
58.4983
58.4881
60.3209
62.002
63.6902
64.7082
65.9174
65.2422
64.2137
61.1172
60.9961
63.8814
67.175
60.8958
54.4544
53.4202
57.9996
64.0759
64.4019
64.8361
64.539
66.8516
66.2559
62.4571
62.5
64.8466
64.3294
60.722
58.6149
61.6789
64.4912
62.2491
60.983
62.3422
63.3995
64.5453
65.95
64.9667
61.1042
58.0467
60.3409
59.6766
59.6605
64.2075
64.5474
65.6297
65.1042
63.3914
63.8142
61.6485
62.2316
64.1313
61.5802
60.1558
58.2886
59.8659
63.004
63.1473
63.2971
63.957
61.0277
55.7724
56.5995
54.1272
50.0037
49.0593
51.4655
58.3635
59.6125
59.5575
62.6213
60.6005
62.7274
69.6282
67.7667
64.3087
60.7367
61.4987
66.3042
65.0005
64.6016
61.9118
61.7246
64.933
62.3636
63.1832
65.2678
65.1869
64.5349
60.9515
58.6356
61.9406
65.6771
62.3869
60.8772
54.0994
52.3136
62.054
65.848
61.7589
59.1541
61.7398
60.5914
60.0745
63.3874
65.272
65.9435
61.658
58.0906
61.7894
62.8003
63.0915
63.3032
60.2337
60.781
57.019
56.8101
60.2646
60.9849
63.5183
59.6908
54.609
54.4722
52.6136
53.9447
57.1298
60.7792
64.3749
63.6051
52.3958
44.9327
46.7366
53.6107
57.6834
51.7143
54.1932
57.7751
57.7301
61.6922
59.6107
57.4168
53.0181
56.1136
64.5245
64.6872
64.6977
64.5724
64.7228
61.0463
57.3756
59.97
61.8659
59.3542
57.6004
56.9736
61.2764
64.0533
64.727
64.5078
62.5763
65.1466
60.9013
58.2276
61.9944
62.5724
64.4288
64.9182
65.2507
66.324
66.8829
66.0415
65.3509
64.4164
63.0855
62.1427
57.1723
57.9945
61.9003
59.3137
60.9292
63.0955
61.8334
62.4493
65.3573
65.7138
63.4216
63.2071
60.6502
57.2836
59.78
61.8181
61.4402
63.8447
61.5764
57.4878
56.9849
52.6829
52.9521
58.0114
48.2963
47.2322
52.1785
55.4185
61.9656
62.9386
65.5115
67.0938
68.3691
68.1315
65.0576
60.8884
60.7958
60.5528
60.0817
60.241
60.1178
62.8733
66.4916
67.5562
63.7227
63.0756
65.703
64.3459
63.1253
64.3128
59.2944
58.6717
59.7639
59.363
63.9898
64.7186
64.3211
65.3488
63.8468
62.2258
64.6204
63.5263
61.7913
57.501
56.3396
63.0001
63.2031
62.9862
62.1833
62.6115
66.1026
64.5599
64.3046
64.4164
63.2431
65.796
63.004
60.7036
62.9683
62.0983
64.6517
64.2942
62.8141
64.635
63.9447
65.5394
65.7397
63.2811
64.8782
63.4296
60.2228
60.6208
61.8601
63.4055
64.8971
66.5668
66.3746
64.406
64.0656
61.0631
58.4744
61.717
62.5215
61.5347
60.6263
59.2505
64.2859
62.8634
58.2004
58.2462
58.7751
62.8832
65.7916
63.2551
63.3192
63.859
62.502
64.3211
64.0123
61.7074
61.8812
62.8733
63.0477
62.816
63.9018
64.9667
64.9308
65.3851
65.3766
63.9366
61.0594
59.8068
61.6409
63.3012
62.1446
61.6276
52.1105
50.5587
56.2177
57.6336
54.1624
49.8505
47.0943
47.0323
52.1676
51.1836
52.2534
55.209
60.1775
64.7438
65.1126
67.1862
65.4707
64.0861
60.0727
60.1558
64.7836
63.2971
61.5574
58.7199
57.1135
61.4024
63.8672
64.1684
65.3467
64.8319
64.0061
62.4415
57.7551
59.7746
64.8382
63.998
63.9693
61.7971
61.2407
63.9325
65.8025
67.9948
68.3807
62.8101
59.2557
61.2332
63.6294
65.2124
66.0153
64.6308
63.4075
63.6314
58.3328
57.6153
64.1478
65.0533
64.7794
65.1742
65.0809
63.2611
63.2571
63.6882
62.5391
63.908
62.9683
61.8888
62.0675
65.4279
63.9059
56.7279
59.1839
63.957
64.5203
66.2712
65.1827
65.6276
62.9802
62.7176
64.8004
63.3372
63.3533
61.9617
57.8419
57.4498
54.8486
53.6078
53.7866
48.1649
49.2465
54.8847
54.9617
55.0494
59.4212
55.437
51.3163
52.5555
56.8715
59.9341
60.5199
65.6254
66.1638
64.154
62.135
61.2276
63.0716
62.8022
60.1739
59.0284
59.7586
63.2451
67.2472
66.2888
64.7165
64.9498
62.5528
61.5839
57.9307
54.8276
54.18
49.2514
47.934
52.9017
58.8859
58.0215
57.7651
58.1886
58.2462
60.3573
58.4436
60.2991
63.0736
64.1704
67.7438
68.5848
68.1826
66.8427
67.7186
68.2198
62.7018
61.6029
64.6037
60.7718
59.4089
61.1172
58.971
58.0585
56.638
58.0248
60.7681
60.2265
62.4454
64.6412
63.0457
63.6254
63.7267
60.2228
60.6962
57.9509
57.1657
60.6079
63.4015
65.3595
65.7203
68.4533
64.5349
62.0983
62.3889
62.8417
64.1396
56.6316
56.1877
61.9099
63.1333
65.8827
64.2591
62.7195
63.9345
63.0477
63.0776
62.3403
63.5243
61.5574
45.9095
47.5703
64.1993
65.7873
67.4104
68.5424
65.9914
63.7938
62.8141
58.6132
58.2208
64.3563
65.7181
60.8291
60.27
63.4115
55.1542
55.2685
65.3061
67.0376
68.3107
69.3553
68.2617
67.4445
67.6293
66.4761
61.7761
59.0005
59.997
61.7856
66.8472
67.184
65.3253
67.1141
66.8561
66.1201
65.0195
64.6475
64.1046
63.0497
59.6979
59.8176
62.5586
63.0557
65.2082
62.6409
62.5313
64.6872
63.678
64.3087
64.5349
64.8866
61.8334
59.3789
62.3616
63.2751
63.01
65.4536
62.4259
61.1733
65.1402
62.9624
62.1002
58.5806
58.0181
59.8265
53.9636
55.1101
59.6356
56.5291
53.5003
57.2361
60.1956
62.1871
59.7051
58.6958
59.7925
56.2414
50.4987
48.9464
57.6801
65.2976
66.7289
67.9602
63.0517
59.5096
62.4707
59.6623
56.5691
57.8336
56.7924
59.5699
64.8866
65.4129
65.0089
63.2251
65.2231
64.1807
60.9905
62.4298
60.1178
59.8695
58.9258
59.1488
64.043
64.8445
62.3403
61.7113
61.8448
60.9886
63.6274
63.3272
62.6979
61.4893
57.3444
57.6701
60.4211
62.7077
63.4015
62.5039
64.3542
63.7796
63.1154
64.255
64.1108
63.9877
63.6476
61.4742
58.5257
60.4412
64.8004
62.6096
60.27
63.9468
64.9056
62.9921
63.1154
64.3956
64.7522
64.9857
60.3045
58.639
59.8498
62.4707
63.1772
62.079
62.0501
59.0912
61.9713
64.9963
59.3331
58.1108
61.5233
62.6861
60.015
59.6125
61.8353
61.8047
64.3252
62.4122
62.2471
65.5759
67.0017
67.0309
64.5995
61.6162
62.6527
62.5156
62.1446
65.1381
64.7752
61.862
64.1807
63.5082
61.1303
63.7064
64.0492
65.0512
67.563
64.2075
61.1565
58.957
55.1435
52.5541
53.7649
53.183
50.6316
53.0786
55.9331
58.732
62.1292
58.5617
53.2127
58.7976
67.6865
67.4059
67.4809
67.7966
64.4704
62.7136
62.6409
63.6011
60.9422
58.8876
61.0687
60.6741
60.9143
61.6922
62.6841
64.222
65.0787
59.2487
56.0365
60.0944
62.1504
63.3573
65.189
62.3228
58.2394
59.4902
63.2731
64.4413
63.743
64.2405
63.1154
64.6224
63.9407
61.078
63.1772
60.6851
61.0874
62.2297
51.4933
52.8541
62.3577
63.7288
64.3397
64.4725
65.6987
63.4015
64.2384
62.2491
61.6086
63.0776
57.7901
56.662
57.1429
61.0389
66.2888
63.1572
63.7857
63.486
64.5328
66.6311
64.288
63.5344
62.6292
57.006
53.3832
54.6015
59.5256
65.255
63.5566
63.1233
63.6578
64.1972
66.5735
66.302
62.588
60.4814
58.3908
59.4159
56.3698
55.5278
64.3211
64.5703
62.5371
65.0174
66.527
65.9283
63.4216
63.9468
60.9793
58.3243
61.4855
63.1492
65.4815
65.4215
61.3177
61.3158
63.3613
63.3312
65.3851
65.8783
62.3753
61.5366
60.8791
60.8809
62.7569
64.224
65.2678
63.7288
65.0893
64.4662
61.9828
63.9427
65.3253
60.35
53.5289
52.9984
59.5309
58.9223
56.2493
57.5275
57.1576
54.3523
54.3567
54.2623
50.8363
52.6067
51.2138
50.2601
55.6545
62.9327
67.7415
66.0589
64.6538
62.4883
57.3395
60.5254
64.1643
64.0923
66.5624
56.2715
55.9097
64.0964
63.2491
63.1473
63.3613
61.5309
59.4796
60.2519
62.6076
63.5082
60.7165
61.0799
59.8086
60.116
64.2158
64.6204
66.1879
65.5244
63.8325
60.6704
60.5455
64.7836
63.002
60.944
59.1279
57.1608
60.098
62.2626
62.5098
64.1478
63.6841
64.2735
65.1296
61.6694
59.7872
60.4175
58.3175
59.4212
61.7951
61.9867
61.8716
64.4164
67.9279
65.5287
64.9414
63.859
63.6821
63.9734
63.0776
60.2718
58.1074
60.7755
62.7333
57.402
56.2477
57.5523
55.8145
55.4924
56.0884
58.5086
58.04
58.1328
59.9934
58.5138
53.5949
53.736
60.7128
64.3521
61.7608
61.0948
64.9857
68.4697
68.5002
60.5675
58.8408
61.4383
61.6884
63.591
63.3493
64.1108
63.0875
61.493
62.8121
64.8719
64.7354
63.7857
60.3264
58.9084
60.2174
59.8766
63.0935
63.859
62.3266
64.8677
62.9049
62.0001
63.1812
63.3814
65.8979
63.1712
59.8838
59.9233
54.6508
54.2123
56.6043
50.9424
51.1391
51.1091
52.8164
51.6649
52.9563
63.7592
60.7275
60.4467
66.6134
68.835
67.9856
68.2571
64.7983
56.1545
59.2505
61.4893
57.8386
60.6171
56.815
56.7118
63.1532
66.1113
68.4182
66.6533
65.5845
63.3714
63.0477
63.0477
60.5767
64.6475
59.3542
55.6297
59.0145
55.6235
57.496
62.5704
63.7857
65.304
61.8372
60.2391
60.8532
62.6272
65.1933
61.3046
57.7417
60.3591
63.3935
65.0322
63.7491
62.5528
64.6601
64.2323
63.5344
63.3734
61.8257
61.6371
58.3669
57.6668
61.9023
61.5101
61.5555
62.9663
62.588
63.5768
64.6204
64.3501
63.3372
64.9182
64.5953
59.6908
59.3419
61.9003
63.5486
63.8447
60.8624
61.1789
63.4921
61.9809
61.2783
61.9598
60.145
60.2337
62.5313
60.6575
61.3027
63.6213
62.4551
61.7551
62.7215
63.3714
63.7633
64.9751
63.7491
63.9243
62.4298
58.0299
57.7084
59.3842
60.9069
64.5474
65.2635
64.1108
62.9465
63.6274
65.8501
66.4872
64.5161
46.2396
41.0796
54.9149
67.8173
69.1181
69.4517
69.4348
68.4275
66.8114
64.6705
62.8951
61.5063
61.8219
59.24
57.7551
62.7628
64.6935
63.5688
63.2451
63.741
63.8692
62.7156
62.6665
64.564
63.8712
62.9683
62.7451
60.8698
59.0179
58.3073
61.2051
60.3956
59.6855
63.1413
59.2031
59.5664
64.6475
66.5447
62.751
57.7301
61.7151
64.0225
63.2571
63.7024
62.0713
62.0675
64.3749
64.6998
62.8773
64.8004
64.6204
62.7195
60.098
60.3282
64.7312
63.2591
62.8141
63.4659
62.692
66.1989
66.0458
61.1247
60.4467
61.9656
64.0677
63.5405
58.7855
58.9501
63.5203
61.4798
61.3459
63.955
64.6392
62.383
61.4723
62.8397
61.3629
64.0841
59.8641
57.6784
60.7072
62.1292
65.783
66.4894
67.1366
68.3457
65.95
64.7605
63.3653
61.9118
64.1313
65.1742
62.7176
62.3014
62.4551
62.4766
62.4454
61.6447
62.7668
63.2771
64.1375
62.2432
60.6741
64.1931
66.4187
58.4061
58.1514
63.2891
63.4075
66.2427
64.0471
61.717
59.7782
59.0179
62.3364
62.9822
65.1699
64.9773
53.5332
50.674
57.169
63.4317
65.6556
63.012
64.5182
64.8172
65.0237
66.5735
63.7328
62.1833
59.5291
52.0048
51.2913
56.5467
54.308
56.4239
61.8831
57.1952
55.7227
61.0706
63.2651
63.3975
62.2316
56.5611
59.1051
63.0517
61.9732
62.7176
64.4122
65.1445
62.8437
64.6935
63.1094
62.2394
63.2411
63.6355
54.3154
51.2518
58.2937
61.7322
65.4686
67.579
63.6456
60.3428
63.0815
62.4278
63.5728
66.3945
60.0204
58.0097
61.9042
63.3392
63.6801
64.7857
65.3958
59.5628
56.7328
60.0348
63.6254
61.3779
55.5633
52.1907
52.2057
53.2325
54.751
59.7033
60.1196
57.501
55.4554
54.2564
53.8851
52.5445
56.013
61.149
61.5025
62.7471
64.0123
63.6213
60.5804
57.6302
60.6483
63.5465
66.2691
68.0967
65.3061
60.7829
59.6979
63.6051
63.9652
61.5934
60.4686
61.6808
64.7417
62.9426
61.9732
64.3583
57.2836
54.2285
57.7684
60.918
64.1622
65.1848
62.5645
61.3855
62.7963
63.3513
62.5724
63.6983
65.4729
59.8749
57.3543
60.831
63.2511
66.4121
66.0306
65.1063
63.7471
60.8439
63.7064
62.8101
63.012
63.48
60.3701
57.8369
58.7165
62.8555
65.0957
63.2171
62.3034
64.487
61.864
61.207
62.8022
63.0994
60.2882
57.8068
57.9391
56.6845
58.2479
59.561
61.1733
62.4883
59.6534
58.1869
55.9644
55.5895
55.1359
52.0156
54.401
60.7958
60.9217
57.4944
61.8984
67.659
63.8223
63.672
60.1504
53.1788
54.9934
58.4983
59.8534
61.8735
62.4122
63.8916
63.8978
63.8978
64.7857
65.2933
66.3086
62.7038
57.8152
59.1419
58.9484
58.2751
61.6884
57.3345
59.3014
64.8719
62.1176
64.1807
64.2839
63.957
64.4808
63.6456
61.3403
55.991
58.0585
60.4248
61.1677
65.3659
63.9529
63.0418
63.7349
64.3956
65.1593
64.4102
62.9763
61.0519
54.3803
56.3714
62.69
62.3675
