2.31382
10.5229
10.4523
8.43252
8.93783
11.9185
11.8328
11.5849
11.1544
10.8091
10.4793
10.6225
10.9548
11.5811
11.9857
11.8834
11.9065
11.5592
11.7425
11.7134
10.6901
10.5428
11.5316
12.1908
12.0349
11.8672
11.6456
11.7899
12.0168
11.9155
12.231
12.0963
11.8667
12.1297
11.9835
11.9377
11.9637
11.8268
11.9959
11.8274
11.8111
11.958
11.8048
11.9347
11.8241
11.3855
10.8244
11.3202
11.9279
11.7217
11.9793
11.8448
11.7756
11.9394
12.0624
12.0185
11.8005
12.0282
11.9486
11.8307
12.0241
11.7725
11.8566
11.8868
11.8345
12.0637
12.0135
11.9941
10.7986
10.6946
11.7035
11.8141
11.4867
10.4215
10.2464
10.2741
10.9485
11.8127
11.7056
11.9906
11.7831
11.7682
11.7301
11.607
11.6015
11.4659
11.8483
11.9165
11.6849
11.6757
11.8051
12.1131
11.0753
10.1661
10.8124
11.6312
11.6391
11.7669
12.1002
11.9959
11.9927
11.7472
11.6089
12.0349
11.8541
11.5283
11.6572
11.782
11.8443
11.8801
11.5744
11.5255
11.7096
11.4183
10.8188
10.0412
10.3049
11.392
11.5682
11.7202
11.6333
11.6567
11.8454
10.9497
10.5271
10.2479
10.7448
11.6583
11.7105
12.0011
11.528
11.3869
11.7086
11.8214
11.9357
11.4982
11.5257
11.3183
10.4526
10.285
11.1796
11.4749
11.2755
11.7123
11.4699
11.564
11.5827
11.581
11.9584
11.7521
11.7104
11.7368
11.6995
11.9677
11.8403
11.9389
11.8143
11.6312
11.8187
10.7733
10.4866
10.9328
10.7623
10.3123
10.5985
11.5782
11.8352
11.8349
11.6893
11.6433
11.454
11.6026
11.7166
11.4314
11.6649
11.1536
11.1538
11.6241
11.7279
11.6995
11.5535
11.8212
11.5786
11.0243
10.4138
10.6306
11.3432
11.4976
11.4799
11.4682
11.5923
11.61
11.6772
11.6453
11.4664
11.6487
11.7409
11.7887
11.3787
11.1315
11.1077
10.9509
10.7319
9.99395
10.1441
10.1554
10.0645
10.8657
11.4862
11.2776
11.0291
11.5994
11.5602
11.462
11.6091
11.5294
11.6082
11.4477
11.474
11.5521
11.6042
11.4978
11.4326
11.7317
11.689
11.6895
11.5542
11.5726
11.7094
10.9299
10.285
10.5267
11.1127
11.2846
11.4466
11.5609
11.688
11.6547
10.8344
10.7289
11.1963
11.1213
10.1429
9.92383
10.6799
11.3017
11.8382
11.7439
11.3983
11.0606
10.2001
9.87654
10.8636
11.6273
11.2519
11.2388
11.6324
11.6665
11.5282
11.45
11.6792
11.4941
11.5818
11.7394
11.5665
11.589
11.5755
11.6556
11.3218
11.2023
11.4273
11.1829
11.3074
10.8141
10.4101
10.2107
10.2297
10.1271
9.9409
10.6429
11.3606
11.9703
11.688
11.5903
11.5788
11.3743
11.3149
11.3043
11.4224
11.2943
11.4686
11.4039
11.3112
10.8912
10.3137
10.2106
10.2856
11.1586
11.4944
10.9915
11.2319
11.6098
11.6109
11.4203
11.3209
11.2782
11.3842
11.398
11.5737
11.7757
11.2665
11.3153
11.4714
11.4385
10.6958
10.0784
9.88445
9.81075
9.5903
10.0877
11.333
11.0801
11.2114
11.5048
11.3444
11.4237
11.4935
11.6873
11.4816
11.3623
11.3979
11.3311
11.1437
11.1172
11.3093
11.1891
11.3239
10.8015
10.2735
9.86407
10.0747
11.0456
11.0703
11.1665
11.3514
11.2903
11.2575
11.2752
10.5844
9.81248
9.77092
10.6114
11.5716
11.3163
11.3737
11.8168
11.8536
11.4346
11.1614
10.9855
10.2209
10.1687
10.3252
10.5824
11.0822
11.0405
11.364
11.0808
11.0859
11.3695
11.3458
11.2901
11.1646
11.2198
10.8857
10.8231
11.0491
11.2411
11.2575
11.2761
11.3477
11.2646
11.5671
11.1652
10.4242
10.2314
10.1649
10.2347
10.9348
11.5216
11.0218
11.1331
11.3422
11.1637
11.0914
11.0515
10.949
11.0362
10.9736
11.0442
11.3458
11.0896
11.2178
11.2117
11.2014
10.7848
10.0601
10.2269
10.6938
10.8976
10.8737
11.1322
11.1441
11.0998
11.1372
11.2203
11.3507
11.1836
11.2025
11.0135
10.8154
10.2297
9.78929
9.65773
9.9782
10.3276
10.1096
9.97914
10.0394
10.6856
11.0027
10.9671
11.1049
11.2687
11.1401
11.0536
11.3091
11.0425
11.0259
11.1174
10.8291
10.5439
10.8035
11.1166
11.0444
10.9651
10.8927
11.2257
10.8035
10.2192
10.0993
10.5553
11.0135
11.0702
10.8246
9.74892
9.73075
10.0615
10.4974
11.035
11.0125
11.077
10.9769
11.0933
11.0746
11.1598
11.1527
10.9273
10.0731
9.47194
9.70883
10.6399
10.9699
10.5166
10.7394
11.1403
11.3699
10.9202
10.9091
10.968
11.1176
11.2344
11.0689
11.4617
11.1892
11.0002
10.8385
10.8675
11.1679
11.0372
10.8469
10.5922
9.85722
9.87615
10.4644
10.8092
11.4295
11.2862
11.0484
10.5893
10.6274
10.9286
10.848
11.2343
10.7902
9.82072
9.37023
10.1488
10.9024
10.9308
11.0049
10.7022
9.80483
9.14219
9.91105
10.7799
10.5572
10.5471
10.9637
10.8779
10.8647
10.9716
11.1226
11.1751
11.0702
11.0901
10.8397
10.8584
10.3859
9.75791
9.82424
9.84965
10.2154
10.9532
10.0635
9.62413
10.1385
10.5012
10.5676
10.6597
10.8532
10.888
10.9579
10.9425
11.1094
10.8229
10.6743
10.4724
10.654
10.9472
10.8889
11.0688
10.776
10.4739
9.81532
9.408
10.1883
10.9218
10.683
10.5884
10.7852
10.8867
10.9015
10.7792
10.8344
10.7249
10.7552
10.9645
10.7073
10.5303
10.6263
10.8209
10.9954
10.922
10.5587
10.5741
9.89149
9.20403
8.94963
8.82196
9.63066
10.6361
10.8399
10.8807
10.9799
10.9964
10.8705
10.8153
10.9025
10.5144
10.6679
10.8937
10.7682
10.7208
10.9083
10.4632
9.63944
9.52027
10.1365
10.5409
10.3574
10.4218
10.5074
10.6412
10.6223
10.8118
10.7581
10.8598
10.9688
10.7418
10.4026
10.2184
9.79417
9.56242
9.68861
9.9614
9.85688
9.6493
10.1252
10.8718
11.2208
10.7117
10.916
10.6221
10.4454
10.6552
10.7478
10.6408
10.6703
10.9231
10.6631
10.5394
10.3963
10.6374
10.7277
10.7143
10.7355
10.6699
10.6168
9.90413
10.0039
10.5908
10.7053
10.6645
10.6938
10.7859
10.4883
10.2972
10.4552
10.5891
10.4884
10.3417
10.3076
10.6526
10.3711
9.84422
9.62557
9.37893
9.3527
9.19841
9.59661
10.4348
10.3783
10.38
10.3802
10.4732
10.4492
10.392
10.5509
10.4693
10.6922
10.5863
10.3706
10.4061
10.5365
10.4153
10.5914
10.841
10.635
10.5659
9.88851
9.43962
10.1889
10.6825
10.4267
10.5134
10.4704
10.5525
10.673
10.5718
10.3853
9.92226
9.86534
10.0785
9.77245
10.1242
10.6979
10.5192
10.5947
10.0344
9.24787
9.34885
10.2726
10.445
10.2931
10.4318
10.4908
10.5845
10.5544
10.6275
10.707
10.8799
10.7178
10.5565
10.2319
10.2895
10.5304
10.504
10.3831
10.4106
10.145
10.0107
9.35708
9.37212
10.2596
10.6159
11.0784
10.8764
10.9291
10.7807
10.8648
10.9891
9.33628
9.40146
9.8844
9.26462
9.57634
9.45837
9.70149
9.89374
9.31324
9.3928
10.2529
10.5496
10.1587
10.1229
10.4341
10.5714
10.4388
10.4504
10.3721
10.5081
10.3991
10.1992
10.2679
10.344
10.4158
10.4349
10.3898
10.3371
10.5275
10.3548
9.42925
9.29161
10.3094
10.1598
9.98258
10.2022
10.3223
10.2732
10.1992
10.4041
10.445
10.5498
10.3116
10.1243
10.2599
10.4552
10.403
10.3926
9.87333
9.29148
9.56709
10.2365
10.3338
10.0728
10.1945
10.28
10.1197
10.4336
10.5107
10.0003
9.94832
10.1175
10.4819
10.3313
10.1687
10.2253
10.288
10.3175
10.3708
10.0545
9.91675
9.93364
9.43214
8.92188
9.53212
10.4822
10.3586
10.209
10.1463
10.2097
10.1581
10.3624
10.3991
10.261
10.293
10.2347
10.0808
10.182
10.2532
9.81923
9.3054
9.83932
9.54089
8.9769
9.08216
8.89102
9.0256
9.49645
10.1063
10.1802
10.2136
10.4229
10.155
9.9945
9.98442
10.1821
10.2008
10.2145
9.37928
8.98049
9.72635
10.2618
10.3542
10.0639
9.96562
10.1039
10.2982
10.339
10.2031
10.1608
10.4009
10.2458
10.1059
10.0661
10.3249
10.2175
9.85644
9.88196
10.0952
10.1463
9.55169
8.97771
9.39466
9.83981
9.87737
9.95614
9.95713
10.0801
9.97312
9.33023
9.04683
9.59177
9.90796
9.81215
10.1263
10.2625
10.1499
10.0921
9.25296
8.60019
9.16981
10.0553
10.1978
9.86237
9.87216
10.2053
10.1544
10.2703
10.1649
10.1497
9.73843
8.86348
8.55805
8.64345
9.29355
9.93221
9.87718
9.77121
9.83458
9.30129
8.6488
9.10452
9.8889
10.1609
10.2167
10.18
10.0657
9.97461
9.90899
10.0149
9.87498
9.8955
9.85348
9.91773
10.1546
10.0965
10.0509
10.0379
9.19959
8.5143
9.0874
9.68903
9.71114
10.1063
10.2007
10.0887
10.0726
9.96497
9.97014
9.96964
10.1901
10.006
9.89771
10.3406
10.0147
8.8964
8.46149
8.76405
8.70341
9.25917
9.95352
9.91179
9.89634
9.96428
10.1832
10.2379
10.2078
10.0224
9.95312
9.89668
9.84703
9.87893
10.0954
10.1558
10.0959
9.75857
9.77297
9.522
8.90317
9.15453
9.47921
9.68528
10.0394
9.996
9.95193
9.93004
10.1047
9.83328
9.72129
9.8069
9.75729
9.97397
9.9973
9.76768
9.80186
9.91075
9.92369
9.40455
8.51093
8.24521
8.57159
9.45618
9.98472
10.061
9.99151
9.93725
10.0962
9.95917
9.89834
9.76505
9.67558
9.93562
9.90643
9.82555
9.93068
9.67445
8.94258
8.87796
9.3802
9.58249
9.71119
9.94411
9.96835
9.85513
9.86982
9.64492
9.86826
10.0014
9.96393
9.62742
9.45899
9.74573
9.98567
9.98717
9.7436
9.43289
8.84811
8.77559
9.26574
9.46016
9.75995
10.0074
9.93438
9.92856
9.8802
9.72502
9.76029
9.7995
9.72711
9.79159
9.77455
9.71931
8.97997
8.75584
8.34766
8.31736
8.58152
8.84248
9.5858
9.67067
9.75576
9.96502
9.95367
9.98014
9.72834
9.62066
9.81894
9.79259
9.8327
9.84538
9.9029
10.0014
9.95164
9.58561
9.50724
9.57249
9.5898
9.74896
9.6933
9.81923
9.75577
9.73459
9.79696
9.87576
9.91193
10.0113
9.70888
9.50439
9.7996
9.82777
9.87128
9.48767
8.70822
8.58487
9.47849
10.0459
9.78679
9.63289
9.79989
9.92457
9.65992
9.62302
9.78373
9.83014
9.56654
9.30332
9.28363
9.54153
9.78344
9.6694
9.58805
9.6201
9.28367
8.57276
8.932
9.59605
9.52676
9.71157
9.89266
9.9684
9.95456
9.82613
9.56288
9.63507
9.72819
9.75448
9.85246
9.87645
9.85897
9.39554
8.53807
8.60463
9.57433
9.8201
9.43721
9.502
9.84931
9.81263
9.997
9.97427
9.8911
9.62038
9.52213
9.87825
9.59449
9.3382
9.52594
9.84746
9.91827
9.34859
8.75791
9.0082
9.64846
9.48357
9.49203
9.70921
9.6872
9.81051
9.7844
9.66987
9.72701
9.78991
9.39717
9.22565
9.65787
9.77966
9.70031
9.49127
8.83892
8.71224
9.45618
9.5215
9.29476
9.57616
9.82453
9.77044
9.87362
9.77684
9.66852
9.68312
9.67357
9.73881
9.51072
9.33049
9.83787
9.82584
9.52748
9.72162
9.03804
8.52675
9.13885
9.63646
9.61113
9.67511
9.61631
9.67651
9.72758
9.74331
9.73525
9.87425
9.75362
9.56979
8.93076
8.24042
8.89106
9.72602
9.57776
9.12604
8.69452
8.92351
9.42929
9.58768
9.65288
9.59141
9.67286
9.79523
9.64134
9.44604
9.51181
9.29264
9.25172
9.48857
9.47584
9.55292
9.31971
8.39215
8.81515
9.66216
9.43739
9.36746
9.33973
9.39938
9.50955
9.61719
9.55128
9.66132
9.62598
9.53716
9.40906
9.39311
9.48285
9.63025
9.78053
9.63117
9.12834
8.61683
8.4488
8.93983
9.29852
9.36808
9.48785
9.39002
9.23442
9.41022
9.59711
9.36338
9.27743
9.39338
9.37203
9.39598
9.53362
9.38923
8.75431
8.35809
8.88466
9.42658
9.24471
9.19938
9.34008
9.52027
9.42867
9.38593
9.3057
9.27726
9.29735
9.33328
9.2866
9.3541
9.45868
9.40203
9.39073
8.7892
8.28044
8.44035
8.85967
9.23122
9.40513
9.38919
9.28557
9.32836
9.38188
9.43681
9.51565
9.61654
9.37462
9.34955
9.09806
8.83876
9.21765
8.2672
7.92914
8.07715
8.08679
8.79523
9.54344
9.46943
9.22088
9.36483
9.39894
9.34536
9.3813
9.08554
8.87768
9.27093
9.24684
9.31541
9.54763
9.52313
8.65778
8.45294
8.99681
9.20827
9.27467
9.10768
9.07717
8.95403
8.81426
9.05096
9.50747
8.97348
8.93212
9.14947
8.94783
8.89557
8.99766
8.76037
8.34805
8.419
9.02486
9.39196
9.28195
9.46499
9.40796
9.29446
9.30743
9.27115
9.10801
9.21595
9.05502
8.99123
9.01742
9.04384
9.23254
9.18704
8.56344
7.96137
8.6423
9.27618
9.14796
9.37629
9.57983
9.60638
9.51588
9.34593
9.33702
9.27614
8.93491
8.90968
9.39616
9.45349
9.23114
8.67894
7.98674
8.48252
9.22909
9.05592
8.96572
9.25292
9.27846
9.40393
9.19972
9.02788
8.98481
8.97843
9.07346
9.12884
9.39686
9.16187
8.86379
8.46027
8.19622
7.69186
8.1591
8.92845
9.03208
9.37805
9.37089
9.37291
9.41487
9.45707
9.35196
9.25125
9.0409
9.23493
9.3009
9.29951
9.27394
9.1599
9.0533
8.50553
8.07116
8.52188
9.16175
9.09293
9.2191
9.39395
9.36216
9.26158
9.27192
9.18215
8.89743
8.94454
9.21791
9.11935
9.31958
9.16754
8.52163
8.14084
8.68436
9.13885
8.06042
8.02353
8.39937
8.90206
9.43187
9.29001
9.17734
9.03473
9.1323
9.25305
9.17074
8.98392
9.09583
8.15445
8.25498
9.34182
9.30518
9.06507
9.13918
9.07495
9.04613
9.21625
9.16662
9.07536
8.91456
9.07725
8.85814
8.97727
9.2904
9.34431
9.30531
9.32327
8.63461
7.83896
8.23971
8.82488
9.1129
9.27356
9.27665
9.20815
9.13626
9.2236
9.24039
9.01408
9.12854
9.13104
8.99305
9.04192
8.83568
8.37938
7.86275
7.95371
7.86903
7.99808
8.79581
9.14123
9.17343
9.15457
9.08001
8.94646
9.03783
8.9312
8.76793
8.79848
8.90904
9.05113
9.02486
8.19011
7.53631
8.08038
8.59328
8.95423
9.03285
9.03608
9.15382
9.04912
9.05219
9.13588
9.18177
8.81791
8.90639
9.08397
9.05822
9.03424
8.76981
8.05633
