8.42559
80.7428
80.3536
70.6764
73.9973
85.8701
78.6473
75.643
78.638
57.7151
53.0068
71.8236
65.9261
62.8121
76.4526
55.1968
50.7331
60.8606
58.1041
59.8982
54.6179
54.4736
57.8035
58.3005
64.317
53.4074
33.9755
40.1598
76.0312
21.5924
21.1425
74.8447
84.1043
86.0956
87.6962
75.4489
73.8389
84.8968
82.247
80.4085
77.4204
77.0208
85.9033
80.8898
68.3784
72.7484
80.9127
77.0891
77.7605
74.8447
77.0297
82.0479
73.6513
74.4907
81.656
84.2957
87.4546
89.222
88.6957
85.1607
85.8922
80.7885
80.8604
80.4246
77.9089
87.0284
86.798
82.3757
85.4555
85.8959
84.3064
88.8099
84.2354
79.2456
81.5761
85.5066
85.4007
77.7091
79.1327
87.2334
87.6501
85.7817
86.218
86.8885
86.7679
86.8319
86.6814
89.7304
85.2079
80.3536
87.222
83.3889
81.4266
84.7494
83.8785
77.0713
75.9907
84.1751
85.4482
89.0948
88.8968
84.6274
84.5773
85.3606
88.2106
89.7787
89.3495
85.9513
85.492
81.88
82.4606
88.5426
83.5247
82.0513
82.2639
83.1912
83.7381
85.6091
88.2846
85.4482
87.321
92.7644
92.9325
88.7193
87.9894
86.0659
87.2182
84.7314
84.2993
87.1194
84.6955
82.8603
83.4237
86.7491
85.9882
85.6898
86.7378
83.4376
83.9419
88.3783
85.3825
84.8896
87.4355
85.0666
81.7361
82.6378
77.6428
76.6695
77.2947
77.4984
82.8672
86.04
86.2962
87.3668
90.2486
90.1469
88.7824
86.1586
83.4899
84.0795
86.479
88.0088
83.9454
84.6059
86.3595
80.5607
79.067
85.4847
88.269
84.1184
85.8332
88.7548
91.0747
86.9301
81.8297
84.9798
89.2419
90.9339
88.6211
88.8849
82.5457
81.2777
89.7344
84.85
77.4833
80.5672
83.6295
82.021
83.626
88.7311
80.1925
73.8362
79.4913
76.1557
73.635
75.6487
81.7628
77.679
71.8675
73.9071
67.8725
71.0252
78.7774
73.1288
78.5238
90.5551
92.4001
92.0006
91.3242
90.42
87.0587
87.9701
91.7347
93.2227
88.5347
84.4523
84.4702
78.8457
81.3438
87.5197
85.9956
83.9948
83.8539
91.1079
89.1703
85.6091
89.4015
86.6101
84.5702
86.8772
85.5725
86.7604
79.1922
78.9578
81.5195
66.324
71
88.1407
92.1107
93.8835
92.0895
90.269
88.9363
85.1245
86.3334
88.5387
85.9697
89.7384
88.199
83.4794
86.2776
84.1999
75.3182
72.3432
77.6578
85.0593
88.4525
89.6379
93.2184
92.8074
84.5916
84.0371
88.7587
89.7102
86.4865
84.8176
86.423
84.4666
86.4977
83.316
78.1769
78.1861
82.9119
86.8357
89.067
88.9284
86.0178
86.6101
84.6131
84.9005
85.8811
74.5323
71.7489
82.3655
85.5725
83.3403
81.4299
77.5284
80.186
86.9376
85.4445
86.5389
84.1928
81.8096
86.3111
85.3643
86.8659
88.8494
79.8308
83.1324
92.3873
85.5213
79.8786
81.2876
80.3923
73.7708
71.3369
72.8704
73.9044
79.0608
84.8428
78.8053
75.5972
75.7834
65.6685
68.2361
78.796
78.416
76.3504
74.6241
74.8503
77.8331
84.3348
80.5997
80.4505
81.9672
81.1063
81.8599
79.6813
82.2335
84.4345
84.2496
87.5465
88.8099
88.3705
89.2061
88.1562
79.139
78.5855
85.5652
89.6138
84.8752
82.778
89.658
88.2963
88.0553
88.9878
89.3535
88.0747
85.5213
89.1583
91.8864
90.9339
87.8426
85.7376
79.7925
67.3219
70.5716
81.3273
83.3229
87.1194
86.3782
87.4699
86.6927
86.0696
87.9508
86.8734
87.1232
87.9005
87.4164
85.2988
79.8563
73.6214
70.3087
67.0511
67.9025
69.1013
70.9824
76.9408
71.6872
69.891
81.9437
81.7261
68.1037
73.8662
85.4664
83.7591
86.7566
86.6138
82.1558
82.0143
85.2261
82.1625
80.7885
82.9841
86.3372
87.858
84.8428
82.3011
81.89
80.5153
83.7276
87.2943
90.6002
87.3477
80.9684
79.2739
80.6159
82.7609
80.4699
80.1089
85.6348
87.6002
84.1043
84.9798
86.1995
88.2807
88.1951
84.6059
85.7596
88.1135
84.9041
83.4829
88.3705
90.3996
83.5422
78.1647
80.4602
83.091
85.0051
86.192
85.408
87.4508
88.098
90.2405
89.2738
89.5696
90.9711
84.5559
77.3066
79.4723
88.5308
86.1401
81.5395
84.6418
81.4166
78.3208
81.0209
88.4604
86.3297
83.3681
89.1504
84.1184
85.1499
87.7809
82.9187
82.0917
85.3315
89.0948
88.3626
87.0246
82.7746
83.0461
81.1721
77.6397
82.7883
87.0891
89.0353
89.1424
85.2878
80.2311
82.9359
87.1878
86.1549
85.2224
85.3643
86.704
85.6971
78.1219
78.4006
75.523
74.2032
83.4376
85.1644
86.9679
87.0208
87.0511
90.6577
89.0512
86.6514
85.2079
83.6505
82.778
85.3934
86.1883
86.2552
88.1562
87.1954
76.3679
64.7773
72.6032
83.4028
84.674
90.5141
89.4095
84.3526
83.8961
90.5223
87.9314
84.9293
87.3897
87.4776
84.814
75.4318
70.0648
75.4603
81.1589
84.2779
87.4393
79.8371
77.5314
83.7205
82.8123
82.6651
78.5268
78.0701
80.4732
75.749
75.6573
72.6348
64.6517
68.3223
75.9994
79.5513
76.6548
74.9794
78.6906
81.2744
76.6342
78.4037
89.5015
86.0326
87.7693
89.5416
89.0353
76.6577
67.4536
69.9423
77.7938
85.7706
87.1232
85.4482
86.0289
89.1782
83.8645
86.2962
88.7548
87.1422
87.7116
82.0143
85.0666
88.1484
78.9827
71.5026
75.2559
83.1912
86.8244
90.74
91.2118
90.269
87.6079
80.7657
84.1857
85.9513
83.9243
85.8738
84.9834
85.6421
88.2535
89.4734
85.2079
82.4606
79.7035
79.8371
86.9641
89.9442
89.5095
85.1789
82.2504
87.1574
86.1586
82.85
83.9384
86.2738
86.9603
87.9314
91.3451
88.4017
80.5542
76.7077
73.635
75.7346
83.8012
87.9237
89.2499
88.032
87.1384
88.7311
87.2296
83.4167
86.5763
87.2715
87.0246
90.8224
88.032
84.6525
79.384
78.7185
85.0629
84.2708
80.1186
85.3024
83.8223
79.0014
84.4559
85.6641
83.7346
85.6641
86.7679
83.3785
85.5176
88.8533
82.6241
79.466
82.3181
84.9798
83.0289
82.631
87.1764
84.0442
83.0461
89.4055
88.4017
84.2034
83.0806
87.0171
88.5897
76.9083
75.6315
84.5952
81.2579
81.9907
87.0587
78.5885
78.1769
84.4096
78.8457
74.7803
75.2304
75.6773
75.815
74.5907
77.5946
81.6927
75.5258
76.9527
77.9757
73.0194
72.8067
75.6172
82.5491
84.2602
77.5645
73.7762
77.9393
84.5738
77.3156
76.6049
82.0412
64.7983
68.8824
89.1305
85.6458
79.7289
78.9952
85.6751
85.3133
86.1141
90.2527
89.3256
87.9778
90.6824
92.2084
87.6155
87.3439
87.0284
83.5282
83.1843
82.3961
83.5911
79.5577
74.0466
75.171
79.5102
81.8699
73.3595
71.3165
80.3955
78.2809
75.0356
80.3181
85.5176
90.3465
87.916
85.4226
87.5159
89.8876
82.7678
80.3859
90.2201
88.3197
86.9565
93.2836
93.2184
86.6288
83.2778
86.8357
89.222
75.7691
69.701
74.4657
73.9645
77.3694
81.1524
66.1485
59.8785
62.2917
68.0596
82.2504
88.1329
88.5112
91.3451
91.0001
87.6079
83.9067
79.4849
84.076
90.6043
89.067
86.0882
86.4155
91.0208
89.5175
85.8001
86.8018
85.6861
87.9275
93.6593
91.8316
90.3873
89.1583
86.9527
85.1861
86.0993
87.5274
87.5503
88.7311
85.9734
86.2924
82.1187
78.0945
81.0767
83.5806
82.3181
82.6856
84.2566
84.2212
84.6238
86.6664
87.7231
83.6225
80.3891
77.2231
78.7216
87.0663
87.2638
79.2016
80.9323
84.7027
82.9256
82.203
83.5422
84.9582
84.317
86.8697
86.5015
85.2442
85.8811
82.5764
83.9913
85.9254
87.0057
90.629
87.1042
81.2942
80.0608
82.6515
81.5129
78.8706
86.1364
88.5818
74.7189
75.4973
83.4237
82.59
88.4643
85.11
80.8832
84.2886
86.9036
84.1963
82.991
83.0323
82.7369
85.1499
87.6271
87.4279
85.034
85.6091
83.661
83.9913
86.8357
88.1718
88.5779
88.3939
87.3591
84.969
86.4678
91.3576
86.9527
76.8462
76.9497
84.674
86.6439
87.0171
85.081
78.0884
80.9913
87.5197
88.6289
86.4566
85.9919
88.2418
81.9672
80.4667
79.783
67.8817
69.2329
86.3595
79.7289
71.7309
78.7867
86.5951
79.1985
77.4683
88.6368
89.1146
82.8638
79.5577
85.1245
85.5652
82.464
74.8307
62.5469
65.9565
75.0469
74.3771
78.734
87.8928
86.0511
83.5352
85.9882
90.4241
91.0788
88.6643
88.9561
86.6814
88.2184
89.075
86.6701
77.9666
73.8552
82.247
88.8928
78.7061
78.0214
84.0336
77.1724
78.0214
82.4198
85.8111
89.666
88.9838
86.8546
81.9034
81.2117
82.6378
78.5176
79.9744
85.3206
87.0284
86.4304
86.4865
89.6097
86.783
83.4063
84.4559
88.523
86.4865
81.2315
83.0841
85.6531
81.3968
74.9008
81.5761
86.6251
79.0201
81.616
85.5652
85.4664
89.5857
91.0125
84.4096
82.0647
86.1326
78.125
71.8985
76.7843
77.6006
73.3218
72.6085
72.317
72.372
74.6213
73.711
72.4874
76.9201
77.0832
76.5667
81.8197
79.3021
77.5524
82.1929
84.4702
81.5262
78.9858
79.8977
84.0937
86.0844
84.8176
87.5465
86.103
85.5432
85.9845
86.5651
86.3222
84.8932
86.4491
86.2552
87.2068
90.905
86.2738
76.1209
72.8253
79.9265
89.6821
82.2774
82.0749
88.0282
87.5005
88.8297
89.2897
88.1135
87.9198
90.2446
90.6742
86.7641
85.306
85.8406
78.2258
70.4101
75.2049
83.6855
86.7303
86.4528
87.3744
89.1981
82.8226
83.022
81.8867
81.0077
86.5464
91.8485
94.9983
85.6384
83.4411
86.2366
79.3871
72.8943
79.0201
79.7385
78.5731
85.8811
86.9943
88.8415
87.0474
87.535
91.76
86.192
83.5806
88.4056
89.8473
84.8716
83.8223
87.0701
81.716
72.1475
76.2689
87.677
80.6744
82.7575
86.5052
80.0416
75.8294
77.4353
78.0945
73.3541
71.8701
73.6947
66.5358
70.4647
79.1766
60.2246
58.3124
68.533
74.2087
85.5908
85.5578
84.8608
93.5191
92.0344
87.5312
86.8885
86.5426
83.8645
82.4946
87.7925
85.6238
76.1093
77.0891
76.2602
75.6458
81.5561
86.4006
90.6618
90.9628
87.6808
86.8961
85.8111
88.0359
93.0103
86.2069
81.5096
86.783
88.6407
85.1752
80.3697
80.9553
77.2171
76.4497
82.6754
85.9734
86.04
83.1048
88.6171
88.6446
86.6101
89.3815
86.2924
84.1255
83.956
87.2296
86.2627
84.8104
88.5779
81.9303
79.4881
78.5885
82.4266
82.573
82.1659
91.1037
88.3314
88.9047
88.7469
87.8619
85.8443
79.583
80.1218
85.6164
83.9772
73.2306
67.245
65.5115
70.9673
76.6401
81.6793
90.6659
90.0252
88.4134
80.6517
80.5899
82.0075
74.0357
72.7193
76.3534
75.9273
73.1663
71.5948
72.3563
72.3484
69.4348
69.4855
74.8951
82.3181
76.9083
69.7204
74.8587
77.4713
72.5111
69.377
72.9288
79.0326
78.8364
75.9417
74.8811
78.3423
74.5212
75.5972
84.3277
86.3744
85.4153
84.2673
90.2364
90.9298
85.4555
83.6925
85.2806
89.9807
84.6668
78.4283
82.0479
84.6167
81.6527
84.6561
87.2334
82.1085
84.0018
87.4202
85.2115
86.2292
86.3446
85.966
83.9278
84.6848
76.2486
76.5404
81.5228
80.3891
81.6793
79.5545
77.6488
76.9882
73.3999
74.0028
84.1361
88.2535
83.4307
81.6393
88.5152
86.7604
81.3901
79.5862
81.1754
72.3615
68.8113
81.6527
91.7053
92.9973
94.1442
87.7078
84.0583
83.8961
80.0641
84.6095
90.8595
88.7705
86.7754
87.8503
87.1308
84.4773
87.0171
83.8574
79.8435
82.4708
85.9513
89.2618
88.4056
87.858
88.4173
91.1702
80.2697
78.0396
89.071
88.968
84.7745
86.3222
90.9959
88.8178
86.6701
82.1929
82.1693
78.1433
77.9727
85.2515
83.7802
84.1468
82.6856
84.023
84.0831
81.6827
83.0392
84.2176
84.1751
87.0474
91.0415
82.6754
80.0769
86.0326
76.3184
75.1061
86.0956
89.3575
84.9618
84.076
88.5426
88.8257
88.1679
85.7743
86.1364
87.6194
84.969
87.2829
89.7223
85.3789
82.4232
81.3537
82.1288
82.4878
84.9005
86.5876
86.8244
91.8569
90.7894
88.8178
87.8233
83.5387
83.0841
83.3229
83.8364
86.0622
87.8812
86.6664
85.1607
84.8356
79.5988
76.2311
81.4764
83.5666
85.3971
91.3659
88.0708
81.0438
81.1589
85.8885
79.3053
82.6754
89.4975
83.949
85.2624
88.3158
86.6701
79.4376
80.1507
83.1013
77.3814
79.7035
85.8553
83.9278
85.8222
85.6825
83.5562
83.5352
80.2729
83.7416
83.6225
82.2064
84.7781
84.3064
80.1089
80.3471
89.3895
88.8218
85.1644
83.2189
85.2588
90.1104
86.9716
87.1004
86.4155
81.596
86.8659
84.4737
82.4266
86.0289
85.6861
85.9476
84.7242
82.1524
78.1036
75.1823
75.8236
82.8466
87.2144
88.5779
87.7116
85.8627
84.1645
80.5542
84.6597
88.2029
86.1512
87.4585
84.3277
77.4054
78.2105
87.5503
89.0472
88.0747
87.7116
81.7929
84.5559
84.8356
83.7626
87.4355
78.2014
69.7861
68.9227
70.2642
75.1033
73.9016
69.3698
73.0407
78.5824
69.5169
68.9608
84.2531
78.9796
72.0773
79.1703
80.88
81.9101
84.5201
83.6016
79.6052
75.6974
79.0139
81.5761
76.4555
79.1515
85.5322
80.2118
84.7925
90.1063
89.1464
83.1428
75.4802
76.9734
77.8362
80.8734
80.4959
74.2143
72.8783
76.3126
75.7088
80.5185
93.2879
95.2835
92.898
92.2041
91.3325
90.1591
85.8406
81.6493
84.7458
85.4117
85.7155
87.0966
87.1004
85.5322
80.8996
75.9446
78.8675
89.4374
92.9887
90.8843
85.2333
83.6155
88.129
87.6616
86.4006
85.7633
87.3362
86.1104
84.9005
91.3034
88.2379
81.8666
88.6525
86.0548
71.8856
75.4489
87.5388
86.2403
86.9225
88.6289
87.8272
85.1752
84.3917
84.2922
83.3125
87.108
89.1663
89.674
86.8093
85.4847
85.9328
75.0582
72.4244
82.8775
87.5848
83.9384
84.8536
90.551
85.8627
84.3597
88.4212
90.5387
85.4372
83.8539
88.2729
87.4393
82.7267
69.512
66.0393
74.3135
81.3968
87.5964
93.0969
91.6548
90.905
89.823
83.8891
81.7461
87.1612
89.214
85.0702
88.3705
89.2379
88.3509
90.3016
84.7242
62.8674
64.0615
82.5764
83.0254
85.3097
86.218
