10.5464
135.962
128.824
92.898
101.616
159.49
165.618
165.276
160.218
147.482
151.837
167.87
120.773
55.8082
50.6958
70.7189
92.383
136.175
137.893
106.638
65.8415
75.375
129.997
123.183
123.847
126.31
134.88
159.35
126.863
100.432
90.4568
108.237
147.831
156.949
111.719
104.335
107.677
112.001
148.931
144.802
159.681
171.424
166.903
155.63
153.775
104.075
99.4233
127.024
120.824
123.885
134.789
147.124
162.351
180.717
182.916
173.461
145.9
26.0675
26.8377
158.818
147.558
165.741
175.009
177.557
177.762
167.308
154.048
147.798
113.001
81.3041
102.391
166.556
169.248
176.975
177.604
179.808
165.769
169.09
166.931
147.678
161.93
153.457
150.365
147.525
150.038
173.958
163.332
172.043
183.722
182.498
185.856
176.803
174.186
163.787
156.323
169.362
180.489
183.537
179.372
176.227
166.611
157.679
144.217
152.3
174.795
161.799
161.695
174.171
179.003
174.871
160.849
157.208
155.824
157.891
156.642
155.8
142.491
146.113
173.445
171.984
175.871
162.628
156.678
174.459
170.329
166.847
164.096
151.999
155.654
164.718
160.09
169.162
174.52
167.015
169.477
162.986
169.062
169.549
162.602
168.734
165.92
166.003
162.18
164.393
160.09
152.358
166.987
151.941
139.014
140.223
151.114
166.237
167.898
156.482
154.595
174.535
183.84
179.549
166.514
176.18
183.621
152.184
152.858
161.147
167.983
166.792
163.626
180.164
168.152
162.76
158.755
159.732
169.076
162.009
160.578
163.292
152.149
150.297
154.285
161.46
138.055
119.432
143.565
160.927
166.611
179.437
167.94
164.514
176.85
174.277
156.47
171.527
177.51
159.987
158.479
156.937
167.406
175.948
171.248
178.859
172.548
168.025
178.843
176.414
171.013
170.547
166.778
152.172
163.279
174.322
154.763
150.761
161.394
180.164
142.056
127.47
135.345
153.386
167.336
159.834
141.743
130.166
142.045
159.185
181.785
167.098
155.751
153.87
153.846
154.715
169.779
190.313
167.898
153.905
153.834
157.443
179.051
180.571
162.999
157.555
158.353
159.987
160.875
152.823
167.056
189.988
128.403
119.097
158.541
172.563
162.088
159.49
171.659
168.805
166.348
164.325
167.757
175.84
173.974
166.82
172.102
176.585
169.148
170.488
170.416
172.488
171.851
169.291
173.476
157.035
156.189
168.606
175.039
177.762
153.516
154.859
170.488
178.126
160.966
145.539
160.179
143.678
141.593
158.718
165.728
175.377
163.106
156.703
164.46
165.044
162.747
173.626
166.889
167.842
182.199
171.585
156.384
148.898
164.217
172.414
152.94
164.19
182.315
174.08
157.604
154.559
166.072
172.801
179.372
169.506
161.786
153.787
156.777
165.686
158.73
135.227
133.458
160
163.814
162.219
163.572
163.332
122.858
114.982
141.794
153.976
157.381
152.66
162.101
160.539
150.365
143.833
141.924
146.06
157.468
158.328
145.117
127.885
140.174
167.631
164.123
158.945
170.358
191.077
171.733
163.172
164.123
157.679
142.653
148.555
164.799
168.138
176.616
162.153
160.565
156.14
162.404
174.81
154.024
162.245
171.733
163.867
166.182
171.38
184.536
193.237
175.932
151.872
159.198
171.851
160.179
166.293
176.351
181.703
140.934
137.864
170.78
166.75
172.34
169.248
172.265
138.475
123.289
139.179
150.625
157.965
157.53
165.057
163.066
157.097
160.411
163.132
158.253
163.975
179.533
175.009
168.449
177.164
178.907
159.859
166.597
172.906
158.642
168.89
171.101
173.325
186.585
160.668
150.523
158.441
167.968
179.824
165.153
170.678
170.445
160.746
150.659
145.444
158.655
164.393
169.736
176.351
170.896
162.813
170.054
181.242
179.711
161.121
156.495
168.393
166.196
163.145
175.593
177.636
170.896
160.244
157.406
168.848
174.307
171.63
168.393
174.201
168.478
169.952
171.807
161.381
167.098
165.851
165.276
178.11
162.92
147.21
147.831
163.827
157.766
156.507
165.235
157.48
170.721
162.588
164.867
178.603
161.551
148.203
159.096
170.082
171.365
174.004
162.853
167.49
180.538
168.976
170.068
162.219
159.566
178.555
172.161
155.388
152.393
169.592
171.233
166.293
161.943
157.072
144.907
140.776
160.591
168.435
168.322
160.539
155.69
164.271
172.488
178.603
169.607
167.701
174.307
166.03
169.205
132.205
130.608
168.393
168.265
159.834
144.103
152.404
174.277
181.028
179.711
173.521
163.252
153.175
156.85
169.621
170.184
172.265
174.657
147.612
153.799
156.201
147.58
151.297
151.286
179.743
165.686
146.081
157.629
172.429
177.762
174.277
165.604
163.626
167.898
171.91
175.316
165.18
161.251
163.239
159.936
163.599
173.22
173.989
166.639
163.359
175.162
141.363
123.701
153.139
166.875
155.243
154.56
160.359
126.598
115.453
149.321
167.771
163.666
175.932
169.133
163.867
168.364
165.714
159.324
157.99
144.707
136.565
150.444
160.655
170.488
163.76
157.085
168.464
176.913
173.913
169.952
172.399
176.243
179.003
163.292
140.617
153.057
164.785
151.953
152.52
145.349
142.806
157.766
174.474
175.162
171.556
168.748
166.778
157.542
159.579
172.741
173.19
171.321
164.853
169.276
173.702
173.37
174.749
165.303
171.086
175.469
160.759
161.212
172.236
170.126
167.308
174.444
177.92
170.025
163.747
165.003
166.5
152.929
155.267
159.324
146.638
158.04
153.292
155.183
164.718
158.541
162.127
162.747
166.847
169.996
174.886
162.496
149.51
146.049
151.953
169.607
168.762
173.671
175.055
175.562
176.336
161.76
163.881
164.582
163.252
163.975
173.085
182.665
163.639
143.916
152.3
170.969
130.651
130.056
145.698
136.379
144.886
151.446
132.864
122.835
139.412
146.284
146.563
163.026
159.872
132.635
132.608
158.68
160.141
144.917
161.93
157.394
154.321
159.464
153.186
163.345
176.757
175.269
153.492
155.715
162.813
167.182
150.705
155.207
158.278
150.365
166.127
156.152
164.853
161.057
157.816
161.564
149.544
156.384
167.182
176.382
177.336
167.14
150.342
150.67
165.017
168.18
177.462
163.586
130.183
125.478
143.379
153.198
151.63
147.493
154.024
147.406
146.509
161.031
163.827
173.175
172.995
164.541
166.694
164.015
169.019
175.623
169.592
164.393
162.509
155.4
164.123
172.966
171.292
179.372
165.714
155.581
163.532
177.478
169.635
165.071
182.498
186.081
170.503
167.434
167.21
171.585
177.667
177.667
179.131
172.013
164.921
159.77
163.908
169.664
157.208
150.636
137.874
135.217
142.684
156.433
183.402
175.654
172.473
170.59
171.174
178.939
173.506
159.261
163.332
178.301
158.73
151.172
164.718
171.013
173.1
165.426
170.169
152.555
149.522
171.571
180.05
170.969
165.755
182.882
159.808
143.174
149.231
163.492
167.954
158.428
147.601
138.648
148.954
161.264
168.053
166.583
172.384
178.285
154.967
162.298
175.346
178.699
172.34
141.273
151.114
181.868
187.389
177.936
165.44
174.459
173.943
170.474
161.838
158.428
167.49
170.314
171.748
166.472
170.648
171.556
172.831
182
142.674
138.947
166.987
166.611
159.706
154.524
161.147
172.801
170.692
156.875
169.477
166.75
167.364
185.822
170.634
167.154
167.87
161.734
165.358
168.294
169.88
173.958
174.596
163.452
169.391
178.079
165.536
172.369
170.59
171.777
171.6
165.18
163.787
146.21
159.046
170.721
157.085
156.213
164.745
176.538
165.59
164.663
176.18
182.482
175.67
172.369
176.445
164.123
164.962
172.712
171.35
183.705
160.927
130.839
138.947
159.795
163.425
164.298
166.099
156.067
165.371
178.126
172.786
157.48
154.095
177.525
171.807
161.16
165.549
137.09
141.653
173.355
170.634
168.962
161.525
162.84
173.928
168.748
159.477
171.218
167.631
158.856
162.088
173.913
170.372
161.394
175.239
176.165
176.46
178.428
173.641
173.656
164.935
163.252
166.168
176.725
179.565
162.311
168.648
184.179
178.747
164.487
158.065
158.945
154.012
141.004
120.635
114.646
137.779
166.099
161.134
163.399
148.655
144.175
163.052
167.182
173.717
175.116
165.371
163.452
168.848
163.921
167.926
172.176
170.853
172.816
156.335
149.042
144.707
150.139
176.538
166.625
154.285
161.917
157.233
148.214
124.309
113.714
140.193
139.101
141.975
135.694
135.851
126.534
115.042
139.014
144.53
163.961
185.305
174.886
142.359
144.342
178.317
186.168
180.832
184.672
182.299
175.546
175.871
176.897
186.081
187.652
181.357
184.928
179.356
167.224
159.681
152.138
159.732
159.261
155.448
155.255
156.226
156.85
168.535
184.502
157.978
163.145
168.762
157.916
166.32
173.702
156.274
154.5
169.909
151.366
156.605
175.454
181.868
179.824
164.636
170.445
158.919
156.507
177.904
169.291
166.806
171.248
159.464
163.305
165.453
169.693
176.991
165.714
169.535
170.314
146.402
128.403
132.258
154.643
167.015
157.778
126.247
126.59
165.536
175.055
171.057
164.514
164.718
156.348
163.8
184.928
169.319
171.204
172.816
174.795
192.66
180.636
176.616
182.899
172.28
161.238
166.959
172.563
157.766
156.36
152.788
158.19
148.137
143.328
172.444
173.325
167.532
166.82
165.796
164.65
168.449
172.414
163.653
164.379
162.562
161.368
168.791
151.504
152.567
171.16
176.134
165.645
163.693
179.372
169.305
165.837
167.196
163.225
166.875
168.719
166.931
155.945
149.276
158.153
171.674
151.768
151.172
126.984
123.138
161.93
161.329
173.325
169.492
150.795
160.914
173.536
168.039
167.252
167.799
168.833
180.865
173.566
167.364
181.094
169.794
161.512
169.535
176.103
160.436
156.617
178.524
186.359
181.62
181.719
181.917
174.795
161.551
161.59
167.168
172.087
172.488
156.961
158.617
167.743
154.583
145.719
155.945
179.019
179.147
166.861
162.088
170.43
177.368
171.145
175.824
158.403
150.875
158.341
173.747
194.081
168.11
166.127
177.541
160.385
157.122
173.28
179.324
172.876
178.827
177.289
164.46
166.959
154.488
157.011
166.003
140.578
124.969
127.616
150.263
162.787
167.182
177.778
164.339
155.111
167.813
166.003
161.212
166.778
176.398
182.216
158.516
155.207
165.412
170.097
176.913
173.295
162.668
158.743
167.126
173.385
178.571
175.67
176.274
176.414
168.833
168.705
176.523
173.34
171.689
165.18
124.054
120.243
155.027
161.577
152.184
148.159
158.655
160.256
137.391
148.126
170.576
173.175
168.379
169.765
187.354
164.704
162.747
178.651
156.519
160.269
186.254
178.396
156.458
164.487
177.62
175.855
176.788
161.057
166.486
166.931
162.973
181.538
171.999
152.393
142.379
157.866
159.223
153.657
160.218
169.88
186.393
148.976
153.022
171.556
170.94
168.762
159.528
177.447
165.59
153.245
161.512
167.757
172.132
168.166
165.453
167.392
171.189
163.572
167.631
175.147
165.604
172.652
168.919
161.865
173.22
165.508
171.497
170.838
139.87
132.784
148.324
152.602
155.933
163.172
161.59
163.773
158.065
167.266
171.851
170.736
185.58
175.546
163.252
170.126
172.132
166.973
175.116
171.057
155.703
170.01
163.292
150.591
160.09
165.948
168.124
151.103
142.076
150.489
143.709
143.379
136.082
126.839
104.384
105.658
140.805
153.598
145.985
143.844
143.554
152.346
160.655
135.925
129.132
128.164
139.305
170.054
176.585
145.212
132.1
136.138
151.274
142.664
140.558
166.141
173.868
172.295
164.731
174.749
179.921
155.195
154.799
149.098
128.883
146.113
170.721
170.01
155.412
155.994
163.827
152.905
161.564
172.861
176.819
179.34
174.52
166.044
164.718
177.573
182.133
171.866
162.088
164.231
168.919
166.833
166.806
168.407
161.799
169.492
176.913
165.125
149.779
139.383
146.071
163.747
156.85
132.926
141.483
142.918
150.67
158.655
156.36
156.495
153.822
176.429
176.46
180.636
176.289
153.527
155.885
172.147
161.342
160.862
168.876
162.324
174.383
179.953
165.92
170.343
174.064
172.667
168.89
168.138
174.262
174.612
173.115
159.451
154.871
162.443
164.298
164.285
135.907
141.333
176.647
173.205
153.457
153.21
183.083
169.119
161.329
173.732
169.262
174.581
175.239
163.265
152.975
154.083
163.934
176.243
174.886
167.884
180.099
167.743
160.914
164.244
166.778
175.162
157.146
148.017
162.285
170.068
157.604
152.765
158.831
146.424
149.41
159.299
164.15
151.55
153.87
180.115
172.073
162.959
160.462
172.058
163.961
159.847
167.126
171.866
174.505
164.015
174.429
183.84
183.016
181.505
162.061
163.012
169.808
171.174
186.881
187.935
176.725
163.359
162.694
178.923
169.837
157.493
162.311
175.593
133.896
131.346
171.571
168.336
179.211
163.239
161.956
173.01
154.369
164.582
183.117
172.28
163.399
173.355
164.596
160.578
174.474
162.127
160.875
153.822
160.385
175.516
165.948
168.35
173.34
171.248
167.827
173.07
159.02
155.304
158.278
153.953
175.562
159.122
141.103
134.989
141.463
