13.9935
293.858
456.204
996.016
973.236
900.495
848.896
947.867
1029.87
1101.93
1253.92
1377.41
1457.73
1448.23
1205.55
1096.49
717.36
744.602
1223.24
769.823
680.272
1015.23
1357.77
1372.68
1236.86
543.774
549.3
890.076
871.08
893.655
806.452
992.063
1014.71
1084.6
1344.09
1401.54
1499.25
1606.43
1512.86
1420.45
1517.45
1328.9
1230.01
884.173
818.666
1186.24
1126.13
928.505
831.947
960.615
1162.12
1185.54
1336.9
1338.69
1320.13
1182.03
954.198
1013.17
1282.87
1391.79
1491.42
1405.48
1360.54
1426.53
1410.44
1296.18
833.681
758.438
982.318
609.013
450.653
703.977
1389.85
1457.73
1470.59
1509.43
1550.39
1558.85
1516.3
1221.75
256.213
249.128
921.234
873.362
856.898
981.354
1169.59
1364.26
482.044
482.975
1303.78
623.247
635.122
1179.25
1124.86
1140.25
1165.5
1254.71
1194.03
1143.51
519.615
539.084
1222.49
1086.37
588.062
477.441
455.996
572.246
1028.28
986.193
729.927
602.41
331.4
254.907
437.35
973.71
259.504
257.666
744.325
597.907
814.332
1011.12
1122.33
1007.56
552.334
498.008
761.615
1005.53
1169.59
1200.48
1111.73
894.454
876.424
815.328
599.52
447.628
511.771
534.188
555.864
1042.21
1117.94
921.659
976.086
1273.89
1432.66
1502.63
1491.42
1406.47
1208.46
1310.62
1483.68
1443
1425.52
1386
1455.6
1485.88
1418.44
1397.62
1410.44
1411.43
1386.96
1363.33
1416.43
1453.49
1484.78
1431.64
1376.46
1390.82
1383.13
1390.82
1361.47
1375.52
1417.43
1471.67
1495.89
1509.43
1501.5
1493.65
1454.55
1331.56
1335.11
1404.49
1455.6
1418.44
1368.93
1411.43
1456.66
1337.79
1290.32
1370.8
1325.38
1298.7
1312.34
1360.54
1356.85
1293.66
1297.02
1386
1482.58
1308.9
1298.7
1341.38
1231.53
1241.46
1354.1
1391.79
1294.5
1201.2
1282.05
1350.44
1244.56
1367.99
1529.05
1472.75
1390.82
1393.73
1332.45
1261.83
1336.01
1371.74
1336.9
1282.87
1308.9
1362.4
1403.51
1309.76
1271.46
1384.08
1430.62
1352.26
1257.07
1323.63
1301.24
1268.23
1096.49
1138.95
1418.44
1329.79
1263.42
1276.32
1363.33
1349.53
1310.62
1327.14
1324.5
1351.35
1344.99
1386
1417.43
1389.85
1331.56
1317.52
1368.93
1430.62
1494.77
1510.57
1494.77
1369.86
1359.62
1381.22
1321.88
1334.22
1446.13
1470.59
1397.62
1414.43
1497.01
1436.78
1326.26
1389.85
1402.52
1436.78
1501.5
1423.49
1027.22
931.532
567.859
550.964
980.873
478.24
490.316
1222.49
1045.48
1024.59
1192.61
647.668
667.334
937.207
687.994
861.326
687.285
694.444
1432.66
1455.6
1410.44
1148.77
1035.2
1165.5
1344.99
1381.22
1364.26
1413.43
1458.79
1523.23
1518.6
1532.57
1582.28
1650.17
1460.92
1327.14
1456.66
1592.36
1631.32
1567.4
1436.78
1349.53
1419.45
1430.62
1431.64
865.426
804.182
809.389
786.164
1094.09
925.497
305.857
328.731
1126.76
630.716
658.328
1228.5
1318.39
1359.62
1293.66
1286.17
1118.57
1086.96
1254.71
1342.28
1404.49
1367.99
1373.63
246.002
244.858
1338.69
1357.77
1260.24
1247.66
1380.26
1393.73
1287.83
1297.86
1402.52
1445.09
1446.13
1461.99
1544.4
1529.05
1471.67
1478.2
1384.08
1339.58
1346.8
1409.44
1433.69
1317.52
1265.02
1385.04
1509.43
1479.29
1492.54
1438.85
1446.13
1516.3
1569.86
1543.21
1466.28
1469.51
1486.99
1518.6
1533.74
1564.95
1498.13
1429.59
1375.52
1306.34
1237.62
516.129
522.466
1202.65
1299.55
1380.26
1361.47
1394.7
1451.38
1490.31
1369.86
1356.85
1397.62
1415.43
1378.36
1426.53
716.846
592.593
977.995
1091.11
1137.66
1310.62
1311.48
1158.75
995.52
1071.24
1221
1070.09
1126.13
1440.92
1229.26
559.284
602.047
1482.58
1457.73
1370.8
1357.77
1508.3
1618.12
1673.64
1742.16
1722.65
1739.13
1690.62
1687.76
1745.2
1718.21
1680.67
1710.86
1661.13
1545.59
1502.63
1382.17
1376.46
1461.99
1571.09
1706.48
1716.74
1423.49
951.475
892.857
1149.43
1207.73
1030.4
1016.26
1138.95
1282.87
1511.72
1549.19
729.927
719.424
1551.59
1692.05
1679.26
1670.84
1607.72
1564.95
1670.84
1748.25
1715.27
1687.76
1582.28
1658.37
1651.53
1622.06
1642.04
1665.28
1603.85
1597.44
1682.09
893.256
824.742
1367.05
1591.09
1508.3
1327.14
1287.83
1376.46
1347.71
1282.87
1382.17
1385.04
1366.12
1430.62
1568.63
1702.13
1762.11
1638
1484.78
1304.63
1268.23
1468.43
1491.42
443.754
441.209
1554
1766.78
1742.16
1638
1376.46
1428.57
1677.85
1686.34
1697.79
1725.63
1563.72
983.284
965.717
1254.71
30.1741
30.2462
1577.29
1650.17
1639.34
1603.85
1443
1344.99
1364.26
1392.76
1446.13
1651.53
1790.51
1838.24
1858.74
1876.17
1876.17
1855.29
1888.57
1857.01
1893.94
1893.94
1897.53
1895.73
1869.16
1857.01
1876.17
1934.24
1885.01
1897.53
1724.14
1558.85
1187.65
1128.03
1357.77
1353.18
1368.93
1427.55
1539.65
1457.73
1375.52
1424.5
1551.59
1510.57
1503.76
1594.9
1574.8
1683.5
1742.16
1800.18
1821.49
1824.82
1482.58
1283.7
1320.13
1130.58
1100.11
1314.06
1569.86
1588.56
1021.45
894.454
877.963
807.754
1082.25
1220.26
996.016
459.664
504.414
1550.39
1602.56
1687.76
1586.04
1493.65
1687.76
1731.6
1709.4
1736.11
1745.2
1709.4
1733.1
1782.53
1737.62
1702.13
1705.03
1749.78
1727.12
1602.56
1253.92
1201.92
1369.86
1538.46
1640.69
1584.79
1622.06
1579.78
1665.28
1639.34
1569.86
1598.72
1525.55
1465.2
1564.95
1659.75
1596.17
1712.33
1792.11
1769.91
1643.39
1631.32
873.744
761.615
875.274
919.118
1404.49
1571.09
1597.44
1640.69
1754.39
1762.11
1633.99
1676.45
1769.91
1774.62
1633.99
1665.28
1751.31
1725.63
1718.21
1647.45
819.001
730.727
1229.26
1531.39
1740.64
1574.8
1289.49
1350.44
1642.04
1706.48
1651.53
1710.86
1754.39
1725.63
1661.13
1610.31
1694.92
1675.04
1659.75
1752.85
1636.66
1324.5
1261.03
1361.47
1380.26
1484.78
1684.92
1690.62
1700.68
1734.61
1706.48
1746.72
1651.53
1510.57
1439.88
1506.02
1652.89
1592.36
1005.53
956.938
1309.76
1244.56
1070.66
1175.78
1503.76
1443
1388.89
1413.43
1445.09
1530.22
1628.66
1784.12
1833.18
1853.57
1867.41
1862.2
1874.41
1885.01
1910.22
1722.65
1551.59
1527.88
1648.8
1665.28
1600
1429.59
1365.19
1435.75
1481.48
1632.65
1721.17
1745.2
1716.74
1705.03
1676.45
1690.62
1679.26
1643.39
1544.4
1489.2
1657
1526.72
1410.44
1538.46
1593.63
1584.79
611.434
607.349
1367.05
1431.64
1647.45
1633.99
1696.35
1680.67
1679.26
1762.11
1694.92
1640.69
1669.45
1693.48
1777.78
1628.66
1619.43
1669.45
1680.67
1780.94
655.308
580.046
1131.86
1170.96
1133.14
1337.79
1546.79
1578.53
1603.85
1706.48
1742.16
1705.03
1751.31
1702.13
1719.69
1722.65
1734.61
1648.8
1646.09
1676.45
1036.81
996.016
1332.45
1406.47
1631.32
1657
1581.03
1673.64
1796.95
1721.17
1646.09
1594.9
1587.3
1573.56
1680.67
1707.94
1687.76
1650.17
1652.89
1707.94
1668.06
1558.85
1332.45
1387.93
1549.19
1673.64
1721.17
1709.4
1703.58
1622.06
1712.33
1654.26
1492.54
1544.4
1712.33
1702.13
1687.76
1748.25
1633.99
1592.36
1706.48
1774.62
1719.69
1734.61
1616.81
1381.22
1373.63
1349.53
1373.63
1526.72
1706.48
1740.64
1697.79
1687.76
1607.72
1582.28
1677.85
1793.72
1633.99
1663.89
1762.11
1663.89
1657
1715.27
1686.34
1715.27
1788.91
1596.17
1456.66
1459.85
1492.54
1525.55
1562.5
1636.66
1707.94
1386
996.512
1078.75
810.045
763.359
1297.86
1554
1594.9
1672.24
1730.1
1668.06
1638
1512.86
1424.5
1383.13
1282.87
1114.21
1152.07
1312.34
1287
1323.63
1407.46
1504.89
1511.72
1441.96
1409.44
1386
1441.96
1503.76
1557.63
1545.6
1445.09
1302.93
1355.01
1366.12
1333.33
1457.73
1577.29
1765.23
1819.84
1862.2
1857.01
1846.72
1834.86
1795.33
1773.05
1782.53
1833.18
1826.48
1881.47
1881.47
1870.91
1863.93
1874.41
1892.15
1893.94
1719.69
1557.63
1510.57
1493.65
1603.85
1597.44
1647.45
1666.67
1683.5
1752.85
1746.72
1743.68
1626.02
1627.34
1687.76
1737.62
1727.12
1736.11
1733.1
1706.48
1686.34
1626.02
1452.43
1302.08
1004.52
1034.13
1520.91
1261.83
979.432
1066.67
1354.1
1611.6
1624.7
1676.45
1734.61
1700.68
1715.27
1737.62
1728.61
1680.67
1722.65
1722.65
1666.67
1666.67
1365.19
1088.14
1260.24
1492.54
1501.5
1696.35
1719.69
1705.03
1751.31
1702.13
1680.67
1769.91
1742.16
1710.86
1766.78
1705.03
1721.17
1742.16
1646.09
1586.04
1602.56
1593.63
1563.72
949.217
852.515
1371.74
1719.69
1728.61
1640.69
1694.92
1745.2
1620.75
1600
1657
1755.93
1746.72
1746.72
1737.62
1615.51
1623.38
1745.2
1670.84
1689.19
1806.68
1666.67
1308.9
1044.93
1234.57
1679.26
1737.62
1675.04
1655.63
1662.51
684.463
685.166
1562.5
1128.03
1066.67
1409.44
1573.56
1713.8
1739.13
1622.06
1589.83
1461.99
1372.68
1340.48
1375.52
1567.4
1693.48
1740.64
1730.1
1670.84
1687.76
1792.11
1769.91
1694.92
1686.34
1692.05
1710.86
1816.53
1788.91
1612.9
1592.36
1602.56
1657
1573.56
772.798
723.851
1362.4
1679.26
1682.09
1760.56
1725.63
1725.63
1677.85
1706.48
1759.01
1636.66
1705.03
1675.04
1689.19
1760.56
1693.48
1658.37
1700.68
1648.8
1607.72
787.402
711.744
1308.04
1516.3
1646.09
1658.37
1584.79
1673.64
1730.1
1628.66
1670.84
1788.91
1710.86
1702.13
1635.32
1603.85
1619.43
1682.09
1675.04
1612.9
1716.74
1525.55
1411.43
1463.06
1446.13
1478.2
1654.26
1658.37
1650.17
1808.32
1751.31
1647.45
1586.04
1686.34
1755.93
1700.68
1676.45
1658.37
1663.89
1697.79
1682.09
1684.92
1696.35
1614.2
1230.01
1015.23
1186.24
1482.58
1503.76
1510.57
1451.38
1405.48
1536.1
1699.24
1716.74
1716.74
1705.03
1705.03
1779.36
1702.13
1716.74
1740.64
1733.1
1731.6
1734.61
1715.27
1623.38
1207.73
1138.3
1551.59
1718.21
1699.24
1719.69
1742.16
1718.21
1740.64
1809.95
1763.67
1748.25
1596.17
1494.77
1589.83
1128.03
988.142
1385.04
1651.53
1693.48
1765.23
1144.82
1047.12
1336.9
1489.2
1721.17
1746.72
1694.92
1600
1619.43
1646.09
1713.8
1629.99
1451.38
1404.49
1534.92
1538.46
1476.01
1586.04
1557.63
1571.09
1412.43
882.613
730.46
1059.88
1675.04
1706.48
1762.11
1793.72
1779.36
1757.47
1763.67
1675.04
1230.01
1132.5
1113.59
1020.93
1211.39
1365.19
1314.92
1291.99
1277.96
1314.06
1357.77
1427.55
1540.83
1665.28
1779.36
1745.2
1737.62
1657
1598.72
1686.34
1725.63
1703.58
1611.6
1652.89
1715.27
1679.26
1427.55
1376.46
1574.8
1736.11
1624.7
1170.96
1078.75
1177.16
1252.35
1435.75
1530.22
1482.58
1506.02
1532.57
1533.74
1566.17
1562.5
1623.38
1684.92
1742.16
1728.61
1707.94
1734.61
1712.33
1722.65
1651.53
1569.86
1459.85
1443
1492.54
1609.01
1740.64
1745.2
1759.01
1733.1
1730.1
1724.14
1771.48
1668.06
1605.14
1596.17
1639.34
1638
1662.51
1736.11
1696.35
1745.2
1727.12
1730.1
1624.7
1376.46
1347.71
1539.65
1673.64
1757.47
1658.37
1547.99
1095.29
1038.42
1551.59
1731.6
1718.21
1731.6
1712.33
1686.34
1722.65
1739.13
1728.61
1780.94
1736.11
1655.63
1594.9
1461.99
1376.46
1498.13
1572.33
1589.83
1609.01
1662.51
1679.26
1623.38
1734.61
1730.1
1700.68
1730.1
1746.72
1643.39
1596.17
1584.79
1658.37
1782.53
1639.34
1670.84
1639.34
1650.16
1530.22
1375.52
1473.84
1605.14
1677.85
1618.12
1676.45
1745.2
1759.01
1675.04
1611.6
1629.99
1697.79
1746.72
1703.58
1718.21
1672.24
1670.84
1576.04
1448.23
1474.93
1629.99
1705.03
1556.42
1250
1243.01
1441.96
1431.64
1477.1
1603.85
1728.61
1700.68
1700.68
1722.65
1705.03
1622.06
1652.89
1609.01
1619.43
1727.12
1633.99
1715.27
1736.11
1736.11
1751.31
1725.63
1291.16
1048.22
1235.33
1624.7
1788.91
1675.04
1716.74
1754.39
1716.74
1715.27
1415.43
1290.32
1552.79
1636.66
1583.53
1759.01
1773.05
1749.78
1713.8
1742.16
1679.26
1659.75
1658.37
1062.13
1070.09
1562.5
1406.47
1395.67
1601.28
1675.04
1733.1
1657
1689.19
1780.94
1759.01
1755.93
1733.1
1751.31
1730.1
1754.39
1662.51
1666.67
1658.37
1591.09
1597.44
1552.79
1473.84
1593.63
1788.91
1532.57
1480.38
1510.57
1490.31
1550.39
1593.63
1687.76
1677.85
1529.05
1525.55
1611.6
1581.03
1687.76
1668.06
1677.85
1780.94
1687.76
1718.21
1709.4
1207.73
1019.89
1184.83
1394.7
1675.04
1737.62
1661.13
1693.48
1762.11
1721.17
1635.32
1696.35
1769.91
1785.71
1716.74
1743.68
1640.69
1610.31
1710.86
1727.12
1636.66
1647.45
1217.29
895.656
1044.39
1450.33
1650.17
1648.8
1710.86
1694.92
1659.75
1624.7
1683.5
1699.24
1628.66
1679.26
1358.7
1295.34
1519.76
1658.37
1725.63
1733.1
1736.11
1623.38
1178.55
1074.11
1306.34
1386
1586.04
1752.85
1730.1
1646.09
1514
1503.76
1581.03
1644.74
1716.74
1774.62
1740.64
1679.26
1624.7
1657
1706.48
1665.28
1556.42
1567.4
1028.28
992.556
1554
1684.92
1689.19
1626.02
1718.21
1693.48
1665.28
1728.61
1666.67
1639.34
1616.81
1615.51
1558.85
1447.18
1035.2
1037.34
1469.51
1654.26
1597.44
1389.85
1351.35
1514
747.105
745.434
1715.27
1654.26
1623.38
1706.48
1746.72
1702.13
1647.45
1676.45
1752.85
1780.94
1623.38
1329.79
1192.61
1308.9
1246.11
1126.76
1158.08
1277.96
1515.15
1623.38
1651.53
1673.64
1748.25
1712.33
1680.67
1657
1478.2
1312.34
1218.77
1336.01
1646.09
1722.65
1669.45
1679.26
1610.31
1683.5
907.029
838.574
1297.02
1323.63
1352.26
1319.26
1459.85
1615.51
1661.13
1686.34
1646.09
1593.63
1661.13
1699.24
1659.75
1550.39
1615.51
1771.48
1692.05
1687.76
1540.83
1054.85
1026.69
1348.62
1366.12
1347.71
1269.04
1260.24
1385.04
1371.74
1388.89
1540.83
1682.09
1734.61
1755.93
1733.1
1699.24
1677.85
1749.78
1707.94
1584.79
1479.29
1384.08
1405.48
1449.28
1467.35
1529.05
1494.77
1488.1
1592.36
1531.39
1531.39
1426.53
1258.65
1321
1411.43
1365.19
1344.99
1320.13
1284.52
1497.01
1529.05
1150.75
1018.85
1281.23
1624.7
1589.83
1579.78
1652.89
1651.53
1615.51
1687.76
1665.28
1669.45
1670.84
1719.69
1713.8
1703.58
1702.13
1640.69
1658.37
1669.45
1527.88
1318.39
800.961
852.152
1568.63
1635.32
1652.89
1633.99
1673.64
1628.66
1652.89
1663.89
1602.56
1536.1
1322.75
1414.43
1603.85
1616.81
1579.78
1150.09
835.771
816.993
1067.24
1360.54
1489.2
1639.34
1694.92
1596.17
1626.02
1668.06
1499.25
1424.5
1330.67
1375.52
1616.81
1293.66
1227.75
1644.74
1699.24
1697.79
1522.07
1499.25
894.055
833.333
959.693
1033.59
1657
1615.51
1663.89
1673.64
1581.03
1591.09
1722.65
1727.12
1713.8
1503.76
1203.37
1141.55
1329.79
1627.34
1504.89
1369.86
1158.08
1209.19
1257.07
1174.4
1255.49
1311.48
1402.52
1408.45
1539.65
1374.57
1168.22
1218.03
1425.52
1622.06
1652.89
1639.34
1694.92
1707.94
1619.43
1054.3
951.022
1284.52
1480.38
1670.84
1692.05
1651.53
1648.8
1642.04
1686.34
1623.38
1523.23
1511.72
1593.63
1609.01
1635.32
1650.16
1506.02
1477.1
1542.02
1558.85
1435.75
1354.1
1423.49
1434.72
1367.99
1367.99
1360.54
1408.45
1467.35
1474.93
1556.42
1519.76
1491.42
1321.88
1227.75
1335.11
1388.89
1388.89
1438.85
1428.57
1095.29
765.111
900.09
1516.3
1556.42
1569.86
1524.39
1467.35
1494.77
1569.86
1647.45
1273.89
915.751
945.18
1239.93
1466.28
1602.56
1520.91
706.464
495.172
580.046
733.676
926.355
1160.09
1352.26
1424.5
1464.13
1481.48
1240.69
660.284
507.743
761.615
1322.75
1412.43
1425.52
1415.43
1555.21
1652.89
1583.53
1299.55
1255.49
1437.81
1576.04
1692.05
1346.8
1223.24
1426.53
1619.43
1666.67
1268.23
1058.76
1129.94
1072.96
951.928
917.011
1091.7
1384.08
1404.49
1417.43
1463.06
1457.73
1443
926.784
849.618
1123.6
1135.07
1119.19
1118.57
1250.78
1328.02
1390.82
1385.04
1416.43
1516.3
1532.57
1554
1454.55
1324.5
1331.56
1401.54
1385.04
1469.51
1616.81
1589.83
1306.34
1202.65
1234.57
1207
1252.35
1386.96
1437.81
1304.63
1159.42
1153.4
1302.08
1431.64
1594.9
1620.75
1584.79
1537.28
1421.46
502.892
389.332
765.99
1314.06
983.768
896.057
1134.43
1297.86
1417.43
1477.1
1483.68
1543.21
1537.28
1582.28
1517.45
1501.5
1488.1
1415.43
993.049
902.12
1101.93
1267.43
1508.3
1418.44
1360.54
1358.7
1394.7
1468.43
1335.11
1247.66
1265.82
1142.86
1097.09
1194.74
1385.04
1606.43
1444.04
1339.58
1453.49
1620.75
1607.72
1594.9
1639.34
1623.38
1692.05
1626.02
1612.9
1511.72
1429.59
1412.43
1444.04
1469.51
1317.52
879.121
719.942
604.047
667.78
1114.21
1308.04
1452.43
1544.4
1602.56
1471.67
1331.56
1386
1472.75
1540.83
1582.28
1593.63
1589.83
1693.48
1618.12
1454.55
1268.23
1227.75
1356.85
1481.48
1556.42
1476.01
1574.8
1632.65
1616.81
1577.29
1596.17
1669.45
1612.9
1540.83
1544.4
1687.76
1686.34
1640.69
1654.26
1713.8
1589.83
1482.58
1474.93
991.08
1004.52
1592.36
1759.01
1582.28
1577.29
1629.99
1628.66
1583.53
1543.21
1605.14
1602.56
1527.88
1530.22
1626.02
1340.48
982.801
916.17
1215.07
1066.1
938.086
1156.74
1257.86
1254.71
1082.84
971.345
1155.4
1426.53
1423.49
1460.92
1456.66
1500.38
1404.49
1106.19
1112.97
1417.43
1455.6
1097.09
1122.96
1403.51
1410.44
1443
1500.38
1584.79
1618.12
1632.65
1626.02
1655.63
1658.37
1659.75
1697.79
1569.86
1382.17
1349.53
1438.85
1493.65
1147.45
612.182
658.762
1316.66
