3.44751
14.9788
17.0627
19.7906
20.8299
13.8416
10.0647
15.5165
34.1886
32.9794
32.9908
34.0362
32.1549
30.9602
31.838
30.4169
28.5498
30.0946
32.1218
32.2232
32.0307
30.7036
30.5703
31.9356
31.7748
30.7768
30.9842
32.244
31.9346
31.2051
31.2134
31.8984
31.999
31.406
30.2092
29.0183
30.067
32.0554
32.3656
31.9163
32.2732
31.8913
30.3591
30.8971
32.5611
33.4297
32.7697
31.9831
31.51
30.6584
31.0463
31.8471
31.6907
31.6486
31.1148
29.7036
29.475
29.0934
28.3266
27.4884
24.7761
24.6554
29.3807
31.7496
31.2686
31.6661
29.404
29.0234
31.2622
31.8801
31.9852
31.2593
31.5428
31.4703
30.7541
31.7884
31.9448
31.4822
32.5082
31.5681
30.4535
31.4976
31.903
31.839
31.4842
30.6485
29.9841
30.6354
31.5418
31.5109
32.0113
31.7455
28.4616
28.2893
31.3121
32.23
30.5241
29.5814
30.1309
30.1132
30.9914
31.9101
31.4332
31.0984
31.4248
30.7659
30.6002
31.3952
31.6236
31.5652
31.7667
31.7385
30.9047
30.756
30.8109
27.0819
24.7167
26.0149
28.7613
30.3905
31.454
32.4802
31.1299
29.0061
29.2697
31.5005
29.882
29.0563
31.0371
31.3381
31.1439
31.8964
32.1203
32.0574
31.6601
30.9933
30.5027
31.0073
31.6857
31.5353
32.0523
31.9412
30.1218
29.937
31.3067
31.0164
30.8157
32.2201
32.0302
30.1741
30.649
31.6516
31.3598
29.937
29.7969
30.943
30.0774
30.1364
31.0824
31.5204
30.9799
30.3044
30.9857
32.0133
32.0703
31.3175
30.135
29.4087
30.0661
31.3092
32.1151
31.001
30.4664
30.3979
28.9964
27.7173
26.9578
26.1107
26.4079
27.6468
29.1549
30.8252
31.5119
31.0453
31.0092
31.6932
30.7654
29.9083
30.4155
31.1211
31.835
31.6862
30.3808
31.0188
31.2999
30.6401
31.1284
31.5413
31.739
30.7967
29.9693
30.3237
31.6226
32.2025
31.903
30.7678
30.4002
30.8828
30.8785
31.4891
31.6341
31.8918
31.4817
30.82
31.5746
32.2232
31.839
30.8005
29.0563
29.0698
30.6495
31.0448
30.5399
30.6424
31.1507
30.5031
30.415
31.1308
31.5746
32.2674
30.3651
28.6488
30.1495
31.0164
30.8124
31.8137
32.9891
29.8775
26.9197
27.2725
26.3411
26.5721
25.4849
23.4387
24.4975
26.3904
28.3354
30.096
31.3401
31.1425
31.4125
31.0564
30.6894
32.1239
31.9749
30.1232
30.0039
30.7366
30.9105
30.8713
31.0424
31.3396
30.688
30.3315
30.7206
30.9559
31.4911
31.9627
30.1028
29.1112
31.0598
32.569
31.9076
31.3908
30.6054
30.0675
31.0284
31.4327
28.962
27.7243
29.4711
31.1434
30.7868
30.8285
32.2186
31.7813
31.6566
30.7479
30.5059
32.1079
32.0868
29.7592
29.9383
31.872
28.8821
27.1319
25.8228
25.8218
28.3114
27.8118
27.2468
29.9249
32.1673
32.2643
32.0236
31.6651
30.5698
29.8717
30.7721
30.115
30.1905
32.0426
30.4864
28.5649
30.3209
31.6842
30.611
30.8228
31.498
30.2691
29.9312
30.4377
30.4081
30.5698
30.7953
30.5208
30.2677
31.2042
31.2916
31.505
31.837
30.5148
30.5204
31.4327
31.0916
30.6636
30.5427
31.3863
31.6431
30.3205
30.2192
32.0092
32.4517
31.3224
30.2499
30.3568
31.3239
31.2237
31.5871
31.7909
31.5821
30.3518
30.0865
31.7808
32.5606
32.019
31.2032
31.0694
30.4433
30.0521
30.4484
29.0373
27.9431
27.5168
26.4904
25.7732
26.3217
28.8871
29.9953
28.5278
28.2502
29.9195
30.6105
29.3062
27.8893
25.1721
25.6927
27.7469
26.3828
26.7423
26.9804
28.1809
30.9004
31.6041
31.9249
30.337
29.5325
29.9841
29.9464
30.5427
31.2524
31.0102
30.8656
29.0939
28.8367
31.3067
31.4046
31.2154
31.6186
28.7683
28.1061
31.2246
31.9514
31.6126
31.1207
29.5622
28.4544
29.3988
31.2818
31.8547
31.4956
30.5694
29.0884
29.529
31.7168
32.1311
28.8567
25.8756
24.6057
25.3585
28.6402
32.0868
33.1691
30.954
28.9586
28.7865
29.7398
30.1395
30.1282
30.3232
30.5027
29.3565
29.4334
30.954
31.2647
31.4189
31.4026
29.6494
29.738
31.1333
30.5218
30.9253
31.1303
30.1727
29.727
30.7522
31.6741
31.2003
30.6956
31.3239
31.0255
29.5565
29.8054
30.9086
31.6912
31.4278
30.5969
30.0445
30.254
30.8071
30.298
30.6847
30.9043
30.1096
30.0282
30.4613
32.0159
32.0067
30.6316
29.8174
29.7442
30.7498
30.6438
30.2989
29.1554
26.5721
27.2002
29.7872
28.641
27.7523
29.4079
29.6336
29.5329
31.2412
31.9203
31.1915
30.8971
29.1668
29.6886
31.6236
30.1023
30.428
31.319
31.0357
29.375
29.6147
31.5005
31.9581
32.2555
29.7779
27.7674
28.9122
30.8276
31.6927
32.3656
31.6466
28.9067
27.8354
29.1375
30.7494
31.3755
31.1556
31.0044
30.5824
30.4335
31.0506
31.0376
31.4673
30.6218
27.1039
27.2978
30.8747
32.0888
31.1536
30.8547
29.9455
30.2188
31.6311
31.0212
31.1983
30.966
29.8347
29.295
30.5591
30.6885
30.111
30.7276
30.954
28.9561
28.0324
29.1159
27.2572
25.7858
23.3566
23.4266
27.4251
29.5574
29.857
29.8623
30.8333
30.3205
29.8023
29.7623
29.9101
31.6551
31.5398
30.3085
30.7205
30.8
30.721
31.0622
30.8737
30.6965
29.6917
30.2389
29.3686
28.9729
30.7243
30.5759
29.9504
30.5754
30.8447
29.9177
29.9927
30.2508
29.0748
29.2916
29.4239
29.6556
30.7972
29.7371
29.6064
30.1209
30.889
31.6571
31.2974
30.9205
30.8694
30.1023
30.3196
30.6377
30.1282
31.0001
30.7017
30.533
31.4139
31.124
29.8721
27.59
26.2619
25.4988
28.4799
31.2788
30.2165
31.4006
31.6086
29.9209
29.7832
29.8936
29.5203
30.611
30.9727
29.6406
29.4603
30.5427
29.5495
30.1418
31.6171
29.869
29.1329
29.7743
30.0075
30.4141
31.4095
30.2975
29.3729
30.8752
29.9621
29.4586
31.1333
30.4164
29.2761
30.2998
31.0424
29.8263
29.7641
30.5483
29.9159
30.0833
29.6143
29.595
31.4743
31.6366
30.086
29.6621
30.7981
31.1692
30.9545
30.801
31.0873
30.3674
29.9675
31.4367
31.5512
31.081
31.3288
30.3347
29.5989
30.1164
30.0924
27.4812
27.0325
26.6485
27.4941
31.9168
32.1766
31.4569
31.0183
29.8156
28.4079
29.6209
31.8279
31.3622
30.7555
30.072
29.6978
30.1023
31.2383
30.5759
29.1167
26.7151
25.3775
28.1595
28.5816
28.8367
29.2329
25.999
25.7772
28.235
28.7567
27.7281
28.9838
30.1846
30.2966
31.448
30.4604
30.2188
30.6974
28.9272
28.4904
30.4104
31.3092
30.7896
30.9191
29.3716
29.2659
31.4569
31.8578
30.9071
30.292
28.307
28.7505
30.8295
30.9124
31.4278
30.5343
27.6293
27.5107
29.5692
30.1859
31.2446
31.3381
30.6654
29.1053
28.6854
29.769
28.991
29.6881
30.3513
28.4285
28.1444
29.6586
30.7187
31.5085
31.3063
29.274
29.7823
30.8128
29.738
29.6393
30.3255
29.9518
29.1686
30.1864
30.9272
30.665
30.9645
30.4855
29.5521
29.492
30.6302
30.361
29.9155
30.3072
29.4659
29.3083
30.6218
31.2876
29.9173
29.1886
29.4994
29.7832
30.0372
30.5162
31.0655
30.8656
30.5334
29.9697
29.761
30.1887
30.2535
30.4335
30.2037
29.8931
30.3274
30.5399
30.8504
30.7309
30.2352
26.6912
26.5551
30.1714
31.3922
31.4564
30.3817
29.9276
29.388
29.8405
29.9796
29.5631
30.7106
31.7425
30.5577
30.1373
31.252
30.4521
30.1837
30.3242
29.8076
29.5854
29.8543
30.7191
30.6941
30.5269
31.1483
30.0454
29.502
30.6476
30.7872
30.7106
30.4395
29.3221
28.715
29.9688
31.3342
31.3327
31.248
29.2804
28.0552
29.9334
30.7022
30.8452
30.7872
29.4282
29.3225
29.8534
30.2508
30.0107
30.3164
31.0342
27.8114
27.8075
29.7876
29.1117
30.0937
29.8312
26.7788
24.9513
26.7505
29.0162
27.8385
23.9398
23.5799
27.4164
30.1386
31.2886
31.127
26.0851
25.2902
28.3286
27.2844
27.0033
26.7169
25.7612
27.2372
28.458
28.3142
29.7561
30.7716
29.8445
29.9132
31.0246
30.0788
29.7014
30.6805
30.1055
29.6367
29.9819
29.8878
30.1814
30.8828
29.5657
28.9331
30.0716
30.773
30.1718
29.3345
29.1911
26.6802
27.3676
30.4132
29.8878
29.0305
28.7613
28.8679
28.7952
29.0137
30.4109
30.8299
28.8967
28.8417
30.7073
29.0436
26.2912
27.6874
27.4063
25.7284
26.404
26.295
26.6802
27.281
26.8007
26.1448
25.9707
26.5442
28.7088
29.886
29.2069
29.8183
31.0198
31.0102
31.1008
30.4846
29.6551
29.6912
29.6868
30.3108
31.6316
30.4303
28.7266
29.118
30.087
30.838
30.3688
29.8045
29.512
30.3168
30.9449
30.5274
30.4035
29.5556
29.0427
30.5371
30.4349
29.0584
29.1886
30.0251
30.2247
28.8634
29.5404
30.8837
30.966
31.4105
30.0034
29.0204
29.3057
30.0391
30.9597
30.1641
28.4827
27.7975
29.2603
29.4148
26.164
24.8031
25.2729
25.7666
26.0149
26.3006
26.2333
26.2816
28.0808
29.6754
29.163
28.9649
30.4025
30.9305
29.1498
29.5753
30.5717
29.8183
31.2056
31.3745
30.191
30.1973
30.1464
30.3081
30.1996
30.4011
28.4018
27.5786
29.0065
27.8211
27.0464
28.2016
28.0458
28.3849
29.5081
29.3914
29.4629
26.9538
23.2318
25.0592
29.31
30.7929
31.6001
29.4438
29.7464
30.8195
29.638
29.4963
30.6621
29.5753
27.868
29.4023
30.216
29.7978
31.0347
31.2081
29.9625
29.9796
30.4345
28.3118
26.923
25.6125
24.0825
24.9156
26.284
25.9276
26.3644
26.9862
27.9705
30.3223
30.6457
29.7801
29.3036
28.4937
29.1524
30.7305
30.0951
29.7247
29.7712
28.8896
28.8863
30.1869
30.9621
30.3076
29.5574
28.8421
28.9998
30.0793
29.9913
29.6701
30.0273
28.913
28.6336
30.14
29.7548
28.7068
29.6512
29.0192
28.4612
29.9262
29.6908
29.4655
30.2412
29.0998
29.1303
30.1946
29.0702
28.845
30.053
30.1655
28.1587
28.3491
30.4155
29.924
27.4292
25.0269
24.9227
26.0909
26.1226
27.0951
28.8413
28.2594
27.9998
29.3277
30.4247
29.0061
26.347
27.0117
29.4698
30.5418
28.6755
28.3086
29.6983
29.4525
28.9721
28.9998
29.7632
30.1228
29.7287
28.7468
29.063
30.058
30.4864
30.4535
29.433
29.104
29.2556
29.5714
30.7031
30.9962
30.5404
28.0092
27.8439
30.2723
30.9262
30.7541
30.0467
28.8804
28.1274
29.4105
30.447
30.19
29.9392
27.0929
27.2242
30.0906
29.9859
30.2033
30.7806
30.4966
26.9038
26.8998
30.5018
30.472
29.5229
27.7154
24.7359
25.137
27.334
26.7662
26.5752
27.4299
28.7088
30.0476
29.8276
30.211
30.9435
29.8098
28.598
29.6837
31.2163
29.8922
30.0965
29.0074
28.5059
30.5418
30.8005
30.1477
30.0983
29.347
28.6619
29.7832
30.1286
30.1105
29.8927
29.3221
29.1894
29.3574
29.5845
29.7433
29.7898
29.7916
29.5172
28.5865
28.206
28.9717
29.8134
29.1575
28.7493
29.1218
29.1749
29.3264
29.6042
29.4477
28.6961
28.4965
29.7009
29.8378
29.5186
29.9235
27.9853
27.6209
28.779
26.111
24.3306
23.6647
25.2067
28.9985
30.0499
30.0075
29.8405
25.5862
25.7563
30.9885
30.4901
29.4031
29.4937
28.8951
28.8031
30.3578
30.6678
29.9132
30.355
28.8297
26.8266
28.2458
29.7916
30.2224
29.7548
29.0314
29.0423
29.6556
30.2297
29.6617
29.9061
29.8267
29.1656
29.7544
30.2554
29.6595
29.4161
28.7101
28.3599
29.941
29.9909
29.4555
30.0517
29.4178
28.3668
29.2163
30.4957
30.428
30.1259
28.5518
28.1932
29.3216
30.3311
28.3451
27.4997
27.9392
24.3273
23.7254
25.9027
26.6887
28.0662
27.9857
28.6082
30.519
29.9258
29.1749
28.2745
28.4119
28.8896
29.2912
30.2407
30.7442
29.8632
28.2398
28.2346
28.8692
29.3518
29.7712
30.4062
28.8014
28.169
29.3113
29.6507
30.1055
29.9666
29.4044
27.7435
26.915
27.8889
27.9263
26.2653
25.3872
26.2843
27.6843
28.6829
30.0201
30.6307
28.7455
28.1658
29.2355
30.1159
30.0607
29.6586
29.6608
29.2684
29.5823
30.6904
30.6668
29.773
29.5814
29.0255
29.183
29.7455
29.3032
27.4827
25.0759
24.2368
26.5312
29.2603
30.4911
30.3416
28.6041
27.5607
28.054
29.0242
29.0314
29.121
28.3294
29.4092
30.5139
29.8294
29.7965
29.1223
28.6948
28.6615
29.5186
29.937
29.5116
29.4299
29.5731
29.4421
29.4464
28.9026
29.3578
29.5836
28.4467
28.6586
29.2864
29.5216
29.1898
28.9343
27.5885
25.9481
26.2416
28.1191
28.5286
28.5608
27.7678
28.1928
29.2513
28.5144
29.0981
28.8509
28.4491
29.3264
29.085
25.4865
24.4523
24.4173
24.505
27.0201
28.9226
29.7398
30.6974
29.4659
27.9376
28.5307
28.7608
28.2729
28.7902
28.7092
28.4281
29.4677
29.6586
28.8417
29.1792
29.7628
29.1358
28.8925
28.729
29.9909
29.9419
27.306
27.6216
29.9859
31.1507
30.9004
29.3681
27.6851
28.7183
30.2398
29.4655
29.5242
29.1575
27.6358
27.6663
29.3354
29.4772
29.8797
28.5649
26.8796
28.0611
29.1924
29.4187
29.6402
29.5186
28.741
29.1813
29.8067
28.5833
28.3358
29.1941
28.8467
28.2701
28.5197
28.014
28.7927
29.5543
26.9186
26.0954
27.0029
24.9078
24.6136
27.3052
27.8435
28.3286
29.4568
28.8023
28.2721
28.5506
27.4055
26.6035
28.5861
30.6246
29.9043
29.2235
29.2723
28.8043
27.401
25.5425
25.0821
25.1604
25.7619
26.3044
25.7838
27.1651
29.2188
29.1694
28.1009
28.4766
29.6648
29.9468
29.7983
29.0491
29.0002
28.7728
28.229
29.0284
29.3251
27.5794
26.225
27.8396
29.4903
29.5709
30.2567
28.1722
27.6304
29.0774
29.3328
29.31
27.8303
24.7127
24.0512
25.3865
26.4795
25.8021
23.7088
26.347
29.3604
29.2633
29.5277
28.5449
27.3721
27.8412
29.0411
29.9186
30.7702
29.6441
28.4766
28.6119
29.1405
29.4533
29.9859
29.3876
28.1611
28.7327
30.1305
30.0897
30.1673
29.7721
28.86
