9.42463e-312
inf
12.7619
109.769
120.388
109.123
106.9
127.21
118.106
116.05
127.584
135.768
130.702
126.928
131.553
103.199
104.33
120.12
121.073
136.808
100.115
100.523
132.512
134.21
133.779
75.0863
72.002
118.385
91.0581
73.6702
97.8665
94.3129
56.3253
60.2609
77.1664
80.9553
109.8
110.705
104.728
126.871
141.353
129.416
112.366
115.701
137.703
145.953
144.886
142.146
133.967
134.853
142.389
133.923
131.148
125.18
129.845
28.4511
28.3563
141.263
142.99
145.001
145.9
144.676
134.102
131.891
141.663
145.996
146.092
133.218
129.057
124.821
121.308
123.946
124.069
125.031
128.452
132.688
125.455
124.069
127.926
136.519
139.87
137.817
139.509
135.044
133.209
144.791
148.017
146.103
143.668
136.444
139.733
143.906
138.725
134.472
132.048
134.436
141.794
141.243
144.3
152.3
133.014
120.722
131.148
142.46
146.381
142.918
138.418
143.823
146.424
146.467
151.435
144.959
139.567
146.8
142.735
142.98
147.656
137.155
140.302
145.847
147.113
150.943
153.728
144.676
146.199
153.799
153.681
153.139
142.501
138.217
144.113
145.539
148.017
142.015
137.77
136.286
140.538
138.639
136.771
147.08
145.804
143.719
148.335
152.52
153.775
161.095
143.812
137.931
142.755
148.313
149.533
147.08
145.603
150.319
157.48
155.412
155.027
155.715
127.584
125.086
136.855
136.333
145.89
146.875
135.3
135.566
146.391
147.395
157.518
148.467
141.693
147.536
159.401
157.282
151
146.757
147.852
154.679
157.493
155.97
156.274
151.515
147.373
159.084
154.464
150.682
156.226
150.444
147.743
160.591
155.364
151.699
149.768
144.092
149.421
148.093
148.181
154.202
156.006
148.368
149.914
154.799
155.003
157.617
166.583
163.84
145.592
152.277
167.364
165.358
164.244
165.508
150.546
148.071
164.163
166.348
171.585
166.778
158.253
152.777
160.244
168.762
147.732
151.653
155.436
136.528
143.709
152.683
156.189
168.947
168.719
156.642
150.094
153.046
156.801
159.451
164.271
158.328
159.655
162.906
159.566
149.109
147.852
145.054
141.683
158.19
150.444
148.445
156.287
148.776
147.634
149.993
155.909
147.232
139.821
153.104
147.569
139.655
124.116
122.392
127.226
124.977
125.557
131.044
148.159
147.417
135.465
139.005
160.979
167.266
155.824
156.974
138.715
126.072
131.605
133.806
141.633
147.254
143.092
148.071
147.995
146.424
162.167
154.56
132.249
128.345
137.043
132.679
121.692
127.869
147.7
145.243
134.689
143.359
153.681
159.898
154.048
151.642
160.901
148.247
144.791
144.613
146.391
142.542
140.302
146.381
143.379
133.905
141.074
161.121
170.358
176.523
167.434
145.56
134.871
135.007
146.477
171.895
157.332
154.739
169.678
160.295
159.185
168.677
180.701
161.668
157.729
174.566
173.717
173.702
168.449
158.391
150.399
160.115
175.116
177.73
180.213
164.976
156.25
153.669
164.015
171.16
164.298
175.994
178.301
162.933
151.976
154.883
160.256
160.308
171.409
165.796
153.551
161.812
171.556
177.968
173.521
175.67
167.406
162.999
173.265
175.824
177.715
172.221
170.794
161.044
165.604
186.637
176.725
169.765
172.906
177.226
174.596
165.59
175.871
179.228
172.533
179.276
175.208
167.898
171.204
180.213
185.839
180.815
163.319
160.953
175.101
181.587
176.772
174.917
177.746
180.914
191.132
161.355
156.177
176.243
177.541
184.826
178.031
178.795
173.04
168.734
183.234
185.822
184.111
179.808
183.184
178.715
162.285
162.311
164.69
171.6
185.718
185.512
182.017
183.604
179.646
183.133
188.129
190.658
189.412
158.844
141.653
154.787
178.603
180.375
177.651
186.445
163.212
160.81
179.34
183.184
191.15
182.017
181.077
172.458
165.92
182.482
176.243
172.473
191.132
191.443
169.549
161.134
181.11
194.628
181.028
176.757
180.979
177.62
174.14
179.179
187.301
178.987
179.244
191.865
177.588
169.362
162.536
172.906
196.638
166.362
167.856
161.904
154.739
188.661
191.571
181.818
178.987
179.42
173.325
164.258
175.948
193.517
180.685
182.999
187.477
185.134
182.199
176.975
192.66
185.874
181.67
197.103
188.2
170.271
167.266
175.469
189.376
195.084
199.342
206.462
185.305
177.352
184.145
183.824
191.186
178.603
181.472
206.569
172.801
152.847
161.225
174.627
188.982
187.617
192.271
188.501
168.478
172.369
181.719
177.604
183.857
187.776
186.047
184.877
193.069
204.207
186.428
183.368
203.417
197.765
178.19
170.459
175.516
189.036
194.97
199.442
209.205
191.04
179.244
191.92
198.138
200.18
203.231
202.922
205.149
172.488
168.634
173.04
163.012
180.766
190.913
195.408
184.843
169.348
180.018
192.623
186.081
186.48
191.608
197.083
189.304
179.211
192.456
203.046
195.81
196.618
193.255
178.891
186.254
190.621
180.783
191.113
197.161
201.979
211.506
175.269
169.952
176.96
174.978
200.924
200.14
192.938
183.436
176.211
192.086
191.92
192.012
210.217
178.555
167.392
144.498
145.529
192.234
187.547
189.322
191.773
197.668
189.52
176.041
194.894
205.973
186.376
189.161
202.757
182.682
174.963
189.502
201.207
202.655
201.288
204.082
211.932
194.137
179.856
197.902
203.915
200.541
211.954
208.073
203.749
181.703
173.055
203.894
197.336
190.931
213.675
194.212
181.324
171.306
175.362
212.134
217.557
189.09
189.915
200.501
190.186
188.75
183.352
195.427
211.394
201.959
209.008
212.202
199.541
192.178
200.421
206.164
199.641
208.507
212.63
215.1
214.615
183.925
180.848
191.939
189.609
196.232
197.064
204.061
213.038
187.617
184.043
193.311
167.448
173.626
186.463
181.045
192.215
194.024
196.909
206.654
200.18
204.897
212.834
208.921
191.369
180.995
201.715
222.074
200.501
195.963
219.974
215.75
190.132
182.966
191.077
204.415
212.766
207.663
215.355
224.19
205.952
191.095
206.932
212.067
205.592
202.901
201.471
211.26
197.472
178.891
195.16
219.346
180.489
176.913
209.271
215.68
186.55
166.987
187.564
216.544
212.157
205.318
218.221
212.157
198.886
196.29
197.453
208.442
217.912
206.292
211.305
220.848
199.362
187.741
204.541
216.38
215.494
209.183
205.973
214.454
223.09
203.542
199.302
219.467
212.902
201.735
197.316
206.569
221.312
192.363
184.451
214.823
215.401
206.782
205.212
200.783
186.098
184.757
195.446
199.82
201.45
195.293
204.625
217.581
213.061
202.143
204.855
191.333
192.326
199.302
197.785
220.483
220.97
205.867
204.792
209.71
205.381
201.654
197.941
199.641
200.763
191.296
191.608
209.886
212.022
209.052
219.346
208.551
205.023
215.796
194.345
194.894
217.439
207.104
210.526
222.198
214.477
213.356
205.402
180.408
191.15
226.989
188.929
177.873
192.511
193.836
200.803
191.388
203.542
232.045
220.677
210.239
221.631
220.604
196.812
188.324
198.432
215.959
231.535
222.395
224.618
239.32
229.463
200.944
193.968
216.685
215.68
209.952
229.41
221.852
214.5
209.49
186.532
200.823
233.618
216.638
208.638
212.902
212.359
219.732
215.726
196.947
209.446
239.263
199.045
178.955
200.642
174.734
173.958
200.602
212.925
223.14
212.247
220.897
226.706
220.07
207.34
208.225
223.04
221.582
221.459
233.046
222.841
214.362
222.643
208.79
207.211
227.946
230.388
231.938
237.897
222.321
217.155
227.195
203.314
206.505
235.849
237.614
212.811
198.965
208.485
219.78
211.595
192.086
182.849
177.164
180.865
192.308
174.11
178.38
196.464
175.886
191.15
205.044
192.845
192.105
204.102
208.16
200.16
174.886
166.625
194.137
195.37
180.914
182.932
192.567
202.327
192.92
179.646
191.699
191.259
180.408
191.022
193.255
209.358
241.896
225.505
213.767
221.902
219.515
213.812
207.663
195.752
208.899
237.699
237.445
225.073
234.769
241.809
211.327
199.342
215.216
190.621
188.947
221.019
215.564
224.643
235.294
216.076
206.932
223.639
223.589
224.795
238.578
227.015
225.632
229.332
216.755
207.018
222.173
239.894
220.97
218.364
229.332
218.555
221.386
218.198
203.252
222.99
244.618
235.46
236.574
245.61
251.889
236.463
223.09
216.849
213.538
231.054
244.798
237.756
240.067
247.893
240.645
230.203
204.918
177.132
198.236
245.128
244.081
199.8
200.441
239.55
198.295
196.406
241.575
231.481
228.545
247.555
225.454
217.297
232.019
205.592
199.243
214.592
209.096
207.62
211.977
217.132
226.04
231.08
220.459
216.123
233.563
245.61
223.414
217.723
240.154
242.512
236.128
215.866
196.87
221.043
248.077
235.322
224.14
228.938
242.777
235.488
211.909
208.485
215.843
228.284
241.955
219.274
209.249
231.911
225.327
189.825
200.763
222.124
228.833
234.494
215.796
227.015
250.878
249.501
213.561
207.383
238.863
241.284
240.79
254.065
240.819
229.121
234.549
215.564
201.005
223.939
250.031
232.639
224.014
241.896
241.022
241.955
231
209.996
220.58
245.459
259.808
239.55
233.345
250.376
245.519
246.548
225.963
218.055
230.654
239.435
251.636
243.191
214.156
215.193
234.274
219.082
195.503
194.307
225.938
248.632
257.367
236.044
226.963
242.542
202.799
196.657
234.329
233.781
236.239
254.259
256.312
242.571
240.096
234.467
212.789
226.886
252.876
232.992
217.486
226.168
218.031
208.812
220.872
231.321
218.031
204.478
206.761
211.238
221.877
214.638
208.529
199.342
206.101
231.374
239.866
244.23
228.493
200.24
212.044
220.046
208.073
230.734
181.868
154.727
172.221
181.505
191.736
190.476
188.182
201.369
202.552
215.123
225.276
212.314
220.872
225.225
195.618
199.681
232.937
225.124
206.868
197.316
184.128
184.98
202.491
210.948
201.491
203.314
214.225
205.55
219.322
202.511
180.424
198.649
217.037
209.38
195.427
205.444
220.361
212.54
203.273
193.78
182.983
182.983
201.939
189.43
198.334
225.657
172.161
178.811
203.397
188.964
212.134
223.714
231.911
227.609
196.021
196.986
223.115
241.867
229.358
236.016
256.41
219.587
191.902
202.757
198.413
216.427
229.358
195.465
212.608
242.984
226.193
214.5
216.38
219.394
239.063
249.75
249.781
240.529
205.867
199.72
206.101
209.842
242.483
222
214.938
264.41
246.275
230.15
256.345
248.447
216.357
233.372
262.192
245.369
246.184
263.748
269.906
250.219
242.866
228.598
207.749
230.601
263.539
272.22
252.27
239.292
250.219
245.942
244.559
224.014
214.961
219.587
223.414
226.501
206.889
229.226
280.426
266.738
241.488
246.214
255.232
232.856
232.504
255.526
244.26
244.081
268.312
268.384
236.072
210.659
227.247
229.727
204.499
226.68
244.648
243.368
260.654
251.667
218.245
229.489
267.201
255.46
243.576
247.862
265.358
264.936
266.987
254.065
236.211
238.039
253.293
271.961
242.131
233.946
260.62
274.914
260.824
253.261
240.819
225.428
248.694
269.107
267.165
258.031
257.965
269.869
262.881
235.239
222.941
237.954
239.234
250.313
261.677
261.746
256.608
243.665
252.813
236.379
222.346
246.731
271.113
245.942
211.64
224.719
245.912
255.722
281.334
204.939
195.656
266.347
283.006
241.78
234.742
258.365
254.033
255.297
268.384
256.279
230.097
250.438
281.096
275.141
255.46
259.639
283.648
275.862
264.306
267.058
252.207
240.067
243.992
263.609
278.203
259.471
261.233
261.986
254.972
228.389
215.378
241.896
252.685
261.028
271.518
275.482
267.523
260.654
273.785
285.266
257.202
240.298
253.711
245.218
243.992
258.098
270.307
231.75
219.515
256.443
198.354
194.856
238.095
202.552
209.249
245.188
235.571
231.16
243.457
258.498
250.752
247.28
264.585
254.356
253.229
272.294
286.944
280.466
268.817
236.128
223.04
228.781
248.385
282.646
274.348
264.655
276.281
275.596
238.749
229.384
229.148
236.267
250.376
255.787
268.097
268.24
265.006
267.594
268.204
244.708
226.912
239.177
270.856
259.269
251.351
269.942
273.486
265.71
262.433
211.282
188.715
235.1
284.212
256.345
236.939
256.476
273.448
249.813
252.461
268.061
238.322
236.939
263.922
287.068
244.978
227.842
259.504
276.74
256.772
233.263
232.126
229.938
241.167
270.234
276.893
260.417
265.287
269.978
271.186
241.488
221.019
247.188
254.356
266.88
279.018
269.578
263.539
269.36
281.017
283.608
254.518
236.995
263.089
278.319
258.431
260.383
278.435
263.609
259.37
270.673
256.772
228.389
233.263
251.477
263.47
255.853
257.931
251.889
225.403
228.754
227.713
210.77
231.884
285.063
278.28
239.693
239.751
271.076
284.252
271.555
239.263
237.982
244.708
251.351
274.574
272.554
239.923
249.594
284.941
284.495
273.935
262.158
271.518
285.837
272.109
268.24
274.688
272.442
264.901
268.926
290.571
256.016
229.305
236.518
245.218
231.723
229.885
259.067
274.952
277.123
278.979
258.264
230.256
250.313
294.768
281.571
245.58
209.161
222.941
261.952
263.748
275.065
186.968
183.268
255.037
261.643
256.937
249.781
264.131
275.103
268.42
244.469
241.4
228.702
241.692
288.767
284.212
255.2
263.887
287.687
267.237
242.66
246.033
271.113
271.15
266.525
283.728
288.684
277.894
272.777
273.187
274.273
230.574
220.824
266.809
276.205
257.4
261.54
275.938
280.662
271.628
273.448
286.041
233.836
221.951
265.816
286.574
261.438
252.653
234.577
225.454
255.787
254.291
218.723
218.555
257.533
273.973
277.894
273.673
278.164
292.74
298.552
267.13
234.439
251.193
271.113
264.795
277.739
282.765
235.988
234.302
282.326
301.341
263.123
228.99
247.985
285.796
274.801
270.343
266.312
242.16
237.84
249.314
274.65
251.414
238.095
260.315
278.513
272.146
263.678
282.287
289.939
271.26
272.331
278.358
246.336
240.674
275.255
305.53
276.97
254.712
265.428
236.883
217.202
248.385
237.023
214.408
254.518
298.24
301.114
255.395
241.022
267.308
279.057
243.992
221.828
242.307
224.341
228.702
265.463
264.831
255.232
269.651
289.394
291.928
258.065
243.576
268.926
268.24
263.644
273
290.909
289.31
284.333
286.082
256.279
209.118
217.699
263.574
259.605
249.875
259.875
266.241
264.306
274.273
292.269
275.255
239.349
258.431
267.845
264.725
268.492
265.851
279.408
238.322
234.274
270.856
259.37
216.826
219.974
268.42
281.492
249.75
251.351
284.091
269.324
251.256
251.731
255.395
255.624
266.596
275.596
267.953
255.853
267.415
287.604
282.486
238.436
221.263
256.41
268.025
262.329
278.823
296.384
279.916
271.334
276.052
282.167
250.784
234.494
270.966
293.169
275.028
268.889
288.018
293.04
264.69
245.67
263.957
247.739
236.63
264.971
289.101
290.234
274.048
281.849
301.568
287.48
274.914
287.977
271.702
223.14
212.721
244.948
278.668
255.395
248.88
287.935
293.686
246.002
235.682
243.368
223.764
239.063
278.358
288.475
264.201
271.039
298.909
287.77
250.564
251.477
289.31
298.463
269.724
261.267
293.298
294.204
264.48
265.851
288.06
242.336
240.558
299.133
312.647
289.226
259.034
269.07
286.903
266.17
253.904
268.565
243.694
217.132
240.298
270.343
273.149
266.951
276.778
299.177
294.204
285.063
265.041
265.287
255.395
257.566
290.74
290.529
249.75
251.036
302.069
271.555
229.806
215.866
234.99
248.602
253.229
281.175
278.203
263.783
282.965
303.582
286.862
244.349
237.897
265.463
283.527
283.527
280.112
289.017
296.78
272.777
269.324
290.318
271.776
218.699
223.04
290.36
303.122
274.574
275.558
286.903
267.023
264.201
273
262.398
246.002
269.215
307.645
300.345
265.851
266.631
274.273
275.028
279.33
278.513
263.054
255.951
264.306
275.292
301.159
285.796
249.719
251.414
284.252
300.3
255.951
229.358
254.745
225.734
217.841
252.398
261.472
238.578
239.981
287.853
274.16
241.955
240.414
260.112
242.424
240.761
281.215
294.161
277.701
278.513
290.782
258.198
233.209
247.188
274.085
249.875
239.149
271.665
300.842
289.897
287.936
310.752
265.604
233.754
262.398
302.847
306.654
272.851
269.397
282.167
281.452
275.179
278.513
257.599
239.034
248.663
263.678
286.944
284.091
277.393
284.495
293.47
283.527
243.605
231.589
244.648
214.707
217.439
260.01
263.054
255.754
254.518
263.158
242.307
234.247
261.952
285.714
274.348
262.123
293.255
309.119
278.048
269.143
282.805
285.103
253.421
243.962
278.164
285.103
271.223
284.576
304.971
292.783
264.725
258.699
264.201
232.396
238.18
288.559
295.858
275.028
282.048
301.114
303.674
292.783
273.336
246.063
237.699
248.108
268.097
285.144
287.439
280.505
280.073
304.136
311.915
291.758
245.489
219.853
247.188
269.107
276.893
300.3
247.617
236.63
279.681
302.526
284.536
253.614
257.202
279.096
262.812
263.992
286.082
293.556
296.428
289.603
279.564
279.213
256.805
247.036
288.143
314.021
287.977
260.383
265.111
281.77
275.71
278.901
271.444
218.627
219.322
265.006
296.692
310.752
271.039
260.485
292.526
310.463
278.979
241.255
241.4
237.869
247.494
267.559
259.269
249.439
270.709
301.477
300.345
278.979
247.555
239.292
232.72
241.488
246.427
250.878
256.542
267.63
303.398
288.976
242.866
