9.65773
197.628
237.051
295.902
303.721
309.789
239.894
191.994
224.543
288.143
264.34
265.64
322.113
326.264
274.461
290.824
294.464
271.481
230.707
246.002
338.581
319.081
268.061
267.989
318.471
277.894
262.192
307.692
333.834
348.979
249.377
236.77
277.008
185.58
171.939
242.925
212.63
210.172
249.626
257.102
208.398
196.754
260.994
264.866
289.143
326.318
306.654
271.887
232.153
91.6044
99.3888
273.598
281.017
329.979
332.889
297.221
284.576
303.674
144.98
144.134
296.428
280.938
236.155
260.485
338.524
267.523
227.92
270.38
232.234
185.117
219.226
289.855
280.308
211.573
207.232
239.32
254.453
190.168
149.745
197.922
304.739
291.545
249.781
266.418
304.414
345.781
339.098
342.877
344.887
317.813
343.466
304.599
286.738
329.056
355.556
332.447
329.272
373.692
387.597
344.531
296.165
316.456
367.107
334.392
334.28
314.317
314.614
385.356
395.257
382.336
246.944
180.848
235.516
279.955
211.506
255.069
202.86
196.29
338.295
308.976
28.2478
28.6508
384.098
363.769
361.272
387.297
401.445
399.122
375.799
359.712
369.344
338.696
344.234
362.779
310.559
324.886
369.549
376.011
333.389
328.192
382.629
384.172
380.011
361.272
335.233
344.887
369.072
384.246
299.401
256.443
298.641
350.816
372.648
317.259
313.676
350.14
317.007
258.431
275.748
326.531
329.218
348.736
320.924
325.309
338.581
336.7
305.064
307.456
363.24
337.268
299.715
255.951
240.529
235.516
208.965
244.529
304.044
318.674
291.715
263.957
314.021
324.992
184.655
179.035
306.138
358.68
314.367
317.914
375.869
381.971
376.011
371.195
373.832
347.766
350.017
384.246
383.804
382.995
336.7
329.87
376.081
360.101
355.177
335.627
316.306
343.643
343.761
336.927
364.564
367.782
295.946
272.702
322.165
342.994
345.066
325.309
296.516
298.107
332.226
361.076
292.997
302.252
305.53
263.158
257.931
288.725
310.559
260.112
258.465
297.265
311.624
332.06
318.928
269.687
288.475
263.262
203.149
233.754
330.469
361.272
332.613
329.435
365.631
351.309
346.62
343.82
348.189
328.192
314.515
345.542
320.41
289.436
321.44
349.711
337.325
312.256
322.581
369.208
373.413
343.879
309.502
334.504
381.825
234.962
205.002
297.486
330.743
348.857
337.553
332.226
382.555
391.85
368.596
293.212
285.103
351.247
356.57
364.897
281.334
261.063
344.175
368.256
278.435
272.48
366.502
374.181
370.92
341.006
347.524
319.081
307.031
362.319
326.584
329.87
373.065
383.804
341.939
306.232
315.358
265.851
265.006
289.813
315.358
347.343
305.998
226.091
240.877
358.744
381.17
323.206
291.418
329.924
357.398
373.972
323.625
279.916
315.507
350.017
349.834
339.443
344.412
376.719
369.686
360.62
332.447
336.87
386.25
391.16
347.584
322.061
350.816
369.14
363.042
305.437
257.599
305.157
384.246
389.029
337.61
326.052
365.03
342.994
336.87
337.553
282.526
302.435
383.951
390.625
328.731
312.11
367.107
389.864
378.573
355.745
363.372
376.861
359.648
369.276
360.295
325.945
326.744
306.466
306.279
317.36
333.056
359.648
342.818
361.141
321.492
312.695
307.882
279.799
253.325
275.103
345.363
341.705
339.789
314.564
329.11
380.88
399.281
331.181
312.94
362.516
388.425
398.168
378.931
340.194
325.15
294.377
286.574
293.815
313.332
369.004
380.735
388.878
363.438
345.304
327.172
332.889
301.114
277.701
341.53
382.409
373.902
364.431
339.213
342.818
380.011
391.619
395.335
381.243
373.204
358.102
345.841
358.23
337.382
279.916
277.739
323.992
323.729
315.109
308.452
318.37
355.051
327.332
326.211
381.098
320.667
282.965
290.74
328.893
361.206
320.461
289.101
296.165
352.671
391.696
376.719
323.52
336.417
392.619
392.234
391.389
247.985
218.412
318.725
385.877
330.797
287.026
333.723
392.003
366.3
321.492
328.569
308.452
311.284
373.692
325.362
329.381
381.898
388.35
399.281
344.947
330.907
367.985
370.851
361.141
329.218
311.575
338.524
381.316
354.61
301.432
308.928
350.447
334.225
325.098
324.939
340.194
371.264
349.711
306.138
311.284
287.77
294.638
373.832
331.95
323.887
363.967
376.506
388.425
331.565
322.945
380.011
389.484
384.541
342.7
307.409
212.179
199.045
282.805
347.887
395.491
404.204
299.133
268.709
326.105
350.201
366.435
297.398
271.592
334.672
375.587
385.579
299.94
282.167
349.65
376.081
359.842
339.271
331.455
347.102
386.324
376.932
293.47
284.657
342.818
356.062
352.983
353.92
356.633
360.101
375.235
338.811
316.156
338.409
365.831
382.702
306.89
309.693
392.773
387.822
360.101
291.163
267.13
318.928
358.551
343.938
323.468
346.38
380.3
325.362
303.998
298.864
315.657
370.714
393.701
308.976
291.036
343.289
351.185
361.402
322.165
325.998
376.081
325.309
326.477
302.618
291.843
371.747
379.219
288.976
295.377
390.472
327.386
278.901
282.845
315.308
297.486
309.167
311.042
274.01
298.196
345.841
392.157
318.725
315.856
356.252
324.465
292.697
306.984
368.188
248.942
200.24
269.324
335.345
351.185
391.236
351.124
351.247
393.546
383.951
351
285.47
306.185
398.406
398.089
362.056
279.447
278.823
362.582
390.549
350.263
307.172
332.226
389.56
400.802
405.433
333.778
308.214
333.89
353.17
379.939
288.309
292.099
391.007
362.056
315.259
329.979
381.243
349.04
345.602
368.868
355.303
375.446
390.32
388.576
282.885
253.614
322.061
360.815
333.778
298.954
317.259
357.079
335.289
295.639
289.184
298.597
305.951
322.217
279.291
276.358
337.382
336.078
302.847
304.321
355.492
375.869
355.872
307.267
312.989
365.965
343.82
296.121
280.781
314.317
366.367
369.14
343.407
345.483
366.703
369.754
378.86
360.231
296.209
312.402
386.25
391.543
356.824
318.624
335.796
335.177
335.514
340.136
293.902
322.113
395.57
397.931
346.44
340.483
389.788
309.167
301.25
335.345
330.633
337.724
325.362
349.711
330.961
337.838
365.497
365.43
304.368
295.596
368.392
362.516
354.988
310.511
299.491
353.732
384.837
353.544
262.571
274.99
361.86
375.375
345.066
313.627
263.019
283.648
386.623
342.7
310.366
352.609
395.726
390.016
332.613
327.869
354.61
321.492
312.94
282.127
307.74
398.01
401.365
366.569
329.924
358.873
381.898
373.622
389.94
369.004
347.222
366.233
378.43
371.609
351.989
309.071
279.174
285.225
332.889
359.777
367.85
394.477
385.282
384.32
348.493
346.801
391.773
309.071
248.509
270.088
305.577
295.596
329.001
324.517
311.964
298.507
279.955
296.956
300.616
293.902
320
360.231
268.601
267.308
323.468
313.922
261.506
278.552
290.698
208.203
183.824
239.149
369.413
304.275
263.158
320.256
349.711
335.177
323.05
315.756
342.466
369.754
315.856
281.096
290.529
297.442
250.282
257.765
275.33
290.234
352.051
348.432
335.121
338.753
386.473
359.26
282.446
274.198
331.016
344.828
274.801
243.013
296.868
313.627
300.842
355.935
381.679
356.379
354.547
346.861
346.38
371.126
337.268
339.443
340.136
342.7
388.576
399.281
384.911
330.743
339.501
387.597
389.181
398.01
321.388
288.684
340.657
367.985
306.044
284.657
328.407
353.669
370.989
371.885
321.543
299.043
333
372.995
302.297
268.025
314.614
319.234
283.809
294.638
337.895
358.23
359.324
321.234
319.387
353.794
365.497
319.132
274.914
311.867
363.57
375.023
384.911
342.407
334.225
379.291
400.882
387.973
339.041
335.739
374.322
383.509
332.447
308.833
346.801
370.576
370.165
367.918
326.211
327.493
375.587
389.332
387.522
358.551
351.865
368.936
312.305
311.236
315.706
293.902
340.599
375.305
374.813
329.707
321.027
342.759
352.92
380.011
360.946
356.506
298.954
299.267
342.173
272.814
267.989
327.976
364.431
294.638
298.864
369.549
365.43
380.156
334.952
305.577
327.6
208.333
168.294
242.101
346.5
304.599
306.373
369.549
382.775
297.486
253.293
317.158
382.848
386.324
395.101
252.462
243.25
376.506
401.043
322.217
290.994
340.368
374.953
349.223
300.978
288.309
319.744
365.497
376.932
309.741
309.023
378.43
354.484
334.728
327.708
297.133
297.796
345.006
327.761
318.066
369.481
394.166
340.252
272.368
304.183
376.435
374.742
386.623
324.675
305.297
352.423
370.508
392.465
312.793
285.103
324.202
353.232
354.799
322.061
343.761
353.482
359.195
323.154
317.712
374.953
376.648
358.744
305.437
319.591
385.356
299.625
258.298
262.329
302.526
387.222
381.098
328.138
265.71
271.297
342.056
358.744
288.226
301.159
386.922
394.633
323.834
298.864
352.051
386.175
385.877
348.189
326.052
345.066
360.036
375.094
337.667
312.549
348.25
314.713
312.598
341.064
305.717
329.815
375.023
372.439
326.371
331.345
373.413
358.809
271.665
254.162
321.595
363.24
384.468
343.348
327.011
360.036
368.188
357.782
334.616
352.175
396.432
397.772
395.883
395.804
352.671
282.127
300.345
380.735
351.679
319.03
340.252
338.009
329.87
279.018
283.246
370.989
322.633
267.989
247.219
280.702
337.098
308.833
308.88
336.417
358.616
384.986
373.552
321.75
331.455
387.297
387.522
368.121
291.163
301.25
349.345
348.554
361.011
318.827
327.065
362.647
379.867
337.895
325.574
356.824
307.929
317.864
358.809
350.939
375.728
381.025
341.355
281.492
304.692
373.902
369.481
380.662
355.999
343.23
343.82
345.781
377.145
300.3
285.714
370.37
397.535
396.904
319.591
312.598
347.766
349.284
363.372
328.623
291.46
294.204
339.328
303.306
288.06
345.901
380.662
379.147
303.26
279.916
314.663
345.244
337.211
284.051
275.672
271.039
231.535
249.439
311.236
328.03
329.272
318.269
322.633
343.879
340.136
318.725
293.384
313.627
372.856
362.647
298.063
284.455
326.371
364.033
348.25
332.336
368.189
384.541
370.233
335.852
340.426
295.639
278.823
343.112
330.469
332.889
368.664
366.771
364.964
337.724
343.525
376.081
380.084
372.856
276.167
273.149
354.484
367.444
376.79
347.041
354.296
396.04
384.615
379.219
328.569
311.042
353.482
375.94
375.094
311.478
315.956
382.117
384.468
382.922
343.23
283.447
289.813
351.185
388.954
317.561
290.909
332.06
322.841
256.805
275.103
367.309
344.649
335.739
313.381
317.763
370.028
370.576
366.032
357.207
353.544
338.352
305.064
268.853
287.894
329.489
334.616
338.352
298.597
304.507
354.673
369.004
366.569
329.001
306.843
286.615
294.247
297
310.945
378.072
370.645
362.516
336.022
324.202
334.616
355.429
375.094
333.333
276.052
290.824
330.524
262.743
266.312
346.38
375.235
368.121
294.204
293.858
355.114
366.099
350.263
334.672
253.1
245.67
320.873
311.429
317.813
337.268
353.857
352.547
344.947
365.163
381.898
337.325
255.265
281.532
375.657
335.289
232.099
250.282
383.656
383.436
326.958
278.009
306.89
361.598
366.099
358.038
320.051
313.087
307.55
315.856
326.318
311.139
345.006
357.462
361.991
337.211
332.889
384.32
332.557
310.994
285.592
290.192
362.45
310.8
269.542
309.406
360.685
366.972
373.204
316.106
303.122
356.316
372.787
366.703
299.401
302.115
338.123
320.359
326.958
315.109
333.056
375.305
392.696
316.206
301.523
364.365
346.2
338.696
337.952
343.525
376.577
287.563
243.754
285.266
341.064
372.926
345.662
299.805
311.09
335.402
354.108
389.029
289.939
287.894
389.788
387.372
356.316
285.633
293.988
367.715
376.719
391.007
323.992
311.964
379.579
397.219
351
311.042
333.5
307.267
317.965
351.803
300.707
313.381
351.865
339.098
333.946
365.831
372.578
305.437
265.182
273.299
310.752
362.911
381.679
339.098
332.06
379.219
405.186
378.215
332.889
341.122
353.419
353.107
364.166
352.485
285.633
283.086
346.741
332.447
284.698
310.366
365.831
346.141
358.809
335.909
325.256
314.663
295.683
282.845
299.85
365.03
366.233
374.742
310.27
305.577
390.396
396.118
379.075
311.381
297.619
333.556
343.112
353.857
281.492
265.322
342.994
387.222
347.283
300.707
326.851
377.715
374.462
280.938
280.623
274.311
276.893
334.001
309.693
346.081
380.228
384.763
315.159
313.725
369.413
368.256
385.654
357.207
354.673
353.482
348.736
374.392
292.997
297.265
385.654
377.287
375.164
327.118
314.961
330.743
337.268
363.636
324.781
296.428
272.665
281.889
298.909
306.373
356.506
374.883
382.409
334.504
291.63
322.737
358.616
349.284
340.657
350.447
370.096
225.912
187.811
264.306
334.504
359.712
323.887
330.907
391.16
347.162
268.492
282.686
351.185
370.645
397.931
369.549
299.401
312.305
359.583
352.361
322.997
326.264
373.622
325.68
292.654
243.605
226.963
282.087
326.958
288.06
299.625
362.713
354.799
312.744
313.234
339.847
346.38
240.038
214.362
