3.04434
12.2849
13.4382
15.3821
13.5902
9.35182
10.3622
15.3886
15.4568
15.4895
15.0203
14.9769
13.3316
12.1281
13.2744
14.3029
14.2242
14.5249
14.6366
14.6158
15.4264
16.1925
15.8806
15.5254
15.8871
15.9257
15.6556
15.7926
16.0258
15.2623
15.1438
15.7311
15.0856
14.7167
15.2124
15.1113
14.8939
15.5152
15.558
14.7801
14.9171
13.7553
12.8706
14.1361
13.3625
13.2158
14.4217
14.294
14.5985
15.6207
14.606
14.1757
15.4947
15.228
14.9715
15.3901
15.5371
15.0967
14.9269
15.3952
15.3032
15.2347
15.248
14.5722
14.864
15.5347
15.111
15.0666
15.5026
15.1386
15.1555
15.1662
13.8998
13.2186
13.1847
14.2893
15.4569
14.9859
14.6937
15.0148
15.4998
15.0236
14.9313
15.4487
15.2922
15.3765
15.6912
15.0413
14.9372
15.7427
15.8137
15.231
14.719
14.8437
14.6366
14.8244
15.5023
15.1696
15.3802
15.549
14.0446
13.3544
13.3955
13.5537
14.781
15.3611
14.8359
14.6747
14.9146
14.9306
15.1729
15.4409
14.9722
15.0052
15.3317
15.2553
15.1048
15.1723
15.0558
15.0093
15.447
15.0894
14.6634
14.9217
14.9558
14.651
14.5362
15.0607
14.5156
14.3671
14.8391
14.9951
15.5514
14.63
13.284
13.0544
14.1453
14.8696
15.2129
15.3107
14.6136
14.4601
14.5866
14.6184
14.8486
14.1996
14.2816
15.2424
15.2513
14.812
14.7881
14.8134
14.3699
14.7742
15.2479
14.4529
14.5511
15.1253
14.6595
14.3557
13.9875
13.2822
12.8046
13.168
14.0193
14.7792
14.9008
14.5849
14.9618
15.2646
14.5889
14.8503
15.2596
14.6314
14.7013
15.0597
15.4414
15.3521
15.0479
14.9545
14.7292
14.7113
14.4965
14.5885
14.6198
14.3478
14.6615
14.9916
14.3204
14.5875
14.8124
13.5256
13.0738
12.9027
12.4026
13.3313
14.6114
14.6522
14.8665
14.6012
14.5045
14.8872
14.1673
14.4815
15.4138
14.8364
14.8179
14.6942
13.4116
13.0289
13.8494
13.386
13.4913
14.4389
14.5012
14.814
15.0432
14.7183
13.6005
13.2012
12.7821
12.8254
14.3686
14.1852
14.0412
15.0883
14.6187
14.3688
14.625
14.2726
14.5303
15.0029
14.7171
14.5476
14.4373
14.1755
14.6895
14.701
14.1412
14.5614
14.7583
14.4676
14.6993
14.5994
14.221
13.3392
12.4697
12.7773
13.8874
14.4687
14.6358
14.7654
14.0448
14.0927
14.7691
14.4962
14.2613
14.5018
14.3738
14.3487
14.812
14.4577
14.2736
14.683
13.8949
13.892
14.6016
14.5593
14.617
14.6489
14.1385
14.1708
14.0815
12.5819
12.5034
12.486
11.8563
12.3142
13.3659
14.3715
14.5347
14.0023
14.2046
14.8581
14.3213
14.3157
14.8337
14.3733
14.2818
15.0006
14.6867
14.4091
14.8331
14.4642
13.9316
14.3542
14.4966
14.5858
14.8622
14.434
14.4932
14.6184
13.7327
12.5993
12.3448
12.5931
13.5043
14.4769
14.2403
14.2142
14.4364
14.4731
14.6948
14.8486
14.34
14.1365
14.4015
14.2832
14.3583
14.659
14.6139
14.7201
14.7171
14.091
14.246
14.5369
14.0173
14.3909
14.7558
14.0494
13.771
13.8319
13.6163
13.0882
12.2332
12.4697
13.9204
14.1453
14.2498
14.789
14.2251
14.2592
14.7433
14.2362
14.0867
14.4663
14.0913
14.0391
14.4114
13.3981
12.9553
13.4022
13.8345
13.9277
13.0325
12.7049
12.8343
12.3301
12.5454
13.129
13.1974
13.8773
14.1593
13.8692
13.9489
14.1603
14.0921
14.0399
14.153
14.0556
14.211
14.2968
14.2331
14.1135
13.9188
14.1582
14.1328
13.3915
13.6214
14.3069
14.2256
14.363
14.4266
13.5593
13.7555
14.7232
13.9639
13.5173
13.3054
12.5491
12.2726
12.5268
13.4606
14.3969
14.0059
13.8349
14.2768
14.0635
13.6388
13.9438
13.8951
13.6605
14.1407
14.0539
13.7467
13.7693
13.8303
14.1206
14.1673
14.0202
13.3479
12.3664
12.7948
13.2472
12.0943
11.3926
11.5189
12.7622
14.0446
13.6116
13.7022
14.2747
13.92
13.9003
14.4461
13.9831
13.444
13.9124
13.6366
13.7341
14.2626
13.5645
13.2751
13.853
14.0084
13.962
14.1769
13.9844
14.3059
14.1938
13.8844
14.1127
12.7818
12.0494
12.8392
13.5195
14.1798
14.3277
13.8252
14.1503
14.4618
13.6382
13.7401
14.3088
14.1171
14.0051
14.0145
14.0826
14.2671
14.0238
13.7184
14.0144
13.8421
13.5562
13.8433
13.7421
13.8074
13.5775
12.3782
12.3567
12.2028
12.1211
12.9085
12.349
12.3276
12.8206
12.5837
13.3976
14.2448
13.8404
14.1158
14.3287
13.5587
13.6481
14.1831
13.5341
13.1245
13.1973
13.6009
14.0607
13.7459
13.7646
13.8767
12.945
12.5531
12.4532
12.6515
13.8384
13.7569
12.9357
13.3361
13.1417
13.3617
14.2183
13.7777
13.8505
14.0436
13.5764
13.4811
13.6605
13.0037
13.3175
13.6941
13.2482
14.0567
13.8032
13.4897
12.7276
11.5731
11.9619
12.6147
12.8221
12.0679
11.5349
12.5378
13.1457
13.1281
14.0261
13.8848
13.6578
13.9757
13.3147
13.0681
13.6485
13.6489
13.6959
13.672
13.081
13.2412
13.2995
13.2682
13.8446
13.7781
13.4021
13.7377
13.7106
13.2025
12.3595
11.4803
12.5316
13.5553
13.2037
13.3645
13.1595
13.1052
13.4543
13.9518
13.8214
13.4225
13.2509
13.3566
13.284
12.7467
12.4056
11.7318
11.339
11.5561
12.2191
13.1737
13.3709
13.5097
13.8069
13.4135
12.7339
11.8903
11.9258
12.0271
12.4299
13.0896
12.6237
12.9091
13.4936
13.2059
13.1758
13.5945
12.9887
12.6002
13.1879
13.409
13.2579
12.9551
12.4219
12.752
13.1484
13.1116
13.5171
13.4127
13.2366
11.73
11.4388
12.8871
12.5192
11.8452
11.0851
11.2353
12.4833
13.0313
13.4696
13.6546
13.2674
13.211
13.3229
13.4012
13.6202
13.4675
13.3192
13.625
13.1209
12.9438
13.5931
13.2143
13.1205
13.2627
13.2707
13.4839
12.0822
11.3334
12.1665
12.743
13.0983
13.036
12.9823
13.4015
13.2838
13.1085
13.287
13.2998
13.5624
13.0359
12.6463
13.3494
13.1127
12.9765
13.3385
12.7606
11.7962
11.8907
12.2217
12.3216
12.9678
13.2815
13.0258
12.2471
11.5596
11.855
12.8377
13.398
13.1474
13.0359
12.9462
12.7659
13.1876
13.1654
13.1341
13.4055
12.7797
12.7724
13.2419
12.5283
12.4587
12.8499
12.8586
13.1944
12.4401
12.4776
13.2044
12.1358
11.3186
11.0069
11.9553
13.0324
12.696
12.7672
12.6744
12.8706
13.5358
13.1002
12.5335
11.9505
11.4743
11.6196
11.0179
11.755
13.2313
12.8388
12.7791
12.9099
13.0573
13.0108
12.5717
12.4819
12.0043
11.4507
12.1985
12.6878
12.8065
12.8263
12.2285
12.3863
12.7627
13.0117
13.0832
12.8137
13.0174
13.0793
12.8499
12.9315
12.6064
12.5709
12.9252
12.3539
12.5082
12.9066
12.7142
12.7081
11.5082
11.0924
12.1032
12.7516
13.1046
13.0412
12.8073
12.7831
13.0024
13.2672
12.705
12.4719
12.9172
12.8587
12.7829
12.7453
12.5236
12.9715
12.6698
12.0747
12.2897
11.9254
11.2801
11.3297
12.0576
12.8757
12.7083
11.6333
10.5146
11.3663
12.9841
12.4807
12.4228
12.5247
12.718
13.1761
12.6284
12.5445
12.8626
12.9232
13.1766
12.7976
12.8564
12.7661
12.4302
12.8372
12.657
12.3166
13.0319
12.0102
11.0913
11.6375
12.1991
12.6839
12.6472
12.5482
12.3254
12.4712
12.8551
12.5986
12.5624
12.1637
11.3604
11.6753
11.3793
11.1389
12.0554
12.6324
12.7537
12.4257
12.4484
12.5094
12.39
12.7772
12.6913
12.505
11.815
10.934
11.9313
12.5871
12.2754
12.7711
12.5363
12.2834
12.2691
12.5034
12.6279
11.8075
11.3534
11.9854
13.0234
13.1278
12.3817
12.6741
12.675
12.1673
12.6816
12.3832
11.708
11.1861
10.9686
12.2608
13.0354
12.7853
12.7387
12.6196
12.7466
12.9029
13.0339
12.8382
12.1765
12.4602
12.9434
12.1877
11.1755
10.636
11.5064
12.2228
12.2534
12.5968
12.6346
12.7301
12.7694
12.144
12.2877
11.9901
11.04
10.8209
11.2867
12.2236
12.158
12.238
12.7203
12.6494
12.6648
12.633
12.5056
12.6938
12.3363
12.0527
12.5611
12.1777
12.1646
12.6702
12.4125
12.3116
12.2602
11.7192
10.6713
10.5161
11.6626
12.2287
11.0909
10.3091
10.8378
11.8516
12.1705
12.1956
11.9714
12.3208
12.4594
12.2536
12.1919
12.4183
12.8512
12.033
11.9476
12.391
12.371
12.4016
11.9594
11.9139
11.4716
11.2283
10.8959
11.2537
12.3086
11.8526
12.1089
12.0604
12.5192
12.8346
12.0028
12.2911
12.6848
12.1027
12.1807
12.1375
12.1934
12.5423
12.0463
12.2292
12.3
12.1367
12.2973
12.2316
12.1979
11.4882
11.3639
11.8142
11.7572
11.6057
11.5493
11.9962
12.5649
11.4256
10.557
10.4726
10.795
11.9036
12.4559
12.3669
12.0165
11.9309
11.7068
11.9041
11.6309
11.7451
12.5619
11.9251
11.0917
10.5804
11.0882
12.4177
12.298
12.0745
12.0883
12.0369
12.3487
12.143
12.0837
11.9407
12.3624
12.7948
12.1517
12.1265
11.9227
11.7071
12.0527
11.9092
12.0325
11.7451
10.9485
10.5459
10.495
10.6681
11.6772
12.5186
11.7202
12.1656
12.1291
11.3671
11.6787
11.766
11.9608
12.1305
12.0547
12.1839
11.9825
12.0254
12.0923
11.9306
12.0277
11.9318
11.9549
12.1125
11.9014
11.206
10.3618
10.4852
11.2427
11.8004
11.7599
11.9216
12.2734
11.7034
11.6643
11.9159
11.9875
12.1878
11.5333
11.6722
12.0837
11.6174
11.733
11.8007
12.043
11.9499
11.8439
12.0914
11.6193
11.2733
10.7578
11.1867
12.251
11.8291
11.8016
11.7709
11.789
11.9916
11.7178
11.7404
11.4783
11.663
12.1508
11.8619
11.4618
11.5899
12.0714
11.8666
11.8129
11.9554
11.5828
10.4484
10.0844
11.2237
11.7967
11.6645
11.3225
11.3878
12.1311
11.9651
11.8646
12.0977
11.7765
11.8913
11.8523
12.0277
12.3591
11.8034
11.6717
11.5666
11.1545
10.5079
10.1975
10.6498
11.6145
11.7455
10.7916
10.4552
10.6103
10.9706
11.5015
11.6001
11.7977
12.1898
12.234
12.1151
11.8973
11.9492
11.8241
11.3402
11.2926
11.5479
11.6889
11.7517
11.6477
11.7682
11.9918
11.4809
10.7827
10.999
11.388
11.5572
11.3523
11.6318
11.9369
11.1262
11.4085
11.6913
11.711
11.1806
11.2175
12.0977
11.4957
11.2411
11.2877
11.2023
11.398
11.7009
11.8531
10.9922
10.2639
9.52258
10.1263
11.3182
10.7204
11.1554
12.0317
12.289
12.2198
12.0158
11.4652
11.4789
11.8971
11.4946
11.597
11.6897
11.4129
11.5622
11.6548
11.727
11.6745
11.7862
11.7509
11.094
10.1804
10.4424
11.6045
11.2133
11.0224
11.4296
11.2182
11.5498
11.6509
11.5941
11.4701
11.3433
11.8835
11.5561
11.3535
11.3766
11.6515
12.0448
11.7693
11.4816
10.7951
10.3342
9.94629
10.4598
11.8068
11.5632
10.9337
11.0637
11.5681
11.6029
11.7322
11.6992
11.3991
11.671
11.6044
11.5745
11.9021
11.2252
11.1772
11.5549
11.7072
11.7073
10.4009
10.1157
10.773
10.6186
9.58451
9.51647
10.5278
11.2274
11.4218
11.5249
11.8131
11.4914
11.3538
11.678
11.935
11.759
11.2225
11.3403
11.5127
11.6572
12.0456
11.7444
11.5385
11.2377
10.3954
9.49956
10.2686
11.6814
11.5778
11.0599
10.9462
11.5417
11.5785
11.5183
11.8191
11.5751
11.4776
11.805
11.7211
11.692
11.1896
10.9966
11.1698
11.5406
11.5724
11.2682
11.4722
11.4689
10.9606
9.71619
8.89759
9.31276
9.77775
10.1619
11.2428
11.0387
10.938
11.5172
11.2719
11.526
11.5141
11.4762
11.4616
11.1656
11.5341
11.5361
11.4461
11.4714
11.3815
11.3752
11.328
11.4826
10.3724
9.65172
10.33
11.2426
11.4643
11.0531
11.1359
11.2538
11.2717
11.1949
11.2557
11.2699
11.1
10.9467
11.0352
11.3753
11.3266
11.2268
11.2843
10.5283
9.60398
10.4268
11.2965
11.0385
11.3401
11.0503
10.922
10.7108
10.6937
10.0682
9.6568
10.4942
11.1124
11.3789
10.6916
10.6241
11.0379
11.3342
11.2444
11.1633
11.3312
11.0637
10.5882
9.9784
10.3315
10.8273
11.0046
10.8625
10.9013
11.2616
11.0428
11.1312
11.069
11.2072
11.3234
10.8584
10.983
10.9493
11.282
11.2164
11.0249
11.2385
10.9489
10.3886
10.1452
11.0102
11.2104
11.084
10.8141
11.0612
11.3466
11.1466
11.4664
11.0055
11.0342
11.1121
11.0336
10.5741
9.94797
9.85105
10.4016
11.0861
11.0676
11.2806
11.2313
10.5387
9.56174
9.31875
10.1173
11.3705
11.5857
11.0385
11.309
11.2279
11.136
11.2128
10.9685
11.2552
11.1921
11.0935
10.5554
10.7242
11.1019
11.1688
11.4492
11.1001
10.7027
9.7855
9.54094
9.63192
10.3683
11.037
11.0249
11.1464
10.9587
11.024
11.346
11.3287
10.9297
11.2063
11.0251
10.8373
10.7536
10.9939
11.4525
10.9282
10.5292
10.0039
9.56755
10.1742
10.9996
10.5779
10.5336
11.0119
10.8063
10.0203
9.74108
9.73985
9.77331
10.4622
10.943
10.6609
10.3898
10.815
10.702
10.7849
11.2295
11.0827
11.1645
10.2029
9.63516
10.3702
10.9239
10.4372
10.5778
11.0951
11.0818
11.0332
11.0486
10.9818
10.613
11.0259
10.977
10.6886
10.592
10.8716
11.3089
11.2143
11.4224
10.2951
9.68547
10.3945
11.2554
11.4067
10.9662
10.2859
10.3666
10.9883
10.9232
11.1566
10.6805
10.8168
11.2641
10.5399
10.2501
9.38311
9.29437
10.5289
11.0977
10.5383
10.5155
10.758
10.0704
9.42605
9.82169
10.3039
10.4394
10.6309
10.7154
11.3106
10.9326
10.8341
10.8082
10.8648
11.2159
10.9011
10.6431
10.4888
10.4917
10.683
11.0364
10.0237
9.35712
9.52522
10.1573
11.1054
10.5693
10.2512
10.9383
10.9957
10.9064
11.1294
10.9633
11.0431
11.0539
11.1815
10.8415
10.5339
10.8068
11.0936
11.0903
10.8978
10.9415
10.8083
10.6567
9.99795
9.22416
9.74327
10.7959
10.781
10.6193
10.7773
10.9114
10.8571
11.2261
11.4286
10.8629
10.6391
10.519
10.7611
10.9426
11.0643
10.818
