1.23735e-311
inf
3.88948
5.59682
6.11737
5.51962
5.53091
6.72391
6.47964
6.30994
6.387
6.42839
6.43637
6.51162
6.52722
6.53332
6.28953
6.18913
6.5656
6.61586
6.29903
6.20981
6.4445
6.5143
6.40484
6.49323
6.61816
6.52475
6.41999
6.31606
6.30249
6.50265
6.63665
6.69082
6.68302
6.60105
6.58725
6.62015
6.31836
6.32121
6.63354
6.46534
6.31247
6.39611
6.3741
6.49806
6.48269
6.32577
6.45893
6.45932
6.55359
6.60188
6.39595
6.35163
6.52735
6.67325
6.54219
6.46504
6.54793
6.649
6.6749
6.69781
6.73181
6.66613
6.72344
6.74916
6.69382
6.48055
6.52137
6.74302
6.68778
6.63475
6.51203
6.53984
6.63599
6.71224
6.54151
6.50187
6.68861
6.72457
6.73398
6.68881
6.55731
6.56655
6.68697
6.68447
6.74461
6.71486
6.66633
6.64993
6.66978
6.57743
6.35647
6.48025
6.72674
6.65276
6.42715
6.47086
6.65564
6.70772
6.72253
6.74507
6.71463
6.66209
6.7534
6.61448
6.49433
6.6138
6.73451
6.73237
6.57078
6.58226
6.70758
6.74602
6.74295
6.76151
6.71887
6.53804
6.40496
6.30626
6.25725
6.24383
6.39542
6.53894
6.56444
6.63881
6.5327
6.52399
6.58942
6.60389
6.69324
6.52914
6.36242
6.25301
5.90547
6.0738
6.13614
5.392
5.23655
5.14294
4.97616
5.47456
6.17675
6.01453
5.91228
6.16416
6.23311
6.177
5.96801
6.03351
6.1291
6.1429
6.08508
6.2022
6.30676
6.10303
5.88504
6.00197
6.13636
6.05149
6.03608
5.84348
5.33281
5.5172
6.00491
5.98131
6.06448
6.17271
5.86858
5.82926
6.13719
6.20501
6.11643
6.09847
6.30783
6.15574
5.91107
6.08819
6.18357
6.01155
5.93897
6.04419
6.18462
6.16244
6.15949
5.97911
6.11395
6.10916
6.03351
6.24588
6.12317
6.25651
6.25536
6.03482
5.95566
5.81759
5.69968
5.99292
6.34753
6.19947
5.75313
5.63978
6.15258
6.47406
6.24422
6.08095
6.19352
6.19725
6.36586
6.47635
6.39149
6.16302
6.259
6.43971
6.39857
6.50631
6.4133
6.28182
6.37912
6.56136
6.67499
6.74357
6.67967
6.63651
6.60009
6.61781
6.6546
6.69335
6.66556
6.65026
6.68409
6.75537
6.6912
6.56929
6.65701
6.6944
6.65442
6.38154
6.3825
6.61411
6.63152
6.73169
6.729
6.69555
6.68036
6.68172
6.71756
6.67566
6.63365
6.70932
6.74698
6.72626
6.70176
6.65152
6.70385
6.74161
6.74543
6.65908
6.60238
6.70828
6.70383
6.63493
6.66971
6.74614
6.68932
6.62866
6.71935
6.75135
6.69286
6.5703
6.52156
6.59692
6.58016
6.5754
6.63706
6.64584
6.66491
6.76437
6.76622
6.63623
6.57279
6.60939
6.67283
6.70277
6.71028
6.75794
6.58701
6.42498
6.58885
6.70448
6.70093
6.66593
6.73407
6.81041
6.73562
6.77624
6.82305
6.69257
6.6496
6.72011
6.69293
6.66684
6.67499
6.69263
6.6743
6.68881
6.77385
6.75454
6.51861
6.43343
6.52318
6.24056
6.08167
6.18106
6.22578
6.34202
6.14439
6.06649
6.41182
6.41135
6.36616
6.58594
6.62258
6.46563
6.36979
6.37253
6.25774
6.43702
6.66618
6.52714
6.43263
6.43116
6.5218
6.6583
6.78403
6.81522
6.64004
6.48542
6.54356
6.66005
6.61008
6.51797
6.64119
6.68776
6.6581
6.68946
6.71468
6.73736
6.72285
6.71935
6.61557
6.46776
6.50356
6.60993
6.60587
6.66081
6.71263
6.67396
6.65688
6.66604
6.49454
6.19965
6.30072
6.57685
6.6456
6.54902
6.55615
6.72495
6.82412
6.77686
6.65166
6.6714
6.6983
6.62726
6.54078
6.65256
6.7697
6.71053
6.7113
6.74091
6.74004
6.72199
6.75087
6.75966
6.71506
6.73163
6.7733
6.78111
6.70464
6.59085
6.54189
6.55731
6.63623
6.72237
6.68279
6.64927
6.63337
6.56944
6.50633
6.29584
6.26898
6.50813
6.6009
6.60482
6.69467
6.72662
6.63095
6.53554
6.45259
6.50218
6.34459
5.80267
6.02206
6.53281
6.36935
5.87957
5.94824
6.36193
6.50775
6.7063
6.43395
6.31132
6.40835
6.394
6.34461
6.41737
6.49903
6.30134
6.29095
6.22349
6.29392
6.6477
6.64549
6.59959
6.46619
6.28401
6.38152
6.45338
6.30519
6.26017
6.11858
6.04721
6.24934
6.54872
6.67907
6.09006
6.05219
6.61459
6.47279
6.3859
6.40361
6.3758
6.53885
6.62976
6.52754
6.44714
6.44006
6.43083
6.56569
6.67252
6.64659
6.59842
6.60801
6.67031
6.65467
6.6664
6.71589
6.68384
6.62939
6.70846
6.74395
6.66544
6.61043
6.6262
6.67974
6.59652
6.59122
6.72608
6.69795
6.61706
6.64953
6.6684
6.63473
6.63013
6.74218
6.75295
6.68219
6.5349
6.43735
6.52776
6.4243
6.36845
6.45782
6.2778
6.36173
6.67499
6.72414
6.74718
6.68141
6.67835
6.73628
6.70815
6.71125
6.78118
6.74595
6.64615
6.68056
6.61774
6.57947
6.68798
6.7455
6.72726
6.66556
6.67225
6.68192
6.68941
6.72339
6.77491
6.76553
6.72025
6.69882
6.69687
6.67532
6.63832
6.71682
6.73401
6.67624
6.69393
6.75847
6.7496
6.76361
6.78325
6.70421
6.69761
6.52869
6.50111
6.55841
6.44866
6.57765
6.75051
6.61632
6.48605
6.50428
6.33824
6.28678
6.46998
6.58772
6.64551
6.62451
6.3766
6.39552
6.48912
6.19994
6.30793
6.63603
6.66376
6.67436
6.68038
6.75406
6.81004
6.7725
6.69143
6.65121
6.68443
6.66807
6.68912
6.74982
6.72746
6.68632
6.75181
6.74582
6.65053
6.65639
6.72115
6.76206
6.74677
6.76494
6.78755
6.7407
6.70461
6.737
6.73866
6.69902
6.80552
6.80858
6.74243
6.74593
6.68322
6.62339
6.67768
6.79606
6.81821
6.77383
6.74595
6.66156
6.62445
6.65644
6.72943
6.79076
6.74568
6.76585
6.72334
6.67334
6.72104
6.77339
6.77594
6.75959
6.78868
6.73022
6.69943
6.7312
6.76309
6.72932
6.60528
6.63696
6.68816
6.69981
6.59702
6.50749
6.62568
6.6979
6.70761
6.74334
6.75076
6.71058
6.71006
6.73036
6.62748
6.60967
6.73768
6.80205
6.7815
6.71644
6.74696
6.70277
6.56883
6.61148
6.68143
6.64379
6.69183
6.77236
6.73435
6.67448
6.7297
6.71725
6.68012
6.75331
6.78026
6.72864
6.71193
6.77622
6.75017
6.6936
6.67479
6.7086
6.73709
6.7131
6.7632
6.7993
6.69694
6.53475
6.39732
6.37765
6.49918
6.67025
6.76656
6.75603
6.70318
6.7457
6.77408
6.75578
6.75103
6.78543
6.78228
6.53576
6.34526
6.29255
6.30754
6.40287
6.62175
6.74427
6.67214
6.6277
6.55297
6.6147
6.60646
6.30521
6.2536
6.42754
6.56375
6.66538
6.71926
6.4972
6.3595
6.4257
6.5767
6.7231
6.69842
6.75785
6.73224
6.63737
6.72208
6.79071
6.69911
6.64511
6.68199
6.72832
6.71549
6.71736
6.80129
6.81691
6.70102
6.65345
6.7003
6.7266
6.69069
6.67176
6.68662
6.69541
6.73864
6.81053
6.73755
6.68438
6.71096
6.74711
6.77771
6.76313
6.72138
6.70477
6.73219
6.73421
6.81334
6.78113
6.71197
6.74789
6.75199
6.76563
6.748
6.76915
6.77181
6.70574
6.71301
6.60559
6.57471
6.51532
6.51884
6.68181
6.66285
6.69929
6.77663
6.78148
6.77833
6.82636
6.7684
6.68125
6.71957
6.73734
6.72086
6.707
6.70412
6.67592
6.66125
6.65413
6.68914
6.73022
6.69259
6.74238
6.74853
6.69837
6.70477
6.76984
6.77658
6.70772
6.73589
6.69611
6.64026
6.76096
6.7969
6.73757
6.73982
6.74097
6.71463
6.71835
6.72396
6.8058
6.80041
6.68005
6.70729
6.64125
6.58727
6.62078
6.66604
6.74964
6.729
6.73129
6.78136
6.73097
6.71815
6.73768
6.6916
6.72346
6.77569
6.71384
6.72468
6.82904
6.78309
6.69575
6.69999
6.77394
6.75181
6.72348
6.7903
6.84336
6.79036
6.45882
6.3837
6.54915
6.55141
6.64011
6.74523
6.71537
6.60077
6.56045
6.69543
6.76663
6.77475
6.81445
6.77709
6.73569
6.72628
6.74671
6.76808
6.7608
6.83139
6.80666
6.76066
6.77709
6.76164
6.72721
6.65958
6.69698
6.70228
6.61496
6.66169
6.8271
6.80096
6.7168
6.77955
6.81187
6.77254
6.72303
6.76276
6.8067
6.75578
6.76089
6.80029
6.78348
6.76064
6.78721
6.77215
6.71409
6.72705
6.80707
6.76432
6.72199
6.77059
6.78744
6.75283
6.767
6.8231
6.81661
6.7959
6.80052
6.80508
6.75591
6.7068
6.67123
6.71222
6.76009
6.8024
6.7001
6.60823
6.69566
6.74402
6.74498
6.72219
6.76405
6.81345
6.80344
6.7689
6.75749
6.79745
6.79775
6.78093
6.76299
6.75842
6.74007
6.75719
6.74976
6.63339
6.68123
6.76624
6.52577
6.35122
6.40115
6.58523
6.75552
6.75238
6.79223
6.79738
6.73696
6.7177
6.74122
6.72477
6.76599
6.82356
6.77725
6.7675
6.79382
6.78336
6.76235
6.75447
6.74016
6.56653
6.5408
6.75484
6.77314
6.69445
6.69774
6.79576
6.80578
6.78178
6.76343
6.76361
6.7781
6.72561
6.71935
6.71607
6.77573
6.80073
6.7184
6.67829
6.68845
6.77064
6.73256
6.67356
6.77578
6.85808
6.8112
6.75354
6.80904
6.74541
6.68814
6.78341
6.79791
6.74518
6.7563
6.85439
6.84641
6.75001
6.803
6.81236
6.68494
6.61039
6.67425
6.67105
6.63354
6.70749
6.74102
6.71359
6.67305
6.70891
6.69275
6.71432
6.81245
6.81612
6.77865
6.67078
6.7163
6.79064
6.65755
6.64167
6.7488
6.73675
6.68679
6.74352
6.83018
6.7806
6.73226
6.78587
6.75778
6.7117
6.699
6.74507
6.77957
6.7223
6.7769
6.83431
6.78758
6.7856
6.81619
6.78323
6.7944
6.86573
6.72995
6.6077
6.69174
6.76302
6.76231
6.77138
6.77259
6.67751
6.64339
6.7405
6.76066
6.6735
6.69721
6.7786
6.75169
6.56991
6.52761
6.67621
6.61855
6.61378
6.7767
6.75826
6.74222
6.80946
6.78472
6.73272
6.74793
6.76645
6.74866
6.78017
6.79408
6.72429
6.70884
6.69927
6.70403
6.72224
6.67189
6.68311
6.76276
6.79646
6.7092
6.68163
6.6344
6.60144
6.67321
6.79424
6.7539
6.66092
6.66542
6.70295
6.74534
6.73074
6.77548
6.79341
6.72348
6.67579
6.51368
6.37046
6.43639
6.33421
6.31766
6.59554
6.78919
6.66456
6.52324
6.66225
6.7571
6.44955
6.32976
6.57575
6.6658
6.72301
6.76069
6.72423
6.71673
6.72481
6.72016
6.74007
6.7923
6.74532
6.701
6.64944
6.66129
6.67416
6.69696
6.76881
6.78401
6.77135
6.66698
6.54594
6.46064
6.52974
6.66178
6.71159
6.55362
6.54596
6.6291
6.62741
6.69725
6.6306
6.64779
6.77167
6.76652
6.74575
6.83812
6.83118
6.73936
6.68829
6.73462
6.78541
6.72721
6.70583
6.68682
6.59816
6.54555
6.60347
6.62335
6.6253
6.68762
6.79599
6.78343
6.70178
6.73963
6.75772
6.75238
6.74345
6.77863
6.73392
6.70127
6.79364
6.81761
6.76757
6.75046
6.81986
6.78099
6.73614
6.81069
6.75304
6.73426
6.84674
6.84753
6.76688
6.74955
6.76439
6.75603
6.71341
6.73507
6.78295
6.73389
6.78585
6.78811
6.70938
6.76551
6.82377
6.77814
6.6977
6.7581
6.75644
6.69225
6.73142
6.69187
6.63788
6.65146
6.75208
6.81512
6.7608
6.76416
6.82969
6.78884
6.75219
6.79893
6.74493
6.69346
6.75858
6.73095
6.67174
6.72814
6.79918
6.77998
6.7355
6.75721
6.80096
6.76659
6.71339
6.8018
6.80909
6.7427
6.8241
6.8546
6.7753
6.79172
6.8515
6.78306
6.72583
6.76187
6.75053
6.73364
6.73423
6.77502
6.76297
6.72359
6.80219
6.75751
6.65896
6.65006
6.68746
6.63216
6.49813
6.47771
6.45122
6.55854
6.684
6.69541
6.72344
6.69826
6.68391
6.73
6.75019
6.68141
6.59052
6.55385
6.54309
6.6525
6.83492
6.80499
6.72163
6.84652
6.82834
6.68409
6.72871
6.77289
6.73136
6.73358
6.82939
6.79946
6.76498
6.82899
6.76753
6.68684
6.75092
6.82573
6.81745
6.74377
6.795
6.83838
6.69936
6.66385
6.72244
6.78477
6.78751
6.79646
6.78477
6.78304
6.78624
6.82906
6.85977
6.77165
6.79955
6.86339
6.81496
6.78435
6.78419
6.75106
6.69389
6.72249
6.80163
6.75491
6.72319
6.7692
6.73596
6.694
6.69725
6.69062
6.69266
6.70635
6.80163
6.7809
6.75546
6.79944
6.76734
6.75546
6.7473
6.83422
6.8106
6.71114
6.72529
6.74216
6.6938
6.68244
6.77856
6.764
6.73854
6.78774
6.80791
6.79625
6.72192
6.74791
6.82773
6.81143
6.74711
6.77394
6.82282
6.78923
6.81631
6.79207
6.76171
6.7597
6.75514
6.71738
6.67639
6.7485
6.79422
6.72875
6.69104
6.75432
6.7613
6.70567
6.76604
6.82349
6.78297
6.73385
6.75765
6.75925
6.68946
6.74793
6.79297
6.72597
6.7467
6.75087
6.70235
6.71804
6.75365
6.75324
6.69019
6.54189
6.54632
6.58061
6.60725
6.75349
6.77468
6.72251
6.73948
6.77982
6.69353
6.63486
6.75416
6.77149
6.70172
6.76034
6.78583
6.74202
6.71172
6.76046
6.70565
6.64595
6.70488
6.74084
6.75172
6.73312
6.7333
6.72895
6.73473
6.82026
6.75384
6.62937
6.61553
6.71184
6.76432
6.62781
6.60596
6.64489
6.70354
6.64856
6.57713
6.68565
6.71903
6.68362
6.71204
6.72769
6.69096
6.66987
6.79076
6.79807
6.73911
6.82911
6.79048
6.74976
6.84526
6.80513
6.74434
6.78116
6.7558
6.72481
6.75365
6.79244
6.767
6.72081
6.79186
6.81484
6.74668
6.81299
6.83058
6.73013
6.72466
6.84254
6.83985
6.79854
6.80464
6.79916
6.73843
6.64971
6.58499
6.61293
6.7238
6.78744
6.86514
6.79055
6.74152
6.77231
6.73607
6.73172
6.7478
6.84128
6.83102
6.73643
6.76947
6.80988
6.76826
6.66489
6.72459
6.74345
6.69205
6.74357
6.80911
6.80652
6.77766
6.83852
6.83118
6.75381
6.71364
6.78622
6.80768
6.80668
6.8592
6.76995
6.72597
6.77518
6.79648
6.76574
6.76572
6.84943
6.75733
6.67896
6.7395
6.84151
6.83312
6.7824
6.80339
6.77876
6.75929
6.71087
6.73911
6.74912
6.68114
6.76272
6.8523
6.78276
6.74925
6.82475
6.81148
6.74554
6.77805
6.76245
6.728
6.77066
6.81982
6.80666
6.73083
6.72217
6.72393
6.7207
6.72685
6.79369
6.83415
6.80379
6.77723
6.70644
6.70695
6.77959
6.86625
6.77851
6.69561
6.77007
6.75087
6.71127
6.72843
6.7678
6.7597
6.74247
6.67826
6.56336
6.50007
6.52931
6.70356
6.73027
6.66107
6.76695
6.81078
6.7741
6.7501
6.7841
6.77151
6.69431
6.80075
6.80826
6.75112
6.78525
6.78316
6.74784
6.67624
6.74784
6.79265
6.73757
6.74054
6.85328
6.85982
6.75131
6.76272
6.75895
6.72014
6.7703
6.81975
6.8067
6.73476
6.70497
6.75799
6.77119
6.83504
6.8585
6.8331
6.76384
6.77654
6.80865
6.77082
6.78058
6.79639
6.74889
6.71479
6.75313
6.74805
6.74591
6.77982
6.80416
6.7455
6.68729
6.82585
6.84657
6.77387
6.79558
6.74898
6.75762
6.82853
6.8161
6.78986
6.74341
6.77404
6.75137
6.63502
6.70718
6.82438
6.80092
6.59224
6.55549
6.70821
6.7316
6.72314
6.78732
6.77539
6.78626
6.82384
6.65172
6.5882
6.61094
6.54776
6.53561
6.28767
6.23558
6.43776
6.50741
6.56345
6.55531
6.58857
6.41241
6.44939
6.58788
6.4672
6.32125
6.39184
6.57106
6.57983
6.72617
6.80436
6.81385
6.66409
6.44378
6.43548
6.485
6.5815
6.61592
6.60168
6.73891
6.77612
6.72156
6.73167
6.77571
6.71109
6.65509
6.77982
6.82408
6.70396
6.69575
6.76498
6.79053
6.83172
6.85293
6.78442
6.70972
6.75192
6.80828
6.85307
6.75785
6.66789
6.63918
6.59914
6.61279
6.73637
6.77906
6.71314
6.71815
6.77649
6.78359
6.73206
6.80596
6.81106
6.7914
6.86342
6.79974
6.72499
6.75292
6.81545
6.80055
6.67296
6.69777
6.7259
6.6853
6.45213
6.35467
6.50633
6.60182
6.70988
6.74186
6.70963
6.55974
6.48864
6.57761
6.68116
6.64081
6.7333
6.87588
6.73966
6.68885
6.75957
6.73208
6.62125
6.65863
6.59844
6.52684
6.33969
6.37485
6.41262
5.72415
5.53997
6.18856
6.50502
6.48046
6.49796
6.24132
6.34834
6.6069
6.43474
6.38588
6.48799
6.4543
6.3901
6.36608
6.30338
6.23125
6.22471
6.41264
6.57637
6.46998
6.43983
6.46469
6.42822
6.38085
6.35336
6.12828
6.18481
6.51774
6.41645
6.17764
6.21214
6.42804
6.44324
6.37424
6.41274
6.26415
6.30438
6.55662
6.31501
6.20355
6.48193
6.41968
6.38119
6.3973
6.16778
6.16173
6.36242
6.301
6.23881
6.21722
6.03912
5.69588
5.85947
6.35255
6.3771
6.43586
6.64198
6.73528
6.58343
6.56504
6.65051
6.68733
6.62943
6.6569
6.77888
6.75103
6.63035
6.6955
6.80504
6.79713
6.74982
6.75224
6.65491
6.55478
6.66916
6.69093
6.61046
6.68559
6.83574
6.77248
6.38166
6.29091
6.54791
6.61336
6.52339
6.4745
6.37881
6.37101
6.28731
6.22134
6.34633
6.46835
6.68885
6.78003
6.7695
6.79826
6.91723
6.86632
6.63775
6.61916
6.75909
6.80721
6.79636
6.76226
6.75783
6.78127
6.82936
6.91821
6.84465
6.69165
6.71562
6.81986
6.80163
6.77158
6.8477
6.85681
6.76929
6.76405
6.79267
6.76599
6.78327
6.86709
6.87909
6.78797
6.81517
6.89767
6.82724
6.74095
6.80196
6.81691
6.77085
6.86358
6.8432
6.74846
6.65637
6.57279
6.62388
6.76425
6.85817
6.80175
6.75162
6.7983
6.85923
6.85258
6.85345
6.88193
6.87725
6.81512
6.75425
6.787
6.79911
6.74177
6.76377
6.82049
6.79759
6.7425
6.83342
6.80731
6.71871
6.76739
6.80932
6.81789
6.78553
6.85244
6.83368
6.77991
6.81489
6.76977
6.75452
6.77502
6.78896
6.82033
6.76272
6.76588
6.75219
6.70439
6.7288
6.82442
6.82038
6.74732
6.64447
6.67595
6.67537
6.54517
6.57823
6.53898
6.4301
6.49308
6.68228
6.632
6.53793
6.68
6.89206
6.84706
6.62164
6.61629
6.47029
6.37385
6.6002
6.70632
6.69754
6.66718
6.6761
6.58243
6.5493
6.62943
6.71932
6.67505
6.55491
6.71754
6.66229
6.46458
6.55093
6.69429
6.67842
6.60336
6.51982
6.49414
6.58714
6.65402
6.66294
6.61282
6.57793
6.63266
6.81127
6.86427
6.80541
6.86768
6.87815
6.79472
6.74152
6.76142
6.79147
6.75628
6.78447
6.84742
6.78698
6.70122
6.76286
6.82787
6.80571
6.83104
6.86518
6.851
6.84105
6.92171
6.86719
6.75037
6.85533
6.84978
6.7475
6.79648
6.85152
6.72337
6.66698
6.72803
6.59033
6.48334
6.52078
6.7214
6.87281
6.77562
6.7465
6.77041
6.80863
6.84009
6.83179
6.76181
6.73535
6.78444
6.82645
6.77755
6.7302
6.77326
6.77994
6.74241
6.76361
6.81786
6.8409
6.83985
6.85925
6.90651
6.8683
6.87793
6.84123
6.75258
6.77124
6.90069
6.89929
6.81496
6.81896
6.82396
6.83378
6.84407
6.87649
6.84854
6.83754
6.89206
6.81791
6.6863
6.76078
6.84978
6.68288
6.6597
6.85276
6.88333
6.84498
6.84001
6.77723
6.76217
6.81691
6.89793
6.86976
6.83051
6.92967
