8.95373e-312
inf
4.31271
9.96284
10.4643
10.9068
10.8359
8.1682
8.10278
10.7321
10.7673
10.6829
10.7194
10.6429
10.6953
10.77
10.7166
10.7587
10.6297
10.652
10.756
10.7418
10.7796
10.8943
10.8189
10.7711
10.7096
10.6206
10.352
10.138
10.2969
10.3959
10.2627
10.2169
10.3409
10.4379
10.555
10.551
10.5951
10.1974
9.74825
10.0101
10.4212
10.4661
10.5487
10.3724
10.0585
10.0118
10.0853
9.82642
9.83453
10.143
10.0733
10.2942
10.5837
10.4495
10.2428
10.4782
10.5748
10.3546
10.4548
10.6378
10.7436
10.7672
10.763
10.705
10.701
10.6501
10.6934
10.785
10.7922
10.8601
10.8645
10.9204
10.4965
10.1163
10.1645
10.0529
9.97302
10.1711
10.256
10.2884
10.3434
10.5099
10.5637
9.77785
9.24189
9.60961
9.35659
8.93639
9.20603
8.86423
8.42201
9.44185
10.1907
10.1336
10.2809
10.1901
10.3904
9.97103
9.1127
9.64069
10.6796
10.0523
10.0189
9.80815
9.75343
10.4373
10.5269
10.0954
9.7152
9.32049
9.61895
10.0167
9.5681
9.63386
9.49659
9.43917
9.856
9.28303
9.28359
9.72744
9.54299
9.18054
9.14465
9.50593
9.85105
10.0569
10.009
10.1867
9.89942
10.0766
10.6768
10.6379
10.5277
10.5963
10.5253
10.5554
10.45
10.1127
9.8056
10.1902
10.7955
10.6998
10.5977
10.5823
10.7106
10.6104
10.5755
10.5764
10.5659
10.5931
10.5155
10.5254
10.2444
10.4104
10.5393
10.4539
10.645
10.7173
10.7229
10.1695
9.56988
9.80733
10.3181
10.367
10.3452
10.5169
10.6361
10.6118
10.7692
10.5972
10.4085
10.2437
10.1875
10.3066
10.542
10.6929
10.6747
10.6801
10.5654
10.7326
10.7295
10.532
10.3971
10.2797
10.0943
10.1409
10.2639
10.2777
10.5002
10.6916
10.7755
10.6669
10.5713
10.5199
10.5933
10.6483
10.709
10.7511
10.603
10.6143
10.5502
10.6163
10.6779
10.6349
10.6579
10.618
10.6273
10.665
10.6353
10.7229
10.8448
10.6298
10.7077
10.6619
10.6718
10.6662
10.5228
10.6966
10.8305
10.8105
10.7428
10.6884
10.5085
10.668
10.6664
10.6732
10.6818
10.5675
10.5688
10.6041
10.7166
10.8177
10.8408
10.4703
10.6104
10.7264
10.4653
10.1719
10.2077
10.5572
10.6109
10.7404
10.8661
10.8462
10.6667
10.7527
10.745
10.7105
10.6423
10.559
10.6091
10.5633
10.7179
10.7637
10.7477
10.5971
10.5345
10.5144
10.2909
10.3055
10.5344
10.6272
10.5754
10.5447
10.7235
10.9358
10.7643
10.7952
10.7538
10.5702
10.5543
10.6432
10.7402
10.6618
10.5959
10.6672
10.7154
10.6756
10.7947
10.6867
10.3246
9.89854
10.144
10.5279
10.5352
10.6513
10.5546
10.3801
10.3766
10.6176
10.723
10.7782
10.6777
10.5975
10.6216
10.7699
10.8121
10.699
10.6459
10.5836
10.6431
10.4427
10.0582
10.1108
10.3192
10.2965
10.5065
10.5239
10.3924
10.4122
10.2245
9.47315
9.29748
9.10855
9.41801
10.5249
10.5592
10.5327
10.0541
9.24958
9.00475
9.82888
10.5405
10.5353
10.1056
9.47387
9.38245
9.55023
9.68514
9.82299
10.0162
10.1897
9.95639
9.97511
10.0251
9.24142
8.07236
8.5824
9.99031
9.70897
9.34418
9.85125
10.0485
8.99936
8.77574
9.40667
9.97929
9.3044
9.31897
10.3692
10.4044
10.1003
10.0578
10.2129
10.0163
10.0874
9.17238
9.27162
10.712
10.3263
10.2007
10.6245
10.6553
10.6665
10.7492
10.619
10.1641
9.85751
10.0645
10.458
10.5743
10.5661
10.7537
10.5712
10.5817
10.4292
10.4276
10.5613
10.5827
10.8545
10.8364
10.6189
10.3889
10.5274
10.4876
10.4169
10.6415
10.8579
10.8342
10.8617
11.0022
10.8751
10.7229
10.7046
10.8203
10.8088
10.8587
10.8018
10.6749
10.6622
10.8237
10.8862
10.8638
10.8246
10.6263
10.7168
10.7615
10.8518
10.9085
10.8845
10.846
10.802
10.9026
10.7444
10.7361
10.8124
10.9037
10.8928
10.8603
10.9016
10.837
10.9257
10.9032
10.9564
10.8108
10.6529
10.7171
10.8171
10.8314
10.8058
10.8648
10.7284
10.749
10.7902
10.8693
10.8366
10.7212
10.6295
10.6525
10.9114
10.8057
10.7599
10.7691
10.7315
10.7829
10.7793
10.7236
10.5145
10.6399
10.7542
10.8391
10.9106
10.8219
10.264
10.3122
10.6257
10.4046
10.6111
10.5794
10.2625
10.3534
10.6711
10.8074
10.8737
10.8081
10.7887
10.9073
10.8395
10.7884
10.7349
10.697
10.708
10.8342
10.9376
10.9371
10.9909
10.9434
11.0934
10.9927
10.8835
10.8354
10.9087
10.927
10.7885
10.7568
10.7043
10.8305
10.7513
10.7054
10.738
10.7007
10.7017
10.7928
10.8551
10.8407
10.8831
10.7196
10.7705
10.8424
10.889
10.9364
10.8822
10.9474
10.9151
10.9279
10.7338
10.7625
10.8607
10.8128
10.8525
10.8735
10.9679
10.8485
10.8407
10.9035
10.994
10.8611
10.8249
10.9398
10.8847
10.8046
10.7557
10.7562
10.7586
10.7679
10.617
10.8052
10.881
10.575
10.537
10.6988
10.7379
10.8454
10.8541
10.6708
10.7314
10.7733
10.8502
10.8934
10.8852
10.8331
10.8472
10.9089
10.8845
10.9407
10.831
10.9569
10.9776
10.8473
10.9263
10.9455
11.0071
10.9222
10.976
10.963
10.785
10.8631
10.972
11.0562
10.9931
10.9108
10.9
10.9199
10.8495
10.9602
11.1162
10.8523
10.9066
10.8815
10.7245
10.6793
10.7057
10.7692
10.7573
10.8167
10.8507
10.9873
10.9327
10.8126
10.8154
10.8339
10.7141
10.7475
10.8875
10.8956
10.976
10.8845
10.8127
10.7447
10.8065
10.8113
10.7621
10.9114
10.9295
11.0314
10.9526
10.9574
10.9067
10.8576
10.8796
10.7705
10.3707
10.1601
10.6138
10.609
10.3805
10.2595
10.2217
10.1591
10.3512
10.6123
10.8484
11.0106
10.873
10.8196
10.8661
10.8349
10.6802
10.5754
10.3904
10.491
10.3856
10.2569
10.3873
10.4897
10.4216
10.3438
10.5411
10.7154
10.7367
10.5567
10.7335
10.8978
10.9102
10.9366
10.7089
10.7924
10.7818
10.7476
10.7521
10.7541
10.8393
10.8816
10.9706
11.0001
10.9897
10.9753
10.9706
10.8101
10.8472
10.8039
10.7184
10.787
10.8066
10.915
10.85
10.8172
10.8815
10.8995
10.8539
10.853
10.8734
10.829
10.7312
10.7696
10.9839
10.9109
10.8549
10.7577
10.8401
10.9288
10.8522
11.0122
10.9254
10.8157
10.846
10.952
10.9513
10.9071
10.912
10.8959
10.9781
10.7589
10.8043
10.844
10.6302
10.6613
10.7535
10.8677
10.9647
10.9807
10.7768
10.8719
10.9111
10.8376
10.8956
10.8566
10.9818
10.847
10.756
10.8251
10.9546
10.8515
10.7331
10.8192
10.7612
10.9569
10.8099
10.7309
10.8372
10.8662
10.851
10.7331
10.8086
10.9732
10.8746
10.7101
10.9421
10.9473
10.8955
10.9146
10.8775
10.7815
10.5705
10.5187
10.4543
10.5311
10.6186
10.7232
10.6635
10.5987
10.713
10.8327
10.7727
10.719
10.8767
10.7727
10.7836
10.8304
10.8275
10.7246
10.7567
10.8938
10.8561
10.8844
10.8371
10.9222
10.9214
10.7715
10.7104
10.859
10.8301
10.7
10.7816
10.86
10.9349
10.8136
10.8291
10.7032
10.7061
10.9283
10.8774
10.9152
10.8541
10.899
10.9324
10.9736
10.9652
10.8164
10.8214
10.7196
10.8389
10.8106
10.7721
10.8244
10.8192
10.8946
10.8592
10.8024
10.4058
10.1522
10.1928
10.4503
10.7595
10.9148
10.8539
10.7771
10.7167
10.7752
10.9603
10.9597
10.9524
10.8903
10.8604
10.697
10.8347
10.9308
10.8706
10.889
10.9189
10.9453
10.9013
10.9718
10.8809
10.8562
10.8743
10.8804
10.8507
10.843
10.8964
10.8993
10.9211
10.8496
10.9071
10.8943
10.874
10.8317
10.7212
10.6727
10.5588
10.3791
10.4479
10.6392
10.4896
10.416
10.3954
10.3934
10.4259
10.3153
10.2693
10.5503
10.8117
10.8026
10.4815
10.2669
10.6173
10.7548
10.7282
10.6362
10.6228
10.7107
10.6626
10.7911
10.6066
10.4488
10.3774
10.4418
10.5423
10.4055
10.2904
10.2655
10.3866
10.4161
10.2252
10.2722
10.5798
10.613
10.7562
10.7916
10.8125
10.8533
10.8452
10.8763
10.4809
10.1648
10.3405
10.5306
10.5192
10.518
10.3884
10.3481
10.193
10.1541
10.0751
10.1161
10.3412
10.4754
10.6238
10.5993
10.7355
10.7056
10.4692
10.3648
10.4658
10.1039
9.94674
9.88748
9.9957
10.0462
10.2127
10.6103
10.3642
10.2525
10.3741
10.2972
10.1578
10.0699
10.2594
10.2017
9.72233
9.5829
9.97123
9.93453
9.97213
9.38496
8.81881
9.36742
9.54608
9.72687
10.0432
9.92374
10.0692
10.4733
10.4629
10.699
10.3736
10.0699
10.2975
10.553
10.4261
10.2953
10.1656
9.92896
10.0638
10.3498
10.5315
10.4611
10.4574
10.3531
10.4692
10.5802
10.6198
10.7686
10.758
10.7706
10.761
10.8125
10.8358
10.787
10.7334
10.7349
10.5889
10.2386
10.0026
10.4267
10.8045
10.7908
10.8158
10.7783
10.8266
10.7365
10.7544
10.6266
10.2992
9.71992
9.66908
9.80936
9.9367
10.0355
10.2018
10.6249
10.6315
10.7052
10.5319
10.504
9.9692
9.94189
9.55794
9.54586
10.0687
9.88841
10.036
9.86509
10.1185
10.5342
9.98109
8.11866
8.39648
10.2196
10.3425
10.4797
10.0537
9.51851
9.5244
10.092
10.4925
10.3182
10.0306
10.2388
10.5847
10.3338
10.1303
10.1747
10.2778
10.6521
11.0346
10.8963
10.7499
10.7033
10.8034
10.8208
10.8815
10.9057
10.7706
10.8879
10.8696
10.785
10.337
10.487
10.7534
10.7146
10.7761
10.6622
10.897
10.8108
10.7365
10.8182
10.8924
10.9064
10.92
10.8342
10.7602
10.9229
10.7806
10.709
10.7665
10.8799
10.9714
10.8589
10.8782
10.8443
10.93
10.88
10.8476
10.8322
10.7612
10.7415
10.822
10.864
10.8246
11.0069
10.9404
10.8084
10.6717
10.6705
10.9339
10.9911
10.9437
10.8375
10.8362
10.8231
10.8349
10.8373
10.8916
11.1989
10.9536
10.6775
10.5825
10.5035
10.6342
10.8312
10.5965
10.3434
10.2956
10.4534
10.5775
10.2861
10.3463
10.3603
10.2774
10.2482
10.327
10.1899
10.2972
10.7085
10.6823
10.5223
10.4759
10.6061
10.67
10.5149
10.5392
10.6053
10.4547
10.654
10.8026
10.8788
10.6951
10.7195
10.9598
10.8492
10.8673
10.8965
10.9937
10.9929
10.8856
10.8378
10.8678
11.0316
10.8931
10.8448
10.8155
10.8039
10.9235
10.9326
11.0069
10.9918
11.0245
10.9664
10.9306
10.5685
10.3627
10.5009
10.7275
10.9882
10.7157
10.6541
10.7248
10.6733
10.6688
10.7698
10.8652
10.9101
11.017
10.8941
10.8996
10.9083
10.902
10.8272
10.8548
10.8365
10.8033
10.9773
10.9485
10.9477
10.748
10.8752
11.0289
10.9371
10.9072
10.8213
11.0324
10.9501
10.8579
10.9102
10.9496
11.0215
10.9395
11.0695
10.9593
10.9099
11.014
10.9792
10.8082
10.7789
10.8556
10.8015
10.9233
11.0165
11.1359
11.068
10.9337
10.9365
10.9991
10.9465
10.8941
11.1028
11.0286
10.9432
10.8684
10.8579
10.9241
10.9925
11.0127
10.9667
11.0306
10.9655
10.9096
10.8054
10.8831
10.867
10.7738
10.8818
10.9978
11.074
10.812
10.8499
10.9996
10.9986
10.9757
10.8839
10.8703
10.8489
10.9865
11.0244
11.0815
10.9708
10.9495
11.0052
10.898
10.887
10.8635
11.025
11.0361
10.989
10.9647
10.9226
10.8929
10.9032
10.9855
10.9283
11.0315
10.9859
10.9288
10.8378
10.7933
10.9138
11.0098
11.0301
10.779
10.7464
10.7505
10.8906
10.9098
10.9424
11.225
11.04
11.0398
11.0614
10.9491
10.7779
10.7418
10.8193
10.8247
10.8511
10.9074
11.0215
10.8757
10.9312
10.9953
10.9433
10.9829
11.0034
10.9457
10.8051
10.8342
10.8591
10.8849
10.8806
10.9857
11.0647
10.8929
10.8702
10.8594
10.9104
10.9257
10.9574
10.9269
10.9676
10.9287
10.8447
10.8814
10.9253
10.9344
10.7775
10.9719
11.0331
10.9351
10.8956
10.9415
11.0459
10.9946
11.0192
10.7899
10.7394
10.9105
10.8761
10.8924
10.9044
11.0954
11.1194
11.0491
10.9686
10.9657
11.0192
10.8689
10.8243
10.6858
10.6039
10.4296
10.4475
10.7013
10.7881
10.7161
10.673
10.7985
10.8432
10.8953
10.7748
10.8131
10.9454
10.9921
10.9671
10.963
11.0866
10.9189
10.8494
10.7063
10.6787
10.8518
10.9478
10.8931
10.9658
11.243
10.96
10.9724
11.0076
10.9153
10.847
10.7253
10.9114
10.9479
10.8652
10.8755
10.9866
10.9033
10.811
10.8397
10.9349
10.9614
10.8993
11.0401
10.9024
10.8865
11.0653
11.0212
10.9662
10.939
10.9506
10.8509
10.9454
10.9527
10.894
10.8892
10.94
10.9495
10.7851
10.8493
10.8226
10.8222
10.8282
10.8607
10.8492
10.9147
10.9554
10.8092
10.8389
10.8786
11.0589
10.9692
10.9333
10.9477
10.9995
10.9655
10.7038
10.5154
10.5309
10.7024
10.5432
10.6319
10.6319
10.6534
10.7853
10.7959
10.8479
10.8358
10.8164
10.8666
11.158
11.0808
11.0114
10.9679
10.8887
10.8676
10.9682
11.0089
10.775
10.9518
10.9129
10.8869
11.0633
11.0897
10.9819
10.8964
10.9821
10.9309
10.9238
10.8432
10.88
10.9038
10.8666
10.9338
10.8086
10.7776
10.816
10.8932
10.8989
10.8511
10.9073
10.9391
11.0046
10.9843
11.0299
11.0124
10.8595
10.8114
10.8469
10.6609
10.7151
11.0176
10.8908
10.9516
10.9539
10.8197
10.8432
10.8588
10.9046
10.8847
10.9878
10.9564
10.9272
10.7584
10.8661
11.1195
11.0703
11.1798
11.0339
10.8373
10.8123
10.9692
11.0111
11.0206
10.9423
10.6114
10.258
10.0363
10.1044
10.1613
10.1982
10.3201
10.6212
10.8483
10.8033
10.8012
10.9856
10.8104
10.8371
11.0294
10.995
11.1114
11.0176
10.9739
10.7679
10.6631
10.7118
10.5556
9.95307
9.98273
10.3114
10.265
10.4925
10.3819
10.2258
10.0523
10.198
10.4063
10.4211
10.1535
10.0601
10.158
10.1208
10.342
10.276
10.053
10.2674
10.5961
10.4319
10.4661
10.5453
10.4973
10.5595
10.5927
10.6504
10.8498
10.8505
10.7185
10.8537
10.8703
10.8234
10.693
10.6123
10.7459
10.8666
10.9013
10.7762
10.8297
10.8665
10.6959
10.505
10.6255
10.7809
10.6882
10.6619
10.7852
10.929
10.5133
10.161
10.254
9.83299
9.9932
10.7647
10.809
10.4368
10.0352
10.4496
10.9109
10.8455
10.3377
10.2375
10.6274
10.3809
10.4569
10.5624
10.5183
10.5867
10.6093
10.4565
10.219
10.2843
10.3719
10.4299
10.4344
10.5831
10.5722
10.5237
10.6543
10.475
9.77402
9.43138
9.59251
10.3013
10.9925
10.8446
10.955
10.943
10.8864
10.9832
11.0026
10.8419
10.8167
10.8255
10.7766
10.8594
10.8724
10.8166
10.4552
10.392
10.1663
10.2093
10.5185
10.6478
10.9127
11.0014
11.1104
11.024
11.0894
10.9728
10.8892
10.9804
11.0667
11.0741
10.8487
10.8463
10.8211
10.8676
10.8153
10.8186
10.9901
10.9686
10.8576
10.8784
11.0849
10.9278
10.8147
10.7942
10.9135
11.0139
10.9366
11.0508
10.9138
10.8986
10.8855
10.8691
10.9322
10.8307
10.8086
10.8803
10.9034
10.8746
10.9821
10.9129
10.9725
11.0554
11.0408
10.8928
10.8261
10.8601
10.7241
10.7018
10.8068
10.9225
10.8686
10.8612
10.6925
10.6163
10.5384
10.5683
10.8764
10.9083
10.911
10.8185
10.6438
10.5606
10.529
10.6879
10.9267
10.7719
10.6944
10.76
10.6278
10.6569
10.7308
10.9665
11.0394
10.9815
10.934
10.7679
10.7066
10.8003
10.921
10.8351
10.936
11.0372
11.1016
11.1489
10.9741
10.8994
10.8416
10.9404
11.0044
11.0492
11.1099
11.008
11.0049
10.9541
10.9609
10.6716
10.513
10.7304
10.8473
10.8752
10.6984
10.4986
10.3496
10.46
10.5563
10.3807
10.4104
10.5149
10.4646
10.5396
10.7545
9.49672
9.41176
10.3622
10.2046
10.2385
10.3904
10.494
10.5641
10.7203
10.4949
8.88932
8.4895
9.95937
10.5781
10.396
10.4242
10.5935
10.7324
10.8165
10.8742
10.8873
10.8174
10.9334
10.9581
10.8722
10.9308
11.0536
10.9682
10.8896
10.9549
10.8596
10.8787
10.8647
10.9788
11.0335
10.9967
10.9587
10.9791
11.0854
11.0041
10.8508
10.7515
10.7989
10.674
10.7654
10.9549
10.9755
11.0929
10.9122
10.8905
10.9967
11.0146
10.8931
10.6642
10.6343
10.778
10.9371
10.841
10.8987
10.879
10.757
10.8753
10.9661
10.9821
10.5582
10.649
10.9284
10.7366
10.7642
10.8546
10.9662
11.0193
11.1371
10.9441
10.9232
10.9767
10.9936
11.1122
11.0626
11.0616
10.9542
11.0634
11.0527
10.8319
10.8361
10.8736
10.5201
10.5467
10.9756
10.7355
10.5954
10.621
10.3891
10.3236
10.6253
10.7903
10.8433
10.91
10.9063
10.8396
10.7123
10.8886
10.9674
10.8766
10.867
10.99
10.9908
10.9095
10.9205
10.8549
10.9026
10.908
10.9245
10.6972
10.5563
10.7057
10.9841
11.1925
10.8887
10.7749
10.8309
10.9803
11.0236
10.9492
10.9784
10.9129
10.9446
10.9278
10.9433
10.7575
10.6485
10.7381
10.7582
10.7886
10.9539
11.2169
11.0973
11.0573
11.0501
11.0586
11.037
10.9376
11.0086
10.817
10.7781
10.8579
10.8985
10.9647
10.9597
10.8833
10.9527
11.1153
11.007
11.0572
10.916
10.8304
10.8197
10.8205
10.9467
10.8366
10.7889
11.0224
11.2232
11.0889
11.0271
10.9528
11.0241
10.9967
10.9617
11.0743
10.9821
10.9258
10.8283
10.8515
10.7789
10.8932
11.0362
11.0542
11.0651
11.0686
11.1091
10.8843
10.8929
10.9016
10.9519
10.8818
10.7945
10.9205
10.8386
10.8668
10.8275
10.901
10.9563
11.0335
11.1139
10.9911
11.0699
10.8298
10.8595
10.9102
10.7422
10.6208
10.4839
10.4168
10.4612
10.568
10.5069
10.8164
11.0538
10.9782
10.5982
10.4283
10.6794
10.9366
11.0226
11.0395
11.0799
10.6988
10.44
10.3161
10.4703
10.571
10.3955
10.4161
10.5329
10.6638
10.7112
10.8895
10.9073
10.9803
11.0217
11.017
11.0889
11.0391
10.9829
10.956
11.1596
11.1217
11.0464
11.0117
10.8997
10.896
10.9322
11.0128
10.9125
10.9085
10.8277
10.8184
10.898
10.8113
10.7964
10.828
10.8392
10.7548
10.8277
10.8569
10.8868
10.8439
10.907
11.0314
10.9972
11.1419
10.8364
10.7303
10.7718
10.7921
10.9075
11.0096
11.1041
10.9061
11.0415
10.9883
10.9723
11.0364
10.9319
10.954
10.9155
10.9101
10.8294
10.872
10.879
10.9456
10.8837
10.9114
11.2157
11.0118
10.9434
10.9163
10.9912
11.0982
11.036
11.2277
11.0754
10.9351
10.9348
11.0301
11.1029
11.0572
11.0534
11.0644
11.0422
10.8836
10.9074
10.9476
10.9873
10.9079
10.9856
11.2035
11.0423
10.9594
10.9571
11.024
10.9998
11.0306
11.1155
10.9066
