6.98522e-312
inf
9.93206
32.5563
33.5672
36.8067
39.6338
36.9011
35.8185
37.3608
35.2497
28.8746
28.666
29.9909
31.1483
35.9505
38.0807
40.4998
39.8955
18.4732
18.5161
39.4516
39.3724
39.5382
39.2511
37.4869
37.0947
38.1774
38.7988
38.9385
38.9742
38.8432
38.3627
38.2914
38.9879
39.3391
39.3453
39.4656
38.8334
38.8108
39.295
38.3678
37.219
37.6393
38.7072
39.3097
39.2796
39.3275
39.1765
36.9079
36.6247
38.2431
38.1388
38.3068
38.3024
38.8757
37.991
37.3608
38.6123
38.625
38.4209
38.6093
39.0518
39.7369
38.8056
37.4827
38.5773
39.96
39.475
39.0168
39.2688
38.4615
37.6882
37.6138
38.5394
40.0248
39.8589
39.6448
39.3918
38.3973
37.8967
37.7109
37.973
38.2658
38.9993
39.8907
39.7125
38.8093
37.9629
38.0655
38.675
38.4423
38.2161
39.1489
39.353
38.2416
37.0014
37.4721
38.8282
38.9499
38.9696
39.3035
39.3267
39.2904
38.3355
38.6018
39.8708
39.4065
39.3608
39.7883
39.6629
38.9492
37.6492
37.6258
38.1869
38.4771
38.6728
39.5648
39.9034
39.4081
38.8169
37.9312
37.8351
38.3715
39.3298
39.4797
38.9917
38.6511
38.1185
38.334
38.4091
38.2709
39.3376
38.9203
38.4335
38.9621
37.9831
36.9693
37.546
38.937
38.7004
38.0069
38.2102
38.4342
37.9327
37.4329
38.4394
39.3724
39.3012
38.6093
39.0465
39.666
38.5045
38.5892
39.0854
39.1014
39.3066
38.7965
39.1873
39.4003
38.1752
37.5009
38.2709
38.66
39.2011
39.4781
38.8282
38.9902
38.783
37.8831
38.3112
39.6361
39.3592
38.8727
39.0389
39.4104
38.5527
37.8279
38.7484
39.1489
39.3005
39.2542
39.2472
39.1604
38.9734
38.8523
39.2318
39.4945
38.7815
38.5505
38.8123
39.0594
38.841
37.6712
37.3441
38.5669
39.0938
39.1803
39.7575
40.2075
39.5359
38.1061
37.9564
38.4438
38.6952
39.2003
39.7662
39.8279
39.3314
38.1672
37.0267
37.5101
38.6436
39.2272
39.797
40.0481
39.8613
38.5512
38.4268
39.3662
38.9978
39.1497
38.9902
38.6892
39.4003
37.6272
37.2114
39.0031
38.8818
39.1727
39.1865
38.5401
38.6466
38.7447
38.3539
38.5944
38.6347
38.6952
39.3794
39.5093
39.2434
38.3708
38.1454
39.064
39.8605
39.6542
38.8606
38.9219
39.3144
37.9896
37.5672
38.7672
39.1972
38.7162
38.6041
39.1589
38.8651
38.2387
38.2051
38.7312
39.0229
39.2418
39.3771
39.0678
39.2542
38.3237
37.6039
38.69
39.5718
39.6244
39.1734
38.8999
39.5343
38.9985
37.8817
38.6421
39.3468
39.3414
38.8199
38.85
39.295
38.9871
37.9161
37.5213
38.6578
38.8848
39.0054
39.4992
39.5327
38.4956
37.9147
38.6235
38.8138
39.9672
40.1953
39.5499
39.6503
39.2881
38.7507
38.6892
38.7604
38.2922
38.4445
39.1527
39.292
38.3619
36.2838
37.0274
39.0503
39.1719
39.1635
39.1573
39.2318
39.0793
38.0655
38.1526
39.1129
38.959
39.2673
39.6055
38.9529
38.7132
38.3311
37.7879
37.7472
38.0308
38.8123
38.801
38.4047
38.1796
38.03
38.3333
39.0031
39.4065
39.8168
39.7986
39.0785
39.2842
38.0279
37.4567
38.7612
39.1167
39.5844
39.6999
39.6306
39.6794
39.6621
39.0465
38.6473
39.6526
39.96
39.433
39.6849
39.0061
36.0412
36.1441
38.1396
38.2534
38.3862
38.0858
38.801
39.5163
38.3289
36.7323
37.3706
39.2619
39.5273
39.2249
39.0907
39.2372
39.0869
39.2796
39.8541
39.2896
38.1563
38.6272
39.3507
38.6728
36.5123
33.8181
35.9118
39.3468
39.4104
39.2665
37.5834
37.4336
38.2782
38.1745
38.8334
39.7101
39.6448
39.5202
39.6904
39.6495
38.3347
37.5806
38.6294
38.9955
38.7507
39.4765
39.8867
39.2611
37.986
37.1016
38.6683
39.8327
38.9492
39.1221
39.8987
39.6189
38.3848
38.3171
38.9355
39.3028
39.3113
39.3144
39.707
39.5421
39.7527
38.3127
38.0243
39.1589
39.6173
39.9832
40.2172
39.8081
39.2211
38.7109
38.7529
39.2449
39.2511
39.3825
39.475
40.0168
40.1292
39.3337
38.1454
37.9089
38.2782
38.6877
39.3252
39.2788
39.4797
38.5334
36.8657
37.3965
39.4135
40.4899
40.1711
39.8518
39.7227
39.2873
38.4897
38.981
39.8859
39.5491
39.2542
39.6118
39.8907
38.7109
37.8108
38.4246
39.4758
39.7915
39.5062
39.3205
39.6818
38.6026
37.7736
38.9257
39.6755
39.3492
39.5961
39.6857
39.3887
39.0992
37.9104
38.1796
39.3422
39.5624
39.3577
39.2449
39.5922
39.0404
38.1512
38.483
39.1704
39.4438
39.582
39.5351
39.3321
38.3862
37.9082
38.9082
39.319
39.5562
39.6377
39.7955
40.1292
39.5179
38.211
38.4549
39.9552
40.3234
39.5867
39.6936
40.004
38.9325
38.1352
38.8334
39.6134
39.5851
39.4166
39.4065
40.1881
39.3337
37.7259
38.3259
39.0816
38.7034
38.9666
39.8565
40.1647
39.7899
38.6123
38.8387
39.6841
39.7101
39.8319
40.0994
40.1051
39.8867
40.032
38.4682
38.1098
39.4493
39.5421
39.5899
39.8764
39.3949
38.4416
38.9188
39.8859
39.4291
39.1167
39.1873
39.3833
39.3089
38.2416
39.0465
39.5093
39.3809
40.1389
40.1994
39.7535
39.6715
38.7387
38.2768
39.5507
39.3763
39.3848
39.6071
39.9297
40.2172
39.1612
38.675
39.2873
39.9289
40.3576
39.6063
39.1014
39.8462
38.8704
37.8058
38.5877
39.228
39.2034
39.2103
39.4695
40.0312
39.2103
37.9946
38.312
38.7019
39.7283
40.4785
40.325
40.4703
39.9984
38.7657
38.088
39.1619
40.3812
39.7836
39.2958
40.2771
39.9537
38.1127
38.523
39.921
39.1007
39.1681
40.6232
40.3527
39.8764
38.8448
37.858
38.6123
39.7456
39.7599
39.412
39.5218
39.5946
38.4734
37.6974
38.4017
39.2511
39.4244
39.3778
40.0946
40.3323
38.483
38.2475
39.4337
38.6197
38.0771
38.5475
39.3252
40.1614
39.7709
39.426
39.5218
39.8145
40.2253
40.0665
40.1897
40.5861
39.3406
37.6194
38.7102
39.7947
39.7567
39.9441
39.9832
40.1913
39.3755
37.9161
38.2658
39.8843
39.98
39.7828
39.8137
39.5757
38.8448
37.8487
37.942
39.129
39.6629
39.7749
40.3633
40.4326
39.5038
38.6406
38.7747
39.2842
39.3833
39.093
39.4104
39.5491
39.265
38.3252
38.7379
39.1635
38.9848
39.5664
39.6236
39.5241
39.4843
38.3494
37.942
39.7007
40.0681
39.5899
39.5883
39.7693
40.0336
39.268
38.9833
39.7046
40.4196
40.8255
40.6942
40.4024
40.3185
39.3476
38.7019
39.2403
39.5585
39.7227
40.299
40.5162
40.1631
38.9545
37.8716
38.4689
39.2118
39.6936
39.9162
39.8573
39.6637
38.619
38.0366
38.5996
39.2126
39.8915
40.1744
39.7788
39.4781
39.152
38.801
38.8682
39.4992
40.0778
40.5803
40.2982
39.5476
39.3352
38.6429
38.8365
39.816
39.8621
40.1381
40.6512
40.3364
38.1018
37.5101
39.2457
39.312
39.4182
40.3983
40.7058
40.1558
39.3267
38.7342
39.4734
40.1155
40.3055
40.5638
40.1107
40.2261
39.6519
37.9514
38.506
40.1542
40.4957
39.7212
39.5077
40.1019
39.8605
38.7139
38.5364
39.5249
40.1461
40.6909
40.4433
40.1526
40.3559
39.4999
39.0076
39.7141
39.6944
39.9936
40.2974
40.1228
40.0128
39.1114
38.3811
38.8387
39.6511
39.8851
40.036
40.2844
40.3242
40.1719
39.2395
38.5015
38.9962
39.0442
39.4836
40.0946
40.197
40.4637
39.2626
38.2205
39.2434
40.5548
40.6454
40.0473
39.996
40.4662
39.707
38.8863
38.7905
39.2372
39.5109
39.4945
40.2034
40.3161
39.9856
38.7372
38.5698
39.8446
39.8438
39.9162
39.8422
39.9616
40.3291
39.4213
38.7057
38.8576
39.198
39.9305
40.2609
39.9465
39.7433
39.8454
39.2842
38.693
39.6983
40.222
40.1332
40.1945
39.816
39.4376
39.5077
38.4364
38.2292
38.7072
38.0272
38.6885
39.797
39.7464
39.1788
38.7319
39.6291
40.823
39.4563
39.1535
39.8716
39.3283
38.9742
38.4268
39.0252
39.8406
39.4197
39.2596
39.5773
39.9337
39.9186
37.8759
38.0532
40.788
40.5828
39.3005
39.1681
40.0946
40.3502
38.9886
37.8408
38.6421
39.4726
39.9321
40.0633
39.9162
39.8375
38.9075
38.6877
38.9529
39.0183
39.0984
40.0874
40.3584
39.7141
39.6377
38.7567
38.552
39.7141
40.6438
40.4384
39.8923
39.2449
39.1719
38.4143
38.7732
39.9002
39.7575
40.0497
40.5088
40.1945
39.5891
38.0351
38.3539
39.7614
39.546
39.9003
40.126
40.4645
40.3576
39.7409
39.2411
39.2265
39.7425
39.778
39.6707
39.6896
39.5366
38.6466
38.0257
38.5773
39.557
39.8502
39.8843
40.5203
40.5564
39.8327
38.6473
39.0869
40.3169
40.2123
40.3747
40.5121
38.7064
38.2205
39.2326
39.6079
41.1277
42.4637
41.7842
40.5129
40.8722
40.3845
38.5624
38.7387
38.9651
39.2395
40.7656
40.971
40.605
40.2487
40.155
40.0368
40.2714
41.0543
40.8338
40.4719
41.2201
42.0513
40.3559
39.454
40.7315
41.9138
41.6519
41.2176
41.2873
41.0139
40.8856
40.1163
39.4695
39.9848
40.7689
40.9291
40.5145
40.6578
41.1404
39.7425
39.3252
40.6769
41.3993
41.6528
41.2286
41.371
42.0371
41.3155
40.2034
40.681
41.2014
41.3309
40.7092
39.7512
40.3722
39.96
39.3074
39.8057
40.6678
40.9794
40.6554
40.54
40.508
40.9912
39.8605
40.239
41.7676
41.6945
41.3582
40.8147
40.4801
40.8864
40.081
39.2488
39.968
40.6454
40.6364
40.7631
41.3967
41.0838
40.6694
40.0866
40.0713
40.8614
41.6207
41.4525
40.8122
41.2686
41.9895
40.2941
38.9917
40.0112
40.8639
40.9417
41.0686
41.4019
41.751
41.7336
41.0644
40.2455
40.7365
41.3856
41.2575
41.3505
41.5913
41.2882
41.0155
41.6224
40.7382
40.3169
41.6884
41.6484
41.5412
42.139
41.4852
40.0449
39.8995
40.7373
41.0669
41.6372
41.1463
40.8005
41.5558
41.7807
40.5778
39.6259
39.6024
40.2544
41.137
41.1624
40.9727
40.798
40.3682
39.7188
40.1639
40.7324
41.0155
41.1438
40.9685
40.9132
41.3625
40.3397
39.3422
40.5367
41.4542
41.5213
41.3411
41.0442
41.154
40.2812
39.2804
39.9441
40.6893
41.0551
41.1396
41.1573
41.8375
41.7179
40.0416
40.1035
40.971
41.1472
41.1066
41.1972
41.5032
41.5464
39.5202
39.2388
41.2227
41.7728
41.8629
41.2925
41.1379
41.4422
41.3873
39.5359
39.5046
41.2993
41.7162
40.9996
40.5392
40.3975
38.8644
37.4574
38.2504
39.8153
40.5318
40.8305
40.8005
41.3548
41.9085
41.7789
40.3885
40.4514
41.8034
40.5927
39.6613
40.2585
41.318
41.4697
39.611
39.4337
40.4171
40.6001
41.4147
41.9956
41.4491
40.9199
40.8205
40.1171
40.0601
41.1845
41.3462
41.0821
41.704
41.8034
40.4531
39.4765
40.508
41.0905
41.4809
41.419
40.6951
41.0256
41.1091
40.1276
40.1188
40.9442
39.4695
40.02
41.6285
40.9291
40.5918
40.184
39.5288
39.9856
40.3527
40.808
41.5403
41.4938
40.9802
41.0273
39.6471
39.0984
40.8005
41.324
41.2822
40.6603
39.8105
40.0376
39.7947
38.5899
39.3035
40.5803
40.7714
40.1163
39.6558
39.8462
39.295
37.4028
38.1592
39.7591
39.7007
40.7009
40.9912
40.9375
41.2159
40.0416
38.9067
39.1995
39.7646
40.0505
40.3315
41.1819
41.5395
40.848
39.2095
39.4151
40.2536
39.4143
39.4937
40.1027
40.4948
40.126
39.2019
39.9313
40.9626
40.5647
40.2917
40.1752
40.3128
39.8518
38.5319
39.6581
41.2065
41.0863
40.7706
40.1107
40.1889
39.3964
38.5349
39.4073
40.3714
40.0224
40.0745
40.5219
39.6236
39.09
38.7199
38.844
39.405
39.8287
40.3543
40.868
41.413
40.0208
38.7762
39.1474
39.8351
40.54
40.9057
40.7656
40.5318
40.312
38.5996
38.4069
39.9369
40.4441
39.9257
39.7251
40.0802
40.0032
39.2203
38.5438
39.4104
40.2641
40.4621
40.3942
40.1131
40.3388
39.8153
39.0404
39.6684
40.6388
41.008
40.9433
41.0433
40.9542
40.6992
39.98
39.1842
39.1949
39.2873
39.6825
40.6034
40.467
39.7338
38.9742
38.3612
38.8267
39.8422
40.2649
40.0697
39.3972
39.6629
39.6275
39.0457
39.5312
40.2747
40.7249
40.7988
40.9727
40.9542
40.0633
38.838
39.2195
40.3641
40.7739
41.0189
40.2893
39.7591
40.1647
39.2341
38.6541
39.6126
40.1212
39.8573
39.5273
39.8533
40.7606
39.5007
38.6429
39.7306
40.2803
40.9568
41.2448
40.6702
40.7456
39.6197
38.7665
40.0457
40.7473
40.904
40.8055
40.7083
41.0694
40.9207
39.564
38.6414
39.744
40.6694
40.2998
40.338
40.6893
40.5852
39.292
37.8008
38.3406
39.7606
40.5507
40.5861
40.1236
39.7693
39.3918
39.4968
39.5405
40.0649
40.467
40.0392
39.9592
39.8637
39.7741
39.2318
39.353
40.6223
40.9693
40.9266
40.9962
40.8889
41.0357
38.2966
36.7843
39.3453
40.8697
40.347
40.0962
40.1929
40.1405
38.7387
38.7477
40.3771
39.8256
39.4867
39.7101
39.7749
39.7401
39.4058
39.1122
39.1619
39.1053
39.5031
40.2666
40.3063
39.7314
37.7529
38.0185
40.0802
39.9329
39.6071
40.2317
40.6157
39.9816
38.9257
38.4889
39.433
39.6165
39.1236
39.6118
39.9984
39.655
39.9361
39.2426
39.2495
40.0352
40.1719
40.848
40.6669
40.5548
39.6629
38.2059
39.1635
40.2552
39.9178
39.9497
39.9026
39.6637
39.6637
39.5906
38.1723
37.8795
39.9385
40.9811
40.3266
39.9409
40.2909
39.8605
38.7244
38.5319
38.4283
38.7034
39.5382
39.2203
38.5877
39.384
39.4477
38.3826
39.3376
40.2933
40.4686
40.4998
39.9457
39.8812
39.7038
39.412
40.0112
40.7889
40.0473
39.6967
40.1252
40.3364
39.6008
38.9841
39.3616
39.6676
40.256
39.9289
39.4804
39.496
39.5398
39.0023
38.8984
39.6928
39.5851
40.2544
41.4224
40.9199
39.7401
38.9302
38.8969
39.9768
40.6868
40.4596
40.5787
41.0754
41.2286
39.4547
38.1214
38.9613
39.4664
39.7259
39.8351
40.2706
40.4793
38.8093
38.4586
39.707
40.2002
39.8947
39.5031
39.905
40.2804
39.1965
38.2519
38.8901
39.5789
39.8541
40.2593
40.2795
40.2609
39.5241
38.6548
39.3794
40.8172
41.6146
41.2618
41.1913
40.5104
40.0641
39.0213
38.2988
39.2634
39.5476
39.7448
40.1534
40.2131
39.8939
39.6951
39.593
39.5765
39.4415
40.0513
41.2176
41.0863
40.5154
40.3657
39.4438
38.552
39.1099
40.2576
40.3894
40.4686
40.7855
40.2285
38.8327
37.7458
38.684
39.6291
39.3484
39.7725
39.878
40.4416
39.9489
39.3755
39.6487
39.6644
39.7196
38.8795
39.0358
39.9066
39.185
38.9666
40.3332
40.5499
40.3088
40.3071
40.5326
40.808
39.8279
38.3098
38.771
39.9098
40.4883
40.2868
39.9393
40.176
39.2241
38.1927
39.1765
40.508
40.6289
40.6603
40.6959
40.8522
40.9257
39.8947
38.7019
39.0115
40.6009
40.7972
40.2779
40.4678
39.9233
38.994
38.6033
38.9803
40.1469
39.8351
39.5398
40.5515
40.9836
40.1051
38.6705
39.3786
40.8781
40.1421
40.0192
40.9878
40.7938
39.9816
39.4337
39.9928
40.5515
40.6702
40.5416
40.6918
40.9023
39.7109
38.4645
39.2442
40.282
39.8939
39.4384
39.604
39.748
39.0503
38.523
39.5969
39.9297
40.0192
40.6976
41.0973
41.1514
39.5593
38.7492
38.4069
39.4563
40.6645
40.4138
40.7448
40.9878
40.3861
38.9022
37.6541
38.0996
39.4773
40.1316
40.7515
40.8255
40.3283
40.2301
39.4929
39.0221
39.9058
40.4384
40.494
39.748
39.5671
40.0761
39.8105
38.8893
39.1788
40.2091
40.2925
40.122
40.1687
40.085
39.4968
38.334
38.3929
39.4034
40.0553
40.4785
39.8089
40.1421
39.4298
38.4949
38.4157
38.7807
40.176
40.3266
39.557
39.9992
39.6094
38.1069
38.7988
39.9393
40.6752
41.1921
40.7598
40.8422
40.6042
39.4174
38.8033
39.4992
40.1502
39.5484
39.3507
40.1308
40.7681
39.0938
38.5624
40.1019
40.2067
39.8406
39.9816
40.0673
40.1075
39.6118
39.1819
39.9856
40.7647
40.197
39.7962
40.2966
40.8197
40.7914
39.0419
38.7537
40.3388
40.8347
40.8147
41.1404
40.8113
40.5943
39.7599
38.9014
39.3817
39.3639
38.997
39.3005
40.3535
40.1986
38.7514
38.4054
39.2588
39.9297
39.7931
40.321
40.8238
40.1035
39.5961
38.581
38.9385
40.4973
40.5605
40.3454
40.4236
40.2091
40.1212
38.9075
37.6378
38.4904
39.778
40.5129
40.6108
40.1518
40.1792
40.1236
39.2603
39.8335
39.8732
39.7939
40.61
40.8038
40.2609
39.5429
39.0984
38.4845
38.309
38.5215
39.412
39.5953
39.016
38.786
39.0122
38.4438
38.7109
40.0737
40.6793
40.1929
34.9803
33.5396
36.545
37.9039
39.3926
39.677
39.3561
39.5437
39.8184
40.1752
38.9962
37.9975
38.9765
39.6385
39.9042
39.3252
38.0612
38.3539
38.3966
37.5016
38.463
39.9186
39.2526
38.8101
39.475
40.1059
39.1137
37.9212
38.5602
39.1076
38.9355
38.5371
39.1481
39.6181
38.4231
38.4187
38.8644
38.9772
39.0678
39.5421
38.7477
37.8208
38.2029
39.0442
40.2002
40.4294
40.3543
39.7062
39.6605
39.5789
39.5538
38.5171
38.9461
40.3388
39.9281
40.1857
40.4228
40.1316
40.235
39.2958
38.6093
39.8549
40.3519
40.0184
39.9321
40.3951
40.2812
39.6385
39.5695
40.0497
40.4057
40.6595
40.6678
40.3698
40.2941
40.4326
39.0594
38.7064
39.9003
40.4081
40.5351
40.0721
39.8931
39.7164
37.9291
38.1207
39.718
39.7212
39.8057
39.913
40.3185
40.312
39.1543
38.5505
39.0785
39.7346
40.4441
40.7241
40.2285
39.8549
38.8976
39.1198
40.6298
40.269
39.786
40.1727
39.9385
39.851
39.3732
39.0732
39.3306
39.326
40.2147
40.2034
39.9944
40.6116
40.6017
39.3546
38.6526
39.8208
40.5647
39.9329
40.0761
40.2901
40.4294
39.1167
37.9284
38.9727
39.9042
39.9018
39.8668
39.8963
39.851
38.0829
37.1319
38.6458
39.433
39.0038
38.7665
39.5859
40.4637
39.8145
38.5394
38.7747
39.6244
40.004
40.2933
40.8555
41.0728
39.8629
38.584
38.8863
39.801
39.8804
39.6464
39.843
40.6207
40.8363
38.7567
38.1847
39.5601
39.5218
39.2758
40.0208
40.5918
40.2447
39.3546
38.6772
39.0099
39.539
40.1703
39.8859
39.4337
39.7093
39.1965
38.9757
39.9154
40.1155
39.9664
40.8914
40.9031
39.5124
39.103
38.9765
39.1727
39.7164
40.2188
40.8005
40.9609
41.0644
40.3722
38.7627
38.5557
39.6581
40.1469
40.3576
40.2334
39.8843
39.7701
38.6361
38.2387
39.6991
40.413
40.2342
40.3763
40.7581
40.4359
40.4875
38.9643
38.4719
39.6314
39.6464
39.8589
39.7156
40.0994
