1.05524e-311
inf
0.307289
0.33492
0.341447
0.348396
0.348894
0.345103
0.345558
0.350719
0.347903
0.344839
0.346574
0.344031
0.314917
0.275817
0.297438
0.347029
0.340674
0.34216
0.349341
0.344483
0.340868
0.345434
0.347413
0.343487
0.345093
0.348598
0.348537
0.347138
0.346678
0.345968
0.347827
0.347939
0.348897
0.350036
0.350266
0.348148
0.346144
0.349116
0.351342
0.348736
0.343136
0.341146
0.33505
0.275747
0.276742
0.333021
0.309577
0.290662
0.288206
0.293551
0.299673
0.313933
0.310417
0.318114
0.335532
0.306744
0.286059
0.296663
0.327487
0.343981
0.349063
0.314607
0.299668
0.309725
0.324872
0.33911
0.313231
0.285478
0.284301
0.284518
0.291811
0.307176
0.311488
0.313373
0.302127
0.306137
0.28756
0.26148
0.245327
0.252187
0.306121
0.348551
0.35057
0.352231
0.353466
0.354315
0.356111
0.35511
0.355291
0.355823
0.356053
0.356271
0.357579
0.355809
0.356381
0.356572
0.35468
0.354845
0.355845
0.354142
0.353109
0.354646
0.356034
0.354748
0.352952
0.356382
0.357409
0.356771
0.355582
0.355143
0.355388
0.355035
0.356894
0.356486
0.355795
0.356179
0.356657
0.35744
0.357571
0.355854
0.355662
0.354654
0.353992
0.355607
0.346576
0.302237
0.308501
0.349894
0.348447
0.35261
0.354072
0.353705
0.355271
0.356044
0.356176
0.347947
0.346577
0.351411
0.32139
0.315265
0.33103
0.327699
0.31793
0.328784
0.336681
0.3387
0.354459
0.351765
0.352149
0.354547
0.355479
0.356661
0.353985
0.353145
0.356082
0.35645
0.35606
0.356433
0.357306
0.35656
0.355931
0.343738
0.315869
0.316694
0.337901
0.338179
0.340541
0.34162
0.343299
0.352101
0.356021
0.356235
0.355818
0.355691
0.35521
0.354387
0.348133
0.34602
0.346749
0.350449
0.338719
0.330964
0.346256
0.35006
0.350358
0.353654
0.354254
0.351719
0.351005
0.34681
0.334869
0.299071
0.301785
0.346247
0.353786
0.353202
0.354906
0.35467
0.354311
0.355882
0.357852
0.356601
0.355621
0.355338
0.355487
0.355213
0.356336
0.336335
0.324164
0.342828
0.329309
0.317637
0.337978
0.344873
0.348673
0.354652
0.338341
0.321729
0.333564
0.351539
0.354182
0.355159
0.353832
0.354801
0.356659
0.356815
0.356608
0.354622
0.355321
0.356474
0.356562
0.356828
0.357359
0.356175
0.355614
0.356409
0.356087
0.356454
0.357052
0.356538
0.356429
0.356563
0.356844
0.357425
0.356656
0.35758
0.356437
0.355513
0.3551
0.355582
0.356767
0.355611
0.355936
0.35584
0.355294
0.356001
0.335647
0.332458
0.352624
0.354292
0.355668
0.356992
0.356846
0.35666
0.356066
0.356579
0.356467
0.34972
0.349579
0.350508
0.350034
0.353645
0.354847
0.357831
0.355832
0.355114
0.356784
0.356884
0.356098
0.356629
0.356083
0.355729
0.356024
0.355795
0.356565
0.35685
0.357166
0.313743
0.311721
0.354762
0.340216
0.331135
0.317773
0.309701
0.331027
0.348913
0.356401
0.356498
0.336381
0.320962
0.30185
0.302297
0.317977
0.313721
0.33282
0.346163
0.326824
0.327074
0.343478
0.326345
0.329094
0.354534
0.356826
0.337675
0.318007
0.314503
0.33253
0.354214
0.352587
0.352791
0.354259
0.35453
0.356526
0.356341
0.346474
0.320945
0.319327
0.333115
0.311215
0.314235
0.320811
0.29868
0.297765
0.321505
0.345649
0.350251
0.352223
0.353795
0.355123
0.355027
0.355395
0.35632
0.355889
0.354701
0.354373
0.355565
0.354296
0.353234
0.35344
0.354354
0.354985
0.355758
0.355988
0.35649
0.356277
0.356245
0.357772
0.355791
0.351776
0.351464
0.354796
0.354587
0.355071
0.355295
0.354915
0.356934
0.348564
0.347958
0.355119
0.3547
0.354879
0.354884
0.35429
0.355803
0.356366
0.355605
0.354153
0.355072
0.356351
0.355163
0.356612
0.357111
0.356333
0.356055
0.357285
0.355691
0.354839
0.355766
0.356666
0.355726
0.354497
0.346499
0.332161
0.309801
0.299238
0.321227
0.320381
0.291794
0.283367
0.284421
0.29307
0.325903
0.352451
0.352024
0.352771
0.352764
0.352711
0.352696
0.352569
0.352365
0.352746
0.352625
0.351794
0.344896
0.337057
0.338835
0.345628
0.316139
0.301452
0.311344
0.328153
0.34833
0.348361
0.34166
0.33349
0.336968
0.342857
0.345145
0.330648
0.335388
0.351898
0.341309
0.337825
0.349629
0.355906
0.356328
0.355477
0.354999
0.355692
0.356091
0.356403
0.356083
0.356713
0.355523
0.354887
0.355711
0.355991
0.355254
0.335004
0.31582
0.303538
0.317701
0.345974
0.342836
0.342131
0.338178
0.331808
0.322485
0.331703
0.343892
0.332816
0.339396
0.331559
0.324993
0.343658
0.352338
0.354023
0.35447
0.3543
0.339663
0.328468
0.30293
0.292713
0.321519
0.333137
0.325991
0.334403
0.348537
0.347447
0.340786
0.331134
0.339442
0.353072
0.353809
0.352844
0.353321
0.355497
0.355074
0.355099
0.356211
0.357559
0.355491
0.35371
0.354659
0.355638
0.355032
0.355071
0.35602
0.355184
0.355096
0.355318
0.345013
0.336947
0.346196
0.356136
0.354313
0.353415
0.354809
0.354098
0.355362
0.355777
0.355189
0.354398
0.354461
0.355581
0.347847
0.347578
0.354992
0.345807
0.332256
0.316578
0.322802
0.34648
0.354726
0.354744
0.354064
0.356503
0.355502
0.354762
0.354779
0.353727
0.355092
0.356296
0.355873
0.353475
0.353041
0.349542
0.333704
0.337607
0.353121
0.353725
0.353555
0.354797
0.354748
0.354475
0.356027
0.355008
0.354733
0.354827
0.355778
0.356087
0.34982
0.340168
0.343983
0.354228
0.356226
0.355215
0.355304
0.356311
0.35666
0.356779
0.355703
0.356373
0.356
0.355331
0.355245
0.35641
0.35681
0.35593
0.355505
0.3545
0.355131
0.355487
0.355005
0.355894
0.355653
0.354697
0.355555
0.354728
0.353588
0.353574
0.354899
0.356123
0.35624
0.357508
0.356246
0.354949
0.35471
0.355875
0.357357
0.355588
0.355535
0.355321
0.35432
0.355571
0.355709
0.355019
0.354194
0.355191
0.354932
0.354614
0.356212
0.355244
0.351222
0.351326
0.355621
0.356428
0.355477
0.354797
0.354456
0.355121
0.356393
0.35538
0.355054
0.355638
0.356268
0.355331
0.354627
0.356159
0.355526
0.35516
0.354128
0.353984
0.35524
0.354265
0.356032
0.356326
0.356071
0.356605
0.354928
0.354138
0.355025
0.356583
0.356696
0.355602
0.355419
0.355632
0.353866
0.253647
0.165446
0.143527
0.146581
0.146764
0.151504
0.155588
0.154425
0.156221
0.167636
0.177134
0.169401
0.163065
0.184227
0.252287
0.306515
0.309188
0.306789
0.306342
0.308106
0.302979
0.300373
0.305391
0.308392
0.306474
0.310565
0.30926
0.30602
0.308219
0.306409
0.308001
0.311664
0.30981
0.307093
0.30543
0.304797
0.300728
0.301417
0.304268
0.304234
0.299395
0.295095
0.297684
0.299271
0.299158
0.296299
0.29495
0.297207
0.299371
0.299709
0.298457
0.296105
0.295732
0.297918
0.30068
0.299572
0.296211
0.294983
0.295598
0.296936
0.298339
0.298671
0.298581
0.295033
0.293772
0.297091
0.299181
0.298837
0.297875
0.295379
0.294304
0.297235
0.30059
0.299648
0.296817
0.295976
0.296072
0.298641
0.300685
0.300442
0.298803
0.294435
0.295192
0.299678
0.300885
0.300533
0.298908
0.295182
0.295454
0.298242
0.301771
0.307934
0.306282
0.303417
0.316081
0.321306
0.311808
0.310187
0.307872
0.308887
0.308716
0.305494
0.308081
0.30744
0.30609
0.30853
0.30533
0.303999
0.309913
0.309331
0.303862
0.306258
0.309265
0.305402
0.303638
0.309787
0.315157
0.30946
0.302921
0.304654
0.304905
0.302958
0.303379
0.307088
0.307695
0.304108
0.304232
0.30677
0.309189
0.306541
0.303687
0.303949
0.308777
0.307087
0.298588
0.299524
0.305726
0.3089
0.306412
0.307382
0.306583
0.305853
0.307939
0.305421
0.295144
0.294774
0.301557
0.302534
0.306664
0.305584
0.303388
0.303765
0.305753
0.307032
0.305156
0.305727
0.300382
0.281623
0.274048
0.265343
0.272447
0.291512
0.256391
0.215533
0.225443
0.2691
0.298797
0.326873
0.349083
0.35448
0.353295
0.353655
0.332698
0.331026
0.352915
0.353611
0.352732
0.324628
0.282047
0.271174
0.272637
0.268813
0.264846
0.262015
0.261624
0.266769
0.262959
0.267704
0.271741
0.275774
0.298373
0.299536
0.282756
0.30135
0.34564
0.353666
0.355418
0.353215
0.353076
0.354084
0.354789
0.354931
0.354269
0.355293
0.355199
0.355306
0.354815
0.355968
0.356701
0.348731
0.34926
0.355319
0.355216
0.355237
0.354159
0.355749
0.355425
0.354831
0.356539
0.355266
0.354532
0.355072
0.355712
0.350194
0.350333
0.356412
0.354268
0.355255
0.355436
0.355228
0.355053
0.35382
0.355451
0.354109
0.354364
0.355738
0.355452
0.356229
0.35435
0.354497
0.344828
0.343387
0.354017
0.353935
0.355075
0.355281
0.355541
0.356525
0.354639
0.355154
0.355823
0.353676
0.353676
0.3544
0.356031
0.356457
0.355213
0.355311
0.355958
0.356879
0.356238
0.35589
0.348846
0.34805
0.353453
0.35331
0.354566
0.354624
0.355431
0.356771
0.354917
0.355119
0.354992
0.355396
0.356272
0.355243
0.355981
0.354865
0.355812
0.354281
0.350141
0.352224
0.354698
0.354052
0.35376
0.354868
0.353797
0.353712
0.356048
0.35601
0.356099
0.356538
0.355754
0.355048
0.354167
0.354844
0.356013
0.35598
0.357231
0.355956
0.355691
0.355933
0.356004
0.356873
0.354487
0.35559
0.356539
0.355745
0.357309
0.356073
0.355786
0.354904
0.355236
0.357141
0.356663
0.355684
0.354999
0.35633
0.356623
0.355345
0.357
0.357401
0.355444
0.355215
0.355683
0.356773
0.355772
0.355374
0.349507
0.349413
0.356168
0.355326
0.355661
0.356531
0.356106
0.355547
0.355884
0.357404
0.356769
0.357134
0.357224
0.356236
0.336422
0.317327
0.313155
0.311104
0.311501
0.311007
0.310798
0.313074
0.311132
0.305398
0.308357
0.30896
0.303815
0.302011
0.306939
0.308812
0.305317
0.305542
0.305445
0.306636
0.306946
0.310088
0.313956
0.314523
0.311286
0.305164
0.30528
0.308329
0.305397
0.303427
0.308485
0.30852
0.305354
0.308151
0.30818
0.308671
0.312362
0.310521
0.30719
0.303287
0.302532
0.304961
0.307693
0.305293
0.308684
0.313609
0.312251
0.314209
0.312406
0.309476
0.311013
0.313591
0.315047
0.312919
0.308458
0.30955
0.313212
0.312169
0.310608
0.313628
0.314571
0.314327
0.314594
0.314214
0.312947
0.31297
0.313069
0.312153
0.312723
0.311001
0.301633
0.303785
0.311848
0.308228
0.308495
0.307457
0.327936
0.355127
0.355689
0.356339
0.353268
0.330436
0.319359
0.340088
0.354464
0.355115
0.35676
0.355621
0.356105
0.356328
0.354468
0.355946
0.35501
0.354942
0.356208
0.356335
0.356965
0.355899
0.355818
0.354754
0.339909
0.335845
0.33549
0.339075
0.348872
0.338164
0.339639
0.350991
0.352306
0.352839
0.353972
0.351813
0.354201
0.356854
0.356029
0.3563
0.35523
0.356397
0.356939
0.357089
0.357427
0.354194
0.3547
0.355755
0.356317
0.355764
0.355792
0.357894
0.35632
0.355075
0.35432
0.356333
0.357024
0.354074
0.353625
0.354324
0.35563
0.357257
0.356328
0.354649
0.355124
0.356472
0.356339
0.354714
0.356038
0.356589
0.355771
0.354624
0.355163
0.357437
0.356035
0.354873
0.355752
0.356642
0.356705
0.355366
0.353138
0.353092
0.355806
0.357238
0.355757
0.356332
0.356543
0.356322
0.356624
0.356511
0.358421
0.355877
0.354575
0.356017
0.356587
0.356521
0.354814
0.356134
0.355479
0.353964
0.355144
0.354584
0.353809
0.353505
0.355069
0.356821
0.356226
0.357537
0.357
0.355335
0.35668
0.357089
0.356659
0.356247
0.356346
0.356748
0.350632
0.350932
0.354372
0.35394
0.355191
0.355051
0.356343
0.356681
0.356738
0.356459
0.355931
0.351308
0.351928
0.357783
0.357917
0.357673
0.35682
0.356511
0.356186
0.354681
0.356141
0.357441
0.3568
0.35696
0.354086
0.353566
0.355417
0.357122
0.358609
0.356904
0.356403
0.356822
0.357193
0.358269
0.356867
0.356792
0.357001
0.357091
0.357678
0.357817
0.358182
0.35689
0.357353
0.356797
0.355211
0.354585
0.356514
0.357336
0.354881
0.354732
0.35539
0.356608
0.35606
0.355299
0.354476
0.353129
0.354884
0.356014
0.356299
0.356857
0.355078
0.354668
0.355801
0.355287
0.356753
0.355918
0.354921
0.356018
0.355641
0.355315
0.356814
0.3565
0.355644
0.355815
0.355532
0.356439
0.355691
0.356406
0.358007
0.357403
0.356927
0.357085
0.357584
0.356831
0.356202
0.357463
0.356885
0.355862
0.35461
0.354853
0.34894
0.348578
0.356882
0.356007
0.356335
0.355824
0.355431
0.357861
0.355189
0.353371
0.355236
0.356432
0.35687
0.355659
0.355447
0.35478
0.355863
0.35626
0.355308
0.354621
0.353099
0.353784
0.35391
0.355915
0.356817
0.354014
0.334978
0.286389
0.289497
0.341034
0.355461
0.354775
0.356581
0.355343
0.354986
0.356565
0.355193
0.355663
0.35473
0.355268
0.355733
0.355855
0.357401
0.355345
0.355925
0.355696
0.355937
0.357204
0.356174
0.356455
0.355439
0.355595
0.356345
0.355928
0.356633
0.356174
0.356232
0.356011
0.355971
0.3571
0.356118
0.355085
0.355833
0.356099
0.355654
0.35609
0.355377
0.356168
0.356822
0.35619
0.356305
0.356493
0.357004
0.35776
0.356171
0.356379
0.357095
0.356255
0.35547
0.355249
0.356973
0.355439
0.354807
0.356072
0.355428
0.354355
0.356191
0.358774
0.355992
0.355174
0.355962
0.356349
0.357455
0.356712
0.357299
0.356601
0.357253
0.357823
0.357188
0.358614
0.3561
0.355161
0.356272
0.35532
0.353652
0.355551
0.357777
0.356092
0.356304
0.355327
0.354514
0.357206
0.358617
0.356712
0.355774
0.358077
0.358427
0.355484
0.356348
0.356664
0.355757
0.355843
0.356722
0.358761
0.356684
0.355685
0.357515
0.358206
0.356872
0.356707
0.358618
0.356923
0.356264
0.355648
0.355397
0.352616
0.351898
0.356594
0.346305
0.336954
0.347464
0.358242
0.357736
0.355057
0.356797
0.357724
0.355539
0.356489
0.357873
0.358972
0.357873
0.357672
0.358396
0.357391
0.356104
0.357474
0.358915
0.358158
0.359054
0.357757
0.356607
0.357855
0.357037
0.357622
0.357522
0.356879
0.358055
0.356899
0.356559
0.356321
0.357178
0.357061
0.357343
0.357126
0.354352
0.35659
0.356956
0.356559
0.356984
0.356773
0.357487
0.356426
0.357197
0.355672
0.356066
0.357586
0.356273
0.357275
0.356154
0.355148
0.355661
0.356373
0.355884
0.356196
0.358101
0.357672
0.35741
0.357012
0.357505
0.357873
0.35722
0.357151
0.357033
0.35762
0.358149
0.355209
0.35473
0.353982
0.353261
0.356614
0.356422
0.354001
0.356104
0.352276
0.349029
0.355147
0.356475
0.356322
0.357615
0.357504
0.357294
0.356707
0.357154
0.358587
0.357673
0.357292
0.356791
0.357036
0.35626
0.355816
0.358311
0.357445
0.35536
0.355167
0.355488
0.336525
0.336276
0.357441
0.340189
0.27881
0.274082
0.314777
0.316215
0.263866
0.25721
0.321838
0.349658
0.322385
0.299394
0.298013
0.302641
0.310325
0.310177
0.282587
0.263071
0.279071
0.289919
0.293888
0.313527
0.318765
0.318634
0.298879
0.284241
0.303919
0.317655
0.317191
0.31827
0.318675
0.317697
0.314523
0.301953
0.311646
0.343049
0.348703
0.341254
0.345379
0.354276
0.355145
0.356571
0.346078
0.345759
0.355376
0.345488
0.326094
0.333956
0.351115
0.347933
0.350447
0.354288
0.353954
0.349917
0.351259
0.35616
0.351931
0.348365
0.335976
0.334362
0.337953
0.335751
0.336356
0.34095
0.352681
0.354624
0.356521
0.357194
0.355883
0.356884
0.355715
0.353401
0.356207
0.356832
0.353778
0.354659
0.356961
0.356511
0.356944
0.356378
0.355873
0.352058
0.344082
0.349206
0.357486
0.356092
0.355651
0.355503
0.357262
0.357334
0.35685
0.355524
0.354195
0.357397
0.356872
0.355053
0.355257
0.35508
0.354575
0.355292
0.355729
0.353681
0.35233
0.353295
0.356493
0.351985
0.352142
0.357338
0.35495
0.356701
0.35814
0.357345
0.358035
0.356645
0.356922
0.357514
0.355664
0.354346
0.355024
0.357649
0.357752
0.356798
0.356253
0.356676
0.356605
0.357191
0.358164
0.356576
0.355895
0.356187
0.356615
0.357473
0.356652
0.355976
0.355813
0.356972
0.357948
0.356137
0.354683
0.3552
0.356941
0.356107
0.357563
0.357201
0.355366
0.356385
0.356117
0.356073
0.356402
0.357152
0.343658
0.342295
0.355471
0.355344
0.356539
0.356853
0.356068
0.357821
0.357095
0.355521
0.356049
0.357328
0.35751
0.357223
0.358867
0.357485
0.356793
0.356243
0.35537
0.35632
0.351713
0.35276
0.35699
0.355003
0.341912
0.34322
0.356694
0.354406
0.354978
0.357575
0.356776
0.355873
0.350329
0.350547
0.35557
0.356388
0.354336
0.35419
0.356206
0.357472
0.359384
0.35785
0.356695
0.356444
0.356535
0.357748
0.357202
0.357325
0.347322
0.34218
0.352671
0.357015
0.356172
0.35545
0.354982
0.354
0.355854
0.356717
0.35678
0.357522
0.35614
0.357136
0.35674
0.356959
0.358136
0.344759
0.337102
0.347419
0.351831
0.351302
0.355235
0.358385
0.357305
0.355515
0.354029
0.355325
0.355495
0.355905
0.358044
0.356361
0.355118
0.35563
0.356586
0.357622
0.35639
0.356567
0.357526
0.356422
0.352844
0.338314
0.340392
0.353427
0.355395
0.356345
0.355377
0.354879
0.354922
0.356356
0.354858
0.354999
0.356169
0.356993
0.357141
0.35658
0.357058
0.355641
0.355482
0.354701
0.355253
0.357081
0.356068
0.357204
0.356407
0.356194
0.358298
0.357165
0.356217
0.3559
0.356232
0.355961
0.356125
0.357595
0.35828
0.35837
0.356964
0.356746
0.356382
0.355561
0.357376
0.356365
0.356402
0.357608
0.356045
0.355764
0.356821
0.359118
0.357446
0.354517
0.354642
0.35585
0.325479
0.317127
0.343609
0.323941
0.306756
0.314986
0.320774
0.323107
0.323404
0.323707
0.32388
0.323624
0.323319
0.323338
0.32358
0.324901
0.323668
0.322362
0.323776
0.324803
0.320749
0.324975
0.344848
0.357896
0.356351
0.351828
0.340938
0.317751
0.328654
0.352977
0.35194
0.354767
0.354597
0.355962
0.356605
0.357443
0.355968
0.355619
0.35644
0.355035
0.354969
0.354816
0.356214
0.357124
0.349477
0.348831
0.357558
0.359483
0.35687
0.356154
0.357258
0.357532
0.35785
0.354271
0.354826
0.34385
0.343523
0.358667
0.358006
0.35577
0.356549
0.357124
0.35473
0.354762
0.356014
0.355341
0.356703
0.356304
0.356386
0.356865
0.357087
0.35762
0.354485
0.354823
0.354831
0.354589
0.35625
0.356364
0.357132
0.356608
0.354943
0.355423
0.357278
0.355792
0.354899
0.357106
0.356756
0.356056
0.356211
0.35724
0.356849
0.354688
0.356783
0.356775
0.356243
0.355842
0.355565
0.358687
0.356918
0.356653
0.347825
0.346186
0.354339
0.335133
0.297248
0.307213
0.34623
0.348508
0.349199
0.344512
0.345824
0.342303
0.326783
0.329553
0.311652
0.298286
0.30539
0.303249
0.309012
0.33028
0.341911
0.329782
0.335643
0.352597
0.352148
0.352597
0.356036
0.355995
0.304369
0.296178
0.345384
0.355428
0.355836
0.356203
0.355425
0.355088
0.351123
0.35194
0.355282
0.356784
0.357182
0.355404
0.356019
0.355988
0.35549
0.35437
0.355237
0.357103
0.35737
0.357339
0.356406
0.345706
0.340389
0.332496
0.334969
0.352937
0.347821
0.334583
0.341745
0.350905
0.349776
0.351005
0.351822
0.347957
0.346487
0.31299
0.278205
0.306177
0.342131
0.334248
0.307719
0.31256
0.321911
0.325841
0.34794
0.348643
0.351931
0.352985
0.354068
0.352863
0.355023
0.350465
0.341072
0.342276
0.350011
0.35492
0.354759
0.353249
0.352996
0.350718
0.309977
0.282446
0.30396
0.330776
0.342698
0.34873
0.351828
0.34561
0.30756
0.315193
0.353737
0.353679
0.354993
0.353266
0.351765
0.352581
0.353826
0.355344
0.355641
