9.52281e-312
inf
1.25993
1.54356
1.61696
1.71336
1.7311
1.72179
1.72146
1.72517
1.72175
1.72861
1.72337
1.72
1.72422
1.72399
1.72958
1.72115
1.71695
1.72257
1.72701
1.72869
1.72122
1.72698
1.72756
1.71776
1.70345
1.70724
1.72005
1.72169
1.72938
1.72701
1.7143
1.70952
1.71783
1.72895
1.72625
1.72676
1.72677
1.72433
1.72567
1.72305
1.72384
1.71333
1.72259
1.72996
1.71891
1.7245
1.72785
1.72489
1.72113
1.7182
1.71298
1.68218
1.68758
1.69396
1.62799
1.64395
1.70783
1.71206
1.67266
1.67362
1.71131
1.7172
1.63585
1.55971
1.51314
1.57711
1.71526
1.72529
1.72205
1.70703
1.69475
1.71242
1.71866
1.69633
1.70679
1.7212
1.7166
1.70957
1.71328
1.71673
1.71784
1.72672
1.71836
1.70509
1.70296
1.71139
1.71838
1.72244
1.71775
1.71573
1.71959
1.72439
1.73377
1.71957
1.7155
1.7263
1.72808
1.73034
1.72096
1.71427
1.72338
1.72337
1.71854
1.72
1.71495
1.71968
1.72463
1.72844
1.72984
1.72537
1.72451
1.72338
1.72161
1.72015
1.72231
1.71978
1.71705
1.72381
1.72533
1.7277
1.71761
1.64883
1.60606
1.62346
1.64404
1.65454
1.63032
1.61763
1.63307
1.66418
1.67589
1.64385
1.67966
1.68541
1.66753
1.70609
1.71189
1.7146
1.72464
1.72955
1.72402
1.71817
1.69596
1.70113
1.72967
1.65021
1.60864
1.67308
1.71487
1.68302
1.64695
1.6498
1.67766
1.70806
1.72267
1.71429
1.70641
1.71747
1.7241
1.73079
1.72755
1.72879
1.70809
1.70167
1.71198
1.70278
1.70722
1.71964
1.73189
1.7164
1.70812
1.71526
1.71087
1.71718
1.71942
1.72372
1.71565
1.71642
1.7092
1.66231
1.61802
1.62898
1.6455
1.57674
1.48569
1.43083
1.41095
1.42949
1.45589
1.46447
1.48623
1.55743
1.62465
1.62965
1.55499
1.50569
1.53673
1.562
1.5682
1.53793
1.55663
1.62053
1.63184
1.63529
1.61635
1.60146
1.6132
1.614
1.57909
1.58585
1.62568
1.62934
1.6231
1.61947
1.61926
1.61835
1.6096
1.61755
1.63853
1.63655
1.62639
1.61116
1.62885
1.63424
1.62208
1.63257
1.60059
1.5903
1.62867
1.62519
1.62347
1.63182
1.6383
1.63994
1.62533
1.62538
1.63587
1.63388
1.63375
1.62899
1.6266
1.63962
1.63815
1.6416
1.59816
1.59842
1.6518
1.63862
1.6267
1.62903
1.62906
1.63492
1.64131
1.65207
1.64839
1.6342
1.6331
1.64069
1.64924
1.64858
1.64709
1.64198
1.61209
1.61139
1.63879
1.63662
1.64129
1.62945
1.63518
1.66415
1.69584
1.7188
1.71061
1.71154
1.70757
1.70969
1.71526
1.71683
1.72336
1.71976
1.67534
1.67876
1.71653
1.71271
1.7139
1.71447
1.71273
1.71138
1.7104
1.71404
1.71945
1.71517
1.71761
1.72184
1.72118
1.7162
1.71969
1.72433
1.71863
1.67978
1.67023
1.70895
1.72033
1.72374
1.72795
1.71312
1.67669
1.68363
1.71649
1.71831
1.70994
1.71009
1.71667
1.71793
1.71402
1.72084
1.70179
1.68882
1.66783
1.66693
1.70693
1.71934
1.72745
1.71748
1.70773
1.70615
1.70857
1.71618
1.71719
1.71937
1.72185
1.72199
1.72368
1.72773
1.72389
1.71228
1.71561
1.66764
1.67017
1.72164
1.72691
1.72371
1.70881
1.71297
1.72075
1.72311
1.72337
1.7137
1.70772
1.71382
1.72461
1.72293
1.71532
1.72086
1.72773
1.73435
1.68483
1.66546
1.6966
1.71196
1.72451
1.71622
1.71161
1.71487
1.72304
1.72363
1.71768
1.71343
1.71147
1.71964
1.72678
1.71681
1.71688
1.72095
1.71485
1.67504
1.67814
1.7245
1.72274
1.7112
1.71926
1.73597
1.7254
1.71185
1.71533
1.72051
1.71441
1.71
1.72131
1.71564
1.71204
1.72227
1.72553
1.69724
1.66836
1.69031
1.71685
1.72622
1.72415
1.71356
1.71378
1.71907
1.71714
1.71975
1.71816
1.71547
1.71946
1.72147
1.69544
1.69169
1.71176
1.71475
1.68141
1.68014
1.72272
1.72349
1.72054
1.71528
1.71157
1.71413
1.70587
1.68325
1.68943
1.71645
1.7214
1.72915
1.73087
1.72176
1.71531
1.72159
1.72721
1.65469
1.65102
1.7113
1.71223
1.71477
1.71992
1.72072
1.71245
1.71893
1.72018
1.7106
1.71458
1.719
1.72404
1.72797
1.7268
1.72466
1.72593
1.72252
1.67777
1.67082
1.70864
1.71261
1.71784
1.71962
1.71135
1.71523
1.71799
1.71963
1.72225
1.72336
1.71397
1.71862
1.73367
1.72725
1.71762
1.71407
1.72127
1.67727
1.65261
1.69186
1.70662
1.70685
1.71081
1.7139
1.72352
1.71256
1.7065
1.72174
1.71697
1.71588
1.72555
1.71952
1.72067
1.72758
1.72502
1.72499
1.67929
1.67559
1.71455
1.71885
1.72374
1.7103
1.7076
1.71495
1.71445
1.72449
1.72328
1.713
1.71835
1.72422
1.72666
1.73047
1.71502
1.70972
1.71633
1.6794
1.68526
1.72943
1.73222
1.72193
1.72139
1.72527
1.71449
1.70954
1.71954
1.72458
1.71816
1.72058
1.71688
1.71104
1.71947
1.72627
1.72665
1.6797
1.67059
1.71198
1.72024
1.71897
1.71959
1.72103
1.71649
1.72023
1.72297
1.71998
1.70538
1.68184
1.69334
1.71215
1.71698
1.71966
1.7264
1.73102
1.67688
1.67308
1.70558
1.71851
1.73395
1.72715
1.72914
1.73055
1.73228
1.73399
1.72818
1.72111
1.71246
1.72271
1.73023
1.72038
1.7263
1.72923
1.72484
1.67382
1.6754
1.72856
1.72619
1.72009
1.7313
1.73731
1.72985
1.72732
1.73421
1.7372
1.72937
1.72467
1.72355
1.72248
1.7281
1.73289
1.72833
1.72316
1.68359
1.68792
1.72812
1.72978
1.73223
1.73647
1.72476
1.71077
1.71793
1.72374
1.72271
1.72549
1.728
1.73755
1.73541
1.72881
1.72601
1.72631
1.73037
1.67951
1.68414
1.73489
1.73297
1.73255
1.73247
1.72856
1.71602
1.71143
1.72056
1.72836
1.73103
1.7289
1.72975
1.72999
1.73445
1.73478
1.72717
1.72211
1.68052
1.68564
1.72594
1.71822
1.72152
1.72286
1.72984
1.736
1.72875
1.72711
1.72543
1.72628
1.72249
1.72551
1.72959
1.72772
1.73737
1.7411
1.72647
1.66146
1.66175
1.71754
1.71857
1.72068
1.72287
1.72675
1.73232
1.73974
1.74185
1.74138
1.73112
1.71673
1.7137
1.69656
1.70321
1.72661
1.72907
1.72855
1.67694
1.67659
1.72192
1.71217
1.71816
1.73983
1.73017
1.71795
1.72377
1.72748
1.72925
1.72679
1.71934
1.7106
1.71892
1.73185
1.73416
1.72864
1.7259
1.67735
1.67789
1.73332
1.73912
1.73735
1.72542
1.71212
1.72727
1.63976
1.56784
1.6324
1.66215
1.65805
1.68814
1.67505
1.63131
1.64781
1.66968
1.61154
1.60942
1.67785
1.67337
1.65131
1.68384
1.69164
1.64931
1.62257
1.65473
1.66518
1.64334
1.66481
1.67474
1.65728
1.65063
1.66795
1.68413
1.66273
1.6147
1.64309
1.69167
1.66663
1.65983
1.67145
1.67456
1.66541
1.65182
1.64928
1.66838
1.68415
1.6544
1.6404
1.67464
1.69135
1.66711
1.65967
1.64055
1.63092
1.65003
1.65938
1.67041
1.65067
1.63142
1.66543
1.69857
1.67985
1.64016
1.63008
1.66672
1.68182
1.6539
1.64289
1.65043
1.67036
1.65088
1.63389
1.64474
1.63741
1.62862
1.6644
1.68208
1.64542
1.64877
1.67789
1.66457
1.63566
1.66716
1.68213
1.65766
1.63622
1.64872
1.67325
1.59952
1.59712
1.6776
1.68029
1.66436
1.65284
1.62881
1.64533
1.6612
1.64015
1.67062
1.65905
1.63211
1.66426
1.64927
1.61503
1.66197
1.66258
1.58335
1.62377
1.64918
1.61671
1.66328
1.65627
1.62442
1.64238
1.6126
1.63585
1.65933
1.62687
1.66057
1.64633
1.62342
1.66358
1.64558
1.62716
1.6146
1.60508
1.64529
1.64495
1.62518
1.62372
1.62972
1.62677
1.66284
1.66855
1.63476
1.66386
1.65092
1.62702
1.67355
1.66977
1.63701
1.65568
1.62869
1.60717
1.64379
1.62646
1.63576
1.6564
1.63117
1.66615
1.65646
1.6243
1.65973
1.64573
1.62261
1.64095
1.62163
1.63508
1.66428
1.64806
1.65945
1.63994
1.60264
1.63616
1.64295
1.61546
1.66506
1.66465
1.63202
1.66972
1.65821
1.63695
1.66489
1.63881
1.61383
1.65787
1.64751
1.63038
1.66696
1.61397
1.60691
1.66409
1.63433
1.64434
1.63747
1.61211
1.66885
1.66915
1.652
1.6734
1.61981
1.62109
1.66003
1.62092
1.64127
1.6515
1.62483
1.63133
1.62614
1.64516
1.67036
1.64593
1.64345
1.66267
1.63527
1.62247
1.65414
1.64903
1.64579
1.65933
1.62418
1.63597
1.64214
1.61071
1.65953
1.618
1.56993
1.645
1.64725
1.61868
1.65913
1.65975
1.65227
1.6529
1.62228
1.64753
1.65328
1.62241
1.66358
1.65072
1.61356
1.66604
1.65802
1.59709
1.62318
1.64536
1.64004
1.67601
1.64475
1.63935
1.66293
1.62627
1.64885
1.65722
1.61173
1.64331
1.65959
1.61601
1.64591
1.66465
1.62812
1.61813
1.61091
1.63678
1.667
1.62975
1.62704
1.64668
1.6267
1.65671
1.65306
1.60873
1.64844
1.64536
1.62028
1.67249
1.64838
1.63483
1.65125
1.59395
1.61847
1.66327
1.63103
1.65563
1.65675
1.62225
1.64844
1.6282
1.61685
1.66845
1.63958
1.62386
1.66613
1.6426
1.63171
1.6599
1.63626
1.61112
1.61183
1.60812
1.65323
1.66596
1.63908
1.66746
1.6268
1.59281
1.65363
1.63833
1.60965
1.65695
1.64826
1.64181
1.6613
1.6242
1.64517
1.62028
1.5809
1.65888
1.66644
1.63917
1.67241
1.6561
1.62588
1.64061
1.62808
1.63459
1.64795
1.62682
1.64496
1.65053
1.61091
1.64776
1.66806
1.5871
1.60866
1.64265
1.63513
1.66049
1.62821
1.63612
1.65924
1.64271
1.67123
1.66413
1.62944
1.65907
1.65171
1.61181
1.66492
1.67102
1.61773
1.62568
1.63524
1.63595
1.66447
1.64917
1.61953
1.66063
1.65303
1.64227
1.68833
1.67413
1.63376
1.65406
1.65564
1.6454
1.67772
1.68172
1.67278
1.62282
1.63027
1.67323
1.65316
1.65003
1.66753
1.67343
1.65235
1.65479
1.66736
1.68017
1.67704
1.6724
1.67613
1.67226
1.68292
1.70587
1.67061
1.62936
1.63925
1.66132
1.67639
1.65846
1.6709
1.68239
1.64245
1.63365
1.67614
1.67426
1.63822
1.65084
1.67159
1.65621
1.6367
1.67677
1.67664
1.64723
1.63364
1.65677
1.68152
1.65435
1.67076
1.68688
1.67128
1.65598
1.6746
1.68536
1.65082
1.62901
1.66961
1.68316
1.6451
1.64293
1.66809
1.67255
1.6455
1.65991
1.67835
1.64906
1.63622
1.67487
1.68139
1.64817
1.64675
1.67501
1.67086
1.62906
1.63055
1.67038
1.6619
1.62998
1.64159
1.67816
1.63124
1.60305
1.64582
1.66658
1.68709
1.66448
1.64536
1.68628
1.69328
1.65002
1.6499
1.68082
1.66588
1.64626
1.65965
1.6775
1.6761
1.65482
1.65969
1.65164
1.64755
1.65972
1.65928
1.66823
1.65883
1.64189
1.66551
1.66721
1.6481
1.63644
1.65004
1.68079
1.66582
1.63999
1.66618
1.6798
1.65241
1.62705
1.65048
1.68435
1.66604
1.65086
1.67225
1.67286
1.64847
1.65832
1.6909
1.70589
1.68397
1.66438
1.65041
1.64859
1.68268
1.68117
1.6412
1.62933
1.64354
1.65304
1.66317
1.67969
1.66167
1.64175
1.65185
1.66162
1.65022
1.64838
1.65816
1.6717
1.65792
1.64578
1.66215
1.67868
1.66363
1.61297
1.62853
1.69269
1.68045
1.63591
1.63854
1.68258
1.6855
1.65658
1.64855
1.66967
1.66393
1.64758
1.66078
1.67589
1.67622
1.65689
1.61031
1.61802
1.69237
1.68973
1.66628
1.67526
1.68055
1.66351
1.66096
1.66965
1.68885
1.67735
1.64147
1.63356
1.65737
1.66495
1.64494
1.65284
1.64085
1.65274
1.66827
1.6539
1.67522
1.68332
1.66174
1.65208
1.67286
1.67854
1.65388
1.64523
1.66769
1.68222
1.66025
1.64162
1.63388
1.66162
1.67249
1.61979
1.62138
1.68335
1.67498
1.64323
1.64997
1.67234
1.6655
1.64271
1.64929
1.67231
1.66086
1.64487
1.6576
1.66995
1.68414
1.67652
1.65144
1.60741
1.62367
1.66172
1.65501
1.66867
1.67857
1.6539
1.64001
1.66808
1.66624
1.6488
1.67778
1.6496
1.6351
1.67979
1.67414
1.64993
1.67531
1.63846
1.6003
1.66693
1.68936
1.65764
1.64281
1.67336
1.6729
1.63741
1.64742
1.67719
1.66763
1.65576
1.67696
1.65852
1.63448
1.65683
1.68648
1.6338
1.6054
1.65972
1.66812
1.66141
1.66139
1.63712
1.66622
1.69168
1.65825
1.6523
1.68288
1.6806
1.64764
1.64032
1.66972
1.67412
1.60085
1.61052
1.68117
1.68028
1.66099
1.66759
1.67275
1.67147
1.66679
1.66696
1.66178
1.64995
1.67361
1.66328
1.65171
1.6623
1.68568
1.67912
1.62247
1.63411
1.67489
1.6892
1.68161
1.66188
1.65551
1.69153
1.69341
1.66184
1.67024
1.68469
1.6801
1.65489
1.66262
1.67844
1.67994
1.66499
1.64857
1.63695
1.65918
1.6734
1.6595
1.66458
1.66757
1.68717
1.68353
1.6681
1.66963
1.67568
1.68047
1.67734
1.64993
1.6532
1.70113
1.69097
1.65203
1.61539
1.63262
1.68113
1.64589
1.65076
1.68595
1.66843
1.64828
1.66355
1.67091
1.65072
1.64903
1.66388
1.63831
1.62856
1.6733
1.68395
1.6596
1.6207
1.65678
1.69191
1.67207
1.67393
1.677
1.67385
1.65824
1.64429
1.67282
1.6751
1.642
1.65237
1.67852
1.68539
1.65932
1.65038
1.65734
1.66917
1.65173
1.63295
1.64532
1.66196
1.67147
1.6476
1.65578
1.68882
1.67385
1.64703
1.64979
1.66855
1.68222
1.66369
1.64232
1.65596
1.67636
1.66856
1.62375
1.62898
1.67755
1.66584
1.65465
1.66479
1.68287
1.69242
1.67554
1.67028
1.67262
1.67065
1.67246
1.67755
1.66246
1.67796
1.69506
1.68422
1.63348
1.63184
1.67603
1.66551
1.66311
1.67057
1.69369
1.68155
1.6767
1.68044
1.64928
1.66493
1.68423
1.67478
1.65102
1.67137
1.68219
1.64699
1.6372
1.64773
1.66977
1.65865
1.64978
1.68472
1.68963
1.66525
1.65812
1.68168
1.68813
1.66206
1.66973
1.67861
1.6786
1.68615
1.67773
1.65261
1.64505
1.64468
1.6431
1.6436
1.67175
1.68233
1.6648
1.67599
1.69449
1.67355
1.6462
1.65607
1.68481
1.67945
1.66026
1.6655
1.66695
1.68709
1.68079
1.63401
1.64478
1.69386
1.67775
1.64648
1.65815
1.66703
1.67972
1.66416
1.64226
1.63235
1.65026
1.6802
1.66962
1.65942
1.66044
1.67766
1.66702
1.63543
1.63756
1.69479
1.70432
1.66665
1.66112
1.65883
1.6734
1.66875
1.64601
1.65782
1.68921
1.67217
1.6534
1.6682
1.66682
1.67669
1.6818
1.66753
1.60052
1.59682
1.68777
1.70419
1.66487
1.64616
1.65728
1.68217
1.66553
1.64856
1.65735
1.67737
1.68529
1.6676
1.66659
1.65879
1.6835
1.68979
1.62422
1.61465
1.63855
1.68035
1.69064
1.65457
1.65506
1.66865
1.68863
1.68732
1.67887
1.67099
1.66487
1.67804
1.68717
1.67911
1.6736
1.66544
1.6616
1.64877
1.6625
1.6864
1.67398
1.67617
1.69284
1.67089
1.65128
1.6669
1.69396
1.68145
1.64268
1.65073
1.66944
1.67755
1.67096
1.66867
1.66901
1.60638
1.6127
1.66051
1.64505
1.65877
1.67865
1.66514
1.64926
1.65984
1.67238
1.66331
1.64747
1.65037
1.68529
1.69399
1.65165
1.63091
1.65896
1.6339
1.63063
1.681
1.69786
1.69688
1.66213
1.66211
1.68965
1.67174
1.65993
1.66875
1.67676
1.66505
1.65612
1.66802
1.67611
1.67767
1.65814
1.63255
1.65222
1.67161
1.6617
1.67791
1.6959
1.68923
1.66149
1.66167
1.69238
1.6789
1.65439
1.66741
1.68842
1.68723
1.64776
1.6602
1.6758
1.67601
1.65015
1.64863
1.66272
1.65344
1.68032
1.68054
1.65864
1.65393
1.68562
1.68977
1.67996
1.66334
1.64642
1.6777
1.67039
1.66705
1.67459
1.66497
1.67171
1.66134
1.65924
1.66405
1.66784
1.69406
1.70066
1.67935
1.67723
1.67141
1.65447
1.65808
1.65949
1.65561
1.65136
1.67337
1.67962
1.66452
1.65284
1.61715
1.63603
1.68814
1.6859
1.66573
1.65501
1.65903
1.69092
1.71563
1.72843
1.73369
1.72818
1.72817
1.73264
1.72803
1.73431
1.72832
1.72338
1.6954
1.69285
1.7211
1.72378
1.73738
1.74009
1.7378
1.73528
1.73124
1.72786
1.73572
1.73907
1.73009
1.7272
1.73554
1.74137
1.73707
1.73403
1.7416
1.68814
1.67809
1.73098
1.72804
1.72822
1.73577
1.7373
1.73224
1.7266
1.73375
1.73055
1.72562
1.73158
1.73524
1.74035
1.73434
1.73304
1.73473
1.7394
1.7019
1.69097
1.7134
1.716
1.73495
1.73747
1.73486
1.73158
1.72794
1.73396
1.73575
1.73023
1.72466
1.72427
1.73236
1.73503
1.73386
1.73046
1.72009
1.67806
1.68849
1.73269
1.73053
1.72948
1.73324
1.73674
1.73751
1.73991
1.73782
1.72863
1.72419
1.72419
1.73116
1.73203
1.72484
1.72475
1.72827
1.72976
1.68193
1.6927
1.73944
1.73067
1.73718
1.73617
1.70976
1.69121
1.71373
1.72894
1.72908
1.73493
1.72609
1.69286
1.68903
1.7269
1.73774
1.72084
1.72179
1.67676
1.67546
1.73938
1.74102
1.73114
1.72784
1.73815
1.73442
1.71899
1.72696
1.7327
1.73392
1.7414
1.73716
1.73834
1.74447
1.7403
1.73581
1.74154
1.69604
1.67259
1.71678
1.73194
1.7401
1.73855
1.72694
1.73071
1.7383
1.74009
1.73044
1.72929
1.7335
1.73164
1.73922
1.74358
1.74417
1.73883
1.73266
1.69681
1.70038
1.72789
1.72891
1.73512
1.73577
1.73708
1.73289
1.73557
1.72364
1.73001
1.73398
1.71697
1.72212
1.73706
1.73881
1.73303
1.73209
1.7069
1.65485
1.68094
1.72903
1.72867
1.73039
1.73486
1.74579
1.7379
1.73169
1.73543
1.73565
1.72882
1.7287
1.73573
1.73489
1.72293
1.72162
1.73884
1.74511
1.70016
1.6827
1.72366
1.73963
1.74111
1.73434
1.72452
1.73353
1.73606
1.73324
1.7326
1.73741
1.73659
1.7258
1.71945
1.72628
1.72206
1.71109
1.72659
1.6944
1.69169
1.73159
1.73719
1.74547
1.73896
1.72789
1.72912
1.73338
1.73583
1.73759
1.73021
1.73351
1.73561
1.73947
1.74605
1.74663
1.73431
1.72295
1.6921
1.6945
1.74327
1.74323
1.73233
1.72668
1.73089
1.74012
1.73312
1.73102
1.72581
1.7203
1.73499
1.7442
1.73743
1.73366
1.73736
1.74142
1.74873
1.69773
1.69046
1.73734
1.73155
1.73001
1.72235
1.71619
1.68999
1.681
1.72429
1.73603
1.74105
1.74279
1.73305
1.73876
1.73815
1.73854
1.74261
1.69225
1.68366
1.73086
1.73749
1.72934
1.72732
1.73592
1.74176
1.73465
1.72164
1.72724
1.73037
1.73413
1.73808
1.73315
1.72982
1.72666
1.7368
1.74246
1.69972
1.69878
1.73869
1.73584
1.73373
1.73681
1.73613
1.72655
1.73442
1.74086
1.73435
1.73565
1.73171
1.72787
1.73045
1.72746
1.72387
1.7316
1.72963
1.6903
1.69645
1.73617
1.72976
1.7212
1.68396
1.69794
1.74119
1.7303
1.72584
1.72887
1.7334
1.73208
1.739
1.74553
1.74428
1.73376
1.72709
1.73485
