1.21382e-311
inf
7.473
17.935
15.7117
13.9438
14.9267
16.8285
18.1493
18.4725
18.2467
11.9581
11.6867
17.6423
18.2931
18.1386
17.8277
17.8672
18.0304
17.5871
17.5888
18.0525
18.0434
17.842
17.8555
18.0987
17.8989
17.8605
18.1864
18.2637
17.9013
17.6572
18.0099
18.2729
17.6571
17.5151
18.0091
18.0128
18.0551
18.1982
18.206
17.9351
18.0002
18.283
18.3311
18.0221
17.9171
18.2605
18.1046
18.0946
18.2493
18.1633
17.9343
18.0214
18.3623
18.3604
17.9157
17.9432
18.2271
18.2156
18.0833
18.052
18.3159
18.2548
17.8263
17.8779
18.2314
17.9549
17.6149
17.8992
18.4502
17.9258
17.6424
17.9117
18.1406
17.8258
17.8301
18.1223
18.1765
18.3024
18.2151
18.2668
18.2563
18.0278
18.0499
18.1653
17.9966
17.8395
17.8916
18.0119
17.3578
17.4516
18.1817
18.2143
18.027
18.1457
18.1959
18.0559
18.0737
18.0598
18.0463
17.8329
17.8976
18.1904
18.232
17.9367
17.9343
18.1386
18.182
18.0054
18.0401
18.1319
18.1807
17.9657
17.9635
18.6275
18.4032
17.8315
17.9035
18.4539
18.368
18.0917
18.2635
18.1556
17.7824
18.0786
18.3395
18.1757
18.1187
18.0497
18.4517
18.3721
17.9832
18.2942
18.4819
18.1283
17.9175
18.252
18.4665
18.0886
17.9446
18.1442
18.2974
17.8987
17.6459
18.1745
18.5451
18.0162
17.9459
18.2779
18.2038
18.0525
18.0317
18.3966
18.1772
18.164
18.4546
18.5586
18.1202
17.8757
18.0999
18.333
18.2276
17.9651
18.1559
18.1335
17.7272
17.7653
18.013
17.7779
17.8934
18.1727
18.3498
18.3832
18.1994
18.198
18.3469
18.1424
17.9014
18.2767
18.3006
18.0757
18.0331
18.3167
18.3898
18.1472
18.2405
18.2983
17.8334
17.9053
18.5146
18.4773
18.1645
18.2864
18.433
18.2672
18.1125
18.0595
18.1683
17.9138
17.7503
18.1646
18.471
18.1365
18.2305
18.4478
18.4711
18.0945
17.9199
18.2708
17.9997
17.8455
18.3187
18.5398
17.9585
17.8333
18.3222
18.4751
18.145
18.2442
18.6402
18.7252
18.3959
18.1347
18.1416
18.086
18.0318
18.0925
18.3758
18.3326
18.1724
18.2121
18.3066
18.21
18.282
18.3719
18.3773
18.1724
17.9724
18.3023
18.3463
18.0538
18.0675
18.3316
18.4783
18.0297
17.8977
18.3306
18.3274
18.1521
18.26
18.5055
18.0873
18.0078
18.3579
18.2232
18.3673
18.2365
17.8864
17.9464
17.8854
18.0348
18.264
18.0458
17.9085
18.0492
18.3446
18.0307
17.9791
18.1764
18.1633
18.0227
17.5445
17.7571
18.0219
18.0289
18.2507
18.4824
18.1957
17.9411
18.1754
18.3586
17.9131
17.8985
18.3998
18.5565
18.3441
18.0237
18.3051
18.2782
17.9292
18.1464
18.523
18.5744
18.1389
18.1838
18.7519
18.3742
18.1585
18.4357
18.2769
17.9856
18.1115
18.3893
17.9965
17.634
18.0979
18.6092
18.2916
18.0587
18.3986
18.2617
17.7222
17.9261
18.6734
18.2422
17.6622
17.934
18.2068
18.1092
18.0333
18.1268
18.0963
17.9762
18.0855
18.205
18.3417
17.8587
17.6423
18.0157
18.0994
17.9801
18.236
18.5815
18.338
18.2638
18.4957
18.7464
18.4834
18.3682
18.5034
18.2983
18.2066
18.3279
18.2527
18.1549
17.9273
18.1194
18.5839
18.2502
18.0218
18.266
18.4396
18.0824
18.0357
18.3857
18.5943
18.2342
18.262
18.7475
18.3315
18.044
18.1419
18.3019
18.1962
17.9986
18.1506
18.5558
18.4371
18.2583
18.491
18.4647
18.3697
18.0815
18.2582
18.561
17.9255
17.935
18.4021
18.3629
18.1107
18.2377
18.3771
18.2767
17.9483
17.939
18.491
18.412
18.1676
18.2058
18.3431
18.013
18.0263
18.2247
18.3095
18.1534
17.964
18.2106
18.3439
17.9073
17.6994
18.1886
18.4485
18.2349
18.3041
18.7289
18.7301
18.132
18.1645
18.4556
18.1199
18.0904
18.4403
18.6637
18.1084
17.9612
18.535
18.5636
17.9986
18.054
18.4108
18.4142
18.0783
18.0117
18.3014
18.1403
18.1068
18.238
18.1959
18.2742
18.3597
18.6593
18.8854
18.2582
18.2212
18.4739
18.4317
18.0602
17.882
18.3947
18.5939
18.2355
18.1785
18.3169
18.125
17.9851
18.2329
18.5649
18.2717
17.9824
18.0704
17.6286
16.7225
17.4398
18.1273
17.5593
17.7237
18.0463
18.523
18.811
18.4366
18.2319
18.2281
18.3538
18.4548
18.5105
18.2825
17.6484
17.8854
17.8602
17.1076
17.183
17.7154
18.1018
17.6944
17.6289
18.1878
18.1712
18.1901
18.1307
18.3584
18.517
18.2673
18.0574
17.9803
18.0698
17.952
18.1102
18.1965
18.4473
18.5142
17.6616
17.0737
17.0891
17.1644
17.4814
17.4897
17.7585
17.8957
17.7363
18.2657
18.2545
18.4101
18.4561
18.0688
17.6106
17.5915
17.9359
17.2144
16.9045
17.1872
17.9761
16.8132
16.4034
18.4413
18.5998
18.2357
17.832
17.5274
17.7451
17.7797
18.0273
18.2181
18.3717
18.5348
18.5268
18.2779
18.0336
18.1424
17.9648
18.1233
18.0305
17.9603
18.2512
17.9804
17.8077
17.8428
18.3274
18.6478
18.1643
18.1858
18.3788
18.1937
18.4642
18.9322
18.5608
17.8888
18.0644
18.5065
18.6808
18.2277
18.0847
18.124
17.908
17.9144
18.114
18.3375
18.0256
18.011
18.046
18.0149
18.18
18.1833
18.132
18.2475
18.1086
18.3638
18.7262
18.0136
17.1534
17.1541
17.5847
17.19
17.3889
18.1793
18.11
17.9507
18.0367
18.4461
18.4916
17.9919
17.879
18.2183
18.0762
17.9683
18.2438
18.3616
18.2468
18.3508
18.5048
18.2229
17.6501
17.8563
18.3661
18.0107
18.0222
18.3485
18.3021
18.0265
17.9994
18.1541
18.2108
18.4577
18.4587
18.2277
18.3715
18.208
18.3759
18.7131
18.6834
18.4778
18.3543
18.4857
18.4848
18.1283
18.1281
18.6425
18.8028
18.3798
18.2612
18.466
17.9877
18.0727
18.3303
18.6579
18.5132
17.8455
17.2597
17.0481
17.4476
17.5699
17.7013
17.3558
17.4538
18.0034
17.9914
17.9478
17.9556
17.7895
18.0662
17.9982
17.9337
18.2946
18.1127
18.28
18.6658
18.6499
18.0435
17.7032
17.9374
18.0195
17.9939
18.0948
18.3412
18.348
18.0812
18.1739
18.3584
18.1745
17.7745
17.5554
17.7115
17.6852
17.9683
18.1597
18.1455
18.1818
18.2467
18.1686
18.0326
18.1851
18.3651
18.7019
18.6741
18.2969
18.4475
18.7417
18.5736
18.4339
18.4325
18.5901
18.6012
18.2168
18.1755
18.3729
18.1179
18.1779
18.5667
18.7308
18.3976
18.005
18.2672
18.3008
18.1792
18.3918
18.5479
18.7269
18.6698
18.1901
17.6905
17.3883
17.3525
17.7555
18.2173
17.8685
17.7288
18.1803
17.8886
17.3277
17.4234
18.0125
18.4072
18.3707
18.0886
17.9234
18.0317
18.2325
18.0683
17.9001
18.1805
18.1184
17.8829
17.5463
17.5079
18.1533
18.4027
18.1845
17.9583
17.9366
18.2319
17.744
17.583
17.5793
17.4892
18.03
18.0491
18.4787
18.6579
18.1957
17.8117
17.8854
18.274
18.2633
17.9176
17.969
18.0265
17.9598
18.1607
17.9289
17.7577
18.1317
18.4981
18.0915
17.7704
18.2232
18.4645
18.1445
17.8829
17.8774
17.9409
17.8713
17.8707
17.9994
18.0294
18.1166
18.2737
18.179
17.8052
17.5486
17.7554
18.1301
17.949
17.8581
18.2
18.5038
18.4592
18.5283
18.4836
18.3609
18.0564
17.6902
18.0452
18.1498
17.7893
17.4857
17.1736
16.595
16.5985
16.9166
17.3742
18.1266
18.0296
17.8611
18.0835
17.8285
17.3429
17.4653
17.8477
17.594
17.6632
18.1273
17.9867
17.7215
17.952
17.9525
18.0884
18.7443
18.4006
18.1604
18.5913
16.7464
16.5814
18.3453
18.7528
18.8606
18.5
18.0986
17.9306
17.9825
18.1941
18.3296
18.4973
18.7735
18.6877
18.4077
18.464
18.449
17.2937
16.9342
17.5456
17.6526
17.4908
17.7541
17.9388
17.7716
17.7162
17.6971
17.5271
17.381
17.4978
17.63
17.9022
18.0378
18.1584
18.4705
18.1722
18.0824
18.391
18.6357
17.8263
16.8074
16.4497
16.4861
17.5838
18.5154
18.1301
17.3807
17.9358
18.6149
18.246
17.8006
17.9651
18.394
18.2732
17.9646
18.1508
18.5976
18.4804
18.3683
18.3392
18.3316
18.2086
18.3525
18.7452
18.8211
18.426
18.1467
18.1576
18.2527
18.0597
17.949
18.1082
18.1261
17.7505
17.635
18.075
18.3633
18.3966
18.2174
17.9906
17.9284
18.3184
18.6471
18.3244
17.9955
18.0104
17.7283
17.4072
17.3771
17.416
17.4955
16.9624
16.8527
17.5928
17.4474
17.2695
17.2554
17.1566
17.4535
17.6711
17.8417
17.7776
17.4721
17.5855
17.9208
18.1182
18.0047
17.8366
17.9363
17.9194
17.6235
17.8428
18.0538
18.0995
18.5594
18.4536
18.2884
18.4427
18.4493
18.7392
18.9231
18.4458
18.2277
18.1015
18.1609
17.868
17.607
17.838
17.8916
18.2884
18.2329
18.0917
18.1335
18.4894
18.4597
18.2367
18.0711
18.1831
18.53
17.8002
16.7758
17.3382
18.5703
18.6599
18.1939
18.203
18.7136
18.4975
18.1635
18.2545
18.485
18.2765
18.2637
18.6336
18.7052
18.2919
18.1805
18.4478
18.4995
18.2907
18.4047
18.6183
18.1493
17.8729
18.1327
18.3715
18.136
18.1888
18.5225
18.1594
17.9858
18.1714
18.0587
18.2081
18.2405
18.2683
18.656
18.4647
17.8726
18.0261
18.3009
18.1528
18.1274
18.1237
18.2457
17.183
17.1488
17.1324
17.182
18.103
18.0357
18.1643
18.0801
17.9559
18.0229
18.1992
18.4028
18.5005
18.4718
18.5805
18.1962
17.9337
18.207
18.3179
18.3873
18.2737
18.3261
18.3764
17.9918
18.1411
18.5314
17.9269
17.9258
18.3901
18.2239
18.0273
17.4975
17.8677
18.2149
17.9887
18.3387
18.3555
18.3589
18.3829
18.2663
18.1678
18.0453
17.7178
17.7642
18.0255
17.6331
17.5926
17.2476
17.2682
18.1538
18.2168
18.2919
18.2608
18.3522
18.6729
18.3172
18.0793
18.1459
17.9842
18.3053
18.1698
18.0447
18.2188
18.3459
18.1898
17.8916
18.2168
17.9367
17.8457
17.7384
17.6849
17.9707
18.0753
18.1759
18.1419
17.925
17.892
17.8583
17.5026
17.739
18.551
18.5825
18.0175
17.2372
16.9239
17.7145
18.4047
18.6055
18.2884
18.2057
18.4696
18.6794
18.9165
18.7626
18.6501
18.4679
18.5389
18.6107
18.2212
18.1028
18.2648
18.1113
18.0219
18.3596
18.3409
17.4842
17.5514
18.2643
18.3527
18.1426
17.9732
18.2404
18.2832
18.1576
18.4956
18.6494
18.3754
18.235
18.2229
18.1889
18.0804
17.8188
17.8077
18.264
18.2115
17.5745
17.8067
18.2116
18.0711
18.3008
18.6989
18.2804
18.0273
18.2387
18.4558
18.5197
18.35
18.6012
18.6534
17.9546
17.1104
17.3595
18.0128
17.9746
18.1054
17.9656
17.6424
18.0989
18.3142
18.1671
18.1551
18.1632
18.273
18.2612
18.0889
18.0742
18.1826
18.052
17.9218
18.2678
18.3675
18.0966
18.176
18.4435
18.4422
18.0729
17.9369
18.0527
18.1546
17.7715
17.9008
18.5125
18.2502
18.06
18.2727
18.1007
17.6417
17.6162
18.1087
18.4235
17.9564
17.6229
18.0403
18.0909
18.1269
17.9785
17.9931
18.2055
18.2613
18.4252
18.2922
17.559
17.3058
18.0023
18.5302
18.2404
17.9722
18.0706
17.5903
17.5533
17.9117
18.2299
18.1005
17.9507
18.2968
18.5106
18.1383
17.9279
18.0932
18.1099
17.9102
18.0062
18.1747
17.8156
17.0961
17.6997
18.7057
18.1217
17.9628
18.2642
18.2917
17.8142
17.783
18.3525
18.3781
17.9714
17.959
18.3432
17.8662
17.0448
17.375
18.2093
18.0683
17.8377
18.0968
18.3006
18.1571
17.964
18.2139
18.1394
17.9743
18.3293
18.4509
18.4487
18.4565
18.4749
18.5312
18.3854
18.2086
18.53
18.5484
17.9965
18.0791
18.5364
18.4011
17.8431
17.7827
18.2404
18.6346
17.9601
17.7124
18.1025
18.147
18.0369
17.9978
18.0955
17.8009
17.8409
18.1404
18.047
17.6477
17.798
17.8309
17.9572
17.0062
16.7137
18.2045
18.4976
18.2894
18.1579
18.3895
18.1528
18.1445
18.5384
18.5206
18.4698
18.2503
18.3107
18.4481
17.7999
17.9327
18.5782
18.2477
18.2428
18.353
18.0515
17.9837
17.8635
18.105
18.2583
17.8275
17.9207
18.0858
17.8377
18.0007
18.3432
18.103
18.126
18.0603
18.2772
18.5639
18.283
17.3992
17.7974
18.6851
18.1409
17.9435
17.2697
16.8271
16.5734
17.3387
18.332
18.1153
18.2488
18.2588
18.1716
18.0575
18.0598
18.4686
18.5668
17.9974
17.6092
17.8094
18.3389
18.2048
17.8932
17.871
18.1999
18.4116
18.2707
18.2565
18.1922
17.892
17.9301
18.0703
18.1345
17.4145
16.9686
17.4055
17.524
17.394
17.5368
18.0533
17.6339
17.2555
17.277
17.4404
17.8474
18.0235
18.1745
18.0065
17.4262
17.4049
17.0169
17.0272
17.9171
18.2219
18.3249
18.0698
18.2662
18.4616
18.2625
18.28
18.1595
17.9327
17.9138
18.0486
18.0887
18.211
18.3397
17.996
17.9192
18.1204
17.8643
17.9577
18.2261
18.2334
17.6672
17.3259
17.4642
17.4134
17.634
17.9284
17.8841
17.7953
18.0096
18.4961
18.7859
18.4103
18.239
18.4665
18.6398
18.6215
18.2482
18.2817
18.1979
18.4364
18.7726
18.8701
18.6522
18.2625
18.3732
18.6816
18.6748
18.5274
18.5811
18.1826
17.8371
17.9859
18.1541
17.9924
18.0704
18.6109
19.0692
18.8453
18.4578
18.499
18.8807
18.4939
18.1683
18.2512
18.1807
17.9966
17.7368
17.9622
17.9057
17.9603
18.3795
18.2864
18.1414
18.3214
18.747
18.8911
18.5865
18.33
18.2186
18.2166
18.1136
17.8067
17.5849
17.6353
17.2885
17.5217
18.2264
18.1658
18.0943
18.2983
18.7635
18.4604
18.1932
18.6256
18.8124
18.6145
18.4378
18.5931
18.6247
18.6085
18.338
18.2144
18.0861
18.149
18.4232
18.6423
18.5317
18.435
18.7756
18.8414
18.6239
18.4959
18.6759
18.4793
18.4631
18.6322
18.7375
18.8523
18.7688
18.6986
18.5365
18.4463
18.818
18.8076
18.708
18.4775
18.4713
18.7732
18.9303
18.4532
18.3952
18.7603
18.4437
18.2595
18.1345
17.7574
17.4511
17.7156
18.1643
18.3437
17.9027
17.6322
17.8721
18.3599
18.3827
18.0081
18.0655
18.2354
18.207
18.2979
18.2515
18.1297
18.5252
18.5749
18.4556
18.518
18.4216
18.1994
18.0673
17.9869
18.0136
18.2164
18.3993
18.198
18.2287
18.4826
18.4942
18.1594
18.1724
18.4463
18.1584
18.3279
18.5431
18.4781
18.0367
17.886
18.3122
18.4096
18.1805
18.2066
18.1795
17.9764
17.6728
17.7228
17.9835
17.8932
18.1158
18.1587
18.2897
18.3157
18.0497
18.1914
18.3003
18.0907
18.0216
18
17.8066
17.2234
17.2185
18.3226
18.8729
18.4957
18.2902
18.5474
18.8134
18.4429
18.1788
18.6078
18.3601
17.8605
18.1404
18.3857
18.2993
18.3584
18.0933
18.2153
18.2844
18.3024
18.3091
17.896
17.8565
18.3127
18.5458
18.38
18.1678
18.2879
18.5875
18.1894
17.9703
18.1472
18.3611
18.2027
18.033
18.1381
18.1826
18.074
17.9851
18.3056
18.3565
18.1136
18.1467
18.546
18.7002
18.4877
18.1868
17.8616
17.119
17.0203
17.6846
17.7514
17.7076
17.9622
18.0037
17.8275
18.1291
18.3705
18.1873
17.9543
17.9733
18.258
18.4373
18.5482
18.4313
18.3179
18.6381
18.4759
18.1585
18.5166
18.7399
18.4332
18.4732
18.2487
17.7768
17.4593
17.3268
17.4769
17.5973
17.9963
18.4028
17.9329
17.776
18.4266
18.6142
18.5274
17.3376
17.4045
18.5701
18.2859
18.1916
18.3766
18.463
18.272
18.1886
18.2193
18.1548
18.3739
18.6265
18.7128
18.6064
18.5089
18.6468
18.487
18.2655
18.1632
18.4099
18.6694
18.2447
18.0981
18.5096
18.7373
18.4001
18.2986
18.4098
18.5424
18.5563
18.3463
18.2257
18.2174
18.1661
18.4505
18.8685
18.931
18.831
18.7981
18.6026
18.5737
18.6855
18.6274
18.5938
18.37
18.3557
18.449
18.3873
18.115
18.1587
18.0141
17.8466
18.1584
18.3564
18.2292
17.938
18.1431
18.4145
18.4322
18.4875
17.9743
17.614
18.2901
18.3237
18.0553
18.3375
18.3624
18.2204
17.8079
17.9932
17.891
17.6532
18.0575
18.3123
18.2379
18.3944
18.7732
18.7422
18.1102
17.9054
18.6451
18.4456
18.0431
18.3306
18.7052
18.5958
18.4398
18.6932
18.9507
18.7441
18.5259
18.3803
18.5426
18.6081
18.2409
18.3479
18.4481
18.2934
18.4839
19.0065
19.1095
18.643
18.4659
18.6611
18.6874
18.209
18.1127
18.5537
18.3211
18.1416
18.6258
18.8816
18.8906
18.4529
18.2419
18.5129
18.5163
18.4208
18.5372
19.0063
18.4787
18.0209
17.8371
17.5414
17.0793
16.9909
17.5959
18.0242
18.1793
18.2498
18.2557
17.4514
17.3216
18.3793
18.8262
18.6232
18.3464
18.1414
18.0096
17.861
17.8253
17.9199
18.2186
18.5741
18.722
18.9141
18.9389
18.6974
18.722
18.791
18.6768
18.3264
18.3486
18.7487
18.4911
17.9255
17.9588
18.1853
17.4215
17.4357
17.8838
18.0157
18.465
18.0046
17.8776
18.3112
18.0933
18.3651
19.0083
18.8271
18.5654
18.3636
18.285
18.1064
18.2412
18.7016
18.8624
18.7241
18.5163
18.5848
18.7094
18.3581
18.541
18.9444
18.9915
18.5813
18.147
18.5427
18.685
18.5477
18.701
18.948
18.711
18.6319
18.6932
18.456
18.1927
18.275
18.4682
18.7709
18.4536
18.4497
18.9708
18.6912
17.7475
17.5903
18.5848
18.6021
18.2742
18.2819
18.2204
17.9897
17.8776
18.0639
18.1041
18.3565
17.8782
17.9738
18.0504
17.7343
18.2061
18.2939
17.9013
17.5809
18.0348
18.2485
18.0987
18.0739
18.5922
19.0583
18.6213
18.1934
18.3281
18.3256
18.0897
18.2548
18.355
18.4744
18.1156
18.0276
18.4242
18.6209
18.3795
18.1957
18.3495
18.6069
18.5836
18.203
18.2572
18.1817
18.0799
17.9779
18.2573
18.1524
17.8461
18.0141
18.3565
18.3959
17.6494
17.805
18.5574
18.0566
17.4412
17.6927
18.1363
18.0278
17.9586
18.3496
18.2081
18.3474
18.6081
18.1744
17.7223
17.6972
18.402
18.8726
18.8265
18.7417
18.9363
18.8836
18.4773
18.5111
18.5498
18.6124
18.6435
18.3901
18.4172
18.0457
18.0138
18.2457
18.3624
18.4507
18.5194
19.0096
18.5549
17.7735
18.1436
18.3597
17.1885
17.0717
17.681
17.9593
18.1703
18.4148
18.528
18.5932
18.6813
18.4783
18.6371
18.4306
17.9228
18.0287
18.1701
17.5111
17.8766
18.8464
18.7212
18.4099
18.3874
18.5651
18.697
18.4245
18.3962
18.8895
18.7765
18.4111
18.6876
18.8877
18.4157
18.0375
18.432
18.8813
18.7057
18.3741
18.6395
19.162
18.7023
18.5252
18.6421
18.4846
18.2502
18.1921
18.3889
18.542
18.5081
18.1338
18.3145
18.6124
18.4621
18.6567
18.7231
18.4342
18.0935
