9.66369e-312
inf
12.608
122.534
132.714
150.978
147.514
115.453
123.732
161.538
163.492
168.081
157.878
152.742
148.743
147.482
157.097
160.694
134.391
131.874
153.433
146.757
146.746
160.681
166.072
165.112
156.446
157.282
170.605
161.121
157.704
163.239
157.94
158.768
162.959
87.9391
84.6597
142.847
123.51
111.142
119.897
130.796
133.583
136.846
139.743
142.207
135.925
128.692
138.956
112.74
109.296
124.494
136.258
143.719
140.954
160.927
163.881
165.467
153.092
154.476
167.266
168.52
159.847
161.147
155.509
154.548
166.792
168.011
173.596
171.292
172.429
173.777
173.551
28.569
28.5408
175.917
173.671
171.689
172.117
170.765
172.31
165.755
166.127
162.193
159.388
164.731
164.163
166.931
165.017
169.506
169.578
169.808
179.051
171.189
168.535
165.892
167.673
179.372
170.59
167.813
167.266
165.071
162.009
155.751
165.207
170.532
154.559
148.445
162.588
169.621
166.182
172.28
172.682
170.039
161.97
160.167
167.434
167.168
169.477
170.59
172.325
170.721
168.52
171.453
167.322
160.372
157.617
161.005
164.46
166.445
169.65
155.267
150.784
155.448
153.445
153.834
159.91
164.772
165.44
172.028
162.193
154.859
159.35
163.908
159.248
160.681
167.983
165.577
158.466
148.821
156.826
168.379
171.218
175.193
167.07
157.878
155.364
158.341
161.708
156.372
153.882
151.837
153.669
161.551
155.267
154.883
157.667
140.184
144.949
161.773
160.565
157.978
159.77
162.827
157.356
164.704
166.792
164.002
159.579
159.464
170.59
166.182
159.172
162.377
153.929
153.175
166.113
167.098
168.464
168.549
164.325
163.119
162.456
166.597
169.334
167.308
162.813
149.432
155.775
149.454
147.145
157.716
154.273
161.852
159.859
157.567
157.629
162.628
161.407
161.251
169.047
164.177
164.935
158.983
161.303
164.15
158.341
166.265
167.029
154.667
154.369
166.57
166.708
159.172
162.787
168.62
166.722
164.298
164.582
154.811
155.135
153.104
146.327
158.453
156.998
159.223
156.814
151.872
156.079
161.93
164.758
166.403
170.416
165.03
165.166
166.279
168.648
172.147
172.518
171.512
169.722
170.692
164.042
160.475
156.752
154.631
167.729
170.082
171.145
163.439
160.051
172.073
168.209
167.462
167.743
152.812
155.111
167.112
124.719
119.553
154.083
161.095
159.071
156.519
163.252
160.488
158.453
160.72
161.173
164.555
165.139
163.026
158.328
163.988
168.705
166.168
168.407
161.852
161.812
159.236
156.605
164.623
166.459
169.319
167.07
167.043
170.488
158.529
154.25
154.44
152.172
155.207
156.14
160.141
169.176
169.996
165.631
159.502
159.464
168.933
167.21
164.623
164.948
166.5
168.464
165.426
165.303
163.787
159.936
159.642
161.956
166.778
165.508
167.001
171.013
163.639
156.974
164.082
168.053
164.204
159.719
151.584
161.07
163.199
155.376
152.683
159.949
167.378
160.205
168.962
172.444
166.445
170.692
162.946
159.401
166.486
165.33
164.325
163.479
165.262
167.434
165.961
156.863
156.433
166.196
172.399
170.648
163.626
165.631
165.879
158.793
152.894
162.311
158.894
151.286
167.997
158.667
153.233
154.607
156.924
161.59
163.988
171.821
164.217
165.934
170.707
170.372
166.931
161.616
162.84
166.334
170.984
169.463
160.707
165.194
168.976
170.605
167.098
165.7
173.807
174.307
173.085
166.583
164.69
160.733
157.505
159.974
151
154.202
150.625
148.666
156.642
161.329
169.062
167.94
170.343
163.479
165.604
169.09
169.147
167.785
164.029
169.434
166.611
151.332
147.798
165.385
172.577
171.497
176.351
171.792
166.833
164.082
165.522
172.652
171.321
167.743
168.294
167.954
168.364
157.295
161.734
171.659
150.466
151.023
172.414
164.204
159.693
170.401
167.266
170.054
168.379
165.481
167.954
165.289
169.19
168.819
170.198
167.224
164.948
172.697
160.411
159.223
171.659
172.265
168.705
164.826
169.105
164.082
157.22
160
169.592
177.888
169.621
161.031
163.747
157.394
155.739
170.097
162.009
158.428
174.596
172.429
168.719
166.058
166.154
169.549
167.168
167.983
164.177
166.03
174.642
172.369
165.412
161.917
167.856
170.765
160.914
162.747
165.755
165.166
169.909
172.34
166.75
162.986
166.293
164.109
158.919
159.974
164.082
151.492
152.929
173.115
171.336
166.945
148.821
151.217
166.486
164.677
169.391
164.082
167.378
167.56
165.303
165.044
160.539
165.728
164.853
163.132
165.782
167.546
175.408
173.115
166.141
165.003
164.244
163.159
169.52
176.227
167.687
166.058
161.121
162.443
171.984
154.787
150.75
154.955
159.122
163.039
166.072
167.182
164.379
166.987
161.681
166.722
168.677
167.997
168.705
167.182
167.322
161.642
166.597
165.92
165.494
175.055
171.028
174.459
170.169
167.771
157.555
157.233
172.444
164.096
165.098
158.894
152.555
154.811
153.516
162.827
166.889
163.921
161.983
163.961
170.823
173.4
177.715
171.807
155.921
152.614
163.867
162.311
161.29
170.503
173.16
169.996
162.272
164.244
177.415
172.667
169.52
167.043
163.84
164.717
163.559
170.823
161.668
159.744
164.514
160.154
163.212
156.826
158.755
167.827
169.133
164.853
157.542
162.18
171.116
171.394
164.096
168.322
169.391
168.194
161.486
159.299
171.556
174.246
176.398
174.718
173.777
176.32
170.809
170.097
169.779
167.968
170.488
164.84
165.194
167.392
169.42
173.235
162.787
150.015
154.811
163.132
157.06
163.72
171.365
168.876
169.377
167.771
171.013
173.145
173.747
174.398
169.262
168.976
169.765
166.306
167.448
153.175
152.277
160.436
162.232
165.03
167.154
172.966
169.305
170.561
169.794
166.875
163.854
169.334
176.336
172.965
173.235
154.226
154.883
159.109
159.464
176.929
174.262
174.08
174.231
175.208
176.414
166.528
167.406
169.033
166.778
169.967
166.931
165.975
160.759
161.512
166.681
157.307
160.218
169.549
172.073
168.876
164.474
168.691
170.547
170.809
165.851
165.412
168.421
172.176
176.6
172.756
170.14
153.965
156.201
165.7
159.795
166.514
166.722
167.098
161.721
164.015
168.322
169.434
172.28
165.865
166.113
162.681
162.721
168.919
171.38
169.952
163.975
160.282
155.424
163.252
162.84
156.629
167.015
164.393
165.851
168.919
164.976
169.348
172.458
173.506
159.795
157.208
169.119
158.115
153.811
153.41
159.426
171.644
172.458
168.819
166.072
169.434
165.769
161.342
163.305
169.837
172.936
170.736
170.94
167.729
170.43
162.324
163.465
181.028
159.502
159.122
176.694
173.641
160.385
159.324
173.611
171.292
170.707
173.01
154.991
156.189
164.962
158.115
158.642
160.798
166.708
173.43
170.372
162.048
166.403
169.477
166.722
168.18
164.894
158.078
160.346
170.285
165.166
166.21
178.54
178.317
173.913
168.848
168.124
167.926
162.496
165.262
170.911
168.18
164.88
168.734
171.6
167.42
158.29
155.788
168.677
163.854
162.404
174.917
166.722
165.303
165.837
164.948
161.747
158.366
168.364
168.152
166.847
171.204
174.825
177.132
168.962
168.89
171.043
162.232
164.271
168.677
170.59
170.707
171.689
176.569
175.392
161.904
151.206
162.219
172.861
174.353
166.044
163.145
170.503
155.581
154.907
162.193
165.003
169.563
164.908
167.771
168.223
166.931
160.475
163.106
177.069
171.072
167.434
167.029
165.645
168.691
168.705
173.085
169.448
168.962
171.409
170.911
172.28
166.113
165.631
165.017
166.542
163.225
156.067
157.332
154.345
159.312
159.401
162.443
163.693
159.248
170.721
168.791
168.506
171.028
173.31
177.431
173.974
169.895
164.921
160.591
161.695
171.16
174.703
170.867
173.476
169.434
167.196
168.691
164.731
170.561
173.989
172.846
169.448
164.799
166.32
169.578
173.641
158.718
156.556
171.792
169.334
158.328
155.352
167.827
166.486
166.044
177.117
173.732
173.883
168.081
162.734
168.435
164.894
165.879
172.25
174.277
172.816
165.017
165.961
164.853
164.65
165.303
168.322
179.244
171.336
167.168
163.867
160.772
167.701
169.707
173.115
172.31
170.227
158.541
148.931
157.667
164.042
164.962
168.053
171.321
171.218
173.702
176.072
171.057
167.912
165.769
166.127
167.336
169.909
172.756
166.099
165.194
157.085
159.974
174.231
172.117
171.35
170.547
171.644
165.194
163.975
170.474
167.043
167.701
173.235
178.285
179.437
174.353
156.348
154.44
173.762
155.654
155.195
180.815
169.65
165.426
168.265
168.947
175.177
168.067
170.256
171.615
170.256
174.81
166.556
166.973
166.875
166.085
172.161
169.678
170.648
168.025
161.173
160.064
167.294
176.538
176.398
178.731
171.321
170.459
175.439
171.866
160.154
157.257
170.01
166.987
162.615
161.225
156.25
164.528
170.547
170.155
172.013
170.43
175.423
172.488
172.876
174.703
171.689
176.351
170.765
164.758
167.645
164.609
167.266
167.434
160.746
160.102
167.378
175.701
173.25
173.943
171.13
168.876
172.325
172.384
174.292
169.607
150.978
146.886
163.948
172.965
154.321
145.613
157.282
168.506
165.098
164.772
166.681
169.262
169.291
165.645
173.717
158.945
155.897
165.961
169.722
176.227
167.336
167.462
165.865
160.295
157.928
162.92
176.569
171.689
165.989
166.21
168.648
176.882
169.176
164.163
170.736
160.398
159.134
169.205
159.566
156.531
168.62
171.028
169.305
154.214
156.519
176.305
170.823
165.631
163.479
169.033
177.368
174.216
174.095
174.125
175.932
173.34
168.251
171.821
147.667
135.676
146.402
146.124
151.78
161.186
165.837
170.184
170.634
171.16
163.814
152.3
151.4
156.152
167.997
180.979
167.448
168.35
168.563
165.194
161.044
159.872
173.596
173.898
175.331
170.692
167.518
175.762
170.809
171.689
173.611
171.394
171.718
164.204
166.792
169.262
166.32
167.364
170.823
170.576
170.503
174.49
174.612
175.285
174.246
166.639
169.005
155.099
156.826
180.359
158.781
155.86
164.772
165.221
168.166
166.058
170.823
156.006
155.183
170.561
172.921
172.473
163.519
162.628
162.668
158.378
164.029
172.458
168.421
169.348
173.25
170.358
172.622
172.726
173.913
163.385
159.668
172.236
170.634
170.416
161.655
156.25
170.329
156.421
154.297
171.292
173.913
175.5
163.252
163.026
172.518
173.958
172.816
172.607
169.305
164.109
172.563
168.279
159.744
166.362
169.005
171.101
162.92
161.421
170.926
172.236
172.518
168.421
167.21
167.266
168.18
171.999
172.741
173.13
164.514
154.679
162.324
170.532
160.604
161.642
175.147
169.19
163.012
169.019
169.133
165.618
162.668
164.474
165.961
169.75
164.217
156.912
167.659
171.807
169.233
169.448
164.704
164.379
165.207
170.692
171.497
169.09
172.607
168.805
162.787
161.251
166.389
166.583
169.405
161.59
154.823
166.57
164.894
155.788
156.055
163.079
170.648
161.695
159.898
165.44
163.546
165.961
175.101
179.003
164.88
158.378
166.722
169.607
173.22
174.551
172.176
171.262
168.35
171.38
173.581
170.488
168.35
167.602
166.681
170.198
170.707
167.616
166.016
166.348
169.162
149.187
152.091
178.875
153.268
152.742
163.465
162.562
162.668
159.668
173.25
169.535
166.833
169.592
164.582
165.851
168.308
167.28
163.867
160.102
164.609
173.536
172.058
167.912
168.748
169.305
171.733
174.993
171.453
167.154
166.389
166.016
168.905
173.025
176.523
164.745
161.199
149.298
151.538
167.154
164.217
170.984
169.477
169.033
166.597
167.406
167.87
160.604
164.447
166.251
167.785
171.512
173.913
175.454
167.21
162.721
164.029
170.896
176.538
166.653
166.973
173.702
172.102
166.806
162.18
167.87
167.518
170.75
167.659
163.039
174.474
158.806
155.86
165.549
152.3
155.027
171.365
179.083
166.334
159.693
165.577
167.392
168.251
169.233
171.336
172.831
168.905
165.879
174.019
173.853
169.033
169.348
155.159
155.039
168.039
175.747
182.648
178.907
172.458
168.634
170.692
170.867
160.914
155.666
160.746
155.267
148.038
162.206
167.631
162.747
158.692
156.728
167.098
166.945
166.072
173.989
170.59
166.348
166.597
166.127
168.18
169.105
172.369
163.639
162.153
165.358
164.813
168.719
169.664
159.719
156.74
160.901
156.593
155.099
155.788
162.628
161.07
160.875
172.951
162.338
157.716
167.448
169.592
173.4
168.294
166.917
159.49
158.818
169.65
173.777
176.694
173.656
171.438
171.145
164.568
164.948
170.547
173.295
176.929
178.699
179.711
171.086
169.147
172.518
159.172
160.359
170.518
170.678
168.011
164.298
156.226
157.431
160.013
159.299
174.004
168.663
162.509
166.016
170.227
169.319
161.173
161.97
165.221
165.03
165.481
172.577
177.778
170.213
167.588
167.659
168.506
165.934
159.401
166.861
170.401
166.32
164.258
164.285
172.325
165.782
165.248
169.377
170.387
176.305
160.901
160.077
158.541
152.882
156.335
157.604
168.124
170.025
166.417
164.109
163.052
164.663
167.238
173.521
174.902
164.339
162.245
170.736
174.353
174.657
172.607
164.029
157.011
159.502
168.62
171.306
163.172
165.563
167.364
169.133
171.16
173.04
179.115
166.237
163.546
170.329
160.282
154.548
148.943
155.039
166.445
161.329
161.134
160.681
161.186
165.344
168.791
167.224
167.616
167.196
170.605
167.799
165.81
172.117
170.736
172.637
171.939
175.392
177.999
170.025
164.204
163.319
170.75
173.4
170.678
171.38
168.734
168.99
170.532
165.686
154.667
153.21
162.588
154.739
159.732
173.1
162.483
161.642
167.098
174.201
175.67
173.355
177.289
174.795
173.747
168.805
169.765
176.041
157.171
158.065
164.177
161.316
166.389
164.582
170.358
169.334
163.452
166.403
172.087
177.604
168.067
161.878
166.833
158.441
154.119
166.667
158.667
158.028
176.196
171.145
166.556
162.655
167.196
178.508
177.399
173.145
163.292
166.306
175.162
171.895
171.925
169.005
166.306
163.787
158.14
163.867
166.556
160.992
165.7
173.265
175.762
174.627
169.176
164.393
170.343
170.576
170.445
169.924
158.015
164.908
164.772
163.119
177.085
154.107
153.315
168.52
168.805
171.939
169.765
175.948
171.733
167.912
168.705
167.294
169.047
164.096
168.762
168.719
160.81
165.824
168.492
164.285
164.298
171.925
171.321
168.464
173.671
167.856
164.636
169.09
168.081
165.728
166.528
165.851
160.398
167.28
174.216
170.503
164.962
166.542
177.101
175.809
168.138
163.72
167.884
173.25
171.999
172.013
169.549
168.18
171.468
172.161
168.776
166.044
164.948
162.417
168.336
179.003
174.703
168.237
160.759
164.88
178.079
175.485
169.996
168.748
170.271
172.98
158.316
155.267
167.532
163.319
162.272
173.085
175.809
167.856
172.221
163.132
157.245
165.906
169.133
174.535
167.001
166.168
169.736
171.807
169.895
164.799
169.837
165.139
167.015
178.428
174.246
171.013
162.206
157.295
165.221
171.88
172.622
168.492
171.438
174.672
174.246
174.505
157.803
155.364
155.606
151.149
151.412
152.823
151.4
157.183
175.562
170.169
166.667
163.385
165.017
169.967
173.025
173.19
163.881
166.251
166.472
166.265
171.497
164.379
166.32
170.488
172.028
175.377
175.239
170.896
159.312
161.786
168.478
170.853
174.474
168.549
163.279
155.812
159.898
159.033
159.388
175.485
166.889
162.338
166.182
168.762
171.703
163.988
167.294
176.788
173.415
171.615
166.694
163.119
160.385
163.599
172.622
169.607
167.28
172.25
172.458
167.813
164.029
164.352
169.563
173.717
158.995
157.307
172.206
176.944
165.125
153.233
166.486
160.077
159.962
174.064
169.019
163.572
162.721
173.792
172.563
171.072
168.407
169.823
166.75
160.205
169.248
169.635
169.535
168.976
166.472
169.635
173.491
176.227
175.577
173.702
175.346
175.085
175.009
170.547
171.512
175.793
153.988
154.333
171.527
173.43
172.265
155.461
159.046
171.91
160.772
162.615
173.807
173.822
165.276
163.76
168.648
167.154
166.959
170.692
176.788
158.856
154.595
168.294
168.848
167.168
167.574
170.343
169.019
173.235
175.039
170.794
170.474
169.678
168.648
167.983
168.734
169.736
163.867
162.364
166.196
161.005
158.453
168.322
166.003
161.329
167.997
164.109
166.251
171.057
171.984
177.305
165.385
164.772
170.518
172.013
175.716
160.346
161.251
172.861
171.277
170.969
172.921
163.425
155.594
165.741
171.556
172.697
177.164
175.131
175.747
176.258
175.685
175.902
168.99
158.366
153.374
165.18
174.459
155.436
156.152
170.039
171.895
167.827
166.472
178.667
168.039
164.65
172.995
173.31
178.444
169.578
167.785
169.895
155.703
156.531
162.509
163.425
165.892
168.549
171.16
170.911
172.548
172.622
169.262
167.266
169.693
166.141
167.126
175.085
171.321
161.447
153.198
162.324
168.791
166.514
172.712
167.729
165.18
155.545
157.617
171.482
175.855
175.84
167.757
167.266
166.196
167.378
171.748
169.062
172.399
160.539
158.692
173.868
175.654
170.227
150.353
153.645
170.736
171.145
173.295
169.808
162.827
158.755
163.079
167.294
153.116
152.439
146.585
140.223
155.159
164.42
162.338
164.258
166.431
163.092
167.673
171.204
174.703
169.823
165.453
168.876
169.377
170.853
168.791
170.025
168.152
