7.22088e-312
inf
12.8212
292.312
497.389
1763.67
2209.94
2836.88
3184.71
3490.4
3597.12
3952.57
4424.78
4434.59
4640.37
4310.34
4444.44
5347.59
5524.86
5698.01
5763.69
5763.69
4504.5
4032.26
3984.06
4024.14
4048.58
3636.36
3795.07
4201.68
4081.63
3816.79
3407.16
3252.03
3533.57
3533.57
3496.5
3546.1
3407.15
3629.76
4319.65
4672.9
5025.13
5479.45
5813.95
4444.44
3752.35
4357.3
4219.41
4081.63
4201.68
4329
4089.98
3824.09
4219.41
4618.94
5263.16
5319.15
5012.53
5434.78
3044.14
510.334
525.486
3125
3642.99
4000
4158
4514.67
5167.96
5141.39
5154.64
4842.61
5494.51
6349.21
6230.53
5633.8
5681.82
5730.66
5780.35
6410.26
6269.59
6309.15
6779.66
6944.44
6872.85
5037.78
3929.27
4273.5
5420.05
6410.26
6688.96
6802.72
6644.52
6666.67
6944.44
6644.52
6535.95
6872.85
5571.03
2427.18
2166.85
2890.17
2624.67
3333.33
5221.93
5970.15
6024.1
6369.43
6779.66
6849.31
4975.12
4098.36
4545.45
4291.85
588.062
529.381
2265.01
4608.3
5714.29
6191.95
6389.78
6557.38
6535.95
6289.31
6230.53
6369.43
6493.51
6578.95
6644.52
6600.66
5235.6
4819.28
5617.98
4962.78
3937.01
4237.29
4545.45
1809.95
1670.84
3115.26
3194.89
3937.01
5714.29
4672.9
3752.35
3597.12
2649.01
2333.72
2881.84
3236.25
567.376
540.541
2421.31
3344.48
4587.16
4819.28
3179.65
2710.03
2869.44
2531.65
1366.12
1355.93
2724.8
4073.32
4424.78
3875.97
3853.56
4329
4166.67
4065.04
4651.16
5361.93
5464.48
4504.5
4651.16
5899.71
786.473
719.424
2820.87
3717.47
3724.39
4073.32
3430.53
3120.12
3875.97
3831.42
4228.33
4123.71
4338.39
4629.63
4089.98
3025.72
2762.43
3134.8
3231.02
3921.57
4914
3846.15
3913.89
4056.79
3460.21
2195.39
1353.18
1545.59
1423.49
1506.02
2980.63
3407.16
3546.1
3787.88
3546.1
3642.99
3898.64
2389.49
2178.65
2732.24
3072.2
3184.71
2134.47
2129.93
2890.17
2028.4
2103.05
4123.71
4987.53
5050.51
5882.35
4555.81
3906.25
4073.32
1111.11
806.452
1725.63
4415.01
2861.23
2919.71
4597.7
4415.01
2758.62
1509.43
1564.95
2789.4
3062.79
3384.09
4347.83
3460.21
3738.32
5291.01
6042.3
6349.21
6451.61
6514.66
4524.89
3401.36
3642.99
4219.41
4405.29
4784.69
5698.01
4739.34
4535.15
5249.34
5524.86
6250
5813.95
5797.1
6430.87
3937.01
3284.07
4366.81
4640.37
4866.18
5586.59
5730.66
5000
4807.69
3944.77
3952.57
4739.34
452.182
438.212
3257.33
4366.81
5012.53
4987.53
4291.85
4228.33
3327.79
2538.07
3184.71
4705.88
4210.53
4319.65
4140.79
3418.8
3284.07
3120.12
3690.04
4926.11
5249.34
5434.78
5494.51
5555.56
5319.15
5347.59
5494.51
5555.56
5617.98
5319.15
4807.69
4807.69
5449.59
5952.38
5952.38
5899.7
6134.97
5420.05
5115.09
5555.56
5665.72
5813.95
5988.02
6042.3
6153.85
6191.95
5479.45
5291.01
5633.8
4524.89
2919.71
1430.62
937.207
1418.44
3883.5
3257.33
2447.98
1331.56
1308.9
588.582
566.893
1689.19
1740.64
1839.93
2721.09
4901.96
5847.95
4282.66
3838.77
4987.53
5934.72
6410.26
5376.34
5141.39
5221.93
4338.39
4040.4
3189.79
3053.44
2980.63
972.763
1035.73
4464.29
5952.38
6153.85
6230.53
6230.53
5167.96
4024.14
4219.41
5194.81
5376.34
5037.78
4889.98
4415.01
4201.68
3795.07
840.689
863.558
3992.02
3584.23
1544.4
1387.93
2728.51
4008.02
4210.53
3184.71
3215.43
3717.47
2808.99
2515.72
2288.33
1974.33
2538.07
3773.58
3838.77
4089.98
2773.93
788.022
835.073
3174.6
4444.44
4132.23
3502.63
4024.14
4192.87
3891.05
1734.61
1218.77
1168.22
1420.45
2710.03
3710.57
4040.4
4424.78
1970.44
730.46
846.024
115.721
111.216
1192.61
1960.78
975.61
990.589
2538.07
3016.59
3030.3
2923.98
1238.39
1281.23
4255.32
6006.01
6535.95
6622.52
6535.95
6230.53
6250
6493.51
6430.87
4962.78
4395.6
4938.27
5194.8
5390.84
5509.64
4464.29
4273.5
5347.59
5917.16
6172.84
6289.31
5390.84
2932.55
3100.78
6006.01
6410.26
6493.51
6535.95
6535.95
6535.95
6557.38
6514.66
6451.61
6535.95
6622.52
6666.67
6557.38
6369.43
6349.21
6289.31
6211.18
6269.59
6289.31
5263.16
4032.26
4395.6
5524.86
5747.13
5420.05
4494.38
4597.7
5291.01
5449.59
5540.17
5602.24
6006.01
6514.66
6557.38
6514.66
6514.66
6472.49
6451.61
6451.61
6369.43
6329.11
6389.78
6514.66
6369.43
6369.43
6557.38
6578.95
6557.38
6535.95
6042.3
5934.72
6329.11
6389.78
6410.26
6451.61
6451.61
6493.51
6557.38
6535.95
6557.38
6557.38
6514.66
6309.15
5194.8
5012.53
5970.15
6451.61
6535.95
6329.11
6250
6230.53
6153.85
6134.97
6250
6211.18
6134.97
6451.61
6711.41
6734.01
6734.01
6666.67
6451.61
6430.87
6535.95
6451.61
6451.61
6430.87
6172.84
6097.56
6269.59
6309.15
6309.15
6269.59
6116.21
6211.18
6389.78
6329.11
6191.95
6153.85
6211.18
6389.78
6644.52
6756.76
6535.95
6389.78
6410.26
6309.15
5494.51
5263.16
5698.01
5797.1
5882.35
5830.9
5681.82
5617.98
5617.98
5714.29
5347.59
4484.3
4301.08
4434.59
4819.28
5063.29
5141.39
5882.35
6024.1
5970.15
6329.11
6493.51
6535.95
6644.52
6557.38
6451.61
6329.11
6191.95
6172.84
6309.15
6309.15
6269.59
6289.31
6079.03
5988.02
6097.56
6250
6410.26
6535.95
6535.95
6230.53
5970.15
6116.21
6230.53
6172.84
6116.21
6116.21
6309.15
6451.61
6309.15
6269.59
6430.87
6430.87
6389.78
6410.26
6250
5952.38
4878.05
4694.84
5540.17
5797.1
5763.69
5464.48
4524.89
4395.6
5012.53
5128.21
5167.96
1146.13
1081.08
3030.3
3300.33
4132.23
4056.79
3809.52
4032.26
4089.98
3861
4089.98
4175.37
4273.5
4494.38
4535.15
4115.23
4024.14
4255.32
4889.98
5934.72
6116.21
6250
6309.15
6389.78
6430.87
6369.43
6410.26
6535.95
6622.52
5665.72
5291.01
5681.82
5714.29
5420.05
5464.48
6006.01
6289.31
6349.21
6349.21
6472.49
6329.11
6134.97
6172.84
6211.18
5899.7
5865.1
6191.95
6191.95
6079.03
6134.97
5917.16
5899.7
6309.15
6289.31
6191.95
6250
6230.53
6289.31
6289.31
6172.84
6191.95
6289.31
6230.53
6153.85
6211.18
6153.85
6134.97
6211.18
5970.15
5934.72
6191.95
6153.85
6191.95
5665.72
5361.93
5865.1
6329.11
6349.21
6289.31
6389.78
6369.43
6430.87
4975.12
4273.5
3816.79
3603.6
3913.89
3766.48
4008.02
4149.38
3816.79
3960.4
4140.79
4040.4
4192.87
4175.37
4264.39
4535.15
5063.29
5865.1
1426.53
1355.01
4662
5347.59
5449.59
5141.39
4784.69
5025.13
5617.98
5952.38
5249.34
4987.53
5037.78
5235.6
5970.15
6153.85
6230.53
6269.59
6230.53
6309.15
6451.61
6472.49
6451.61
6493.51
6389.78
5865.1
5747.13
6116.21
6172.84
6172.84
6134.97
5813.95
5847.95
5730.66
5390.84
5681.82
6153.85
6289.31
5865.1
5698.01
4376.37
3610.11
4184.1
4987.53
4842.61
4889.98
5617.98
5952.38
6172.84
6006.01
5780.35
5988.02
4545.45
4024.14
4524.89
3960.4
3669.73
4140.79
4024.14
4040.4
4123.71
4098.36
4576.66
4608.3
4683.84
5089.06
5449.59
5449.59
5555.56
5633.8
5509.64
5494.51
5555.56
5494.51
5405.41
5434.78
5494.51
5540.17
5571.03
5571.03
5602.24
5586.59
5649.72
5617.98
5405.41
5361.93
5405.41
5434.78
5524.86
5665.72
5479.45
4796.16
4597.7
5128.21
5649.72
5882.35
6042.3
6097.56
6134.97
6191.95
3159.56
2192.98
2923.98
3875.97
3913.89
3236.25
2732.24
3424.66
4201.68
4264.39
3316.75
3110.42
4273.5
5249.34
4950.5
4273.5
3231.02
2869.44
3412.97
3868.47
4098.36
4106.78
4106.78
3690.04
3724.39
4166.67
4219.41
4282.66
4405.29
5319.15
6134.97
6134.97
6250
5780.35
5524.86
5763.69
4716.98
4415.01
5037.78
4728.13
4914
5617.98
5633.8
5665.72
4597.7
4301.08
4773.27
5089.06
5763.69
5970.15
6024.1
5917.16
6006.01
6329.11
6389.78
5830.9
5479.45
5571.03
5865.1
6269.59
5813.95
5602.24
5681.82
5882.35
6349.21
6289.31
6230.53
6349.21
6410.26
5420.05
5012.53
5464.48
5698.01
5882.35
5347.59
4950.5
5464.48
5934.72
5602.24
5649.72
5882.35
5698.01
5208.33
5291.01
5617.98
5730.66
5586.59
5602.24
5882.35
5797.1
6042.3
4830.92
4237.29
4545.45
4310.34
4184.1
4395.6
4576.66
4555.81
4405.29
817.996
571.429
1202.65
2590.67
1828.15
1584.79
2312.14
3267.97
3616.64
4149.38
4192.87
3514.94
3384.09
3048.78
2103.05
1912.05
1960.78
1387.93
1470.59
2442
2886
2836.88
883.392
895.255
2762.43
2531.65
2583.98
1994.02
1662.51
1648.8
1730.1
2234.64
2262.44
2645.5
4228.33
4975.12
5115.09
5221.93
5235.6
5249.34
5361.93
5449.59
5376.34
5208.33
5141.39
5154.64
5249.34
5376.34
5390.84
5494.51
5649.72
5665.72
5665.72
5665.72
5633.8
5571.03
5494.51
5449.59
5464.48
5464.48
5494.51
5524.86
5479.45
5464.48
5464.48
5390.84
5434.78
5555.56
4739.34
4555.81
4807.69
4878.05
5464.48
5347.59
4962.78
4184.1
3883.5
4255.32
4464.29
4555.81
4597.7
4273.5
3780.72
3846.15
4089.98
4761.9
5865.1
6134.97
6289.31
6289.31
6042.3
4158
3816.79
4987.53
5540.17
5830.9
5899.7
5899.7
6079.03
6153.85
2567.39
2361.27
3590.66
3472.22
4424.78
5277.05
5681.82
5763.69
5934.72
6116.21
6042.3
5952.38
6042.3
6079.03
6042.3
6191.95
6230.53
6329.11
6578.95
6493.51
6430.87
6472.49
5420.05
5076.14
5714.29
5988.02
6134.97
6191.95
6024.1
4901.96
4310.34
4773.27
5208.33
4819.28
4854.37
5509.64
5865.1
6042.3
4524.89
3802.28
4065.04
4246.28
4123.71
4040.4
4494.38
4098.36
2915.45
3194.89
3311.26
2816.9
2932.55
2989.54
2801.12
2280.5
2881.84
5141.39
5571.03
5649.72
5649.72
5714.29
5847.95
5952.38
6514.66
6666.67
5571.03
5263.16
6060.61
6211.18
6097.56
6134.97
6211.18
6329.11
6134.97
5128.21
4597.7
4854.37
5050.51
5089.06
5154.64
5208.33
5305.04
5263.16
5089.06
4950.5
4901.96
5037.78
5376.34
5509.64
4796.16
4464.29
4938.27
5434.78
4705.88
4301.08
4444.44
4464.29
4819.28
5115.09
5319.15
5464.48
1126.13
1097.69
4366.81
2865.33
810.373
686.106
1598.72
3100.78
2808.99
3086.42
4123.71
3656.31
3921.57
4672.9
4889.98
5571.03
5730.66
5698.01
5847.95
6097.56
6116.21
5917.16
5934.72
6172.84
6230.53
6116.21
6172.84
6349.21
6230.53
6230.53
6389.78
6329.11
6309.15
5390.84
4576.66
4926.11
5602.24
5747.13
5434.78
5405.41
5763.69
5633.8
5681.82
5305.04
5050.51
5602.24
5333.33
5115.09
4728.13
4424.78
4784.69
4938.27
4938.27
5076.14
4866.18
4975.12
5305.04
4629.63
4192.87
4415.01
5050.51
4545.45
3597.12
2844.95
2945.51
2840.91
3025.72
4246.28
3267.97
3367
4424.78
4464.29
5154.64
6006.01
6172.84
6079.03
6042.3
5128.21
4597.7
5181.35
5714.29
5221.93
4819.28
5305.04
5952.38
6006.01
6006.01
5714.29
5602.24
5934.72
5347.59
4987.53
5405.41
5555.56
5494.51
5899.71
6369.43
6230.53
5813.95
5167.96
3241.49
3361.34
5665.72
3816.79
3696.86
4338.39
3215.43
2512.56
2570.69
3868.47
5540.17
5128.21
4357.3
4494.38
5319.15
5780.35
4444.44
4081.63
5012.53
4106.78
3683.24
4566.21
4504.5
3780.72
3703.7
4545.45
3327.79
3067.48
4228.33
3174.6
3305.79
4357.3
3521.13
3110.42
3436.43
4237.29
3508.77
3745.32
5917.16
6153.85
6349.21
6514.66
6472.49
6250
5141.39
4854.37
5376.34
5464.48
5586.59
5681.82
5730.66
5249.34
5249.34
5347.59
5361.93
5952.38
6250
6451.61
6557.38
5571.03
5076.14
5449.59
5763.69
6153.85
6211.18
6230.53
6389.78
6349.21
6250
6269.59
5934.72
5063.29
5012.53
4819.28
4132.23
4140.79
4228.33
3992.02
3745.32
3898.64
4255.32
3430.53
2928.26
2808.99
3384.09
4608.3
3514.94
3683.24
4807.69
4683.84
488.998
474.608
3590.66
3731.34
3350.08
3868.47
3795.07
1484.78
1414.43
3412.97
1980.2
1763.67
3021.15
3179.65
3236.25
3430.53
4210.53
5479.45
6024.1
5263.16
4434.59
4395.6
4291.85
4739.34
5235.6
5012.53
5249.34
4889.98
4454.34
4048.58
4140.79
4175.37
2320.19
2249.72
3539.82
3913.89
3322.26
890.869
874.126
2695.42
3384.09
3992.02
3861
4228.33
5249.34
5813.95
5586.59
5449.59
6060.61
4750.59
4484.3
5076.14
4878.05
5524.86
6309.15
6472.49
6557.38
4950.5
4237.29
3809.52
3984.06
5221.93
5847.95
5181.35
4158
3868.47
4535.15
5167.96
4807.69
4878.05
4694.84
4444.44
4683.84
5263.16
5698.01
5934.72
5524.86
5063.29
5089.06
5555.56
6060.61
6134.97
6060.61
6134.97
6079.03
6211.18
5102.04
4819.28
5917.16
6309.15
6389.78
6369.43
6493.51
6535.95
6493.51
6600.66
6557.38
6535.95
6644.52
5899.71
4950.5
5089.06
4415.01
3745.32
4357.3
5194.81
5347.59
5434.78
5494.51
4395.6
706.464
714.796
4629.63
5128.21
4683.84
4597.7
5089.06
4705.88
4376.37
4901.96
5617.98
5917.16
6042.3
6042.3
6024.1
6230.53
6410.26
6472.49
6535.95
5649.72
5154.64
5141.39
5235.6
5763.69
6079.03
6250
6097.56
5249.34
5249.34
5291
5181.35
5934.72
5730.66
4608.3
4366.81
4597.7
4784.69
4926.11
4878.05
5050.51
4842.61
4415.01
4796.16
5333.33
5208.33
5076.14
5347.59
4796.16
4640.37
5319.15
4106.78
2777.78
3025.72
4255.32
4246.28
2785.52
2853.07
4338.39
3738.32
3773.59
4310.34
4504.5
5181.35
6079.03
6410.26
6451.61
6230.53
5076.14
4807.69
5434.78
5555.56
5050.51
5115.09
5405.41
4914
4366.81
4662
5698.01
5952.38
6191.95
5494.51
4975.12
5633.8
6369.43
5747.13
5714.29
5988.02
5012.53
5025.13
5882.35
6289.31
5899.7
4597.7
4524.89
5291.01
5464.48
5390.84
4629.63
4566.21
4750.59
4938.27
5376.34
5221.93
5115.09
5128.21
4773.27
4739.34
5235.6
5221.93
5221.93
5221.93
5154.64
5208.33
4629.63
4739.34
4683.84
4424.78
5089.06
5181.35
4454.34
4175.37
3472.22
3484.32
4319.65
3875.97
3616.64
3891.05
4201.68
4040.4
3913.89
4123.71
4210.53
3929.27
4504.5
5970.15
6309.15
5882.35
5464.48
5464.48
5494.51
5524.86
5555.56
4629.63
4750.59
4866.18
4694.84
4739.34
4889.98
5649.72
5305.04
4494.38
4662
5449.59
5263.16
4555.81
4210.53
4938.27
5390.84
5235.6
5681.82
5847.95
5376.34
5263.16
4555.81
4640.37
5494.51
5405.41
4484.3
4629.63
4807.69
4750.59
5000
4376.37
4784.69
5420.05
5571.03
4739.34
4228.33
4926.11
4773.27
4773.27
5361.93
4938.27
5012.53
4672.9
4228.33
4878.05
1879.7
1743.68
3976.14
4264.39
4434.59
4291.85
4310.34
4535.15
3929.27
3773.59
4319.65
4524.89
4761.9
3267.97
3333.33
5665.72
5934.72
5167.96
4914
4705.88
4926.11
5617.98
5208.33
4273.5
4587.16
5571.03
5333.33
4672.9
4184.1
4807.69
5479.45
5602.24
5540.17
5076.14
4987.53
5390.84
5361.93
4395.6
4210.53
4975.12
4640.37
4819.28
5494.51
5154.64
5141.39
5249.34
5319.15
5291.01
5050.51
4640.37
4796.16
4484.31
4514.67
5249.34
4454.34
4545.45
5524.86
5305.04
5291.01
5333.33
5063.29
5221.93
4672.9
4415.01
4040.4
3960.4
3490.4
3267.97
4032.26
3311.26
3454.23
4444.44
4385.97
4555.81
3149.61
3129.89
4424.78
4024.14
4424.78
5405.41
5555.56
5665.72
5649.72
5665.72
5333.33
5305.04
5128.21
4376.37
4728.13
5479.45
5305.04
4566.21
4842.61
4878.05
4683.84
5555.56
5509.64
4608.3
4694.84
5934.72
4950.5
4854.37
5571.03
5277.04
5376.34
5376.34
4576.66
4750.59
4854.37
4938.27
4866.18
4629.63
5420.05
4962.78
4739.34
5050.51
5405.41
4739.34
4807.69
5464.48
5235.6
4640.37
4728.13
5464.48
5277.04
5235.6
5305.04
5291.01
5305.04
4716.98
4866.18
4807.69
4032.26
4273.5
3030.3
1811.59
1600
1579.78
1790.51
2583.98
3448.28
4773.27
4728.13
4640.37
5405.41
5221.93
4494.38
4587.16
4889.98
4618.94
4444.44
4081.63
4524.89
5291.01
5571.03
5361.93
4866.18
4366.81
4728.13
4842.61
4975.12
5376.34
4535.15
4301.08
4854.37
5449.59
5602.24
5050.51
4385.96
4987.53
5555.56
5249.34
5089.06
5277.04
4819.28
4807.69
5449.59
5141.39
35.0754
35.0557
4597.7
5405.41
5390.84
4484.3
4347.83
5076.14
5555.56
4545.45
4237.29
4474.27
4975.12
5571.03
5263.16
4545.45
4219.41
2560.82
1904.76
2735.98
4796.16
4705.88
4750.59
5405.41
5249.34
5249.34
5333.33
5361.93
4597.7
4878.05
5899.7
5633.8
5347.59
5181.35
5167.96
5235.6
5479.45
5602.24
5633.8
4587.16
4807.69
5952.38
5617.98
5633.8
5633.8
5681.82
5154.64
4987.53
5235.6
5376.34
5649.72
5449.59
5249.34
5376.34
5571.03
4576.66
4073.32
4938.27
5540.17
4566.21
4683.84
4773.27
4514.67
5263.16
5449.59
5361.93
5263.16
5102.04
5291.01
5405.41
5263.16
5221.93
5333.33
5361.93
5347.59
5376.34
5434.78
4739.34
4819.28
5730.66
5571.03
4854.37
4347.83
4938.27
4555.81
4158
4246.28
1699.24
1344.99
1128.03
1037.34
2152.85
4618.94
4024.14
4454.34
5571.03
4662
4175.37
4901.96
5988.02
5524.86
5063.29
5235.6
4914
5333.33
4484.31
4184.1
5464.48
5076.14
4329
4454.34
4329
3929.27
4587.16
4987.53
3968.25
4166.67
4672.9
4415.01
4255.32
4474.27
4640.37
4056.79
4065.04
4796.16
5555.56
4739.34
3968.25
4651.16
6172.84
5076.14
4926.11
4535.15
4282.66
5089.06
5420.05
4454.34
4273.5
4938.27
4273.5
4514.67
4750.59
3629.76
2840.91
3333.33
3527.34
3129.89
3816.79
4319.65
3350.08
3460.21
5115.09
5763.69
6172.84
6389.78
6514.66
6644.52
6688.96
6666.67
6600.66
6535.95
6535.95
6514.66
6493.51
6578.95
6600.66
6578.95
6557.38
6578.95
6666.67
6535.95
6514.66
6666.67
6711.41
6688.96
6666.67
6688.96
6734.01
6756.76
6779.66
6779.66
6779.66
6756.76
6734.01
6779.66
6779.66
6779.66
6779.66
6779.66
6825.94
6825.94
6802.72
6779.66
6779.66
6802.72
6802.72
6802.72
6802.72
6802.72
6802.72
6825.94
6250
6153.85
6666.67
6734.01
6734.01
6779.66
