1.23975e-311
inf
14.5981
304.414
396.825
542.446
555.401
582.072
550.812
541.126
563.857
631.313
695.894
675.447
650.195
642.055
644.953
651.678
666.445
687.758
680.504
696.864
693.241
693.481
664.231
628.931
660.066
683.995
687.521
706.714
735.835
737.735
730.727
603.318
507.485
524.246
533.333
567.054
643.501
643.294
295.421
288.143
586.51
636.537
583.942
554.939
614.439
559.754
471.365
526.177
667.78
700.28
709.723
714.286
717.875
713.012
712.504
710.985
692.041
686.342
679.117
667.557
687.521
715.82
706.464
661.376
666.223
614.817
520.833
446.13
452.694
558.971
643.708
502.513
434.028
558.036
677.277
684.463
656.168
636.943
647.249
658.545
652.529
484.731
470.256
618.429
405.268
409.836
676.819
686.577
683.995
595.415
595.061
683.527
695.169
672.043
659.848
665.557
665.557
677.277
531.491
515.464
667.334
697.107
679.348
684.932
708.215
723.066
727.802
685.401
573.066
590.667
661.157
581.734
534.045
564.812
643.087
686.106
680.504
670.916
710.48
755.572
751.315
724.113
738.552
772.797
758.15
714.031
674.992
666.445
705.219
750.751
762.777
754.432
754.148
770.416
786.164
790.514
770.713
756.43
722.022
704.473
730.193
746.269
761.035
745.712
722.022
717.103
681.663
671.817
683.06
682.594
620.54
629.525
704.473
693.722
686.813
697.593
725.426
702.494
654.664
672.721
718.133
732.869
736.377
726.48
696.864
688.942
702.741
712.758
701.016
698.08
720.721
715.308
706.464
716.846
729.395
729.129
720.202
713.012
690.369
692.281
721.501
371.747
363.174
605.144
574.878
615.385
567.054
557.414
501.002
512.164
630.318
603.318
595.593
485.909
468.494
588.755
653.595
707.464
721.241
695.652
706.464
717.618
718.907
708.215
694.686
695.894
700.28
707.464
670.017
646.831
685.401
724.113
735.835
711.238
718.907
735.565
715.82
713.267
711.491
692.281
675.219
677.507
694.203
704.722
703.73
713.267
727.008
738.552
731.529
711.997
687.049
686.106
687.994
680.735
711.744
718.133
706.964
753.296
776.096
761.905
750.469
738.28
736.377
700.035
665.336
682.827
706.215
708.968
614.062
620.347
737.191
729.661
700.28
689.18
696.864
717.103
743.771
736.92
725.953
733.945
726.48
709.975
702.988
673.174
670.466
693.722
702.741
763.067
832.639
806.452
754.717
730.193
746.269
790.202
496.032
469.373
441.696
430.293
666.001
732.064
766.577
774.893
591.541
564.016
646.204
525.624
549.451
730.193
780.64
769.231
785.546
798.722
721.241
710.227
778.816
813.339
844.595
807.428
782.473
821.355
811.03
817.661
790.514
664.894
678.196
794.597
819.672
812.348
818.331
821.355
810.373
777.605
729.927
436.777
431.034
693.241
731.529
794.913
824.063
815.661
811.359
813.67
836.82
712.504
641.437
725.426
779.423
772.201
31.8715
31.8725
783.085
758.725
713.267
722.022
756.716
780.64
814.996
843.526
841.043
842.105
859.107
868.056
830.91
750.751
736.648
668.003
643.915
718.649
752.445
785.238
805.153
804.182
779.727
765.404
680.041
682.361
764.818
631.313
586.854
692.041
765.404
751.597
750.188
793.336
659.196
640.41
786.473
834.725
848.176
831.947
790.202
770.713
804.182
837.521
841.397
643.915
633.714
789.266
805.153
843.526
812.018
810.373
808.081
811.359
826.788
819.336
657.03
618.047
757.289
795.862
819.336
813.008
787.092
787.402
796.495
824.063
835.073
772.797
752.445
802.568
836.82
825.423
806.452
830.91
844.951
837.17
814.996
821.355
818.331
756.43
762.195
824.063
831.255
816.66
789.889
783.699
794.281
792.393
810.045
839.278
733.676
730.193
820.681
819.001
849.257
824.402
822.707
834.725
839.631
854.336
848.176
811.359
722.805
754.717
843.882
842.46
852.152
852.152
858.001
837.872
823.384
828.157
831.255
798.722
733.945
748.223
816.993
836.47
848.536
870.701
877.578
881.446
876.424
849.618
831.601
719.166
723.066
856.164
868.432
872.6
877.193
866.927
835.073
809.389
830.22
866.176
877.193
739.098
729.129
860.215
871.46
830.91
818.666
858.738
869.187
871.46
878.349
882.223
864.678
809.717
800
847.458
850.34
838.223
848.176
853.971
850.702
851.426
856.898
859.476
862.813
804.182
758.15
746.547
761.035
812.018
833.333
833.333
835.771
841.043
838.926
831.601
773.694
707.714
741.565
813.67
831.947
830.565
832.64
839.278
829.531
826.105
841.751
835.073
724.113
700.28
745.156
739.098
734.484
754.432
831.947
876.04
847.817
817.327
641.437
502.892
589.623
695.169
690.608
779.727
808.081
810.045
834.376
824.742
834.028
671.366
642.674
822.03
855.432
849.979
799.041
758.438
777.303
822.03
789.266
792.079
826.446
693.722
657.895
763.359
819.336
821.018
825.082
820.345
832.986
852.515
786.473
731.797
724.638
761.615
827.13
819.672
815.661
858.369
806.777
757.576
790.826
823.723
837.17
781.555
727.537
781.555
793.966
762.195
834.376
858.001
848.896
874.126
881.057
885.348
763.359
653.595
708.968
835.771
879.121
879.894
879.894
866.551
843.882
826.788
852.515
882.613
720.202
689.417
806.777
800.32
761.905
774.893
819.672
824.402
805.153
810.701
647.459
524.246
618.429
792.707
799.041
823.384
873.362
858.738
844.951
856.898
815.994
810.701
721.501
717.875
833.333
839.983
834.725
852.515
873.362
853.607
866.927
881.446
879.121
881.057
727.802
729.927
826.105
798.722
827.13
820.345
825.764
778.816
685.166
675.219
646.831
542.152
544.662
655.308
730.193
753.296
683.761
675.676
761.905
834.725
870.701
718.133
732.064
888.099
860.215
772.797
513.347
517.063
801.282
863.558
871.08
641.643
630.318
868.056
866.551
587.544
522.739
648.298
669.792
714.031
739.645
715.563
746.269
816.327
871.84
724.9
711.238
863.931
892.061
886.132
859.107
861.698
716.076
653.595
766.871
846.382
872.22
873.362
866.551
855.066
847.099
799.361
814.664
880.282
695.652
695.41
873.362
865.801
862.069
865.426
844.238
835.422
861.326
878.349
883.002
856.898
708.968
726.216
839.983
801.925
841.397
884.564
884.956
873.362
835.771
843.526
876.808
860.956
732.869
739.645
879.121
876.04
869.187
883.392
886.918
855.432
845.309
864.304
849.618
767.165
662.252
691.802
742.942
747.105
801.925
776.397
749.906
789.889
829.876
826.788
704.473
681.431
766.284
797.448
821.018
835.422
854.701
860.585
851.789
855.432
868.432
868.81
822.707
815.661
863.558
867.303
830.565
799.68
823.045
854.336
857.633
859.845
863.185
863.558
828.5
804.829
817.661
815.994
813.008
794.281
806.127
845.666
872.6
875.274
869.565
894.055
734.214
704.225
833.333
822.03
819.001
808.407
785.546
816.66
824.742
824.742
866.176
849.257
730.193
681.896
706.215
754.432
767.165
768.344
787.712
806.452
846.024
843.17
747.384
673.174
750.469
843.526
853.971
875.274
871.84
861.326
841.751
830.22
836.82
835.073
758.15
764.234
850.702
848.176
827.13
834.376
790.826
676.819
629.921
730.46
867.303
774.293
750.469
848.896
895.255
892.061
884.564
799.041
725.426
741.565
766.871
789.266
685.401
652.529
736.92
788.644
837.872
844.951
834.376
842.815
845.666
859.107
876.04
851.426
657.246
659.413
865.801
884.956
856.898
838.926
821.355
824.742
773.694
767.46
827.472
573.394
575.54
860.956
867.679
820.345
825.764
870.322
892.857
886.918
888.494
872.6
846.024
779.423
793.966
889.284
856.898
838.926
871.46
885.348
875.657
858.738
878.349
841.397
739.919
657.03
707.714
836.12
809.389
786.164
760.167
755.572
788.333
800.641
810.045
790.514
698.568
695.652
731.797
741.29
793.336
806.127
805.802
800
813.67
811.03
671.817
560.224
648.298
816.327
813.67
799.68
802.568
748.783
772.499
858.001
875.657
787.402
719.424
806.777
881.446
865.052
845.309
825.764
763.359
756.144
811.359
805.802
795.545
666.667
678.426
853.607
866.551
870.701
880.282
884.564
882.223
881.057
767.165
751.033
658.328
655.523
826.788
815.994
784.314
738.825
756.716
816.993
832.986
831.947
822.368
741.565
732.869
755.572
794.281
872.981
844.595
853.607
834.725
769.231
773.694
743.771
714.796
680.967
709.723
822.707
829.187
806.452
765.697
702.988
685.401
748.223
801.282
681.896
631.712
681.663
719.942
773.096
792.079
814.001
780.336
592.768
570.939
628.338
687.994
840.689
869.187
887.705
892.857
892.459
890.472
877.963
878.349
881.057
881.057
517.331
451.569
610.501
673.401
758.725
788.022
831.947
894.055
865.426
872.981
626.37
596.837
818.666
863.931
841.397
846.382
866.927
838.574
786.473
797.448
735.024
567.859
613.121
769.823
777.907
754.148
749.906
791.766
801.925
841.751
897.666
906.618
728.863
669.568
797.448
860.956
848.176
826.788
853.607
895.255
887.705
869.187
870.322
869.943
794.281
807.428
882.613
855.432
858.369
877.963
779.423
746.826
782.473
802.246
863.931
838.574
802.246
829.531
840.689
837.17
852.515
874.508
792.079
709.22
734.754
777.605
709.975
661.594
714.541
775.494
819.001
848.536
856.164
870.701
868.432
870.701
894.454
885.74
762.486
725.953
789.266
815.661
766.284
757.863
818.331
698.08
718.649
881.834
889.284
875.657
734.214
745.156
877.578
863.558
833.681
740.466
730.994
757.002
768.935
828.844
837.872
681.431
674.992
799.361
806.127
765.99
763.942
827.13
840.336
829.531
829.187
810.045
660.502
626.174
746.269
822.707
817.661
844.951
883.783
860.585
847.458
866.551
871.84
785.546
727.008
806.127
893.655
898.876
869.943
858.369
846.024
843.882
813.339
808.407
871.08
821.355
788.333
845.666
866.927
863.185
876.808
877.578
879.121
883.392
886.132
884.956
871.84
850.702
715.82
701.508
832.293
835.073
823.045
820.008
765.404
749.625
745.99
779.727
860.585
629.723
587.717
738.552
746.547
805.153
882.223
896.861
890.076
892.061
878.735
880.282
666.223
625.587
825.764
887.311
840.689
801.925
805.802
811.688
733.676
733.407
825.082
714.031
720.721
844.238
832.293
795.229
728.597
737.735
798.722
790.826
783.085
792.079
635.122
593.296
712.251
790.826
820.345
819.336
829.876
852.878
863.185
864.304
864.304
768.935
719.166
761.905
780.336
752.162
759.59
712.758
695.652
770.713
794.913
819.336
762.486
770.713
860.585
868.81
876.04
874.126
876.04
883.002
883.783
880.282
877.963
876.424
718.907
675.676
814.332
888.889
886.918
890.869
838.223
778.513
827.815
875.274
881.834
875.274
797.448
814.664
852.152
856.164
886.525
784.621
754.717
824.742
860.956
866.176
881.446
904.977
826.788
761.905
784.929
804.505
790.826
732.064
736.106
810.373
759.301
664.673
718.391
674.536
687.994
865.426
875.657
825.423
793.021
841.751
868.432
881.834
884.564
869.187
775.194
699.79
761.905
803.859
798.085
852.878
816.327
789.889
801.603
786.164
744.325
739.919
677.966
695.41
835.073
846.024
844.951
823.045
821.018
841.043
839.983
839.278
853.971
732.601
739.372
868.81
587.89
526.87
656.599
662.252
692.521
743.218
733.945
660.284
716.846
886.525
871.08
839.631
868.432
899.281
776.096
747.105
815.993
809.389
713.267
664.673
755.858
718.907
603.136
658.111
768.344
814.001
867.679
822.03
760.167
626.566
655.953
837.872
859.845
864.304
852.515
772.201
732.332
725.163
729.661
726.48
705.467
744.325
751.88
770.713
777.001
777.907
793.336
779.12
820.345
860.215
805.477
754.717
795.862
854.336
843.526
858.001
807.754
759.013
759.301
753.296
752.162
762.195
673.854
699.545
852.878
849.979
851.426
849.257
790.202
782.779
842.105
852.878
841.397
694.444
701.754
838.926
841.043
825.764
800.961
798.403
767.165
765.697
791.452
806.452
717.618
668.003
735.294
770.119
798.085
827.472
794.597
749.064
761.905
807.102
811.688
754.148
712.758
733.138
773.096
792.393
790.202
798.722
810.701
836.12
837.872
828.157
864.304
734.484
730.46
809.062
813.67
896.459
878.735
868.056
880.282
827.13
822.03
843.526
842.105
706.464
677.736
769.231
731.797
741.565
777.303
778.21
785.238
817.996
863.931
855.066
806.452
819.672
846.024
859.107
851.426
808.407
792.707
794.913
792.079
790.202
798.403
671.817
682.361
858.001
875.274
720.721
591.716
644.953
786.473
836.82
844.238
866.176
752.729
735.024
787.402
775.194
828.5
851.064
838.574
841.043
857.265
858.001
811.359
692.041
681.199
801.282
838.223
823.723
836.47
833.681
833.681
841.751
862.441
861.326
866.551
760.456
762.777
894.454
902.12
895.255
859.845
656.814
595.948
751.597
878.735
893.655
686.577
647.249
782.473
791.452
799.041
642.88
613.121
692.521
650.407
675.676
586.338
577.201
674.082
684.697
663.35
652.103
691.085
746.547
808.081
786.473
692.521
651.89
729.129
805.802
810.701
800.32
811.03
807.754
804.829
818.666
795.229
699.056
741.015
865.426
874.891
901.713
892.857
866.927
876.808
902.12
879.507
839.631
820.681
740.741
709.723
731.797
740.467
779.727
784.006
804.829
870.701
864.304
792.079
798.085
732.601
732.064
849.257
853.607
857.633
847.458
831.947
839.631
852.878
858.738
843.882
815.661
702.247
688.468
738.28
693.241
747.943
836.47
809.062
833.681
867.303
865.052
892.061
751.88
703.73
785.238
809.389
800.961
779.423
765.404
783.085
780.336
761.035
783.392
678.196
643.087
715.563
732.332
723.066
734.214
763.65
781.555
821.018
855.798
836.82
711.491
649.562
588.235
587.199
730.994
813.67
805.477
812.348
834.028
859.845
774.893
755.572
844.238
839.631
812.018
804.829
810.045
823.723
812.348
811.03
865.801
883.002
795.545
792.707
854.336
836.47
820.008
847.458
889.284
885.348
888.099
900.901
902.12
903.751
703.73
677.048
836.82
867.679
886.132
871.46
848.176
838.223
858.738
858.738
860.956
880.282
722.022
725.689
892.459
886.132
884.956
901.307
902.934
872.981
650.407
616.333
715.308
568.343
512.821
644.122
835.073
889.68
892.857
905.387
881.446
627.353
547.945
536.769
582.072
745.156
701.754
709.471
777.303
802.89
816.993
796.178
786.473
561.482
548.847
774.893
814.332
798.085
772.201
780.945
781.861
756.43
753.864
572.902
561.01
760.167
839.983
886.525
888.889
890.472
869.565
854.336
807.428
754.148
703.482
665.115
668.003
741.565
827.472
815.993
846.382
877.193
867.679
892.459
880.282
880.669
733.676
712.504
817.327
781.25
703.977
712.504
748.503
773.395
854.336
809.389
825.423
724.375
711.491
868.81
810.701
806.127
859.107
859.476
867.303
834.376
789.578
825.764
848.176
693.241
686.342
821.693
849.618
852.515
839.983
849.979
866.176
861.698
861.698
842.815
709.723
717.103
857.265
868.432
874.508
844.238
808.734
787.712
798.085
764.818
666.445
600.06
665.115
823.723
853.971
843.17
832.986
796.495
788.644
811.359
762.777
763.65
698.324
688.468
814.332
836.82
844.595
847.458
809.717
825.764
865.426
859.107
821.018
783.699
673.627
592.944
685.636
778.21
795.229
788.022
778.513
810.701
810.701
775.494
792.393
769.823
768.344
866.176
874.126
876.424
872.981
871.46
859.107
855.066
869.187
871.84
875.274
787.712
780.945
868.81
855.432
815.661
806.127
806.777
848.536
894.454
772.499
641.643
547.046
635.93
884.956
889.284
890.472
890.869
846.382
846.024
833.333
838.575
895.255
793.651
693.963
691.802
732.601
690.131
706.714
804.505
784.929
799.68
840.336
845.666
722.805
664.673
720.98
775.494
825.764
819.336
782.779
786.164
766.284
720.981
757.002
709.471
714.031
844.951
887.705
891.663
885.348
856.164
836.47
864.304
891.663
867.679
837.521
659.631
609.199
734.754
801.925
807.754
819.001
844.238
831.601
821.693
818.666
743.218
587.544
613.121
803.213
864.304
873.744
858.369
850.34
871.46
876.04
868.432
816.993
662.252
643.915
770.713
761.035
735.024
771.605
787.092
800.641
807.102
822.03
825.423
655.523
676.59
876.808
872.22
870.322
839.631
832.293
836.47
760.746
763.65
856.164
863.185
690.608
692.521
807.428
801.603
775.795
718.391
772.201
803.536
798.403
843.882
853.607
718.907
708.215
859.476
902.527
904.568
897.666
898.069
866.551
797.448
781.25
809.062
822.368
689.893
715.563
876.808
873.362
900.09
911.162
895.656
873.744
881.446
846.74
822.03
733.138
623.053
658.979
744.879
777.303
814.996
847.099
849.618
827.472
804.829
841.751
827.13
773.694
808.407
856.898
871.84
871.46
863.185
846.024
826.446
815.661
831.255
848.176
682.594
675.904
799.361
788.644
822.707
835.422
832.986
829.875
832.986
829.876
833.681
809.062
681.431
608.828
585.823
656.599
827.815
887.705
879.121
883.002
852.878
819.001
805.477
762.195
793.966
859.845
873.744
880.669
894.055
902.934
898.069
713.267
589.797
628.141
683.995
658.111
706.464
791.766
834.725
886.525
877.963
894.454
882.223
849.979
866.176
840.336
782.167
779.423
796.813
819.672
772.201
739.645
760.746
772.499
801.282
807.428
742.39
607.903
626.174
743.771
768.64
815.993
819.336
849.618
901.713
891.266
861.698
806.127
704.225
730.727
854.701
