10.0924
300.12
290.023
319.693
373.692
379.795
389.712
384.468
376.293
376.506
390.168
388.727
364.964
335.233
354.61
408.747
417.014
422.297
311.333
301.932
379.651
347.766
321.543
281.254
298.775
129.266
122.444
309.406
319.949
323.154
355.366
325.892
302.801
175.009
183.402
367.309
255.951
242.277
328.407
297.177
197.336
212.427
326.158
276.129
175.009
180.489
217.628
237.107
242.248
155.581
172.444
255.787
130.514
124.146
264.41
347.222
322.425
310.897
319.898
233.209
214.938
212.314
240.154
382.702
391.926
365.898
334.672
347.041
400.481
425.713
455.789
463.822
358.23
312.695
366.233
360.946
357.079
283.487
250.501
340.02
432.9
461.574
338.926
329.001
453.206
425.804
420.875
453.515
397.456
407.664
463.177
457.875
476.19
481.696
408.664
395.413
464.792
502.513
514.536
467.399
354.233
353.544
454.959
481.116
475.511
497.265
503.271
415.196
392.08
427.991
446.927
496.524
514.007
398.645
339.674
388.802
442.184
440.529
352.299
249.314
275.255
391.389
371.058
337.439
377.786
477.099
457.143
276.014
198.02
243.339
365.564
418.498
434.688
376.293
379.579
467.727
506.201
510.465
427.168
347.826
384.246
477.669
505.433
466.636
422.654
377.501
388.123
459.982
494.193
479.157
472.367
426.439
371.333
75.9878
73.1663
309.502
373.483
379.147
419.903
392.311
367.782
443.066
494.438
486.027
478.927
485.084
369.754
342.936
446.628
503.525
504.668
358.616
317.46
392.388
406.339
427.899
481.232
440.044
420.875
360.425
356.824
460.936
483.325
402.253
374.602
428.266
466.636
475.285
466.853
422.119
386.25
424.628
455.996
453.001
477.669
486.855
418.322
396.825
462.535
347.766
292.997
317.511
341.355
378.215
376.861
378.286
283.849
296.56
468.933
516.262
461.787
304.229
278.28
273.486
272.072
333.222
338.753
378.215
434.028
453.515
448.934
315.259
303.444
428.174
468.933
435.825
415.024
382.629
394.711
441.599
457.771
484.261
483.325
395.491
367.309
453.206
414.594
344.175
332.281
342.936
384.541
426.167
468.604
488.998
438.789
407.332
437.254
493.827
522.466
497.389
366.771
326.477
365.23
384.837
425.532
460.193
438.308
414.68
449.135
501.002
518.538
497.265
404.776
356.189
358.038
406.421
476.077
414.852
365.631
385.728
422.744
459.453
470.367
463.929
483.793
437.733
416.147
476.985
436.681
360.946
311.818
338.009
441.209
465.875
490.557
469.814
296.209
284.738
396.747
453.618
475.172
349.65
327.225
421.23
460.299
477.897
488.162
487.805
390.701
375.516
482.859
516.129
523.834
524.246
437.35
361.468
386.548
424.088
431.406
471.476
444.148
361.598
359.971
435.35
480.192
495.172
482.044
427.807
445.534
512.033
405.762
368.732
430.015
411.607
426.985
493.705
506.457
488.043
466.636
392.85
357.462
415.024
470.035
492.732
418.06
344.116
383.362
479.846
480.192
477.897
492.49
428.541
400.4
446.728
498.132
495.54
480.769
468.055
394.945
366.502
433.463
499.127
496.278
463.822
387.747
367.377
413.65
449.741
483.325
505.051
450.857
362.845
373.832
387.672
366.905
431.686
384.025
318.37
360.62
445.038
493.949
453.721
327.439
310.8
384.689
399.521
377.858
332.834
363.108
423.46
433.463
495.663
495.417
421.852
423.28
497.636
518.135
525.348
523.972
430.108
360.555
373.413
441.112
503.525
521.921
520.291
433.651
414.079
460.299
482.276
479.962
473.261
441.014
419.199
472.032
419.463
309.789
322.997
369.276
402.334
482.16
473.821
458.4
478.583
424.358
398.565
462
496.524
519.481
497.141
348.857
316.506
395.804
416.753
404.122
432.432
402.334
405.351
478.927
494.927
491.521
478.698
415.628
374.111
425.713
502.26
514.271
503.778
507.614
454.959
424.809
447.027
472.813
506.842
518.135
524.934
467.071
441.794
470.146
381.243
338.524
356.189
333.333
305.717
343.997
453.515
514.668
391.619
361.402
379.579
329.435
283.97
272.74
353.294
442.282
433.182
414.336
366.569
376.577
423.729
450.958
503.018
526.593
435.54
327.6
315.906
371.816
429.461
438.5
368.8
349.956
416.32
459.664
459.77
492.611
432.9
411.015
481
484.966
442.674
442.184
404.776
396.983
460.299
484.144
507.485
510.465
328.353
309.502
303.536
309.598
386.997
338.524
387.672
485.319
491.039
459.876
468.384
414.25
384.986
432.807
471.365
486.736
469.814
386.548
331.455
354.296
420.345
477.555
510.595
488.043
437.158
447.227
483.208
499.875
512.033
500.751
455.892
440.529
468.823
424.178
399.042
443.262
460.299
417.711
429
489.237
492.005
487.211
500.25
399.68
363.306
450.552
396.196
302.572
296.033
366.166
469.704
372.926
328.246
345.841
327.279
386.997
483.325
476.758
456.934
336.304
321.285
448.531
519.886
528.402
523.013
484.614
355.051
331.016
417.362
447.427
387.522
282.127
266.88
337.154
414.938
487.805
456.934
409.333
394.633
423.908
492.854
519.076
509.944
396.589
379.651
448.531
464.684
416.32
334.84
323.625
394.711
456.204
474.383
493.097
373.692
339.847
377.358
381.17
403.145
378.86
345.304
366.435
407.83
412.116
393.701
362.188
376.861
423.639
451.162
487.448
495.417
446.828
425.622
470.146
426.53
392.619
414.938
391.16
397.062
455.892
491.884
509.554
519.886
510.334
392.85
353.232
434.028
476.417
355.556
299.043
354.988
451.671
469.263
464.145
505.178
311.429
287.439
453.104
501.882
504.541
488.639
275.482
252.493
372.37
418.498
409.082
324.781
321.595
410.678
474.721
486.973
459.664
397.772
409.92
379.291
351.494
430.015
441.404
387.822
407
452.899
478.011
510.465
522.057
434.499
390.778
444.05
502.765
503.905
487.924
453.001
408.664
448.632
494.315
498.505
499.875
492.247
432.807
407.664
469.594
519.886
536.049
468.713
329.815
317.561
432.807
477.327
450.045
472.813
452.386
390.778
379.867
415.8
464.576
424.448
362.582
387.147
478.126
434.216
396.589
462.642
476.531
418.06
415.282
445.831
469.814
461.361
452.591
420.256
425.713
511.771
540.833
542.446
370.439
282.686
354.233
494.927
490.437
483.092
510.204
366.099
299.356
331.895
369.208
361.011
274.574
285.796
381.752
403.145
423.549
385.802
379.795
435.92
449.438
463.929
495.54
415.282
389.788
431.965
402.901
405.104
439.078
393.236
392.619
416.753
422.297
494.56
516.929
421.763
399.441
471.587
512.558
492.247
407.498
365.764
390.472
452.591
486.381
439.271
434.028
483.559
429.369
407.332
477.897
487.805
454.752
444.444
355.556
344.293
433.745
473.149
481.348
425.894
345.781
355.051
432.059
474.046
497.018
508.001
455.892
427.991
417.537
377.003
390.93
418.06
387.222
397.141
444.346
463.285
488.878
499.625
486.145
411.777
413.822
490.196
515.996
462.321
426.803
345.423
335.064
359.002
364.232
455.892
446.429
365.097
332.447
321.647
357.782
354.547
348.129
415.887
426.076
448.029
486.145
423.998
379.291
366.636
370.37
439.078
481.116
422.476
417.275
469.814
399.521
371.816
451.875
431.965
409.249
471.365
504.923
518.672
512.426
465.658
387.597
399.042
469.043
460.193
398.645
362.516
354.108
405.597
461.787
435.35
458.926
504.159
440.141
424.448
496.032
522.739
535.762
526.316
467.29
361.794
354.736
438.596
475.964
477.213
499.625
426.803
389.864
431.499
455.373
480.077
493.949
384.689
369.754
428.082
389.56
414.164
480.769
422.03
402.172
452.182
462.749
491.521
523.149
525.762
436.3
407.249
477.555
523.286
518.672
419.903
335.458
342.7
370.233
411.269
494.805
535.762
450.45
340.774
351.185
446.329
482.975
469.925
358.551
343.053
445.434
486.618
417.885
325.098
326.158
400.882
406.669
385.579
434.972
390.549
381.388
398.963
385.431
437.158
453.104
381.534
378.86
478.126
524.934
537.346
541.272
493.097
424.989
424.088
463.392
471.032
384.172
341.647
368.324
402.901
460.299
492.49
508.776
473.821
390.32
411.1
509.165
538.793
538.648
507.614
386.1
338.753
398.089
445.137
462.856
494.682
452.489
373.552
396.354
497.512
525.901
517.331
521.512
464.468
415.541
450.755
381.243
359.454
461.894
435.35
416.84
479.272
429.277
383.068
411.184
393.082
398.645
462.321
484.379
397.456
371.058
375.587
389.029
457.247
486.5
529.661
516.129
447.527
396.275
423.37
486.618
472.701
453.309
354.484
346.44
454.339
484.614
485.791
382.995
300.571
314.317
387.447
451.569
488.639
499.875
324.044
233.263
267.451
368.256
365.163
356.443
426.076
471.587
488.998
492.005
281.373
265.358
448.632
486.736
414.766
378
382.044
391.007
414.508
447.728
492.005
505.817
418.06
403.145
483.793
510.204
518.135
501.756
349.65
339.789
466.418
478.927
491.159
520.969
476.985
392.003
396.118
445.434
460.936
499.625
510.204
431.593
420.875
410.341
385.208
418.936
432.432
387.597
393.082
446.429
457.771
469.153
478.354
400.4
392.542
497.141
530.223
439.367
398.327
330.033
339.501
466.853
487.211
505.945
511.378
473.149
430.663
443.361
482.975
501.128
438.116
413.65
341.939
346.32
470.035
493.827
506.201
444.346
288.06
299.985
480.423
528.681
539.084
538.938
343.112
260.383
303.951
403.226
358.487
322.321
403.307
470.478
497.389
493.705
427.533
371.058
417.449
490.196
496.894
422.208
348.25
355.366
361.402
359.066
426.348
518.001
460.299
424.899
450.45
473.037
501.128
466.744
379.219
363.769
443.066
487.092
478.698
495.172
501.253
437.35
403.877
450.755
501.756
499.127
467.071
432.526
433.839
484.966
397.141
361.598
439.174
490.557
437.063
405.104
453.309
498.505
534.902
536.337
428.082
393.314
460.511
491.28
495.417
396.275
332.834
349.101
384.468
437.063
495.417
491.28
379.147
376.648
481.696
523.149
534.759
500.626
480.769
349.65
321.699
415.369
455.789
482.16
488.043
347.041
309.023
396.04
469.043
510.856
493.827
342.583
292.398
346.141
409.584
460.829
367.647
360.231
459.348
451.06
467.508
475.059
378.644
386.623
487.092
503.651
424.899
395.961
389.029
405.022
449.64
451.671
492.005
527.983
533.333
445.732
426.712
486.736
492.126
398.963
295.814
314.218
434.499
485.084
471.921
484.848
484.614
360.49
352.796
465.983
488.759
450.857
419.199
422.565
468.055
440.529
403.551
430.015
459.031
410.256
394.166
466.092
510.334
526.177
534.902
498.878
402.739
377.43
433.369
470.478
397.298
319.795
337.553
402.982
451.977
497.884
517.598
529.101
447.327
399.68
412.712
453.721
493.34
493.949
385.06
350.017
418.76
470.256
507.872
517.331
449.438
393.468
398.565
364.299
383.583
475.172
410.341
402.739
414.852
351.432
331.345
298.954
330.524
423.639
450.857
492.005
524.384
424.358
396.354
484.261
488.281
398.804
386.25
390.549
393.082
434.311
462.856
496.771
498.505
479.272
412.967
408.33
461.68
471.476
447.828
438.693
319.183
324.097
460.936
456.934
411.184
322.217
326.744
422.03
450.958
442.087
434.972
388.35
415.369
469.814
452.08
469.814
504.668
471.476
407.747
385.579
419.992
498.878
540.687
544.662
420.08
382.555
459.982
504.541
422.744
372.717
336.304
316.756
387.297
452.08
491.28
535.045
447.427
400.481
435.256
476.19
491.642
479.846
376.577
360.685
439.464
461.787
499.501
515.066
514.668
445.633
414.508
462.749
501.882
441.112
391.313
373.204
400.24
427.442
388.651
381.898
367.58
374.252
438.116
503.778
425.985
359.454
307.74
316.606
376.364
340.832
346.38
338.581
331.565
403.551
482.16
513.875
506.714
423.46
393.391
451.671
489.237
505.689
480.423
361.076
342.231
453.104
509.684
515.996
541.126
541.859
477.669
422.208
453.721
481.812
481.58
509.684
507.228
448.632
434.972
377.43
370.302
455.581
483.676
411.015
363.504
422.03
508.647
544.959
522.876
412.626
386.548
470.588
513.743
411.353
391.543
413.052
370.233
378.215
421.407
471.032
503.271
514.536
423.012
384.098
422.922
440.141
416.753
338.868
310.897
328.138
382.482
464.145
479.962
401.365
392.696
477.555
472.255
386.399
281.73
301.614
386.997
401.445
385.282
355.745
348.068
353.732
415.455
475.059
507.485
438.404
364.1
336.984
333.5
364.232
421.941
351.37
338.581
449.135
486.145
488.52
504.668
406.256
390.549
459.664
462.214
461.894
430.57
350.324
359.131
425.894
431.034
467.181
494.805
440.917
395.648
430.385
474.383
489.596
467.727
411.269
423.37
410.256
386.473
436.872
467.836
432.807
388.954
392.85
382.19
397.298
463.822
394.166
366.905
438.596
481.464
429.738
383.289
369.686
395.726
443.262
454.856
467.29
480.769
444.247
413.479
449.64
475.624
486.027
479.157
425.804
385.134
428.266
495.417
471.921
467.836
497.265
463.714
438.596
455.789
444.444
450.248
450.755
444.444
423.46
381.898
