9.18139
214.5
232.748
231.83
224.417
238.635
220.653
227.713
262.916
266.845
260.281
260.892
257.533
240.01
218.962
196.541
192.53
225.734
228.624
197.961
217.675
251.446
209.096
203.832
247.555
263.957
181.307
172.369
215.332
227.324
265.816
261.472
210.859
85.9919
89.8876
200.401
197.025
228.415
156.433
135.612
169.996
176.243
153.433
164.935
231.374
218.603
150.455
127.845
140.984
155.219
191.113
193.968
183.672
218.699
124.549
119.603
218.699
229.095
200.501
194.099
189.663
181.045
182.349
206.975
247.066
230.494
216.732
223.339
241.75
226.04
195.982
190.549
216.216
214.11
176.507
197.902
250.407
262.847
226.219
180.034
180.766
201.633
226.321
265.428
235.018
236.714
297.796
273.448
248.818
262.054
262.364
219.202
218.436
269.143
282.646
243.932
235.766
62.4337
63.2691
291.843
229.41
225.454
288.976
231.83
144.206
150.557
243.132
287.439
288.06
263.539
273.523
319.285
311.526
269.978
272.889
297.398
291.843
212.157
211.618
275.976
246.124
250.627
290.824
306.748
285.592
272.48
288.684
308.499
263.227
250.407
300.978
324.517
315.01
275.938
275.672
282.566
255.558
261.849
304.553
338.581
334.057
279.642
235.988
224.442
204.353
219.467
256.377
256.937
256.772
273.373
292.74
276.014
267.845
265.993
278.125
274.311
266.88
268.384
268.673
272.889
275.9
296.296
279.408
243.191
252.111
267.38
257.069
257.931
273.373
299.715
266.702
233.918
264.901
301.887
300.752
277.392
271.407
288.475
301.477
289.603
256.871
276.587
316.606
281.096
281.294
329.056
332.723
287.522
249.004
240.269
244.439
255.754
289.687
329.272
314.07
270.161
217.936
232.019
242.395
241.255
253.1
220.556
230.654
274.198
300.481
272.146
269.179
273.336
271.961
269.651
268.42
309.023
333.056
309.406
271.003
266.312
263.366
236.351
250.564
309.071
327.6
297.089
278.242
284.819
316.957
277.354
234
263.4
306.279
306.138
277.701
285.185
314.564
318.725
275.748
246.761
288.226
292.483
258.264
281.136
312.354
315.358
290.994
279.525
271.961
246.731
246.305
264.201
274.236
286.41
293.643
300.616
325.521
237.699
213.744
284.252
269.578
222.42
247.678
298.107
300.345
287.356
257.4
266.773
322.529
284.941
271.113
303.168
301.932
285.755
273.486
259.168
265.957
286.369
293.858
317.965
316.556
296.165
289.352
271.739
274.574
267.165
265.076
313.725
329.815
314.911
292.355
289.939
294.942
305.717
301.887
253.325
261.199
315.806
290.74
289.561
340.368
348.675
291.928
246.67
251.446
276.014
274.801
282.566
318.218
311.236
278.28
280.623
310.897
284.212
211.484
216.708
288.559
251.857
226.142
273.56
314.317
318.979
252.493
230.335
283.206
260.146
248.787
299.985
317.662
296.384
269.324
268.926
269.143
260.485
274.16
306.326
322.321
310.945
283.567
283.447
303.721
192.437
150.24
207.318
284.576
294.724
316.056
312.256
290.107
265.182
269.614
304.136
308.69
287.563
306.89
308.119
229.779
225.378
272.035
276.817
223.839
218.627
265.006
282.646
292.654
282.127
277.971
223.889
198.708
243.132
298.418
220.507
201.593
270.088
264.55
247.831
288.018
323.992
285.919
269.942
299.805
318.928
295.902
279.408
296.033
270.161
239.32
249.439
277.585
293.729
290.318
270.893
252.111
230.017
210.261
233.1
263.748
262.502
290.613
314.07
279.369
266.205
265.322
257.003
253.197
249.657
229.568
224.417
246.427
248.231
247.862
263.644
248.663
244.559
273.635
273.86
274.801
294.942
308.547
210.018
192.771
268.601
285.266
235.655
202.901
223.989
246.883
190.749
187.688
212.608
209.118
223.364
216.661
225.785
237.417
213.311
231.187
241.4
221.705
238.493
256.904
242.483
217.96
246.002
291.503
278.358
256.937
254.001
285.307
300.571
247.219
228.389
267.058
245.67
249.563
318.624
292.398
247.341
247.463
241.984
234.549
241.75
253.614
265.182
262.95
259.269
232.369
206.334
225.505
267.308
268.962
246.305
210.993
212.044
225.632
223.164
256.937
206.058
209.974
323.782
195.848
168.819
209.139
239.866
237.079
225.606
275.558
273
279.057
311.672
329.707
275.938
245.218
277.316
303.306
319.795
296.912
295.247
323.834
334.448
312.94
273.075
281.294
200.884
200.26
290.571
296.296
312.11
274.574
260.044
274.876
279.33
283.849
307.977
318.269
300.571
277.585
271.813
299.76
293.298
256.049
264.655
310.994
334.113
304.183
290.782
274.99
264.795
278.979
275.293
297.53
326.211
212.45
191.004
243.102
230.123
241.809
261.506
274.65
245.038
252.43
315.856
305.857
275.596
281.73
319.744
289.143
246.033
265.781
321.595
333.167
294.855
281.373
286.246
295.247
301.659
246.063
260.586
321.854
274.01
256.575
291.375
319.438
305.111
292.312
302.16
306.185
291.29
284.576
316.006
293.212
258.198
278.862
309.933
305.018
233.918
226.603
297.53
336.304
340.252
287.522
264.69
298.196
310.994
267.809
255.265
266.241
223.04
240.906
325.362
339.041
268.384
220.192
225.836
258.532
254.81
255.885
292.697
312.061
294.377
201.959
167.799
191.994
255.46
314.961
303.076
294.247
278.358
284.293
309.885
277.546
270.856
311.624
328.353
298.24
299.491
323.468
322.269
270.088
254.68
265.393
276.855
286.041
291.121
326.158
306.56
276.587
285.47
313.529
332.557
248.911
234.412
303.398
326.371
333.611
295.814
264.62
283.366
326.637
266.489
247.494
295.552
297.841
249.283
245.821
303.998
318.218
272.442
246.063
245.369
223.814
238.237
289.478
314.663
284.455
262.778
280.623
268.132
250.847
277.816
274.914
267.702
285.429
291.8
295.858
298.864
296.428
275.444
297.309
314.021
265.182
263.47
293.212
297.354
274.839
257.102
257.699
254.518
247.494
252.94
286.205
317.561
281.849
250.847
269.179
247.341
234.412
267.201
291.036
274.01
267.523
280.899
305.53
306.701
248.016
247.647
284.86
270.088
254.518
274.273
303.398
286.492
244.618
242.63
287.604
269.651
257.965
254.291
226.886
254.55
309.071
330.743
242.718
223.739
289.603
305.25
283.246
288.143
297.044
301.432
303.998
245.58
247.402
307.172
291.248
274.725
301.069
302.115
262.985
255.395
264.69
278.474
274.725
268.781
297.177
310.318
296.165
290.655
309.789
316.306
290.36
266.028
283.487
327.118
343.879
305.111
282.845
284.172
293.729
287.15
262.055
262.02
276.855
275.406
286.246
316.006
320.051
304.646
288.184
276.817
278.979
255.787
247.709
289.31
267.594
226.501
249.594
312.647
282.965
244.081
271.334
318.522
334.504
274.16
247.066
286.287
321.595
303.444
263.783
271.076
303.905
259.504
259.471
326.904
338.524
304.414
283.447
273.187
278.746
282.287
264.445
285.388
308.071
290.318
281.017
289.478
283.567
227.764
230.362
299.85
310.8
280.978
279.916
303.122
321.079
318.725
278.784
267.702
272.48
276.778
285.592
301.341
317.712
321.13
282.366
265.146
264.831
271.887
256.213
251.636
296.824
254.55
251.636
309.933
303.859
242.043
233.945
286.615
324.097
286.164
248.88
256.739
296.868
307.834
269.942
290.613
321.699
292.869
279.525
302.252
311.624
293.255
266.809
241.604
259.403
282.247
282.965
302.297
310.222
315.11
299.581
298.24
331.126
293.255
235.821
258.365
320.154
323.468
285.755
268.528
290.107
307.361
293.513
266.489
285.103
311.187
292.826
291.375
316.006
329.056
327.279
301.841
298.864
300.12
303.444
279.916
272.294
310.607
320.718
300.481
237.248
202.184
203.231
221.68
252.749
288.06
279.994
250.188
274.688
330.743
277.546
262.709
325.309
329.218
270.307
265.322
291.843
302.755
294.855
279.174
274.236
286.287
290.318
286
323.311
330.797
277.546
254.259
281.77
300.391
266.205
260.146
301.341
326.744
316.206
278.048
266.88
296.516
330.743
309.31
251.509
258.799
295.377
257.931
257.599
299.85
318.776
295.203
279.096
307.22
331.73
293.083
272.702
269.906
277.508
297.133
300.075
287.728
231.535
212.925
231.508
240.414
223.564
224.416
253.261
263.574
241.109
256.115
273.748
260.994
278.668
296.252
296.033
291.036
270.563
254.291
275.672
277.123
268.817
301.75
312.5
316.156
300.436
284.536
296.384
233.1
221.926
286.697
324.623
336.814
288.143
256.115
288.101
326.797
298.909
286.287
312.793
309.645
282.606
274.048
302.755
334.504
330.524
287.646
257.765
257.467
261.301
278.048
307.456
321.906
317.209
273.149
254.842
260.112
245.128
261.883
306.466
251.414
226.04
271.113
314.861
301.069
227.79
197.589
232.558
264.201
274.99
317.965
331.071
286.492
254.194
258.231
287.315
286.082
271.665
296.56
308.88
312.207
285.185
286.041
303.905
255.493
240.096
273.224
311.818
333.946
298.063
272.74
270.453
272.851
254.745
264.166
315.806
329.272
301.296
285.633
308.261
312.207
288.934
280.073
285.796
306.373
299.312
279.642
278.164
281.215
279.955
285.022
323.206
296.428
235.71
250.282
321.854
306.138
237.558
239.866
308.356
338.066
239.091
231.348
323.625
327.761
249.969
230.097
282.247
324.728
287.15
242.807
252.621
283.728
267.13
271.924
307.598
317.259
295.203
286.656
297.708
262.398
245.821
268.312
294.898
316.256
306.044
290.994
298.82
309.789
290.909
266.489
295.421
284.455
241.4
259.538
300.481
312.5
302.984
284.495
265.534
272.109
266.773
265.922
291.886
297.575
298.151
290.149
309.933
291.503
237.304
252.239
312.647
329.544
323.311
281.215
229.253
247.249
260.01
222.891
231.027
276.129
243.102
237.389
312.598
323.05
274.612
238.949
260.281
261.233
255.951
295.421
305.951
287.604
284.576
310.414
324.097
315.657
281.809
283.648
308.833
309.55
289.101
284.172
320.307
333.556
282.805
265.006
295.596
312.891
294.334
274.65
291.418
310.655
269.034
255.363
268.926
282.646
308.356
278.319
264.166
290.318
247.985
233.1
243.191
226.886
243.665
285.47
328.03
332.668
292.654
270.197
239.693
230.574
238.72
233.508
266.667
278.358
285.51
260.247
241.08
248.632
247.463
272.257
271.26
266.738
292.355
312.402
324.57
286.903
275.33
287.109
268.528
255.984
271.444
306.607
312.012
284.738
268.456
297.265
311.381
250.627
249.066
305.111
308.737
281.849
286.287
322.061
315.11
276.855
262.295
271.186
295.727
289.729
262.02
246.518
268.312
297.089
290.023
307.834
276.091
239.177
259.403
300.707
301.069
268.853
259.639
280.741
305.998
275.748
253.711
263.019
282.486
265.428
242.984
263.783
249.377
240.298
272.331
299.985
270.599
262.295
285.103
284.212
263.644
277.778
324.834
273.075
241.138
272.554
310.463
330.797
315.557
273.336
274.123
303.721
281.096
252.589
266.667
290.276
285.307
263.887
273.598
323.625
338.639
297.177
246.579
256.41
304.46
298.998
283.608
298.285
328.515
310.463
295.421
323.677
287.522
260.383
289.478
311.915
321.802
320.616
276.932
273.785
309.406
314.762
267.487
270.563
300.752
303.628
294.724
288.351
325.203
326.264
275.141
248.324
276.74
309.406
249.159
240.703
301.341
324.359
277.469
259.538
288.725
281.215
241.838
231.107
249.938
263.644
269.397
290.655
333.834
332.834
260.96
262.398
303.859
299.446
298.597
289.059
303.122
312.207
282.686
240.79
253.1
305.998
299.177
301.159
320.976
324.307
288.892
260.044
280.741
276.51
264.48
286.615
317.712
297.708
237.164
238.55
302.069
331.126
265.147
253.357
307.409
315.906
276.319
265.816
296.121
315.159
285.551
269.143
268.853
284.86
291.46
246.883
252.94
305.344
301.523
285.307
317.511
289.478
227.195
211.037
235.738
264.515
250
240.211
252.717
224.543
244.141
312.891
315.06
283.688
272.368
290.318
296.56
289.939
266.418
285.225
321.802
307.692
295.421
299.94
304.321
299.356
274.801
290.698
298.24
280.073
270.124
283.407
325.892
337.439
314.367
276.319
278.59
298.552
234.192
213.607
254.745
285.307
283.768
293.126
334.672
342.524
304.599
265.71
276.129
309.981
292.398
271.039
253.55
242.336
247.739
237.812
228.258
224.215
254.227
317.813
328.084
296.34
283.728
308.642
340.31
323.992
249.314
254.939
266.631
248.293
284.9
312.11
327.011
324.886
273.075
239.693
263.123
284.616
280.899
286.369
301.659
238.663
211.887
235.544
264.725
271.223
271.518
308.119
328.407
311.429
289.687
312.012
338.009
286.862
260.858
299.133
319.438
312.451
284.616
284.86
307.361
248.478
244.2
277.393
288.143
319.03
285.878
254.615
253.068
257.169
279.916
322.113
297.841
225.505
234.11
295.421
304.414
247.188
231.481
284.536
306.232
233.672
228.05
272.851
255.984
257.798
294.811
324.834
322.581
266.17
256.18
300.3
305.53
273.523
269.942
307.031
324.202
303.905
294.942
283.97
266.916
267.63
282.566
307.361
295.421
269.505
