1.06274e-311
inf
5.22469
59.2733
56.1561
48.0954
32.1642
33.2231
40.966
42.0725
45.0136
36.9754
31.6736
29.5666
33.3539
41.6945
47.6349
50.0375
50.1178
49.1292
19.8653
19.7781
48.9716
50.5715
49.8157
50.0576
50.9217
49.3267
49.4279
47.9881
42.8624
43.9551
48.7318
48.5037
47.0765
47.3272
46.5864
45.4938
45.959
47.9962
45.6882
44.4227
46.7508
46.7628
47.4417
45.5789
44.9297
47.6485
49.516
47.6974
41.2788
41.6363
46.199
47.6554
48.765
47.3552
47.7236
48.7781
47.6043
45.3248
42.604
43.1956
46.0872
46.8417
47.3552
45.8695
45.4422
47.1687
47.5308
45.8758
43.3858
43.4386
45.0004
46.0363
46.6451
46.2931
47.1487
46.9252
46.0225
43.2657
43.85
48.432
48.0088
48.3699
49.5025
49.4071
49.169
48.9189
48.5013
44.832
43.2835
45.4256
46.2781
47.3406
48.539
48.6003
47.9697
48.439
47.848
45.1457
42.5641
43.5502
46.6418
46.5593
46.3328
45.4887
45.0674
45.708
45.5104
43.5891
43.9918
46.6298
47.8366
47.9685
45.5322
45.2816
46.753
46.619
46.5095
44.6359
43.901
45.7457
46.0331
46.4598
47.5308
47.201
47.2657
46.6853
43.399
43.0533
45.92
47.0754
45.9992
45.1549
45.9897
46.3242
45.8547
43.4716
42.7725
44.3695
45.2356
44.7437
45.163
46.3413
47.1131
45.2735
43.3097
43.5474
44.0635
45.9886
45.2612
44.7117
46.0225
46.2032
45.5353
43.827
42.1763
43.9425
47.3328
47.7042
46.0437
45.3813
46.049
46.2353
46.3553
45.2683
43.368
42.5333
44.0189
46.8285
46.1127
45.4783
46.3446
46.6657
46.4177
43.3567
43.6557
46.4533
46.8011
46.4026
45.0999
45.4607
46.6461
47.3429
46.2385
44.0529
44.4444
45.5633
46.2524
46.7257
45.2335
44.7808
45.0177
45.5249
45.3854
44.7417
46.0713
47.5862
46.9958
45.8568
46.5365
47.3362
46.6037
44.604
43.276
44.0315
45.6329
45.4422
45.0938
46.013
46.5463
45.3206
44.8591
43.8818
42.7716
42.6394
44.8209
46.3919
46.4263
47.3194
47.0976
47.1921
48.0342
46.856
46.0649
47.1476
47.533
48.4719
48.223
47.1598
46.9506
47.6826
47.6849
46.3177
45.2131
45.528
47.3956
48.9105
47.8652
47.3608
45.4525
43.4443
44.615
44.4296
44.3616
45.0887
45.7949
46.7312
46.8055
47.0035
45.9485
45.3999
44.8511
43.8827
43.7694
44.8873
46.3585
46.3285
45.9939
46.6548
46.0851
45.3782
43.9551
43.1406
45.0521
45.0968
45.0359
46.3059
47.4665
46.741
46.3231
47.1342
46.6603
45.3196
46.569
47.7703
46.2353
46.1138
46.0162
45.6361
45.0532
44.116
41.0703
41.9252
45.7614
46.1691
47.426
48.4109
47.3306
45.5789
44.839
44.5742
45.2335
46.901
46.2267
43.7579
44.7247
46.7618
45.6548
45.9232
46.0003
44.0694
45.4391
47.7578
46.8779
46.1265
45.88
45.3968
46.0469
47.7909
44.4514
43.2358
45.8768
46.7137
48.0319
47.0102
46.3671
46.4436
45.334
44.7708
43.7752
44.4949
46.9958
47.6111
46.7672
46.2385
46.3403
46.0925
46.1744
44.5325
42.9775
44.479
45.0511
45.2427
45.3402
45.4349
45.5425
45.5685
45.8968
43.9802
43.3416
45.8463
47.3619
47.6724
47.4136
46.1063
45.584
46.7672
47.7373
44.3066
43.3821
45.6725
45.61
46.0035
45.6558
45.0633
46.292
43.8664
42.6976
44.8702
45.3865
46.8176
48.6204
46.7388
45.3721
44.3429
43.0357
43.4509
44.9903
45.3618
44.5981
45.4938
44.017
44.5722
47.7179
48.0896
45.2847
43.6196
45.9031
47.4203
45.6329
45.403
47.1032
46.9252
46.8
45.4452
43.4094
44.0587
46.0819
46.1787
45.7676
45.2581
44.7247
44.7688
46.1116
43.9947
42.6986
44.8732
46.6832
48.5578
46.8198
44.8039
44.3341
44.5048
45.7425
44.837
43.4
44.5167
45.754
46.1233
45.0846
45.4721
46.7366
46.4263
46.2802
44.2772
44.0558
45.4463
47.1032
47.8446
45.754
46.4522
46.901
45.0461
44.195
44.619
45.88
45.9548
45.6017
45.9116
45.7771
45.8148
45.8159
45.8306
45.4897
44.5444
44.9065
47.221
48.1255
46.5311
45.1967
45.731
47.4654
44.5911
44.082
46.0384
45.6256
46.7541
45.3135
43.3567
44.601
47.2344
45.0319
43.3285
45.7457
45.5031
45.3237
45.9717
46.0077
46.2289
45.3999
44.7447
44.7567
45.5467
45.4835
45.9538
46.8384
46.1702
45.1325
44.7938
43.7656
42.9682
44.7588
46.8033
46.6657
46.9197
48.3653
48.1267
47.6202
47.2277
43.3257
41.8498
45.212
47.7852
48.7567
46.246
46.0416
47.2992
47.2947
46.5073
42.8954
43.9213
47.453
47.4035
46.8845
47.6032
47.7578
46.8077
45.634
44.1608
43.901
46.4231
48.663
47.4721
46.1798
47.0245
46.3285
45.2304
45.4866
44.9115
44.404
44.5911
45.7509
47.2021
47.895
47.1887
46.7618
46.5636
45.0775
46.0776
47.6769
47.344
46.1894
46.7607
47.4237
46.393
46.4716
45.4866
44.9924
45.6548
46.246
47.0533
46.8933
46.2396
46.2481
46.3962
46.2652
45.0217
45.4649
47.9478
47.2199
47.0234
46.2289
44.9479
45.8001
44.61
42.7954
42.8229
45.8085
47.6032
47.1154
47.0124
47.6156
47.5919
46.8176
44.828
44.3764
47.0301
46.5766
46.1862
47.0444
45.5633
45.3463
45.2202
45.2386
43.0904
42.6303
45.0248
45.881
46.8242
46.5409
45.9559
46.0936
46.2824
44.837
44.607
47.1698
48.98
49.1232
47.6032
44.605
43.3934
43.3341
43.4311
43.4169
43.5114
45.608
48.01
48.4121
48.1487
46.6527
46.8658
47.0378
45.1661
44.3853
45.9464
46.8615
46.7979
47.6349
46.7771
45.4556
44.8843
44.9762
45.2786
46.1159
46.7246
47.0102
47.6417
46.7672
45.5654
44.8652
44.2674
43.0979
44.0441
46.788
46.2781
46.7115
47.8137
47.1509
47.0301
46.6407
44.5891
45.5716
47.4046
47.1476
48.9476
49.7203
49.0436
49.6081
49.0641
47.4879
46.1329
45.4731
47.7532
50.3385
51.7746
51.2794
49.6303
49.2138
48.1313
47.8126
47.2959
44.3528
44.3312
47.0987
49.1014
50.2399
49.6475
48.0896
46.8582
48.5296
49.6229
48.9452
50.0188
50.369
50.5855
51.2663
50.3563
50.0125
51.202
50.8634
49.5172
48.5755
47.8
48.8484
50.9372
51.3611
50.9749
50.3284
49.0569
49.9201
49.6512
45.1702
45.959
49.5516
49.9788
50.3943
50.7305
50.9931
48.2765
48.5284
48.6192
45.1376
47.102
50.6214
50.4363
50.7215
50.9243
50.5395
50.5561
49.6266
49.5516
46.6233
45.3834
48.4473
49.0713
49.445
50.355
50.9398
50.7357
50.3778
50.4617
46.7202
45.9443
49.3462
50.0688
49.6759
50.1467
50.5983
50.9061
50.9256
50.3208
47.8423
46.083
48.5072
50.7202
51.6502
50.2942
49.4218
50.5255
50.3867
50.7228
49.6857
48.1777
49.2963
50.7588
50.7408
50.9113
50.551
50.2588
50.5932
50.1316
50.5958
47.1976
46.9495
51.2847
51.557
51.1993
51.0087
50.2462
48.998
49.5946
50.3398
48.8818
47.4969
48.23
50.2475
51.096
49.5909
49.4694
49.9301
49.4205
50.2361
51.0282
48.2079
45.683
47.6508
50.3449
50.9022
50.3867
49.8579
50.0375
50.9567
51.5464
50.7138
47.8206
46.7312
47.8103
49.7104
51.1548
51.0491
50.3297
50.656
52.1553
52.3273
48.8436
47.694
48.1997
49.1763
51.4033
50.3373
50.5114
49.9139
49.3024
50.8958
48.2625
47.7304
49.8442
49.3012
50.1228
51.053
50.8621
50.3018
50.0425
51.0986
49.3961
47.5026
49.1027
51.0191
50.8156
50.2185
50.8958
51.3255
51.6729
49.3012
47.0511
47.7111
48.7805
49.2283
50.0789
50.1266
50.2828
51.1313
50.9619
51.3466
49.724
47.7373
48.5484
50.0964
50.7202
49.401
49.666
50.9282
50.7627
50.8647
49.2441
46.351
47.353
50.9139
51.8834
51.1339
49.5737
49.5172
51.198
51.8188
49.9725
43.4461
44.1306
48.9069
48.9788
50.6445
50.005
49.1244
49.6635
51.1417
48.7769
46.8999
46.7082
48.144
51.5477
51.6396
51.6849
52.1499
50.5868
50.1806
51.8874
50.1102
48.425
48.5119
49.7996
52.2016
51.7331
50.9684
51.6502
50.0902
49.9525
51.0269
49.2211
47.602
48.4039
50.8906
51.5318
50.8582
51.5159
51.1365
49.6142
48.0561
47.112
47.0854
48.8902
49.6771
49.2441
50.7202
51.1287
51.2072
51.553
50.7537
49.1618
48.4766
49.7562
51.3795
50.5472
50.7653
51.8793
51.6636
51.8242
51.8242
50.2778
47.5534
46.5528
48.4039
50.7769
51.1221
51.4986
52.2562
52.7051
51.3189
50.05
49.3121
47.735
49.7884
52.0535
50.9437
50.5906
50.9048
51.2755
51.3782
50.9749
49.729
48.3653
49.0906
49.1848
50.0651
51.3518
49.7426
49.6401
50.9996
51.2742
50.0163
48.6772
48.5897
49.0978
49.6376
50.7048
51.8807
51.4297
50.6817
50.9593
49.7872
47.6542
48.938
50.3829
50.0225
50.9918
49.838
50.3183
51.7023
49.8505
48.4226
47.3563
48.8866
49.3474
50.1593
52.6829
52.0386
52.0901
52.1064
50.7769
50.9139
49.8045
47.4147
48.3688
49.2078
49.8269
50.958
51.0934
51.3941
51.3716
50.4261
50.8027
48.266
47.7658
51.1797
51.1444
51.2492
51.5424
51.7197
51.5783
51.1601
51.0803
48.7199
47.0976
48.7329
51.0647
51.9211
50.5548
50.4541
51.443
51.8968
51.725
47.8526
46.2974
49.8058
51.8081
51.2269
51.4602
50.2588
49.9027
50.5817
50.8673
51.6182
49.3596
48.5025
49.489
50.158
51.0035
51.1941
50.7485
50.5191
51.13
51.1705
49.4096
46.8231
47.8801
50.8298
51.0269
50.6239
49.7438
49.8231
51.3663
52.1431
51.0921
48.4109
46.5149
48.752
51.8188
51.6622
51.6276
51.7947
51.406
50.746
50.8932
48.1035
47.1431
49.0906
50.449
51.7545
51.8901
52.2521
52.1227
50.9269
50.3056
50.2235
49.3182
49.4548
50.8531
51.1574
50.8621
50.583
50.6175
50.8427
50.3867
49.4315
48.5213
48.8198
49.543
49.2672
49.2417
51.0386
52.0955
51.8726
51.7384
51.083
50.0125
48.7508
49.4352
51.1797
50.1341
50.56
52.3629
52.0454
51.8726
51.7237
51.3321
48.8269
48.6772
51.079
51.2715
50.8182
51.1614
51.6676
50.407
50.8363
51.2978
47.2344
47.0234
50.597
51.4562
51.7331
51.5889
51.8175
52.448
51.4231
50.9892
49.0785
46.1574
46.7082
49.093
51.2453
51.8699
49.9226
49.8281
51.4231
51.6502
51.7518
50.3677
48.676
48.7187
49.5368
50.7988
51.5716
50.6393
50.8285
52.1404
52.3848
50.3284
48.3197
48.4966
50.0814
51.7652
51.7304
51.8968
51.6076
51.5397
52.0562
51.4337
48.0088
47.9386
50.8233
51.3189
51.8417
50.9931
50.8699
51.1535
51.6462
52.5818
51.9562
47.408
46.1744
48.4437
49.6549
51.2387
51.4668
51.8511
50.5996
50.1027
51.701
48.6452
47.8046
50.4007
48.6914
49.1461
51.0061
51.0908
51.9197
51.6342
51.4695
49.8741
47.5885
49.4096
52.1417
51.6582
51.9076
52.4563
52.105
52.7384
52.9213
52.0088
50.2109
48.1904
49.7141
52.1336
51.3308
50.0989
50.7717
52.5307
52.9956
52.2316
49.2162
47.4507
49.1981
51.4787
51.6662
50.5472
51.402
52.3245
51.6129
51.5956
51.6783
49.7971
48.0873
50.1505
52.2657
51.7665
50.647
50.3031
52.1472
53.2793
52.4191
50.6009
48.6452
48.9668
51.0478
52.0129
52.4164
52.8067
51.7799
51.4152
51.9548
50.9139
49.554
49.3048
50.6342
52.1948
52.222
52.082
52.5638
52.3478
53.4017
53.9855
52.4824
52.3684
52.9858
53.3319
55.0297
57.4119
58.5583
58.964
58.6682
57.2164
57.2099
56.9346
54.3596
54.0365
55.5602
56.3714
56.9233
57.6286
57.187
57.2606
58.1801
57.6668
57.0223
57.3049
55.7927
53.056
54.739
56.5099
56.6219
57.8068
57.1233
56.9557
57.6302
57.1935
54.6314
53.6092
53.8866
53.6049
53.6337
55.2914
55.0706
53.638
54.4321
54.9919
54.9738
54.5167
52.1621
50.2677
52.644
54.8576
54.6448
53.7071
53.6927
54.9828
54.1477
53.4017
53.9651
51.0282
49.249
52.1893
53.7967
53.8982
54.4499
52.4769
51.3954
52.5914
53.2779
54.1609
51.0569
47.9985
48.9261
51.3308
53.217
53.1293
51.6276
52.0616
53.7028
54.1345
54.781
52.3876
49.7896
50.3322
52.744
54.3656
54.0731
53.8155
53.3988
53.4117
53.9025
54.1477
52.5252
50.9918
51.3031
52.4714
53.7909
53.7071
53.1477
52.4728
53.1448
54.4959
54.0365
50.1844
49.5724
51.9791
52.9115
53.1519
53.6265
54.0555
54.0322
53.8155
53.8532
52.9956
50.9256
52.1798
54.8576
54.5554
54.2299
55.1709
55.1207
55.1435
54.8802
53.9855
51.3334
49.4523
51.1889
52.9395
52.6011
53.3547
54.1829
53.9302
54.1375
54.3862
53.3618
51.3888
49.2405
50.656
53.7273
53.9156
52.561
52.1621
53.0054
53.6064
54.1624
53.8329
52.5707
47.9421
47.24
51.8982
53.8474
52.4123
52.0264
53.1067
53.3689
53.723
53.6035
51.2256
50.3259
51.8457
52.2371
52.9325
53.3305
52.0129
52.0671
53.71
54.1594
53.1336
49.724
48.8926
50.9308
51.9373
52.8639
53.4802
52.3396
52.3451
52.9928
52.4866
52.8332
50.7228
48.1487
49.9625
53.2652
53.7519
53.3248
52.7997
51.6769
52.0007
52.9577
51.0777
49.6882
50.2955
51.6582
52.8541
53.4088
53.4202
53.0518
51.6876
51.5849
53.142
51.5756
49.7921
50.6752
51.9994
52.6648
53.9695
58.6923
63.1672
63.1094
61.1023
61.8047
63.7369
63.1592
60.2591
57.2688
57.3132
59.6552
62.0405
62.8871
62.7924
62.7608
61.8391
59.5681
60.3318
61.7322
61.6257
55.9347
53.5103
56.2398
58.067
60.7718
61.4571
61.4137
61.0557
60.9998
60.7626
60.3938
61.3196
59.1733
55.6808
58.1226
61.8085
59.7229
59.5096
61.2576
60.1359
60.0294
60.9125
60.0691
60.9515
62.3928
56.0994
53.0349
57.1886
58.5943
56.4382
57.7484
59.6694
60.2555
61.7589
61.4931
59.9036
59.6872
60.6355
57.0581
55.8925
58.099
56.6139
57.0304
59.6214
59.9592
60.6373
61.3046
61.3008
59.997
59.3489
58.1886
55.4416
57.6535
61.5252
61.2632
59.3824
59.7247
60.7903
60.7441
61.0035
60.9013
59.8838
59.5468
57.5606
56.3364
56.1372
57.2738
59.2593
59.3173
60.2555
60.6778
60.733
60.5969
61.078
59.7443
55.8472
53.8184
54.9405
57.2393
58.9588
59.312
59.7889
60.192
60.0944
59.8015
59.4089
58.3754
55.2273
53.71
56.5004
59.3014
59.6036
60.4906
59.1961
58.827
60.0384
59.4884
59.9395
57.9106
54.3198
55.5695
59.0807
59.8033
59.7229
59.78
58.7044
58.2971
59.2329
59.2224
59.2557
59.5628
56.9103
54.3331
56.3555
59.7425
60.551
60.3209
60.7201
60.1142
58.2903
58.3311
60.1594
60.7921
56.4748
53.2283
54.9043
57.5473
59.7407
60.0691
59.7711
60.4906
59.3331
58.548
59.8498
60.1287
57.2475
54.1287
55.3541
56.878
58.0551
59.9826
60.1504
59.9664
59.3384
56.7456
57.205
59.9305
56.4621
53.5719
54.1463
55.7414
58.2326
58.957
57.9777
58.2988
58.7786
58.2462
58.2377
58.6889
56.4525
55.7662
57.7784
58.5189
57.971
58.4761
59.5185
59.0842
58.5926
58.5995
58.7596
56.6107
54.9949
55.8956
57.919
59.1384
59.2435
57.7101
56.9346
58.5206
59.5291
59.805
58.9379
57.6402
56.281
55.1709
56.4956
57.9693
58.8564
59.3965
58.0855
58.4232
59.522
59.0336
59.0615
59.4919
56.5579
54.3109
56.057
58.5018
59.8892
59.8176
58.1429
58.1835
59.9251
59.9862
58.6287
59.0058
58.2445
55.054
56.319
59.1069
59.1349
59.2628
59.8426
58.9536
58.7251
59.5096
59.6516
59.8623
59.0336
54.0497
52.1757
56.1829
58.701
58.7699
59.3824
57.7834
57.3855
59.4001
59.3085
59.2979
60.1486
57.2557
52.426
50.597
51.8605
56.5467
59.004
59.2049
58.5052
57.7284
59.3525
59.9161
56.7972
53.6064
55.2944
57.7634
58.763
59.5948
59.4301
59.1314
58.5686
57.7784
58.5806
59.6712
59.2645
55.7196
55.7491
57.2181
57.076
59.268
60.2301
59.5486
58.0417
57.1363
57.924
60.0727
60.2246
56.5803
53.7822
54.9269
57.3789
58.7475
59.0702
59.4866
59.3842
59.2628
58.7216
58.3158
58.7786
55.9018
54.939
57.6984
58.0855
57.9845
58.9744
59.1139
56.9055
57.0434
57.8319
57.852
57.6602
54.808
55.5664
59.0877
60.1884
58.0518
55.8722
56.273
57.9996
59.8158
59.7015
57.8536
55.7724
53.7996
54.4751
57.7367
58.5035
57.1755
58.0973
59.3243
58.682
58.7113
58.7027
58.7768
55.802
53.6021
56.5531
59.0667
59.4159
59.2364
57.9643
58.1852
59.2803
59.2997
60.1468
57.4531
53.6927
55.5093
58.0922
58.43
59.0947
59.1017
59.0912
57.2787
57.612
59.6908
59.6445
59.6872
55.991
54.2711
56.8764
58.1598
58.9362
58.9466
58.682
58.6975
59.2874
59.8247
59.3859
59.7122
57.7567
55.2914
55.9018
57.7034
58.4232
59.0023
58.9293
58.4197
57.7451
58.2649
60.0944
60.0276
59.6588
57.4812
53.1519
54.6762
59.4142
59.254
58.7044
58.8253
59.3349
56.8343
55.9175
58.4471
55.8659
51.0425
51.878
53.9942
55.5263
58.3158
58.3839
58.4693
59.1366
58.732
58.7492
59.6143
56.4748
54.1331
56.123
56.3777
56.1309
57.3296
58.4505
58.5772
58.9536
59.625
58.067
58.6252
57.8854
54.7106
56.243
59.072
57.1478
57.0483
59.0842
59.2207
59.3313
58.8772
57.8051
58.4266
59.6143
58.072
56.4525
56.802
58.4027
58.418
58.7475
59.6036
59.3648
59.0005
58.846
58.355
58.4402
57.7467
54.9119
56.112
58.9744
59.4937
58.4232
58.0788
59.3736
59.6605
59.8964
59.7639
58.0114
56.2873
55.8722
55.6204
56.5179
58.7976
58.808
58.5789
58.7458
58.853
59.5948
59.5575
59.848
57.3575
52.9437
53.0265
55.7041
57.7567
58.872
57.3773
57.1657
58.827
59.3208
59.5859
59.6445
55.2669
53.904
56.2715
56.9525
58.4778
58.8322
57.0402
56.6428
58.3175
59.0859
58.099
58.2937
59.3983
53.1208
52.5679
58.1345
57.9223
58.1971
58.8253
57.8369
58.5035
58.8356
58.6803
59.3613
56.8327
53.4316
54.2064
57.7934
59.3419
59.5575
58.5617
58.6803
58.389
58.5943
59.3137
58.5497
58.9484
57.0858
53.9389
55.1283
57.8888
58.7216
59.5717
59.2452
58.4812
59.0999
59.7496
59.997
60.2936
58.1041
52.8877
54.0292
59.0406
58.8824
58.4471
58.651
59.2698
58.4744
58.2564
58.8893
58.732
55.9003
51.3875
52.1676
56.6717
58.7941
59.5805
59.4919
58.4624
57.6186
58.418
59.6232
57.7334
55.0191
56.1041
58.7389
58.2309
58.7165
59.4619
59.319
59.2751
58.7751
58.6596
58.3158
56.6267
55.1253
56.2114
58.4419
59.3807
57.6618
57.5043
59.1121
59.7193
59.8964
59.5717
59.0842
