1.06099e-311
inf
5.03918
259.067
354.421
855.432
1865.67
1257.07
942.063
1317.52
2087.68
2314.81
2604.17
2812.94
3241.49
3367
3490.4
3809.52
4024.14
4106.78
4282.66
4415.01
4415.01
4444.44
4545.45
4535.15
4524.89
4535.15
4555.81
4494.38
3539.82
3034.9
3215.43
3663
4255.32
4484.3
4514.67
4464.29
4444.44
4524.89
4662
4640.37
4434.59
4395.6
4504.5
4474.27
4444.44
4415.01
3539.82
2911.21
2506.27
2386.63
2770.08
3305.79
3289.47
2621.23
2797.2
3305.79
2314.81
2444.99
3724.39
3442.34
2886
2945.51
2758.62
3021.15
3883.5
3174.6
3333.33
4219.41
4524.89
4357.3
3875.97
4032.26
4555.81
4716.98
4662
3992.02
3809.52
3656.31
3241.49
1314.92
940.291
1623.38
3717.47
2171.55
2141.33
4618.94
3289.47
2554.28
3169.57
4273.5
4950.5
5154.64
5221.93
5208.33
5208.33
5291.01
5333.33
5333.33
5434.78
5509.64
5420.05
5376.34
5333.33
5390.84
5524.86
5571.03
5586.59
5333.33
5291.01
5434.78
5420.05
5464.48
5555.56
5617.98
5665.72
5730.66
5730.66
5586.59
5479.45
5540.17
5602.24
5602.24
5617.98
5665.72
5602.24
5555.56
5617.98
5633.8
5698.01
5763.69
5665.72
5571.03
5586.59
5555.56
5555.56
5633.8
5633.8
5602.24
5571.03
3861
3189.79
1602.56
1327.14
2217.29
3478.26
4705.88
5063.29
5347.59
5479.45
5524.86
5586.59
5649.72
5714.29
5730.66
5714.29
5763.69
5797.1
5813.95
5847.95
5882.35
5847.95
5830.9
5865.1
5865.1
5847.95
5830.9
5813.95
5813.95
5847.95
5813.95
5763.69
5586.59
3072.2
2762.43
3311.26
3129.89
3424.66
3091.19
2735.98
3378.38
3731.34
3257.33
3355.7
2812.94
2853.07
2583.98
2816.9
4366.81
4566.21
4926.11
5102.04
5249.34
4514.67
4032.26
4264.39
676.361
660.939
3514.94
3731.34
3968.25
4192.87
4291.85
4514.67
4385.97
4273.5
4395.6
4385.96
4415.01
4434.59
4474.27
4524.89
4073.32
4032.26
4796.16
5347.59
5524.86
5586.59
5617.98
5665.72
5714.29
5780.35
5115.09
4830.92
5194.8
5390.84
5555.56
5571.03
5602.24
5602.24
5540.17
5540.17
5602.24
5361.93
5347.59
5633.8
5617.98
5633.8
5665.72
5665.72
5681.82
5763.69
5730.66
5617.98
4962.78
4662
5050.51
5291
5390.84
5420.05
5449.59
5464.48
5509.64
5555.56
5586.59
4761.9
4089.98
3466.2
2557.54
2754.82
3809.52
3802.28
3690.04
3738.32
3968.25
4683.84
5390.84
5617.98
5698.01
5665.72
5540.17
4728.13
4376.37
4694.84
4842.61
4962.78
5115.09
5291
5420.05
5494.51
5509.64
4524.89
3984.06
4149.38
4192.87
4237.29
4385.97
4535.15
4640.37
4901.96
4807.69
4842.61
4901.96
4773.27
4662
4807.69
4950.5
4926.11
4914
4773.27
4878.05
5050.51
4962.78
4950.5
4866.18
4866.18
4975.12
4962.78
5115.09
4830.92
4854.37
4914
4901.96
4842.61
4819.28
4878.05
4784.69
4938.27
4807.69
4566.21
4535.15
4566.21
4166.67
3361.34
3305.79
3824.09
3875.97
3831.42
3838.77
3780.72
3795.07
4424.78
5434.78
5633.8
5633.8
5602.24
4962.78
4629.63
4938.27
5102.04
5208.33
5319.15
5347.59
5263.16
5194.8
5263.16
5347.59
5420.05
5509.64
5524.86
5479.45
5524.86
5555.56
5571.03
5649.72
5649.72
5617.98
5571.03
5586.59
5633.8
5586.59
5555.56
5479.45
5319.15
5390.84
5617.98
5649.72
5633.8
5361.93
4618.94
4376.37
4739.34
5050.51
5208.33
5347.59
5405.41
5390.84
5449.59
4739.34
4310.34
4672.9
5000
5154.64
5277.04
5449.59
5509.64
5420.05
4901.96
3992.02
2844.95
2954.21
4123.71
4310.34
4424.78
4705.88
4889.98
4640.37
4842.61
5141.39
4938.27
4962.78
5012.53
5037.78
5221.93
5633.8
5847.95
5813.95
5681.82
5649.72
5763.69
5847.95
5730.66
5509.64
2061.86
1838.24
3521.13
3937.01
4291.85
4535.15
4608.3
4576.66
4566.21
4545.45
4192.87
4319.65
4987.53
5208.33
5319.15
5434.78
5524.86
5633.8
5730.66
5730.66
5665.72
5681.82
5698.01
5698.01
5747.13
5747.13
5681.82
5602.24
5617.98
5698.01
5714.29
5698.01
5681.82
5665.72
5665.72
5681.82
5665.72
5730.66
5813.95
5763.69
5730.66
5780.35
5797.1
3731.34
3210.27
3690.04
616.333
603.682
2688.17
3355.7
5115.09
5063.29
4329
3436.43
2777.78
3184.71
4210.53
4255.32
4319.65
4395.6
4566.21
4629.63
3338.9
3327.79
4415.01
3921.57
4166.67
2828.85
2503.13
3076.92
3267.97
4048.58
3241.49
2649.01
2732.24
3100.78
3731.34
4255.32
4728.13
5025.13
5181.35
5376.34
5649.72
5698.01
5665.72
5698.01
5405.41
5333.33
5617.98
5681.82
5665.72
5665.72
5649.72
4587.16
3703.7
3412.97
3496.5
3590.66
3546.1
3752.35
1311.48
1285.35
2985.07
3273.32
4192.87
4166.67
4219.41
4237.29
4338.39
3210.27
3184.71
4166.67
4149.38
2898.55
2547.77
2967.36
2849
1367.05
1339.58
3327.79
4914
5154.64
5263.16
5347.59
5509.64
5633.8
4761.9
4032.26
4106.78
3424.66
1319.26
1338.69
3338.9
3898.64
4192.87
3395.59
901.307
906.618
2547.77
2380.95
2525.25
2621.23
3231.02
3831.42
3752.35
3883.5
4065.04
4123.71
4106.78
4255.32
4424.78
4545.45
4597.7
4576.66
4555.81
4545.45
4555.81
4504.5
4474.27
3780.72
2684.56
2487.56
3430.53
4545.45
3527.34
3327.79
4175.37
4376.37
3669.72
3703.7
4514.67
4555.81
4434.59
4796.16
5333.33
5524.86
5681.82
5025.13
4975.12
5763.69
4975.12
3690.04
3921.57
4166.67
3058.1
872.981
902.934
3831.42
4184.1
4310.34
4291.85
4255.32
4273.5
4056.79
3853.56
4081.63
4089.98
4132.23
5050.51
5305.04
1438.85
1354.1
3838.77
3378.38
3603.6
3508.77
2518.89
2754.82
3690.04
3853.56
3906.25
4444.44
5063.29
5420.05
5681.82
5063.29
3389.83
3401.36
3241.49
3273.32
4504.5
4415.01
4444.44
4484.3
4555.81
3412.97
3401.36
4474.27
4524.89
3484.32
3159.56
2684.56
1466.28
1452.43
2706.36
3154.57
2743.48
2828.85
2873.56
2958.58
3502.63
4484.3
4535.15
4672.9
5141.39
5333.33
5602.24
5865.1
5934.72
5899.7
5899.7
5970.15
6024.1
6024.1
5952.38
5847.95
5847.95
5917.16
5899.71
5797.1
5813.95
5865.1
5797.1
5747.13
5797.1
5865.1
5899.7
5865.1
5847.95
5882.35
5934.72
6006.01
6006.01
5797.1
5586.59
5714.29
5917.16
5970.15
6006.01
5988.02
5952.38
5917.16
5882.35
5899.7
5952.38
5988.02
6006.01
6006.01
6006.01
6079.03
6079.03
5970.15
5899.7
5899.7
5934.72
5865.1
5780.35
5797.1
5847.95
5730.66
663.79
647.668
4357.3
5089.06
5376.34
5509.64
3752.35
2801.12
3220.61
4415.01
5405.41
5665.72
5730.66
3584.23
2702.7
2836.88
2894.36
2932.55
2936.86
2989.54
3025.72
2962.96
3012.05
3115.26
3067.48
3110.42
3236.25
3200
3105.59
3053.44
3100.78
3139.72
3154.57
3174.6
3780.72
5063.29
5617.98
5865.1
3883.5
2985.07
777.907
748.783
2457
2919.71
3773.59
4385.97
3436.43
3490.4
4566.21
3378.38
2713.7
3395.59
3454.23
3472.22
4587.16
3466.2
2919.71
3030.3
3044.14
3007.52
2949.85
2958.58
3021.15
3110.42
3125
3062.79
3072.2
3169.57
3184.71
3169.57
3795.07
3891.05
3802.28
3484.32
2949.85
2941.18
2894.36
2857.14
3372.68
4662
5221.93
1015.74
948.767
2621.23
2962.96
4166.67
4255.32
3125
3003
4310.34
4842.61
5076.14
5089.06
4201.68
3921.57
4357.3
4576.66
4830.92
4866.18
4889.98
1103.14
1067.24
3952.57
4228.33
4504.5
4597.7
4672.9
4683.84
4640.37
3189.79
3154.57
4405.29
4662
5194.81
5449.59
5633.8
3731.34
3418.8
4347.83
4319.65
4405.29
3384.09
3460.21
3521.13
3552.4
4597.7
4329
3003
1616.81
1529.05
2176.28
3246.75
5263.16
5571.03
5714.29
4098.36
3478.26
4040.4
4098.36
4246.28
4415.01
4395.6
4424.78
3944.77
3968.25
4338.39
4357.3
4545.45
4282.66
3577.82
3773.59
4587.16
4273.5
4228.33
4464.29
4405.29
4651.16
4504.5
4454.34
4524.89
4535.15
4166.67
3149.61
3139.72
3824.09
3696.86
3898.64
4357.3
4310.34
3780.72
3436.43
2614.38
2229.65
2192.98
2656.04
3898.64
4040.4
4291.85
2724.8
917.852
866.176
2306.81
4672.9
5221.93
5434.78
5602.24
5730.66
5847.95
5000
4796.16
5555.56
5730.66
5464.48
4889.98
4901.96
5347.59
5509.64
5602.24
5665.72
5681.82
2844.95
2350.18
3231.02
3861
4784.69
5235.6
5464.48
3831.42
3571.43
4395.6
2797.2
2301.5
2695.42
3262.64
2677.38
1813.24
1970.44
2509.41
2560.82
2392.34
2183.41
1928.64
713.776
652.955
773.395
855.066
323.677
332.668
2941.18
4329
4866.18
4889.98
5037.78
5154.64
5115.09
5263.16
5361.93
5221.93
5277.05
5479.45
5617.98
5681.82
5665.72
5602.24
5509.64
5390.84
5181.35
4739.34
4739.34
5102.04
5305.04
5524.86
5633.8
5633.8
5586.59
5571.03
5571.03
5617.98
5698.01
5813.95
5847.95
5698.01
5586.59
5665.72
5681.82
5763.69
5952.38
5917.16
5865.1
5917.16
5934.72
5865.1
5763.69
5763.69
5865.1
5882.35
5847.95
5899.71
5847.95
5763.69
5830.9
5865.1
5882.35
5952.38
5988.02
5988.02
5934.72
5917.16
5952.38
5970.15
5917.16
5847.95
5865.1
5899.7
5865.1
5813.95
5813.95
5291.01
5235.6
5747.13
637.349
594.354
2583.98
2331
481
473.821
1554
859.845
970.403
2200.22
2139.04
2004.01
1813.24
1577.29
2014.1
3300.33
3913.89
4329
4566.21
4608.3
4357.3
4329
4535.15
4566.21
4597.7
4889.98
5012.53
4926.11
4950.5
4618.94
4683.84
4975.12
4878.05
4761.9
4662
4081.63
3921.57
3802.28
3603.6
3984.06
3937.01
3898.64
4587.16
5347.59
5509.64
5617.98
5730.66
5730.66
5681.82
5665.72
5555.56
5617.98
5899.71
5952.38
5865.1
5747.13
5586.59
5617.98
5698.01
5524.86
5571.03
5865.1
5899.71
5747.13
5633.8
5649.72
5714.29
5747.13
5830.9
5847.95
5714.29
5747.13
5797.1
5763.69
5763.69
5681.82
5714.29
5797.1
5747.13
5698.01
5698.01
5730.66
5813.95
5865.1
5847.95
5813.95
5797.1
5865.1
5882.35
5865.1
5830.9
5830.9
5882.35
4807.69
4237.29
4662
4739.34
4608.3
4683.84
4975.12
345.662
327.869
2227.17
2649.01
2890.17
2998.5
3478.26
4192.87
4310.34
4484.3
4587.16
3454.23
2816.9
2797.2
3378.38
4366.81
4357.3
4524.89
4608.3
4672.9
4705.88
3861
3690.04
4474.27
4889.98
5089.06
4914
4158
3891.05
3846.15
2945.51
2989.54
3669.73
3710.57
4291.85
4938.27
5181.35
4914
3278.69
2894.36
2554.28
825.764
898.876
2739.73
2673.8
3205.13
3378.38
2219.76
1968.5
2610.97
3105.59
2936.86
3125
4264.39
3278.69
3194.89
3225.81
3395.59
3395.59
3407.15
3350.08
3401.36
3418.8
3205.13
4424.78
4210.53
3745.32
2801.12
2478.31
2945.51
3205.13
2945.51
3231.02
3231.02
3194.89
4140.79
3484.32
3703.7
4514.67
3384.09
2865.33
850.34
865.052
3616.64
4123.71
4357.3
4464.29
4535.15
4597.7
3508.77
3571.43
3669.73
3053.44
3824.09
3656.31
3683.24
3629.76
3558.72
4504.5
3738.32
651.678
655.738
3676.47
4098.36
4474.27
4587.16
3350.08
2766.25
2941.18
3636.36
4415.01
4291.85
3289.47
3262.64
4192.87
4273.5
4357.3
4282.66
938.527
900.495
2824.86
3200
4395.6
4830.92
5102.04
5208.33
5305.04
5464.48
5665.72
5797.1
5847.95
5847.95
3724.39
3338.9
4219.41
3565.06
3824.09
4597.7
4237.29
3610.11
2919.71
2642.01
2836.88
3738.32
4950.5
5464.48
2691.79
2364.07
3636.36
2976.19
2894.36
3629.76
3891.05
4032.26
4273.5
4576.66
3436.43
3294.89
4464.29
4987.53
5263.16
3703.7
3294.89
3262.64
3289.47
4048.58
617.284
590.667
3139.72
3316.75
2816.9
2098.64
1640.69
2162.16
3267.97
3610.11
3110.42
3236.25
4301.08
4228.33
4395.6
3350.08
3284.07
4246.28
2849
2344.67
3144.65
4032.26
3179.65
3294.89
4264.39
4175.37
4357.3
3311.26
2659.57
830.22
335.177
463.285
3125
4132.23
346.741
325.15
2197.8
3139.72
3262.64
3623.19
3669.73
3584.23
3521.13
2472.19
1858.74
2129.93
786.782
700.525
1982.16
3861
4629.63
4716.98
5000
5063.29
4329
3007.52
3174.6
4385.97
4395.6
3565.06
2378.12
2312.14
3231.02
3759.4
2967.36
2631.58
2656.04
3091.19
2344.67
2262.44
2638.52
2747.25
3921.57
3597.12
2706.36
1356.85
1355.93
2724.8
3448.28
3200
3125
2680.97
838.223
869.187
2923.98
3236.25
3642.99
3929.27
3891.05
2684.56
32.8337
32.8958
3086.42
3169.57
3311.26
4385.97
4987.53
5277.04
4914
4819.28
5012.53
5128.21
5509.64
5633.8
5649.72
5665.72
5649.72
5586.59
5540.17
5617.98
5681.82
5681.82
5797.1
5813.95
5698.01
5555.56
5405.41
5333.33
5390.84
5555.56
5681.82
5649.72
5586.59
5571.03
5617.98
5714.29
4608.3
3861
3533.57
3284.07
3395.59
3344.48
3710.57
4640.37
1647.45
1552.79
3053.44
2941.18
3508.77
3683.24
3780.72
4065.04
4237.29
3846.15
3831.42
3174.6
3039.51
3139.72
3294.89
3952.57
2873.56
2980.63
3294.89
2624.67
3007.52
3809.52
3656.31
3944.77
4784.69
5141.39
4545.45
4073.32
3395.59
3053.44
3125
2919.71
2998.5
3257.33
3246.75
3220.61
3401.36
3809.52
4264.39
4073.32
810.045
777.001
2824.86
2989.54
3034.9
3144.65
3236.25
3081.66
2828.85
3262.64
4444.44
5012.53
5221.93
5361.93
5333.33
5291.01
3194.89
2666.67
3169.57
3418.8
3898.64
4106.78
4255.32
4376.37
4338.39
4219.41
4504.5
4914
4175.37
3669.72
3745.32
3875.97
4081.63
4081.63
3824.09
3984.06
4535.15
4796.16
5063.29
5420.05
5633.8
5698.01
5797.1
5830.9
5000
4149.38
4106.78
4395.6
3338.9
780.945
792.393
3072.2
3472.22
3944.77
4192.87
4301.08
4291.85
4329
3205.13
3076.92
1848.43
1707.94
3508.77
4728.13
5249.34
5434.78
5540.17
5602.24
5665.72
5730.66
5747.13
5747.13
5797.1
5847.95
5830.9
5830.9
5865.1
5882.35
5865.1
5763.69
5681.82
5747.13
5763.69
5747.13
5714.29
5602.24
5509.64
5390.84
5390.84
5571.03
5797.1
5934.72
5988.02
6042.3
5763.69
5714.29
3766.48
3311.26
4056.79
4415.01
5181.35
5509.64
5681.82
5730.66
5763.69
5830.9
4962.78
3968.25
3484.32
3430.53
3656.31
2873.56
2865.33
3745.32
3780.72
4434.59
5449.59
5617.98
5698.01
5714.29
5025.13
4597.7
4830.92
5167.96
5494.51
5555.56
5494.51
5434.78
4166.67
3838.77
4366.81
4576.66
5000
5305.04
5319.15
4319.65
4073.32
4504.5
4246.28
4158
4484.3
4878.05
4866.18
4866.18
4901.96
4975.12
5012.53
5050.51
5181.35
4866.18
4807.69
5076.14
5154.64
4901.96
4987.53
4987.53
4962.78
4975.12
4926.11
4338.39
2547.77
2590.67
4376.37
5089.06
5390.84
5540.17
5665.72
5524.86
5540.17
5747.13
5780.35
5882.35
2103.05
1547.99
2047.08
2085.51
2398.08
3773.59
5434.78
5602.24
4454.34
2724.8
2409.64
2781.64
3502.63
4784.69
5141.39
5319.15
5586.59
5847.95
5934.72
5952.38
5102.04
4405.29
4098.36
4081.63
4474.27
4115.23
4048.58
4065.04
4056.79
4705.88
4914
4914
5235.6
5602.24
5714.29
5376.34
5319.15
4357.3
3921.57
3125
2277.9
2325.58
2564.1
2967.36
3484.32
3533.57
3861
3968.25
4140.79
4597.7
2285.71
2148.23
3590.66
3921.57
3361.34
2724.8
2785.52
3448.28
4842.61
5464.48
5665.72
5747.13
5698.01
5681.82
5698.01
5813.95
6006.01
6006.01
6006.01
6042.3
5970.15
5899.7
5934.72
5934.72
5899.7
5899.7
5917.16
5970.15
5952.38
5917.16
5917.16
5917.16
5934.72
5934.72
5917.16
5899.7
5882.35
5847.95
3552.4
3327.79
3831.42
3278.69
3802.28
3110.42
2873.56
3846.15
4347.83
3616.64
3610.11
4357.3
4255.32
3316.75
3344.48
4597.7
4830.92
5037.78
5479.45
5586.59
5555.56
5319.15
5291.01
5617.98
5730.66
5797.1
5714.29
5555.56
5509.64
5555.56
5555.56
5524.86
4494.38
3584.23
3831.42
4576.66
4878.05
4807.69
4807.69
5050.51
5154.64
5181.35
5333.33
5602.24
5681.82
5714.29
5747.13
5763.69
5763.69
5813.95
5847.95
5698.01
5665.72
5665.72
5571.03
3960.4
3478.26
4140.79
4329
4454.34
4524.89
4291.85
4098.36
4385.97
4796.16
4524.89
4338.39
4454.34
4576.66
4807.69
4566.21
4301.08
4683.84
4889.98
4889.98
4830.92
4535.15
4454.34
4357.3
4474.27
4555.81
4434.59
4474.27
4338.39
4494.38
4474.27
4444.44
4819.28
4938.27
4484.31
4319.65
4424.78
4576.66
4514.67
4089.98
4405.29
4683.84
4819.28
3752.35
3539.82
851.426
805.153
3205.13
3663
3861
2890.17
2600.78
3053.44
2967.36
3527.34
4444.44
4819.28
5050.51
4273.5
3992.02
3984.06
3883.49
4484.3
4975.12
3490.4
3144.65
2994.01
2898.55
3629.76
3717.47
4098.36
4796.16
4524.89
4016.06
4048.58
4184.1
4237.29
3012.05
2801.12
3546.1
3649.64
4098.36
4415.01
4132.23
3448.28
3039.51
3016.59
1358.7
900.901
1447.18
3533.57
2702.7
2378.12
2638.52
2670.23
2828.85
3039.51
3490.4
4048.58
3906.25
3717.47
4081.63
3868.47
3976.14
4866.18
4032.26
3984.06
4618.94
4566.21
4048.58
3696.86
4524.89
4651.16
4282.66
4464.29
4514.67
4319.65
3795.07
3333.33
3590.66
4184.1
4073.32
4149.38
4338.39
4415.01
4597.7
4608.3
4545.45
4434.59
3944.77
3809.52
4237.29
3853.56
3508.77
3992.02
3344.48
941.177
972.29
3696.86
3992.02
4081.63
4545.45
4618.94
4608.3
4123.71
3164.56
3179.65
4319.65
2732.24
1839.93
893.655
859.845
1644.74
2053.39
2421.31
1596.17
1765.23
2998.5
3003
3571.43
3372.68
3521.13
4597.7
4750.59
4854.37
4914
4854.37
4938.27
5050.51
4184.1
4024.14
4716.98
4716.98
2283.1
1876.17
2684.56
3305.79
4184.1
4640.37
4651.16
4640.37
4629.63
4705.88
4987.53
4901.96
4914
5102.04
4889.98
5012.53
4975.12
5000
5167.96
5063.29
5102.04
4901.96
5000
5194.8
4784.69
4705.88
4597.7
4545.45
4889.98
4366.81
3731.34
4065.04
4878.05
5249.34
5361.93
5154.64
5115.09
5305.04
5235.6
5167.96
4914
4201.68
4098.36
3968.25
3868.47
4405.29
4796.16
4938.27
5154.64
5012.53
4914
4950.5
5076.14
5115.09
5025.13
5000
4938.27
5291.01
