2.87892
14.2187
15.3075
14.8578
15.7873
16.185
16.1329
19.3101
19.5846
19.3628
19.5404
20.0116
20.2755
20.5276
20.1213
19.8695
19.9906
19.5785
19.0982
19.5002
20.2809
20.228
18.826
18.9962
20.0278
20.1902
20.3888
20.0367
20.3264
20.7153
20.3453
19.5063
19.7134
20.0636
19.7977
19.4245
19.4345
19.8851
19.5746
19.2003
19.6215
20.4601
19.9651
18.817
19.47
20.1213
20.1992
19.6624
19.489
19.1055
18.1511
18.281
19.1727
19.9673
19.9106
19.8081
19.871
20.2247
20.2671
19.2173
19.2001
20.0507
19.9122
19.4214
18.8519
19.7352
20.5463
19.5547
19.2033
19.7808
20.1983
20.0761
20.1418
20.4746
19.9657
19.9571
19.9712
19.9108
19.9958
19.692
19.3439
18.9919
19.694
19.7969
19.5046
19.5681
19.8314
19.7474
19.2284
19.3936
19.7808
20.319
19.0829
18.6843
19.7552
20.2431
20.0106
19.6566
20.2819
20.343
19.5591
19.3336
19.64
19.7416
19.2055
19.3585
19.9023
20.0735
19.8069
19.5632
19.7693
19.9617
19.8801
19.6065
19.8287
20.1329
19.6036
19.3334
19.5965
19.4767
19.6236
18.11
18.0904
19.3815
18.9564
18.909
19.2903
19.7857
19.93
19.3765
19.2003
19.7254
19.8397
19.2858
19.3463
20.1871
20.0961
18.9129
18.9858
19.5844
18.8161
18.3133
18.5642
18.9136
19.0962
19.1703
19.3179
19.5911
19.5624
18.7735
18.7142
19.6167
20.0028
19.3883
19.1657
19.2195
19.2784
19.0206
18.9081
19.3787
19.0091
18.6426
18.9757
19.0707
18.9717
19.0271
18.8347
19.1611
19.7017
19.1876
19.102
19.6017
19.1011
18.9658
19.5145
19.4307
19.2435
18.7385
18.1273
18.3377
17.9686
17.3691
17.2342
17.6933
17.6916
17.1393
17.5243
18.4522
19.0078
19.467
19.6785
19.6742
19.3966
19.1184
19.1408
18.6265
18.745
18.683
18.919
19.0614
18.783
19.0823
19.2123
18.5057
18.2279
19.0154
19.2404
18.7415
18.694
19.1698
18.6822
18.3834
18.7677
19.2114
19.2989
18.5632
18.5057
19.1841
19.0456
18.644
19.0681
19.5398
19.0865
18.69
18.8292
19.1767
19.0543
18.3839
18.7447
19.3405
18.8758
18.6312
18.7626
19.1454
18.4498
17.8334
18.3023
18.5031
18.4657
18.2472
18.2732
18.3668
18.1566
18.542
18.761
19.0667
18.7979
18.2692
18.6982
18.4271
18.1627
18.7338
18.6355
17.5549
17.56
18.2022
18.5751
18.0322
17.9783
18.5991
18.353
18.1335
18.4597
18.5905
18.3244
18.3672
18.3582
18.572
18.3579
17.6861
18.4756
18.9337
17.7126
17.8921
18.3355
18.3335
18.2284
17.9588
18.5827
19.0729
18.2121
17.8244
18.4669
18.1719
17.6918
18.0086
18.5096
18.2949
18.1889
18.0515
17.7007
17.4532
17.4441
18.0833
18.0937
17.9126
18.451
18.8635
18.2221
17.6925
17.9414
18.3597
18.0409
17.9038
18.505
18.4592
17.6916
17.4802
17.9643
17.5778
17.4666
18.1518
18.3142
17.3405
17.1409
18.4074
18.4746
17.717
17.9017
18.1048
17.6607
17.6755
18.0114
18.0157
17.7516
17.634
17.6159
17.8637
17.5758
17.3602
17.8355
17.8236
17.118
17.3391
18.1554
17.5082
17.5526
18.3053
17.8653
17.0288
17.2586
17.706
17.1755
16.431
16.8255
17.4063
17.1888
17.5714
17.5486
16.9689
17.339
17.6519
17.6833
17.6721
17.5804
17.8883
17.5517
17.0026
17.3382
18.0182
17.0097
16.8094
17.8066
17.5239
17.1031
17.3694
17.7874
17.3411
17.2478
17.8399
17.7004
17.0111
17.2415
17.7432
17.4934
17.0923
17.3602
17.5039
16.3022
16.4942
17.3711
16.947
17.1226
17.5322
17.4984
16.7678
16.8801
17.6819
17.4531
16.9931
17.0723
17.6465
17.2945
16.8923
17.4998
17.204
16.4259
16.7002
17.3003
17.4252
16.9801
17.04
17.4266
16.4667
16.3886
17.296
17.1774
17.0513
17.2798
17.4525
16.9331
16.8152
16.5594
16.4093
16.3812
16.2615
17.0481
16.9912
16.6454
17.0481
17.0831
16.6306
16.7507
17.0723
16.3709
16.4769
17.0259
16.7061
16.3771
16.5386
17.1336
16.5556
16.5455
17.221
16.6775
16.7101
17.1466
17.2667
16.8893
16.8518
17.1715
16.6012
15.7302
16.1625
17.2328
15.9412
15.5358
16.6352
16.0537
16.0291
17.074
16.8687
16.3705
16.5438
16.834
16.4151
16.2566
16.5056
16.3059
16.2184
16.4549
16.4666
16.2148
16.3669
16.7048
16.4078
16.5814
16.8329
16.0697
15.9566
16.3937
16.332
15.8826
16.1458
16.7959
16.2656
16.1179
16.5044
15.6743
15.9515
16.0614
15.3679
15.3238
15.5429
16.2268
15.5047
14.5329
14.352
14.8211
15.9654
16.7167
16.0222
15.9544
16.512
16.1434
15.8981
16.2131
16.5203
15.7791
15.1835
15.6435
15.9454
16.2338
16.6161
16.6074
16.0937
15.979
16.3889
16.0228
15.7186
15.9333
16.2711
16.1036
16.1768
16.3518
15.5015
14.9168
14.9501
14.8233
15.1629
16.0397
16.021
15.9237
16.4165
16.3996
15.5557
15.566
16.1364
15.5983
15.6906
16.476
16.2643
16.1388
16.3755
15.9551
16.0909
16.2624
16.3187
16.1101
16.005
16.5905
14.7131
14.7751
16.8466
15.7954
15.6366
16.4293
16.4468
16.2758
16.2009
16.449
16.1189
16.021
16.3532
16.3345
16.3922
16.3945
16.2454
15.7115
15.7266
16.4633
15.7054
15.7208
16.3367
15.9148
15.8025
16.029
16.1505
15.6162
15.9125
16.409
16.001
16.047
16.2623
16.0454
16.0726
16.1376
16.3228
16.0632
15.8779
16.3873
15.8277
15.6223
16.2441
15.7515
15.6446
16.0843
16.2664
16.2689
15.7467
15.849
16.0684
15.9082
16.2278
16.0256
15.3263
15.4319
15.7705
15.5362
15.7769
16.0407
15.4501
15.6836
15.9347
14.8398
14.7271
15.5473
15.5669
15.1585
15.5032
15.7444
15.623
15.6948
15.6409
15.5207
15.6669
15.8137
15.5347
15.6892
15.8309
15.8767
15.4308
15.2615
15.6502
15.6123
15.6702
15.928
14.9808
14.6616
15.764
15.6029
15.4338
15.5802
15.6951
15.6306
15.6281
15.8504
14.9722
14.9534
15.5447
15.2641
14.9303
15.4083
15.4513
15.3722
15.7345
15.3128
15.1932
15.6442
15.3364
14.7292
14.9647
15.3294
15.2002
15.5766
15.6454
14.6931
15.0878
15.8093
15.1444
15.1327
15.6232
14.9186
14.9109
15.5175
15.0659
14.8995
15.1711
14.911
14.8698
15.5048
15.1387
14.8453
15.2927
15.1659
14.939
15.3062
15.1798
14.9273
15.5584
15.8597
15.3967
14.9196
15.2332
15.019
14.9541
15.3164
14.773
14.7578
15.7155
14.8918
14.577
15.7059
15.0929
14.6834
15.1204
15.1378
14.7417
14.8476
15.0014
14.8479
15.2216
15.2598
14.8316
15.1689
15.124
14.8357
14.9216
15.1727
14.7892
14.6218
15.2434
14.6029
14.3135
15.0703
14.912
14.6281
14.9617
14.8387
14.7665
15.2533
14.8498
14.8462
15.3695
14.5624
14.7259
15.3646
14.1567
13.7532
14.6405
15.0755
14.671
14.6644
15.2729
15.0703
14.9713
14.95
14.528
14.7493
14.8596
14.6269
14.8777
14.7339
14.7211
15.1469
14.7371
13.9894
14.3018
15.3122
14.9501
14.9174
15.0661
14.6524
14.8986
15.0599
14.8826
14.4622
14.6862
14.7793
14.8111
15.1576
14.5231
14.616
14.9828
14.9845
14.7634
14.8558
14.8807
14.4925
14.527
14.4651
14.6718
14.6176
14.2257
14.3912
14.7521
14.3744
14.4175
14.8205
14.8995
14.8478
14.8268
14.2677
14.2126
14.6755
13.575
13.481
14.3667
14.3548
14.5874
14.9639
14.6155
14.5693
14.7749
13.1351
12.1999
12.0738
12.4723
14.0114
14.4293
14.0135
14.1838
14.4494
13.8589
13.994
14.6619
14.4712
14.7131
15.2709
14.56
14.1414
14.7069
14.2761
14.0022
14.6169
14.1437
13.7149
14.44
13.8135
13.4424
14.4819
14.1305
14.0411
14.629
13.9197
13.815
14.3375
14.2246
14.1379
14.3535
14.2626
14.1922
14.2762
13.9033
14.2505
14.8064
14.36
14.2219
14.696
14.3597
14.2007
14.6776
12.283
12.3503
14.8
14.5909
14.4155
14.4487
14.1251
14.1186
14.4347
14.7316
14.5772
14.1015
14.3461
14.7484
14.2895
13.9016
14.2474
13.8213
13.9994
14.6731
14.2504
14.095
14.2803
14.2164
13.9303
13.8941
14.0257
13.7485
13.6423
13.5833
13.9099
14.3494
13.4343
13.5545
14.4654
14.2429
14.3124
14.2553
13.3182
13.4571
14.2094
13.9428
13.5744
13.7666
13.9363
13.907
13.9744
13.7455
13.8495
13.9255
13.9404
14.2251
14.1153
13.8243
14.1777
13.854
13.2399
13.5861
13.4936
13.591
14.123
13.9171
14.0098
14.0651
13.81
14.0808
13.7845
13.711
14.0191
13.7178
13.61
13.7319
13.8258
14.0643
14.2062
13.3062
13.1111
14.0813
13.6158
13.2963
13.57
13.5006
14.0283
13.6703
13.3912
14.1056
13.9643
13.5162
13.8128
13.8509
13.8783
14.4735
13.7536
13.2408
13.886
13.7826
13.7665
14.1074
13.5748
13.3179
13.7812
13.567
13.4163
14.1311
13.7393
13.2018
13.412
13.4862
13.7527
14.1338
13.5448
13.0135
13.1434
13.5628
14.0329
13.3464
13.2371
14.063
13.5798
13.4114
13.6673
13.4174
13.7968
13.9944
13.3567
13.5606
13.703
13.4594
13.6475
13.1447
13.3085
13.9105
13.7995
13.6392
13.7102
13.7916
13.6089
13.681
13.0782
12.9524
13.5124
13.5633
13.7806
13.5059
13.322
13.7052
12.8823
12.691
13.7416
13.7402
13.7646
13.5539
13.1282
13.2671
13.4681
13.721
13.8734
13.0936
13.2238
13.5429
13.3578
13.8813
13.5787
12.8346
13.0111
12.6109
12.6454
13.5235
13.2421
13.3307
13.5955
13.2033
12.9756
13.0029
13.087
13.5569
13.4181
13.2371
13.3794
12.9207
13.0075
13.1316
12.7744
13.495
13.1852
12.6963
13.3858
13.0983
12.8554
13.2798
13.13
12.8089
12.6434
13.1479
13.9152
12.9732
12.8582
13.4464
12.793
12.7487
13.4742
13.375
13.2615
13.0481
12.8943
13.2529
12.8277
12.9109
13.7467
13.3014
13.0657
13.1312
12.8626
12.918
12.7698
12.9245
13.1531
12.5387
12.6969
13.2647
12.9318
12.7814
13.3359
12.814
12.6991
12.9308
12.5644
13.2224
12.9932
12.9729
13.1823
12.4742
12.7787
12.8783
12.7075
13.0783
12.5856
12.5769
13.2635
12.8542
12.6933
12.8098
12.8561
12.8739
11.9505
11.0738
10.7351
10.9632
12.1978
12.8579
12.827
12.7007
12.3893
12.9253
12.6307
12.4201
12.7471
12.5275
12.5147
12.7351
12.8815
12.9189
12.98
12.9337
12.8742
12.7407
12.8171
12.8101
12.3304
12.5206
12.5324
12.8377
13.3413
12.392
12.4722
13.0376
12.9257
13.2438
12.8377
12.7835
13.3381
12.7513
12.5509
12.8971
12.526
12.2299
12.5872
12.8145
12.8222
12.2187
12.2887
12.9857
12.6369
12.1816
12.2035
12.8298
13.02
12.6071
12.5666
12.8338
13.0846
12.8763
12.002
12.4045
13.3479
12.4977
12.2471
12.1868
12.0894
12.7924
12.4594
12.2018
12.5719
12.5984
12.8017
12.6842
12.3549
12.7527
12.32
12.1045
12.782
12.5715
12.28
12.0926
12.072
12.5493
12.9122
12.8148
12.6685
12.607
12.6357
12.5027
12.2199
12.4317
13.0314
12.9187
12.3715
12.7194
12.8149
12.219
12.3427
12.2715
12.0179
12.4414
12.3528
12.2023
12.3627
12.5917
13.1272
12.3999
12.0715
12.6265
12.2085
12.264
12.1317
11.9456
12.1669
11.8997
12.0674
12.1888
12.4216
12.2969
12.4573
13.0769
12.2711
12.013
12.4768
12.6439
12.3786
12.0095
12.448
12.9788
12.2616
11.9036
12.1128
12.344
12.993
12.0549
11.7633
12.4367
11.9872
12.0597
12.1418
12.0753
12.2027
12.1055
12.216
12.4438
12.6906
12.2706
11.9614
12.3834
11.9488
11.7577
12.256
12.69
12.7352
12.0928
12.2253
12.3259
12.3241
12.7194
12.301
12.2817
12.7259
11.9599
11.9086
12.1991
12.1412
12.4431
12.1347
12.2784
12.5229
12.1415
11.911
11.9497
11.937
12.0369
12.2552
12.1652
11.9672
12.2857
12.2828
11.5746
12.0503
11.9497
11.6062
12.249
11.9469
11.9167
12.4076
12.8394
12.686
11.8806
12.2311
12.1609
11.8958
12.2991
11.7091
11.6456
11.419
11.3729
11.619
11.8575
12.2406
11.5384
11.7062
12.4363
11.8953
11.9333
11.5645
11.3885
12.3627
11.7182
11.4268
11.6329
11.7525
11.996
12.0957
12.5334
11.7954
11.3091
11.6945
12.0383
12.2766
11.6268
11.5677
11.6093
11.4861
12.0956
11.9722
12.074
11.8035
11.5843
12.5043
12.1552
11.8541
11.6577
11.4284
11.7352
11.9065
12.07
11.5746
11.8106
11.7499
11.5715
12.2439
12.1747
11.8806
11.2654
11.9002
12.5308
11.5612
11.6327
11.7237
11.6993
11.9992
11.9534
11.9063
11.7998
11.8584
11.5613
11.5253
11.96
11.2647
11.4664
11.9126
11.9526
12.0762
11.8415
12.2362
11.9308
11.6585
11.884
11.722
11.6208
11.3854
11.5235
11.6362
11.4732
11.4722
11.4597
11.6466
10.8525
11.0081
11.6384
11.317
11.6974
11.7547
11.8759
11.6206
11.0418
11.4453
11.2904
10.8268
9.97387
10.355
11.556
11.1211
11.2247
11.5007
11.2907
11.0928
11.4015
11.0999
11.2439
11.142
10.5571
11.3419
11.5606
11.4605
11.3001
11.1177
10.808
11.009
11.8544
11.1434
9.8783
9.76034
10.5279
10.681
11.1784
11.9627
11.6494
11.6203
11.6639
11.5302
11.1771
10.9017
11.4933
11.6157
11.4144
10.8986
9.88885
10.1561
11.6166
11.9702
11.5465
11.9528
11.731
11.4847
12.0611
11.7919
11.8457
11.4724
11.6102
12.2697
11.6762
11.6594
11.1065
10.9647
10.8983
10.3298
11.038
11.2464
11.2943
11.1603
10.0239
9.58658
10.5836
11.5268
11.4301
10.8725
11.0859
11.5587
10.5196
10.8181
11.0357
11.0176
11.3418
11.3563
11.4375
10.9236
11.1527
11.2607
11.0778
11.1425
11.3098
11.5195
11.1041
11.2483
11.1603
11.0659
11.4713
10.7116
10.6991
11.0391
11.0612
11.1656
11.0039
11.4406
11.6662
11.5598
11.4032
11.6262
11.4443
11.3322
11.52
11.1073
11.2231
11.2226
11.2261
11.2571
11.1013
11.3989
11.554
11.5174
10.9446
10.7141
10.7559
10.9216
11.1488
11.3449
11.439
11
11.1213
