7.35359
62.6763
67.3287
70.0501
73.1636
80
80.1314
79.1672
78.2473
78.6782
48.7318
47.2914
62.7195
57.2771
54.9119
59.4371
64.1581
53.5992
55.1298
67.6704
71.3419
71.0051
72.5084
71.3063
75.861
83.647
85.0629
84.8212
77.818
34.8949
35.5745
79.6083
81.324
82.8054
84.4452
85.0449
84.016
79.2896
72.6164
70.4374
76.9734
80.2278
80.6809
83.9701
81.0045
77.0416
72.2256
69.2977
75.3807
79.9169
80.9127
81.5528
82.6037
84.9834
79.1828
79.1672
82.5798
79.4187
81.4896
85.5652
82.1861
76.8403
77.0861
73.9727
72.8412
77.3575
81.0471
83.3056
82.6617
82.5185
80.707
78.7216
79.8308
80.4279
80.457
86.3409
86.7867
84.8428
80.7298
77.2231
75.543
75.0666
81.3537
84.7494
81.4797
80.1089
79.321
80.795
86.2813
85.0738
84.2425
86.2218
82.3316
79.0952
82.0109
83.6016
83.956
78.5639
74.9457
80.4602
79.0139
80.2955
84.5916
82.4198
85.1607
86.2664
83.2917
81.9706
80.289
82.7472
86.2813
81.0701
78.4775
79.5418
74.7971
78.0945
81.3372
83.2501
77.7726
71.3827
80.6224
85.2043
81.6793
82.6276
82.5253
82.9119
86.9452
82.573
80.5121
81.4896
75.3636
70.5094
73.2815
78.1342
82.2233
81.4764
80.6387
83.7205
81.367
82.6139
79.7099
79.968
81.7428
78.5207
82.8192
85.6054
78.5762
74.162
75.2417
78.3484
85.0268
80.1282
78.638
84.6059
81.7561
82.0614
78.4037
79.0483
86.0474
80.0288
80.3923
85.4372
80.0929
80.215
74.4907
73.779
83.2432
81.616
80.6419
81.2447
81.3968
83.5213
87.3286
84.4345
80.6127
79.6242
78.4283
78.8986
79.8116
84.1432
79.3619
76.0023
76.3563
73.9317
78.9609
83.1808
79.5482
80.9225
81.5927
80.2182
81.5594
76.7165
78.5978
83.9067
81.1688
80.4861
78.284
76.3592
81.2843
74.096
68.4158
75.5002
78.6225
78.6318
78.4621
81.2777
84.6346
81.9034
83.2882
81.2084
77.4623
78.6473
77.6398
75.8725
80.2472
77.3246
76.6959
79.1672
76.2224
77.991
75.4632
73.252
77.5434
82.6754
84.2247
82.826
84.674
88.3587
86.2627
78.2901
77.9241
82.6378
80.5283
79.4597
80.9094
83.0634
81.4764
81.7494
82.5151
80.782
83.2432
84.9473
81.3901
83.2639
84.0195
78.3208
75.4603
65.2614
67.4673
75.9792
70.7965
74.1592
74.1675
72.5558
68.3691
64.3232
69.4975
74.3467
75.861
70.2149
67.1772
69.7642
70.3928
72.5637
76.0023
79.5957
79.9808
79.8403
81.9773
80.2729
80.2665
79.9137
78.2901
78.4683
78.235
79.3714
81.0603
72.4061
68.3784
68.4439
65.7397
65.9196
68.2361
71.6461
71.9994
75.1738
71.9243
69.6088
76.0341
81.2051
81.0176
77.3575
73.1235
71.8571
74.0165
78.4899
78.7712
79.564
84.3028
81.8498
83.167
79.8021
78.0701
82.2402
76.5462
77.1307
85.6164
83.7626
79.2456
75.3636
75.7777
81.2447
79.3084
79.5513
84.3633
82.5185
83.2778
81.3306
78.7619
81.5029
80.2439
83.3576
83.5666
79.5703
81.9437
76.7754
75.8035
79.8339
78.6133
83.2154
85.5395
78.9921
80.2021
83.6645
80.2182
80.6972
81.2084
82.3181
83.0875
78.0427
79.5039
81.4863
77.5284
77.6337
76.1702
78.4991
82.6446
80.6484
79.0233
81.706
81.4598
80.9815
80.3084
80.3955
76.4935
72.0202
79.186
81.4797
81.0668
79.7798
75.1343
76.929
82.7883
80.8931
79.6654
79.7035
79.9073
85.5103
85.0449
85.3206
86.4977
80.9848
80.1314
82.9428
78.8955
81.7795
84.6167
79.602
79.8371
75.5116
75.8754
81.8867
80.1122
78.4037
80.2923
84.8104
85.7964
78.57
79.2519
84.1397
84.8788
85.6091
79.7925
70.2469
69.891
75.9474
80.1603
82.4504
80.4279
81.473
80.5834
79.1797
81.2348
76.6724
77.1486
81.2876
82.3655
87.4393
83.9313
79.8276
75.1033
73.062
78.2718
78.7867
79.9392
84.2993
82.203
82.573
80.2633
76.8817
82.1119
85.6788
85.3752
84.6238
82.8466
79.7257
78.2136
74.3854
73.673
78.5484
80.3697
83.9525
80.6127
78.0732
83.9137
73.4565
68.327
77.4084
81.8666
82.1018
79.0733
80.7168
83.7907
76.1412
72.0383
74.8923
79.5672
81.2711
79.1421
82.7096
86.2366
83.0151
85.0051
84.0407
82.5355
86.734
86.8734
85.8001
87.2562
79.8148
77.0564
76.0196
74.0549
81.4233
85.2842
82.8466
82.8157
79.0983
78.3453
81.0734
80.9651
82.3757
82.2741
81.88
82.335
80.17
82.6617
80.6257
73.3487
77.824
76.0254
75.8927
82.5934
79.3367
77.9211
80.6029
85.1136
86.3185
85.0051
82.4504
82.6003
84.4916
83.2328
81.7528
78.3853
75.0976
75.8668
76.4409
77.4144
70.1139
71.6358
82.1288
77.5344
79.1014
81.0603
76.4175
79.0233
76.7313
75.7892
80.6062
76.8462
78.4037
75.6487
72.0124
66.7401
69.4348
79.6559
80.0961
82.203
83.9243
81.8532
81.4365
78.703
80.3697
85.4044
82.4674
81.0636
76.9616
74.0384
75.838
77.5314
77.1575
81.5096
83.0082
82.43
81.9068
78.1677
79.4313
83.0599
85.2551
83.3125
80.0032
81.8934
79.9233
76.3446
78.703
79.7766
81.3107
83.0289
76.7519
75.815
79.1421
76.5111
77.104
79.8722
83.5876
84.5451
78.3392
80.0608
81.9739
76.7636
76.7224
74.9036
77.2589
83.0806
80.1218
78.7216
79.2581
79.2581
81.2051
80.4699
82.7575
85.2043
81.034
80.2633
77.2917
75.1484
75.1315
74.8055
79.9169
85.1571
82.122
79.6813
78.2381
78.3699
83.309
79.3336
80.7657
88.4408
85.1607
82.3113
79.7925
73.3622
66.8516
66.8025
75.1851
79.5039
79.6686
84.3064
81.2975
78.0305
80.7037
79.4755
81.7762
81.6727
78.2014
82.713
81.41
78.3699
81.9807
71.9968
69.7958
81.2249
79.8244
79.64
78.1708
79.6052
87.2867
79.9616
76.7018
78.9858
76.7695
78.1861
80.5672
80.7396
82.7267
72.6929
69.6888
77.9271
79.8021
80.4699
80.5834
82.6446
82.6617
79.9329
78.232
79.6971
81.8733
79.6971
79.4691
84.0866
72.9102
73.0434
81.4896
73.9727
76.1499
77.9454
77.1159
79.6432
79.5577
82.802
80.7657
73.5971
78.2718
81.0176
80.1892
83.5492
78.9609
77.5464
79.7353
78.7867
76.8374
77.0654
78.3699
81.3835
81.9169
81.666
81.5029
76.4234
77.7152
79.3682
79.8658
79.3367
73.2333
72.5137
77.1397
75.3409
76.3504
79.2173
79.9201
83.3542
81.0012
79.9936
78.8488
79.6273
84.4595
82.8569
80.9454
82.9497
83.0117
82.7712
82.0984
80.4214
78.4437
76.6019
79.1077
80.6907
79.5545
82.0311
81.0274
79.2959
83.3542
81.3537
77.9423
80.4538
77.6277
78.2687
74.011
71.0051
78.2718
82.4097
82.9153
83.2674
82.1997
79.1108
77.1516
78.4591
84.3206
82.3621
80.2085
82.573
80.6744
77.8422
75.1004
75.1004
78.5392
77.1784
77.9089
82.7061
84.3064
83.647
78.1525
77.6699
83.9736
80.9749
79.2299
80.2407
79.0451
79.9648
75.6058
73.8253
74.6742
76.6225
82.352
79.2927
74.8195
79.7416
80.1314
77.915
81.696
81.8197
81.08
69.7277
67.0803
81.2282
78.2136
70.4101
75.8984
78.4929
80.4376
81.5295
81.0143
80.3471
80.8898
86.5276
81.7261
78.4252
80.5964
78.7123
78.9921
80.9029
78.9671
77.8119
78.4222
78.0579
79.9392
79.5893
78.1067
78.8271
79.9872
84.1999
82.4029
77.2678
80.0705
76.4234
74.9232
81.8733
83.4133
80.2021
70.9925
71.7334
76.4789
77.0268
80.5932
82.5491
83.0289
84.3135
83.3229
82.4029
85.0666
79.0795
77.4563
81.1162
82.5389
85.918
80.1925
74.8111
77.6036
77.101
76.8167
78.0945
78.8239
84.6453
82.9428
81.4266
76.5931
74.2501
76.9556
75.4205
79.952
85.2878
81.2645
74.8167
73.97
79.2676
83.9631
80.4311
78.5978
80.7103
80.5023
80.8244
74.7692
73.4943
79.6305
78.3546
80.5607
80.8832
77.1933
75.2361
76.2776
82.5662
81.6993
78.911
81.1919
79.5134
77.7363
79.1202
76.6577
77.5825
83.4376
83.1947
83.212
78.0183
75.3239
78.9858
73.6702
70.1311
73.1368
79.885
82.9703
78.7743
77.9606
79.2519
78.1494
79.9137
78.5238
79.6147
82.3147
81.3008
77.8543
70.8416
71.5897
78.2963
80.0544
81.4896
82.7917
82.9944
80.0224
77.994
80.6387
78.5855
77.0594
79.9009
82.0042
83.0737
78.2014
71.8856
75.2417
78.9921
78.3024
80.2729
79.2236
78.2564
82.1861
80.6029
77.4683
80.6419
80.3148
81.2843
83.3646
82.058
83.8539
77.7393
73.3595
74.096
77.0683
81.7361
79.0264
80.4246
78.3423
72.9687
78.0884
81.2117
77.1605
79.3682
78.8861
76.7195
78.5392
77.8695
75.4916
78.4591
73.8989
73.3622
79.0295
78.8239
80.6809
78.8022
80.4117
79.5545
77.6699
83.0944
84.9509
81.2315
79.4628
78.9952
80.4764
75.7777
73.9454
82.2233
82.7301
79.9904
76.4643
76.6284
79.092
79.6305
83.1532
80.9618
79.7671
79.8499
77.7544
79.0733
81.646
80.1892
78.6009
77.6066
68.6342
71.9554
81.656
80.2021
80.3342
72.0773
74.0988
81.2414
75.0356
76.7931
78.3392
80.6647
82.0513
73.3837
75.3211
74.4768
71.3878
73.4511
72.3118
76.5638
79.1546
77.6066
77.1099
79.8244
85.1136
82.2064
77.5946
79.6464
81.5993
78.33
73.0487
75.9474
83.2674
71.3292
69.3457
73.8989
76.643
84.7781
79.1954
78.0153
82.4131
78.5392
75.5087
77.7454
70.7114
72.7696
76.9704
73.5186
76.9438
76.4263
73.4241
74.4297
80.551
77.2947
75.7518
80.7168
82.4742
84.1255
83.0186
79.0451
77.5434
73.0247
72.0903
78.9453
78.0793
78.6658
82.0378
80.8211
78.3976
76.5667
79.5229
82.6139
78.4345
80.289
85.0991
80.8931
81.1326
78.8146
75.6601
79.5007
78.5577
79.8116
79.6781
74.0357
79.3367
81.314
78.4314
82.2166
80.6517
81.5096
82.3045
80.2246
80.3794
73.9454
73.8907
74.8559
72.1605
75.5002
77.238
77.238
82.8295
80.8669
76.5785
79.0764
80.8277
80.9029
75.4034
75.7863
81.1195
77.8665
64.406
62.2646
74.184
79.7703
80.7526
80.9585
79.8594
75.1569
70.3878
72.317
76.1122
77.1367
77.3156
77.3904
77.8089
77.5134
72.4349
71.5461
77.818
77.1843
79.2205
79.4187
76.932
77.5976
76.8758
81.5428
83.9067
77.4323
77.2201
79.5039
78.6318
76.746
73.2654
75.9821
75.5258
75.5401
82.6446
83.1324
78.4775
74.0412
76.4965
81.493
79.233
78.9017
82.826
81.3306
76.8787
72.4795
73.346
77.8725
74.7719
76.089
77.1664
77.1218
80.3665
82.6822
82.9153
81.2579
76.9734
76.33
78.0671
79.6305
78.1311
73.8853
80.4311
82.2639
76.3242
79.4313
76.4731
73.6757
77.3814
80.048
82.0345
80.1186
80.4926
81.813
78.5176
76.9349
70.3705
65.8545
71.3089
75.706
77.9211
77.1605
77.9241
81.2414
77.009
76.3767
78.2136
79.9456
81.5262
76.4292
76.2021
76.4935
69.7666
70.804
75.8812
77.8543
80.186
77.9271
76.266
74.5768
76.3155
81.0767
79.0108
78.3085
81.4498
81.493
80.9717
78.533
72.2674
75.1428
74.4796
73.1422
74.7803
74.096
73.0247
73.7436
78.9173
78.0457
81.5993
83.2293
76.2428
76.2951
79.0764
78.7805
81.4299
75.6458
70.609
75.1795
80.7103
80.844
78.9546
81.666
84.016
77.8543
76.0283
76.558
78.5053
80.5704
77.3874
79.1891
80.8211
75.7892
69.7934
70.3606
78.1158
81.7227
79.321
80.7657
81.248
79.7257
77.101
74.6826
79.8021
75.4063
70.7514
77.1069
78.3147
72.0669
75.4945
75.7174
72.8704
74.6965
77.7273
78.4406
73.858
75.9474
77.1188
75.5087
76.7224
76.9231
78.8302
80.3988
77.5434
77.0743
73.2896
69.9399
72.8836
74.7747
78.5268
76.6254
75.8495
79.3021
80.4959
81.3769
77.2589
75.9676
74.1015
73.443
77.4174
69.2641
68.6224
76.0774
75.4859
77.9211
77.5134
76.7961
77.4833
78.1067
76.063
75.0216
75.4575
74.94
75.4034
76.9172
78.1525
76.3504
78.3177
74.1152
75.5715
78.5639
75.2729
78.9453
79.5862
75.6802
73.0034
77.4863
79.092
74.1098
77.6126
79.2739
78.5484
78.8675
71.8856
69.1491
71.5538
72.8863
75.8409
77.6518
77.4084
74.3799
72.6612
76.3563
76.0254
80.2407
76.9053
75.9186
79.9073
70.9925
68.5871
72.3223
75.8754
79.7416
76.1644
73.6296
74.7664
77.4264
77.9788
74.1675
77.9332
80.3794
78.2595
77.682
77.2678
74.7077
75.683
77.8119
79.6844
79.3588
72.8969
75.6544
78.2748
78.7371
77.5314
73.888
76.2515
75.7432
75.6687
73.3891
71.2606
76.1006
79.343
78.1922
76.5345
75.8006
78.0518
75.1908
71.2962
76.205
77.098
75.6659
73.5565
73.8089
76.6783
71.0808
72.8438
73.2091
76.0803
79.4313
76.5345
79.2833
79.4281
81.4664
78.1372
74.0056
80.0737
81.9001
81.6393
83.3125
75.5401
70.4746
70.2001
74.6798
78.4222
74.8699
76.1992
74.7943
70.3829
74.3743
79.0733
81.616
81.0045
76.0688
75.7604
74.6714
70.1976
69.8348
71.3012
72.8704
75.8064
78.9952
79.6527
78.2963
78.6009
76.5052
79.2456
79.8594
75.0441
78.6566
80.8309
75.1851
74.2032
74.1455
76.147
78.8395
76.438
79.8594
82.1895
84.832
84.0619
80.4861
81.6593
83.2397
79.5482
80.7298
82.4131
82.8775
77.9029
66.9232
70.0108
77.7061
79.3336
79.1578
76.7313
77.8059
77.6156
78.9858
81.6727
78.604
79.9776
82.3418
78.7805
79.9616
75.2191
69.5314
73.7164
76.9616
77.1784
73.4916
71.4362
79.5672
80.9094
79.0389
81.9941
81.6793
80.2761
77.7575
75.5715
78.1097
84.1468
79.3462
76.6166
81.7695
82.6993
71.6461
69.4324
73.6133
77.0683
84.9149
81.616
80.1443
82.0917
79.1828
79.713
76.0052
73.4511
75.9129
75.5544
82.5219
85.2842
79.2487
80.694
80.1796
76.2776
78.8395
78.4498
76.3475
80.0288
81.4332
79.7894
79.2487
77.8392
74.3854
74.3965
79.1421
77.2857
80.3729
84.4702
80.5575
79.5798
75.3665
76.5082
81.9068
79.3493
82.1355
85.1426
80.916
80.8996
75.9907
70.8391
72.9235
76.234
