1.16005e-311
inf
6.1903
295.683
436.205
867.679
914.495
914.077
896.459
883.392
888.099
630.915
644.33
783.085
782.779
918.274
919.118
926.784
934.579
1007.56
1036.81
1037.88
1055.97
1049.87
706.964
692.761
879.121
812.018
881.057
972.763
995.52
991.08
965.717
973.71
1025.64
1021.45
1036.27
853.242
819.336
1031.46
1047.67
945.18
297.309
291.673
652.955
307.267
175.871
238.635
728.597
736.106
636.335
674.992
74.096
71.4311
509.165
739.645
544.959
549.904
836.47
837.872
812.678
703.482
688.705
810.701
740.192
457.352
466.636
651.678
672.721
740.192
551.42
352.796
439.464
801.603
817.996
923.788
781.555
690.369
782.167
633.914
575.043
423.998
462.749
939.408
970.874
946.522
836.12
754.717
800.32
170.823
167.968
839.278
962.927
723.589
729.395
991.572
865.426
763.067
775.494
868.432
976.086
354.862
314.911
650.407
785.238
617.475
645.995
907.03
872.22
957.396
1016.78
1030.93
1091.11
1083.42
834.725
782.473
1000.5
1151.41
1156.74
977.995
815.993
875.274
1018.85
1027.75
1025.12
1020.93
1037.34
1086.37
868.432
820.345
821.693
744.048
868.81
978.953
769.231
735.835
974.184
1082.84
1075.85
1054.85
710.732
627.944
797.448
492.611
194.913
231.054
820.345
749.625
775.795
976.086
869.187
865.052
1019.37
1004.02
922.509
914.495
976.563
1033.06
883.392
856.531
996.512
1060.45
1137.66
1115.45
1004.02
1000
1078.75
282.965
272.851
954.199
1021.97
768.049
745.99
870.322
738.28
681.431
871.84
1100.11
1102.54
1117.94
774.293
765.111
1037.88
969.462
1012.15
1027.75
914.077
958.773
1063.26
1058.2
1068.38
1062.13
1046.03
1052.63
884.173
839.983
919.963
759.013
824.063
1038.96
1034.66
990.099
926.784
912.825
970.874
1123.6
1158.75
722.282
686.577
672.043
673.401
946.97
867.679
887.311
819.336
809.717
701.508
653.595
548.998
564.175
953.289
1117.94
1068.95
1013.68
780.945
806.127
1119.19
1208.46
1249.22
1051.52
933.707
689.655
668.896
925.926
960.154
859.845
891.266
957.854
961.077
897.263
889.68
931.966
800.32
719.424
800
852.515
834.028
951.022
766.284
525.624
343.702
421.319
412.031
413.822
840.689
779.12
869.565
831.947
831.255
885.348
900.901
1057.08
652.742
631.712
323.992
320.513
875.657
855.432
886.918
820.681
437.541
455.685
27.2087
27.3493
1397.62
1317.52
1284.52
1395.67
1450.33
1444.04
1405.48
1386.96
1293.66
1236.86
1302.08
1246.88
821.693
785.238
1122.96
1284.52
1277.14
1297.02
1344.99
1327.14
1364.26
1383.13
1393.73
1420.45
1379.31
1320.13
1139.6
1061.57
1183.43
838.926
790.826
1161.44
1341.38
1366.12
1292.82
1303.78
1355.93
1408.45
1391.79
1358.7
1405.48
1439.88
1399.58
1427.55
1551.59
1538.46
1393.73
1253.13
780.945
770.416
1256.28
1406.47
1390.82
1389.85
1431.64
1419.45
1385.04
1420.45
1425.52
1413.43
1441.96
1365.19
1351.35
1418.44
1435.75
1376.46
1238.39
1253.92
1447.18
1579.78
1628.66
1628.66
1610.31
1620.75
1635.32
1646.09
1657
1655.63
1672.24
1679.26
1673.64
1666.67
1655.63
1662.51
1648.8
1635.32
1648.8
1654.26
1612.9
967.586
840.689
1100.72
1215.81
1368.93
1480.38
1466.28
1440.92
1461.99
1483.68
1231.53
1129.31
1163.47
1173.71
1277.96
1232.29
1265.02
766.284
671.141
1015.23
1175.78
1274.7
1333.33
1290.32
1250.78
1268.23
1177.16
1042.75
973.236
1041.12
1257.86
1286.17
767.165
740.467
1047.67
907.441
896.459
594.354
622.084
1021.97
927.214
932.836
783.392
613.121
665.115
827.13
847.817
897.666
1010.1
1093.49
1165.5
1305.48
1366.12
1140.25
1137.66
1317.52
1339.58
1388.89
1292.82
762.195
742.39
1117.32
1239.16
1386
1368.93
1389.85
1432.66
1355.93
1352.27
1419.45
1397.62
1381.22
1392.76
1407.46
1396.65
1416.43
1231.53
834.028
852.152
1261.83
1438.85
1456.66
1466.28
1480.38
1406.47
1370.8
1420.45
1463.06
1468.43
1524.39
1484.78
1482.58
1503.76
1516.3
1461.99
1170.28
784.006
799.041
1170.96
1338.69
1446.13
1445.09
1463.06
1537.28
1546.79
1436.78
1340.48
1324.5
1404.49
1420.45
1435.75
1558.85
1523.23
1476.01
871.84
800.641
1289.49
1555.21
1518.6
1427.55
1426.53
1405.48
1411.43
1447.18
1485.88
1543.21
1480.38
1456.66
1453.49
1394.7
1431.64
1509.43
1607.72
1444.04
860.585
796.178
1173.71
1389.85
1537.28
1523.23
1477.1
1517.45
1515.15
1539.65
1464.13
1499.25
1646.09
1555.21
1540.83
1640.69
1568.63
1582.28
1635.32
968.054
873.362
1229.26
1387.93
1504.89
1486.99
1526.72
1550.39
1498.13
1424.5
1368.93
1423.49
1543.21
1569.86
1486.99
1480.38
1587.3
1568.63
1556.42
1558.85
1070.66
904.977
1169.59
1440.92
1441.96
1457.73
1536.1
1561.28
1471.67
1419.45
1471.67
1479.29
1511.72
1592.36
1589.83
1530.22
1468.43
1484.78
1537.28
1467.35
1076.43
962.927
1234.57
1468.43
1526.72
1327.14
1345.89
1670.84
1693.48
1693.48
1705.03
1724.14
1721.17
1705.03
1707.94
1725.63
1606.43
1488.1
1489.2
1346.8
1374.57
1360.54
1082.84
1193.32
1538.46
1556.42
1564.95
1567.4
1477.1
1371.74
1407.46
1504.89
1558.85
1601.28
1514
1466.28
1566.17
1564.95
1472.75
1468.43
1552.79
1557.63
1315.79
1052.08
1178.55
1489.2
1415.43
1421.46
1478.2
1440.92
1395.67
1424.5
1439.88
1480.38
1469.51
1493.65
1509.43
1504.89
1518.6
1545.6
1480.38
1423.49
1129.94
972.763
1229.26
1446.13
1448.23
1477.1
1508.3
1470.59
1448.23
1495.89
1547.99
1549.19
1472.75
1545.6
1618.12
1609.01
1619.43
1543.21
1510.57
1536.1
1564.95
1132.5
1070.09
1450.33
1481.48
1523.23
1591.09
1544.4
1489.2
1544.4
1626.02
1591.09
1597.44
1579.78
1450.33
1424.5
1526.72
1531.39
1577.29
1582.28
1525.55
1531.39
1036.27
1026.69
1429.59
1439.88
1503.76
1574.8
1526.72
1433.69
1407.46
1386.96
1403.51
1376.46
1088.14
961.076
1066.67
1190.48
1370.8
1534.92
1458.79
861.698
852.152
1336.9
1331.56
1287.83
1317.52
1390.82
1410.44
1386.96
1070.09
857.633
896.459
843.17
843.882
584.112
597.729
1102.54
1226.99
1293.66
1343.18
1376.46
1322.75
1295.34
1338.69
1415.43
1472.75
1387.93
1370.8
1384.08
1339.58
1399.58
751.88
699.056
1230.77
1371.74
1344.09
1371.74
1439.88
1373.63
1318.39
1343.18
1376.46
1430.62
1432.66
1394.7
1388.89
1444.04
1403.51
1335.11
961.076
814.664
1094.09
1403.51
1421.46
1440.92
1433.69
1417.43
1361.47
1371.74
1391.79
1361.47
1380.26
1424.5
1390.82
1322.75
1313.2
1353.18
1441.96
984.252
936.33
1340.48
1419.45
1392.76
1354.1
1385.04
1441.96
1461.99
1465.2
1457.73
1501.5
1468.43
1392.76
1347.71
1296.18
1350.44
1426.53
1463.06
1497.01
1009.08
972.763
1371.74
1375.52
1365.19
1344.09
1358.7
1392.76
1383.13
1440.92
1485.88
1461.99
1411.43
1386
1414.43
1434.72
1432.66
1396.65
1365.19
886.525
743.218
1016.78
1305.48
1360.54
1385.04
1404.49
1309.76
1255.49
1287.83
1328.02
1376.46
1372.68
1400.56
1424.5
1435.75
1457.73
1013.68
955.11
1226.24
1213.59
1240.69
1317.52
1345.89
1153.4
1179.94
1418.44
1443
1414.43
1319.26
1355.93
1459.85
1434.72
1431.64
1453.49
1361.47
909.504
927.644
1348.62
1383.13
1477.1
1406.47
1304.63
1290.32
1308.9
1356.85
1381.22
1423.49
1463.06
1415.43
1413.43
1283.7
1148.77
1103.14
748.783
812.018
1346.8
1297.02
1286.17
1392.76
1433.69
1377.41
1416.43
1459.85
1451.38
1419.45
1372.68
1431.64
1470.59
1522.07
1573.56
1494.77
1105.58
957.396
1155.4
1386
1518.6
1602.56
1554
1431.64
1372.68
1358.7
1423.49
1485.88
1465.2
1417.43
1426.53
1524.39
1624.7
1494.77
1455.6
1601.28
1503.76
1033.59
1078.17
1588.56
1596.17
1510.57
1441.96
1454.55
1440.92
1394.7
1443
1557.63
1558.85
1450.33
1390.82
1438.85
1438.85
1378.36
1381.22
1449.28
1473.84
1318.39
1237.62
1270.65
1360.54
1477.1
1482.58
1438.85
1419.45
1476.01
1486.99
1509.43
1611.6
1511.72
1394.7
1489.2
1469.51
1436.78
1514
1458.79
1448.23
900.495
827.13
1277.96
1469.51
1439.88
1438.85
1530.22
1488.1
1460.92
1476.01
1476.01
1492.54
1471.67
1446.13
1209.92
1062.13
959.233
1043.84
888.494
894.055
1396.65
1466.28
1509.43
1514
1537.28
1628.66
1538.46
1459.85
1474.93
1467.35
1461.99
1459.85
1434.72
1408.45
1416.43
1428.57
1423.49
628.931
500.501
772.499
907.029
851.064
945.626
1184.83
1206.27
1163.47
1262.63
1312.34
1272.26
1340.48
1289.49
878.349
892.061
1336.9
1439.88
1437.81
1460.92
1484.78
1551.59
1557.63
1500.38
1459.85
1518.6
1605.14
1603.85
1518.6
1538.46
1549.19
1473.84
1480.38
1494.77
1514
1059.32
1067.81
1610.31
1623.38
1547.99
1563.72
1551.59
1573.56
1547.99
1445.09
1434.72
1436.78
1451.38
1499.25
1519.76
1557.63
1542.02
1469.51
1491.42
1446.13
952.381
970.403
1491.42
1387.93
1350.44
1459.85
1485.88
1485.88
1551.59
1609.01
1568.63
1583.53
1547.99
1490.31
1560.06
1626.02
1529.05
1477.1
1508.3
1507.16
1490.31
1035.73
1020.41
1452.43
1474.93
1478.2
1489.2
1481.48
1532.57
1560.06
1579.78
1614.2
1546.79
1482.58
1509.43
1549.19
1574.8
1480.38
1452.43
1576.04
1508.3
1054.85
1027.22
1460.92
1306.34
815.993
785.546
1125.49
1324.5
1289.49
1267.43
1233.81
1265.82
1329.79
1306.34
1285.35
1286.17
1345.9
1086.37
1023.54
1281.23
1366.12
1417.43
1413.43
1345.89
1357.77
1479.29
1538.46
1479.29
1539.65
1457.73
1362.4
1447.18
1518.6
1494.77
1544.4
1600
1557.63
983.768
953.289
1470.59
1603.85
1558.85
1450.33
1478.2
1567.4
1582.28
1526.72
1546.79
1532.57
1465.2
1409.44
1367.99
1431.64
1566.17
1567.4
1518.6
1577.29
1476.01
1065.53
1091.11
1433.69
1511.72
1560.06
1485.88
1438.85
1463.06
1440.92
1474.93
1616.81
1603.85
1581.03
1485.88
1448.23
1498.13
1434.72
1435.75
1502.63
1522.07
1142.86
1112.35
1379.31
1449.28
1474.93
1386
1447.18
1581.03
1549.19
1499.25
1524.39
1579.78
1611.6
1615.51
1571.09
1472.75
1484.78
1576.04
1509.43
1374.57
855.066
800
1160.77
1287
1425.52
1501.5
1523.23
1534.92
1600
1647.45
1632.65
1529.05
1449.28
1500.38
1503.76
1554
1554
1552.79
1642.04
1563.72
1502.63
991.572
983.768
1468.43
1446.13
1436.78
1406.47
1471.67
1545.59
1529.05
1481.48
1476.01
1568.63
1430.62
1378.36
1428.57
1263.42
1218.77
1290.32
1337.79
973.236
960.154
1357.77
1367.05
1358.7
1362.4
1413.43
1403.51
1353.18
1377.41
1424.5
1484.78
1438.85
1384.08
1402.52
1414.43
1431.64
1446.13
1439.88
939.85
891.266
1230.77
1303.78
1384.08
1405.48
1424.5
1439.88
1299.55
1127.4
977.517
993.542
1240.69
1381.22
1375.52
1362.4
1362.4
813.67
576.369
538.938
663.35
970.874
1075.85
1284.52
1408.45
1418.44
1474.93
1425.52
1352.27
1394.7
1445.09
868.432
767.165
1104.97
1269.04
1426.53
1430.62
1336.9
1396.65
1452.43
1411.43
1418.44
1443
1472.75
1499.25
1451.38
1358.7
1348.62
1355.01
1402.52
1246.88
974.659
1091.7
1358.7
1343.18
1374.57
1404.49
1431.64
1385.04
1387.93
1394.7
1359.62
1329.79
1309.76
1356.85
1340.48
1335.11
1412.43
1428.57
888.494
846.382
1259.45
1380.26
1386.96
1349.53
1402.52
1443
1429.59
1430.62
1453.49
1443
1398.6
1407.46
1410.44
1406.47
1441.96
1449.28
1432.66
1119.19
1033.59
1234.57
1347.71
1422.48
1434.72
1302.93
1268.23
1382.17
1458.79
1420.45
1367.05
1361.47
1406.47
1424.5
1388.89
1414.43
1394.7
1402.52
1072.96
1031.46
1334.22
1429.59
1540.83
1463.06
1314.92
1282.87
1322.75
1325.38
1326.26
1381.22
1404.49
1386.96
1369.86
1388.89
1391.79
1448.23
1449.28
930.233
916.17
1378.36
1448.23
1307.19
1218.03
1288.66
1336.01
1376.46
1404.49
1412.43
1432.66
1306.34
1073.54
1108.65
1331.56
1422.48
1452.43
1247.66
1086.37
1176.47
1344.09
1366.12
1409.44
1463.06
1415.43
1340.48
1389.85
1463.06
1463.06
1434.72
1333.33
1325.38
1411.43
1430.62
1426.53
1399.58
909.504
863.931
1266.62
1393.73
1355.01
1356.85
1412.43
1466.28
1484.78
1412.43
1453.49
1558.85
1591.09
1543.21
1435.75
1347.71
1359.62
1433.69
1430.62
1430.62
995.52
980.392
1478.2
1554
1449.28
1314.06
1371.74
1423.49
1368.93
1421.46
1398.6
1401.54
1424.5
1392.76
1394.7
1398.6
1439.88
1391.79
1350.44
909.918
888.099
1302.93
1331.56
1392.76
1344.09
1198.32
1094.09
1095.89
1133.79
1100.11
1080.5
1090.51
1163.47
1109.26
1117.32
865.052
882.613
1344.99
1308.9
1292.82
1347.71
1371.74
1310.62
1234.57
1253.13
1227.75
1236.86
1307.19
1336.9
1433.69
1530.22
1437.81
1339.58
881.057
879.121
1373.63
1439.88
1377.41
1308.9
1379.31
1426.53
1435.75
1445.09
1439.88
1427.55
1353.18
1315.79
1375.52
1422.48
1382.17
1401.54
1444.04
1086.37
1038.96
1358.7
1436.78
1443
1417.43
1389.85
1397.62
1435.75
1477.1
1445.09
1447.18
1476.01
1389.85
1360.54
1437.81
1397.62
1407.46
1464.13
833.333
691.802
750.751
817.996
1146.13
1336.01
1400.56
1336.9
1341.38
1353.18
1363.33
1457.73
1425.52
1421.46
1491.42
1495.89
1483.68
977.995
881.834
1234.57
1458.79
1597.44
1597.44
1524.39
966.651
860.585
863.185
843.17
1104.36
1314.06
1402.52
1380.26
1393.73
951.022
894.055
1236.86
1357.77
1500.38
1582.28
1593.63
1591.09
1525.55
1465.2
1457.73
1473.84
1436.78
1398.6
1402.52
1322.75
1282.05
1434.72
1519.76
1460.92
1147.45
995.52
1156.07
1398.6
1560.06
1529.05
1519.76
1579.78
1460.92
1343.18
1380.26
1470.59
1507.16
1464.13
1449.28
1470.59
1474.93
1470.59
1512.86
1546.79
1089.92
995.52
1304.63
1452.43
1464.13
1484.78
1464.13
1437.81
1511.72
1538.46
1471.67
1448.23
1502.63
1485.88
1447.18
1456.66
1481.48
1448.23
1373.63
1355.01
1072.39
1021.97
1318.39
1435.75
1392.76
1468.43
1503.76
1429.59
1421.46
1394.7
1397.62
1405.48
1450.33
1563.72
1438.85
1411.43
1578.53
1508.3
1510.57
1532.57
1036.27
1013.68
1394.7
1417.43
1445.09
1503.76
1540.83
1605.14
1591.09
1507.16
1415.43
1401.54
1451.38
1515.15
1387.93
1213.59
1316.66
1546.79
1593.63
1537.28
1019.89
960.615
1371.74
1438.85
1432.66
1512.86
1569.86
1530.22
1582.28
1571.09
1494.77
1476.01
1455.6
1495.89
1536.1
1534.92
1606.43
1596.17
1524.39
1518.6
1387.93
1026.17
1124.86
1655.63
1582.28
1532.57
1503.76
1579.78
1578.53
1490.31
1453.49
1461.99
1499.25
1472.75
1498.13
1551.59
1554
1561.28
1508.3
1414.43
1427.55
1141.55
1001
1276.32
1615.51
1545.59
1530.22
1529.05
1493.65
1581.03
1429.59
1414.43
1447.18
1383.13
1402.52
1400.56
1452.43
1555.21
1503.76
1439.88
1492.54
1398.6
997.009
1045.48
1581.03
1620.75
1507.16
1463.06
1479.29
1491.42
1492.54
1489.2
1449.28
1520.91
1564.95
1454.55
1468.43
1546.79
1603.85
1526.72
1477.1
1489.2
1020.93
1003.51
1375.52
1381.22
1455.6
1523.23
1542.02
1540.83
1530.22
1501.5
1502.63
1573.56
1551.59
1413.43
1430.62
1492.54
1479.29
1547.99
1618.12
1612.9
1509.43
1067.81
1054.85
1431.64
1527.88
1558.85
1524.39
1552.79
1588.56
1592.36
1544.4
1474.93
1498.13
1576.04
1525.55
1400.56
1281.23
1291.99
1497.01
1517.45
1463.06
1098.3
990.099
1295.34
1463.06
1366.12
1367.99
1449.28
1424.5
1498.13
1529.05
1479.29
1546.79
1564.95
1490.31
1481.48
1479.29
1470.59
1482.58
1491.42
1574.8
1060.45
968.523
1398.6
1430.62
1380.26
1445.09
1471.67
1503.76
1396.65
1314.06
1201.2
1079.33
1006.54
1050.42
1312.34
1419.45
1421.46
1571.09
994.036
863.931
1253.13
1461.99
1498.13
1572.33
1589.83
1602.56
1628.66
1518.6
1512.86
1544.4
1460.92
1415.43
1388.89
1062.13
896.057
917.011
630.318
685.401
1236.86
1309.76
1373.63
1464.13
1516.3
1501.5
1484.78
1493.65
1244.56
1095.29
1228.5
1355.93
1354.1
1364.26
1333.33
1338.69
1190.48
1103.75
1261.03
1478.2
1632.65
1642.04
1610.31
1606.43
1633.99
1619.43
1601.28
1631.32
1647.45
1657
1659.75
1654.26
1658.37
1662.51
1661.13
1650.17
1640.69
1629.99
1427.55
1303.78
1338.69
1276.32
1301.24
1387.93
1419.45
1471.67
1476.01
1447.18
1404.49
1411.43
1366.12
1335.11
1384.08
1386
1333.33
1374.57
1459.85
872.22
802.568
1253.13
1374.57
1390.82
1392.76
1407.46
1460.92
1431.64
1412.43
1369.86
1348.62
1392.76
1446.13
1461.99
1401.54
1362.4
1354.1
1342.28
941.62
945.18
1363.33
1427.55
1456.66
1436.78
1499.25
1469.51
1342.28
1357.77
1422.48
1474.93
1449.28
1388.89
1426.53
1398.6
1335.11
1362.4
1435.75
1385.04
1281.23
1321.88
1363.33
1275.51
1313.2
1428.57
1392.76
1384.08
1424.5
1420.45
1434.72
1432.66
1444.04
1461.99
1438.85
1406.47
1353.18
1331.56
1436.78
964.785
907.853
1322.75
1360.54
1337.79
1334.22
1366.12
1402.52
1395.67
1360.54
1449.28
1422.48
1237.62
1223.99
1257.07
1323.63
1381.22
1395.67
907.441
822.368
1131.22
1231.53
1349.53
1397.62
1381.22
1364.26
1361.47
1375.52
1373.63
1425.52
1388.89
1335.11
1354.1
1356.85
1392.76
1400.56
1383.13
904.977
884.956
1361.47
1427.55
1439.88
1477.1
1412.43
1365.19
1403.51
1387.93
1297.02
1254.71
1351.35
1438.85
1404.49
1361.47
1405.48
1484.78
983.768
898.069
1256.28
1375.52
1417.43
1346.8
1293.66
1412.43
1494.77
1495.89
1489.2
1476.01
1469.51
1429.59
1385.04
1399.58
1428.57
1483.68
1490.31
1437.81
891.266
864.678
1353.18
1393.73
1403.51
1410.44
1388.89
1405.48
1420.45
1477.1
1478.2
1463.06
1508.3
