1.15855e-311
inf
2.50553
11.4067
10.4644
7.76187
7.91897
9.94936
9.851
9.99595
10.0762
9.79845
9.68593
9.38645
9.05912
9.09831
8.93328
8.91428
9.23822
9.31337
8.94198
8.76858
8.82204
8.88088
8.71513
8.48792
8.41496
8.4876
8.45945
8.57865
8.7779
8.84885
8.06865
7.36673
7.74239
8.23954
8.64147
8.58723
8.27496
8.29855
8.47242
8.77809
8.77016
8.78171
8.74317
8.78978
8.90734
8.92765
8.9265
8.78164
8.79902
8.70227
8.76478
8.84596
8.80693
8.70326
8.70125
8.73671
8.73881
8.6146
8.55879
8.55769
8.53384
8.69584
8.6433
8.72254
8.72589
8.72033
8.6763
8.62363
8.72151
8.68681
8.71179
8.65194
8.73332
8.73572
8.72269
8.68285
8.5522
8.70913
8.56076
8.59162
8.68399
8.65838
8.66532
8.62013
8.62634
8.58723
8.66277
8.66045
8.69093
8.58752
8.55696
8.56924
8.54938
8.62991
8.56414
8.61735
8.59742
8.59354
8.56139
8.61909
8.74749
8.54873
8.60681
8.63621
8.64532
8.68342
8.63129
8.57839
8.51252
8.58295
8.55011
8.5831
8.3803
8.33768
8.43917
8.54048
8.58568
8.54048
8.6307
8.52522
8.59151
8.57052
8.58181
8.62173
8.55019
8.55085
8.43369
8.47418
8.43942
8.3574
8.27986
8.36194
8.62604
8.50564
8.50857
8.55414
8.54157
8.47214
8.35387
8.41499
8.31798
8.49632
8.57751
8.41213
8.4863
8.50622
8.55707
8.51618
8.48389
8.49917
8.5848
8.51437
8.41025
8.53858
8.5168
8.48374
8.3855
8.45337
8.51049
8.4229
8.49784
8.43562
8.51996
8.26942
8.11995
8.40128
8.36019
8.4717
8.50539
8.52079
8.5034
8.46622
8.51644
8.44577
8.57916
8.48299
8.43174
8.42772
8.39479
8.3603
8.27349
8.4185
8.46909
8.50365
8.45366
8.44006
8.48922
8.34787
8.38146
8.41815
8.51963
8.49491
8.40121
8.51977
8.46751
8.43462
8.32747
8.32768
8.32691
8.24899
8.44142
8.50586
8.53964
8.54237
8.55556
8.56645
8.32123
8.36379
8.35642
8.37545
8.3956
8.34373
8.40686
8.38592
8.4123
8.32504
8.4468
8.42662
8.26088
8.35719
8.32657
8.35314
8.37419
8.35638
8.35589
8.31518
8.41832
8.4229
8.40446
8.36715
8.44505
8.38754
8.19938
8.39162
8.48698
8.50749
8.50365
8.43366
8.52261
8.48785
8.45569
8.38933
8.40156
8.4349
8.29969
8.42929
8.4836
8.48536
8.4386
8.36365
8.6731
8.79399
8.87686
8.90579
8.99224
9.01912
8.94887
8.8169
8.84686
8.95909
8.93839
9.0955
9.03673
9.09703
9.10336
9.05842
9.0212
9.05855
9.0955
9.16162
9.08183
9.06812
9.08352
9.04167
8.95833
8.88834
8.83935
8.8691
8.88573
8.79674
8.91834
8.95901
8.94482
8.83935
8.80189
8.75511
8.8331
8.82239
8.81644
8.78572
8.73477
8.74952
8.61698
8.70439
8.70997
8.74126
8.73992
8.67743
8.68391
8.63003
8.66945
8.54573
8.60433
8.67073
8.67175
8.66544
8.56839
8.67009
8.69259
8.69633
8.60382
8.63316
8.48396
8.47511
8.53082
8.3999
8.62697
8.64327
8.66285
8.6146
8.59893
8.59539
8.53876
8.59287
8.48842
8.52871
8.49398
8.57093
8.55956
8.5064
8.58122
8.45995
8.57659
8.65685
8.71251
8.68549
8.6713
8.85736
8.83728
8.82955
8.77116
8.82952
8.77674
8.65707
8.67528
8.64928
8.79515
8.61397
8.7025
8.84424
8.76417
8.89739
9.00102
8.97199
8.96005
8.95656
8.93427
9.05383
8.73523
8.74114
8.99212
8.96797
8.9185
8.95199
8.7948
8.78777
8.81679
8.65041
8.77208
8.77181
8.90686
8.89134
8.85163
8.92228
8.94735
8.93831
8.92893
8.90646
8.90587
8.89094
8.73168
8.77763
8.78499
8.84858
8.7392
8.6549
8.72243
8.81795
8.82328
8.71422
8.74344
8.64334
8.68082
8.56652
8.50727
8.50959
8.46063
8.56604
8.47522
8.55161
8.53734
8.4641
8.43202
8.37549
8.37858
8.24385
8.32328
8.33434
8.33292
8.29081
8.14037
8.29635
8.3185
8.2776
8.21497
8.14077
8.2588
8.08568
8.07063
8.10754
8.0796
8.14316
8.05425
8.18428
8.19266
8.07331
8.11909
8.03032
8.09402
8.14564
8.08931
8.10764
8.03829
8.1943
8.16346
8.06813
8.06442
7.96007
8.00942
7.93295
7.99153
8.08554
7.93585
8.01067
8.04826
8.07448
8.00676
7.84289
8.01831
8.08251
8.00522
8.00131
7.94493
8.04751
8.01308
8.0349
8.06266
7.84569
7.93862
7.99041
8.01215
8.0503
8.04227
8.27959
8.33514
8.38905
8.28813
8.16737
8.30175
8.312
8.45105
8.53905
8.61965
8.5637
8.48234
8.58428
8.56531
8.68338
8.68191
8.66705
8.6725
8.65808
8.63092
8.5578
8.66262
8.65456
8.73702
8.64809
8.63222
8.68127
8.65172
8.77543
8.676
8.63938
8.5869
8.70295
8.70576
8.7168
8.73595
8.60404
8.58071
8.36915
8.46428
8.50308
8.45123
8.32834
8.26357
8.36051
8.26255
8.3212
8.24005
8.25048
8.24273
8.07608
8.15744
8.09992
8.19662
8.28871
8.04839
8.05542
7.99064
7.92867
8.00291
7.95732
8.09717
8.15494
8.23035
8.29993
8.27952
8.4669
8.4583
8.47296
8.51086
8.59952
8.55912
8.50763
8.6528
8.51709
8.55571
8.53224
8.59579
8.69108
8.63345
8.67931
8.61326
8.6414
8.63357
8.68972
8.69493
8.72159
8.6386
8.59635
8.55619
8.49928
8.66123
8.61349
8.71221
8.72581
8.705
8.68293
8.65033
8.70602
8.6603
8.65089
8.6497
8.75883
8.7064
8.71931
8.70333
8.69452
8.60963
8.54588
8.58704
8.51343
8.73431
8.76029
8.83345
8.84302
8.76532
8.8089
8.84995
8.78665
8.56641
8.68097
8.74122
8.77116
8.69569
8.68885
8.73244
8.67833
8.75714
8.73843
8.787
8.69947
8.75925
8.71217
8.60926
8.69425
8.72262
8.67931
8.58502
8.73679
8.73839
8.7826
8.72734
8.63003
8.71931
8.66322
8.75534
8.68806
8.68474
8.72288
8.71152
8.7047
8.79523
8.81399
8.69527
8.75534
8.7342
8.7403
8.68753
8.70674
8.479
8.56608
8.57832
8.45044
8.65801
8.65917
8.67705
8.63834
8.70913
8.72269
8.71426
8.6211
8.58435
8.676
8.63864
8.74577
8.62876
8.61356
8.73256
8.76336
8.4767
8.31469
8.65981
8.69822
8.74237
8.74145
8.76167
8.76129
8.71372
8.71361
8.571
8.68949
8.65703
8.68583
8.74757
8.75802
8.71908
8.62898
8.70546
8.66953
8.76566
8.64899
8.54993
8.5258
8.56267
8.42084
8.31563
8.45076
8.30496
8.38058
8.37297
8.27304
8.29084
8.2559
7.99946
7.79767
8.0667
8.21787
8.21585
8.15262
8.0585
8.18803
8.13504
8.0827
8.10879
8.01423
8.10465
8.02649
8.01305
8.04589
7.89603
8.0188
7.97897
7.93034
8.02169
7.95722
8.09674
8.08522
7.92556
7.92962
7.94048
8.08718
8.03052
7.9007
7.93934
7.91731
7.95124
7.90061
7.81293
7.90483
7.89877
7.95314
7.94237
7.78965
7.91083
7.92896
7.81613
7.89855
7.87541
7.89375
7.90511
7.85839
7.80494
7.68474
7.8537
7.9483
7.86055
7.85398
7.80884
7.85845
7.85022
7.75651
7.87485
7.91258
7.87014
7.90617
7.81036
7.81784
7.8408
7.73521
7.84954
7.81335
7.77415
7.89157
7.77493
7.83579
7.8011
7.66471
7.7885
7.76434
7.7495
7.8299
7.70992
7.74533
7.81131
7.72448
7.83208
7.79675
7.77013
7.80491
7.71763
7.81784
7.75819
7.70535
7.79955
7.75269
7.80059
7.8194
7.80811
7.7868
7.57785
7.6466
7.63373
7.49839
7.73928
7.78801
7.73706
7.84335
7.76096
7.79834
7.79572
7.59454
7.73219
7.75134
7.64354
7.78665
7.79517
7.86086
7.80296
7.60884
7.77563
7.79168
7.71298
7.81216
7.7278
7.76434
7.83091
7.6799
7.7688
7.83144
7.73718
7.80972
7.7379
7.78895
7.78007
7.65404
7.81766
7.85549
7.93427
8.09917
8.09877
8.22348
8.23245
8.3204
8.3414
8.28
8.46342
8.37605
8.4251
8.4251
8.50742
8.54672
8.49242
8.65164
8.55476
8.69055
8.65482
8.60108
8.65497
8.5838
8.6192
8.57901
8.66607
8.66168
8.68602
8.64775
8.6442
8.61271
8.48932
8.64058
8.63021
8.63923
8.6445
8.65576
8.63096
8.57372
8.55582
8.49214
8.68259
8.62277
8.55564
8.60474
8.67912
8.67592
8.71042
8.74095
8.60707
8.66912
8.58985
8.64734
8.64121
8.62128
8.67156
8.69705
8.65419
8.48904
8.43249
8.2751
8.34721
8.26163
8.18284
8.164
8.11596
8.27123
8.21298
8.26037
8.2148
8.11116
8.14054
8.07142
8.10829
8.02034
7.91283
8.01774
7.98394
8.04521
8.06286
7.94853
8.05688
8.02034
8.0108
8.02427
7.8764
7.91537
7.9201
7.99166
7.97461
7.846
7.99581
7.9234
7.86866
7.92173
7.82699
7.93031
7.87553
7.80814
7.98923
7.89141
7.84215
7.93796
7.82017
7.85669
7.89204
7.81839
7.87005
7.81168
7.91527
7.94001
7.69577
7.70342
7.78325
8.09251
8.27606
8.08787
8.24022
8.33896
8.38163
8.37647
8.27801
8.42148
8.44826
8.53268
8.51963
8.54456
8.49582
8.34115
8.49142
8.44017
8.55238
8.64749
8.65853
8.61401
8.54007
8.62426
8.5185
8.45898
8.29198
8.32778
8.38219
8.35652
8.30813
8.1422
8.24222
8.19457
8.15814
8.12034
7.94761
8.05714
8.1187
8.09717
8.11955
8.0393
8.04486
7.97859
7.93484
8.00644
7.93849
8.03113
8.04069
7.88258
7.93512
7.87278
7.90814
7.95995
7.92742
8.06552
7.94594
7.92679
7.9825
7.91653
7.96086
7.82384
7.90133
7.97086
7.7881
7.88945
7.91831
7.96645
7.935
7.71641
7.85663
7.89263
7.81009
7.86955
7.79967
7.86368
7.84705
7.7743
7.87439
7.82283
7.95466
8.07507
8.14402
8.33841
8.26778
8.31566
8.40453
8.40718
8.38023
8.45155
8.49769
8.11402
8.20678
8.4965
8.46142
8.44584
8.50037
8.59247
8.43263
8.45055
8.50402
8.51912
8.51832
8.51713
8.6037
8.71076
8.76797
8.63707
8.64394
8.6269
8.7011
8.68859
8.62772
8.6053
8.59587
8.58299
8.54434
8.69626
8.67175
8.68851
8.69372
8.73549
8.7774
8.61052
8.6169
8.58657
8.63804
8.55187
8.51459
8.72106
8.69694
8.71718
8.65015
8.7244
8.66735
8.66195
8.67638
8.55761
8.70989
8.65071
8.72859
8.71889
8.75599
8.76659
8.66983
8.61683
8.62489
8.72753
8.62062
8.66491
8.4548
8.525
8.63208
8.67322
8.7919
8.66746
8.67622
8.6188
8.67641
8.62682
8.73423
8.6519
8.59476
8.72932
8.71832
8.7337
8.65112
8.77928
8.77166
8.77139
8.71221
8.70648
8.77589
8.69074
8.68391
8.6994
8.77108
8.74172
8.76905
8.74317
8.78326
8.69747
8.62385
8.7176
8.58203
8.6555
8.73935
8.77081
8.73084
8.74214
8.71562
8.65733
8.68791
8.61464
8.71274
8.66945
8.66818
8.66716
8.70769
8.78233
8.77374
8.68617
8.58959
8.66499
8.60941
8.62738
8.60956
8.70379
8.69497
8.65647
8.68116
8.47231
8.5637
8.62062
8.65374
8.66829
8.76432
8.7416
8.6269
8.64394
8.51662
8.66146
8.65763
8.65265
8.7337
8.80363
8.80239
8.70261
8.72833
8.78858
8.86022
8.70383
8.75239
8.73198
8.72087
8.72574
8.74
8.80247
8.72734
8.79941
8.8525
8.86003
8.79368
8.89106
8.80712
8.76655
8.58542
8.12589
8.10649
8.28421
8.45423
8.46174
8.51963
8.47278
8.42407
8.45248
8.23621
8.37991
8.49596
8.56674
8.6624
8.75549
8.68184
8.55659
8.79716
8.73427
8.76612
8.77539
8.84713
8.85979
8.72989
8.83517
8.69845
8.72121
8.666
8.70436
8.78858
8.77185
8.82749
8.70564
8.76997
8.80658
8.82562
8.77054
8.74156
8.71327
8.75933
8.78194
8.6323
8.70799
8.76274
8.71433
8.64315
8.74355
8.7545
8.75549
8.75182
8.80941
8.74745
8.69014
8.79751
8.67856
8.76017
8.67781
8.73035
8.77166
8.6972
8.72254
8.68885
8.59062
8.52159
8.66769
8.69048
8.80747
8.75929
8.75668
8.7662
8.844
8.83306
8.7313
8.91277
8.88431
8.83744
8.79132
8.94502
8.97251
8.99491
8.91285
8.88992
8.95267
8.94023
8.95508
8.92459
9.02409
9.00848
9.02804
8.89256
8.93296
8.94354
9.0429
9.05723
8.98545
9.09062
9.2001
9.18535
9.10564
9.11158
9.16351
9.20543
9.1022
9.05879
9.15127
9.14261
9.05444
9.11631
9.11228
9.17991
9.2001
9.32771
9.30198
9.2299
9.19802
9.24898
9.24317
9.17621
9.03257
9.03293
9.09703
9.04482
9.12267
9.20827
9.16956
9.10229
9.1203
9.11619
9.16847
9.07931
9.04789
9.00256
9.10179
9.13738
9.09223
9.07227
9.10022
9.07766
9.05584
9.04711
9.0682
8.92678
8.8365
8.96853
9.0005
9.05416
8.96676
9.06401
9.07079
9.0393
9.03926
9.06257
8.96455
8.96298
9.00163
8.97585
9.01945
9.00528
8.99087
9.0162
8.98416
8.85551
8.94226
8.91397
8.95023
8.8176
8.85873
9.00199
9.0258
8.98606
8.98565
9.00491
9.01266
8.84291
8.75584
8.90535
8.78719
8.89684
8.91965
8.91985
8.92124
8.99519
8.98005
8.92088
8.93324
8.91806
8.90325
8.90698
8.88537
8.81628
8.79368
8.8206
8.96752
8.85645
8.87154
8.90884
8.89937
8.84334
8.83884
8.85395
8.79318
8.84627
8.84251
8.79473
8.7522
8.89264
8.8706
8.8554
8.79461
8.8138
8.85461
8.82122
8.78221
8.82519
8.90833
8.7931
8.79933
8.70356
8.788
8.76958
8.83958
8.88873
8.82418
8.84967
8.91552
8.93455
8.67698
8.5242
8.51035
8.58365
8.59583
8.74386
8.76766
8.73832
8.85167
8.81636
8.86835
8.8046
8.76002
8.79477
8.89894
8.9556
8.9629
8.91735
8.8658
8.81659
8.80181
8.89253
8.80324
8.83607
8.64988
8.66502
8.80189
8.84553
8.8206
8.79593
8.79945
8.69021
8.76282
8.76048
8.89173
8.76052
8.75937
8.84017
8.80972
8.82247
8.83408
8.81978
8.72669
8.81279
8.78491
8.84455
8.75438
8.71737
8.67961
8.69849
8.80351
8.90508
8.88822
8.78464
8.73096
8.6573
8.73965
8.83384
8.94546
8.80568
8.81519
8.68402
8.67995
8.8623
8.77782
8.83396
8.8077
8.86269
8.8027
8.72551
8.65149
8.65666
8.54095
8.38926
8.51383
8.5659
8.6921
8.72612
8.76697
8.69618
8.64495
8.638
8.67822
8.72741
8.60607
8.6618
8.63427
8.70652
8.77497
8.79778
8.72856
8.53545
8.71589
8.73305
8.64655
8.69573
8.77205
8.73973
8.75354
8.72654
8.68485
8.81442
8.74768
8.70462
8.72814
8.86423
8.77258
8.66011
8.45562
8.34341
8.33861
8.16973
8.34254
8.36859
8.38708
8.37433
8.27503
8.22034
8.14661
8.35324
8.28363
8.26252
8.23133
8.07552
8.18981
8.0898
8.16217
8.22142
8.10951
8.14438
8.02897
8.16197
8.14531
8.07852
8.14933
8.00317
8.07445
8.05331
8.05315
8.08783
8.02926
8.08571
7.9854
8.00192
8.00868
7.89637
7.99536
7.97658
8.01841
8.01398
7.9384
8.0549
7.90517
7.92038
7.97197
7.81671
7.95567
7.83116
7.67345
7.85093
7.86337
7.92754
7.99517
7.86389
7.91913
7.95336
7.92355
7.94442
7.81726
7.84612
7.88992
7.81366
7.87836
7.80814
7.84068
7.84671
7.6797
7.85225
7.92468
7.89269
7.83748
7.76416
7.8902
7.85558
7.91052
7.88507
7.78101
7.90651
7.82693
7.82816
7.89481
7.78571
7.84185
7.82745
7.75609
7.8566
7.70799
7.71462
7.8338
7.79885
7.83085
7.73503
7.82249
7.87172
7.67967
7.72672
7.68832
7.69491
7.89244
7.8165
7.87433
7.83481
7.69249
7.83558
7.83493
7.84689
7.79806
7.65243
7.78474
7.7805
7.74174
7.7532
7.68536
7.86031
7.89076
7.76907
7.80908
7.71316
7.78698
7.80317
7.61365
7.8046
7.84366
7.6558
7.79274
7.82938
7.80543
7.74647
7.60459
7.76874
7.79426
7.69832
7.81568
7.74941
7.74728
7.79202
7.66389
7.71554
7.70416
7.70832
7.74821
7.49468
7.63435
7.71688
7.56361
7.91988
8.00157
8.01815
8.13107
8.07047
8.27205
8.36281
8.41825
8.44848
8.47307
8.66161
8.55879
8.53173
8.57578
8.62776
8.57747
8.5764
8.75185
8.68214
8.68549
8.6301
8.66161
8.68089
8.69777
8.65217
8.66694
8.77909
8.69622
8.74523
8.56267
8.5866
8.71805
8.61683
8.60926
8.7439
8.78175
8.74053
8.7308
8.56483
8.63823
8.61
8.62192
8.68783
8.65677
8.72764
8.6464
8.72966
8.65063
8.67709
8.5361
8.46059
8.5866
8.612
8.79233
8.77178
8.73817
8.68598
8.83501
8.68161
8.67796
8.755
8.74937
8.77805
8.6588
8.723
8.70921
8.77909
8.68508
8.68983
8.67796
8.73996
8.75695
8.68391
8.71767
8.70746
8.72364
8.65217
8.78974
8.79268
8.76106
8.73507
8.7548
8.68086
8.66131
8.84341
8.71084
8.73225
8.79086
8.84017
8.74902
8.71585
8.71054
8.624
8.72471
8.73446
8.88427
8.84455
8.83462
8.79891
8.73652
8.72479
8.54949
8.56377
8.54464
8.6657
8.68863
8.71562
8.74351
8.64756
8.69618
8.7
8.72726
8.74757
8.85265
8.80088
8.77878
8.78237
8.76893
8.74061
8.71312
8.70439
8.76155
8.76482
8.71676
8.82761
8.73168
8.8225
8.81593
8.72113
8.71372
8.81418
8.80576
8.66867
8.73443
8.6522
8.81162
8.87256
8.7682
8.68904
8.78495
8.84091
8.78129
8.83182
8.66972
8.74504
8.75795
8.78476
8.81461
8.83619
8.83806
8.81527
8.81069
8.73927
8.80444
8.67194
8.5659
8.53188
8.70894
8.80549
8.83599
8.8365
8.75105
8.7601
8.74122
8.78113
8.66056
8.81115
8.84119
8.76797
8.69955
8.67329
8.72391
8.62058
8.67638
8.66758
8.77917
8.76958
8.82823
8.78179
8.70106
8.67698
8.61668
8.76459
8.74294
8.74531
8.67438
8.68746
8.67743
8.72315
8.69917
8.68131
8.66045
8.59598
8.72829
8.65921
8.70197
8.7069
8.78194
8.80766
8.80949
8.85728
8.85614
8.7667
8.55099
8.7379
8.66562
8.68059
8.78194
8.66172
8.66063
8.59276
8.66735
8.68746
8.76628
8.77428
8.79492
8.66127
8.53453
8.73191
8.79922
8.921
8.84924
8.79639
8.78646
8.78353
8.79689
8.82204
8.76417
8.74577
8.81601
8.67479
8.85967
8.88001
8.79272
8.78407
8.80832
8.79527
8.75975
8.60285
8.56997
8.78194
8.72091
8.82274
8.82297
8.77805
8.79883
8.84162
8.76274
8.66769
8.72916
8.6355
8.74065
8.76839
8.71004
8.62285
8.45569
8.48583
8.46887
8.42428
8.28281
8.33125
8.19138
8.15817
8.28178
8.15351
8.2353
8.19159
8.23791
8.21315
8.13978
8.22406
8.0931
8.11906
8.19917
8.13183
8.1366
8.15987
8.38318
8.46783
8.42598
8.4961
8.51046
8.53333
8.47178
8.51191
8.55011
8.65992
8.64383
8.46962
8.5789
8.59627
8.66878
8.60463
8.61445
8.60774
8.56681
8.70917
8.64286
8.69501
8.65355
8.6348
8.62839
8.70186
8.72916
8.59531
8.64312
8.61516
8.71589
8.73691
8.67506
8.54088
8.423
8.45963
8.28329
8.29538
8.26446
8.25713
8.23421
8.13375
8.23143
8.17361
8.22615
8.24824
8.15142
8.20304
8.11899
8.15474
8.12536
7.96749
8.11241
8.07295
8.01764
8.00243
7.92493
8.06969
8.05422
8.02845
8.08414
7.94568
7.96645
7.95861
7.97499
7.99418
7.89263
7.98072
7.97575
7.88908
8.00884
