9.13192
126.406
132.485
144.498
150.15
152.427
139.256
125.447
128.659
136.584
141.353
118.758
110.467
131.787
137.372
129.862
130.787
126.566
104.981
78.3453
69.1611
92.6484
105.608
97.6896
104.915
84.9943
84.4167
102.902
105.563
91.1079
106.321
133.815
131.199
135.099
140.046
156.201
160.823
147.809
150.886
163.961
161.655
148.821
140.885
163.465
167.224
160.643
156.678
151.355
148.832
156.116
164.352
164.055
168.549
146.778
114.587
122.287
135.556
135.272
148.192
43.5682
43.5388
156.104
170.532
174.338
184.01
176.819
171.072
175.331
167.856
167.701
172.861
181.373
183.083
175.101
168.933
166.583
179.937
165.673
161.225
155.412
149.02
162.47
153.245
154.823
130.115
120.846
136.733
146.606
165.18
165.207
154.214
163.412
173.506
151.332
135.3
146.274
169.233
164.799
147.721
144.97
154.238
148.544
148.104
158.793
169.477
174.795
167.574
171.748
170.707
165.44
156.091
157.356
175.254
155.087
148.302
162.456
147.591
140.371
153.433
159.147
165.289
164.948
165.044
181.455
177.384
175.239
178.063
162.285
168.52
174.11
173.1
173.07
159.096
166.182
164.123
171.91
180.766
152.451
141.203
157.356
173.115
169.334
179.051
165.645
157.953
173.25
156.703
150.297
150.387
139.938
145.275
169.09
169.866
160.269
152.207
159.604
182.782
178.364
180.963
176.149
162.959
159.451
168.634
177.447
159.071
151.918
161.434
165.166
173.853
174.262
160.064
157.754
169.305
171.13
175.963
188.893
181.587
178.221
187.582
179.485
164.84
154.643
155.015
146.918
152.614
162.721
150.955
148.71
154.333
173.928
169.549
170.75
165.289
153.516
166.279
168.223
169.895
165.317
159.084
162.536
167.673
169.262
162.84
154.763
148.821
165.948
177.274
173.581
170.111
148.324
157.903
178.779
172.876
162.999
153.822
168.421
151.08
147.984
162.946
158.391
148.434
153.917
173.626
174.429
181.736
151.309
149.254
172.102
170.474
167.448
153.563
158.768
165.44
165.728
174.627
170.94
167.308
167.015
180.848
180.603
167.968
156.924
157.816
177.226
171.013
167.084
174.216
161.97
164.636
156.335
159.185
172.682
142.359
137.542
166.21
164.406
147.189
127.324
140.174
180.473
172.161
167.926
163.145
157.394
156.397
169.09
180.099
167.14
156.116
155.642
164.813
163.559
163.72
176.072
165.33
168.435
176.538
163.479
162.43
156.104
162.14
168.535
152.753
153.198
147.427
147.08
162.986
173.762
173.22
174.734
146.263
141.874
163.773
169.219
175.239
167.406
171.424
157.754
150.648
159.757
167.406
149.903
150.218
179.969
175.608
172.921
159.185
160.385
182.665
174.11
166.306
165.892
159.744
158.856
165.549
147.721
148.5
141.153
131.752
144.498
154.202
172.921
148.324
148.92
166.611
164.474
175.377
163.239
161.447
162.272
165.769
157.456
140.302
149.757
166.806
173.913
170.097
173.611
159.363
155.316
171.866
179.598
178.031
167.856
163.626
163.039
171.689
148.324
134.21
138.918
142.592
159.936
162.167
165.112
141.243
141.093
165.317
163.225
167.574
162.009
170.025
164.285
165.44
173.671
152.73
150.161
170.213
172.682
159.744
167.757
164.528
166.196
181.192
175.546
174.932
169.938
165.673
161.564
168.011
189.179
176.71
146.199
140.292
162.219
154.751
152.753
184.213
156.311
151.229
170.14
161.852
164.069
162.47
167.87
173.01
178.11
181.159
165.221
159.719
168.124
171.851
163.961
169.162
148.976
141.975
161.212
169.219
173.958
160.746
163.199
175.193
180.148
187.424
173.777
150.252
141.034
148.225
157.58
161.355
137.382
132.952
154.345
157.878
167.659
164.015
168.407
168.308
167.015
186.776
172.906
157.542
160.772
180.083
176.025
164.894
181.67
163.145
156.875
157.953
155.087
171.189
167.364
170.838
162.986
166.265
178.955
169.262
147.842
154.357
166.32
148.456
163.052
162.76
160.231
174.11
173.43
171.072
155.678
164.772
176.429
174.155
183.503
175.208
165.686
163.546
175.608
185.529
175.577
176.85
159.464
158.203
183.604
182.732
175.085
174.338
164.908
155.836
165.33
180.963
173.4
159.147
163.185
178.779
166.403
154.811
149.835
139.179
158.341
171.38
168.89
173.055
160.849
157.928
160.888
166.931
162.114
146.434
140.835
154.919
129.769
130.327
168.748
172.191
183.419
177.399
171.541
157.555
158.19
172.548
173.085
181.291
161.825
149.265
161.46
168.52
158.907
155.824
175.809
147.493
133.431
150.75
165.769
159.122
156.863
176.243
175.886
174.322
168.606
154.931
155.594
173.686
182.216
175.423
176.991
164.204
164.42
178.031
171.762
167.21
152.8
161.996
178.747
169.664
170.692
164.704
158.04
148.765
160.668
183.587
168.648
168.99
148.655
152.01
162.827
145.444
139.743
147.94
159.401
168.166
189.861
171.336
153.268
155.099
170.823
169.291
160.167
164.46
161.018
169.736
168.776
162.866
179.937
172.473
170.809
166.417
155.8
137.504
137.372
166.044
173.19
173.355
135.621
114.778
132.696
156.409
165.221
153.669
141.463
163.814
166.168
157.146
167.757
162.615
165.81
160.128
157.418
160.154
163.292
148.236
150.818
184.587
180.18
177.873
176.227
172.801
178.795
172.756
168.705
165.371
158.253
155.545
167.182
185.134
174.322
172.132
159.109
157.319
158.14
150.297
172.756
163.613
151.263
154.919
167.029
185.014
164.109
164.704
170.445
164.123
170.663
173.385
170.488
158.995
169.219
177.007
157.866
165.44
173.28
174.764
170.372
162.47
165.18
157.394
166.279
175.577
172.488
169.635
168.805
155.087
157.841
187.231
178.19
170.809
142.929
145.529
160.179
152.253
173.792
156.605
152.707
161.97
166.987
175.747
174.262
168.35
156.335
172.399
176.819
161.499
171.204
172.921
167.154
173.22
182.05
191.534
169.52
157.891
161.251
166.182
169.592
170.358
165.741
151.757
165.673
177.195
170.547
172.073
143.482
127.951
128.485
136.342
152.555
164.002
174.672
173.175
171.424
177.478
151.538
148.006
179.388
182.548
176.211
157.679
162.061
187.547
174.672
151.803
148.379
157.729
162.324
172.921
179.292
167.673
161.983
155.412
164.663
181.291
179.695
185.134
177.132
150.705
142.806
149.903
155.812
147.059
142.592
165.769
187.283
169.005
161.381
162.509
168.919
187.038
170.459
167.645
162.496
164.096
181.785
176.243
176.772
154.178
145.656
154.154
156.629
147.765
138.389
124.216
128.131
143.802
137.466
144.009
143.854
135.556
138.773
148.81
153.28
134.68
122.602
123.13
129.997
138.351
149.031
154.048
158.203
147.7
142.765
153.811
154.143
152.358
141.764
146.467
143.585
153.941
158.253
131.475
127.714
143.246
142.136
150.614
151.057
149.098
150.342
132.855
139.538
124.456
123.9
143.647
137.912
118.462
120.722
149.231
163.319
176.554
171.807
162.324
157.642
162.681
178.907
161.355
153.057
162.615
170.256
169.062
164.406
164.231
166.445
168.124
163.894
173.581
177.321
168.819
175.254
169.291
164.069
155.027
150.5
162.14
157.431
164.15
167.14
160.979
156.58
165.508
174.52
157.891
166.722
171.292
165.303
161.329
161.799
167.294
158.755
167.266
176.165
176.757
175.809
175.762
162.853
154.392
173.325
173.385
161.812
153.752
154.571
173.205
176.072
177.494
177.73
152.602
152.288
171.306
164.312
149.454
148.622
154.643
166.611
173.37
169.592
178.54
169.866
155.63
157.903
173.175
189.807
161.368
156.433
163.827
159.515
164.568
167.842
170.911
166.764
177.857
178.285
172.102
180.979
164.042
155.933
160.192
154.333
156.397
149.22
146.66
153.41
159.783
165.659
159.962
151.999
163.052
172.741
167.968
180.538
171.13
167.856
166.127
165.358
172.221
158.228
166.445
171.644
171.748
180.359
165.044
136.036
147.254
187.776
167.238
164.406
168.067
170.155
183.908
176.227
175.979
170.75
153.87
155.921
170.721
162.009
156.777
165.961
137.174
134.825
150.989
156.74
172.176
173.476
177.604
164.568
167.406
172.354
159.274
162.114
172.786
169.233
162.787
170.605
169.09
170.605
185.805
172.98
167.406
150.116
152.555
179.42
171.571
173.01
169.205
156.446
156.177
170.663
184.264
158.856
149.779
156.152
166.778
167.015
154.607
173.868
146.295
136.388
161.407
174.064
177.164
164.677
166.127
171.424
175.469
173.611
167.056
155.618
164.029
185.031
178.333
181.094
169.047
162.986
173.43
170.926
179.228
176.975
159.936
166.847
177.557
177.478
169.909
163.814
157.245
155.739
145.465
146.735
178.811
154.488
146.402
162.866
165.399
168.223
163.172
169.823
169.033
145.243
144.791
156.421
148.346
160.218
157.085
155.171
178.619
163.079
164.785
173.355
169.463
183.201
163.385
161.031
170.794
164.325
168.976
167.799
160.759
143.833
153.492
172.801
149.031
132.118
141.703
151.918
151.24
154.333
159.859
176.991
172.876
164.772
168.308
158.617
150.105
164.002
183.066
167.827
169.578
160.244
144.865
155.364
174.034
188.679
168.549
168.336
173.055
164.433
171.88
169.492
160
156.728
167.983
151.976
147.189
148.412
152.683
156.372
151.263
168.067
157.22
159.744
170.314
172.34
187.899
183.133
143.916
130.107
159.426
174.004
149.678
143.256
161.812
181.225
175.623
172.043
172.518
164.785
164.636
164.704
167.029
168.606
157.953
153.398
168.279
190.078
179.808
179.228
156.629
148.346
154.799
157.159
185.632
152.311
149.031
172.176
163.106
169.291
177.148
174.383
167.546
174.795
180.865
180.652
167.785
160.759
173.28
180.881
182.465
191.186
170.955
152.742
152.777
163.626
174.948
171.218
171.689
162.668
166.514
178.492
178.253
180.783
153.21
145.328
162.285
151.492
139.334
155.739
178.476
154.238
156.715
176.445
162.272
153.362
161.381
170.271
170.78
174.963
167.084
172.697
177.117
177.525
189.681
168.591
165.358
168.379
166.806
183.959
171.174
160.823
168.025
176.523
180.571
174.581
181.045
177.132
173.115
184.758
183.402
171.733
162.456
152.103
152.788
167.378
179.244
178.54
156.531
133.511
143.482
169.635
173.747
176.134
164.718
165.659
166.472
170.561
180.799
163.84
168.053
170.663
164.123
170.721
176.056
160.321
149.187
169.19
176.289
176.103
175.239
169.305
177.778
171.174
157.431
157.134
159.579
159.401
154.643
167.926
178.46
161.095
153.574
166.32
186.846
162.8
161.59
167.392
155.376
162.048
168.449
180.62
162.747
154.943
164.285
161.018
166.376
169.463
162.088
160.604
173.175
176.96
175.546
159.847
153.069
168.124
172.221
178.047
161.095
152.718
173.205
148.093
144.561
143.318
122.19
136.008
164.42
170.765
169.967
158.844
156.116
171.409
170.314
173.974
158.579
152.637
161.407
159.591
177.085
172.473
156.482
164.217
179.324
187.301
172.458
158.579
159.834
172.846
157.654
156.421
187.424
157.196
150.083
149.265
147.591
160.953
131.709
128.238
162.84
171.895
170.896
176.103
167.856
173.898
168.947
165.166
154.369
150.252
169.377
170.169
176.678
175.3
161.225
159.783
161.018
168.138
171.38
180.375
169.549
152.905
169.319
174.064
176.788
172.399
147.612
150.071
151.941
160.321
174.231
148.137
139.538
157.171
163.84
173.235
163.026
143.875
158.215
176.585
177.384
163.372
163.345
158.655
156.715
180.391
177.809
153.104
145.571
164.231
178.301
174.171
171.218
166.279
171.013
173.325
165.631
166.362
166.833
172.936
179.485
178.779
173.521
159.172
134.971
135.685
167.518
165.824
168.053
164.325
156.912
170.097
164.717
169.779
166.072
166.431
172.891
164.42
178.939
172.951
148.269
152.08
173.325
183.587
171.38
168.905
164.366
154.667
162.443
176.678
186.133
165.071
161.303
171.762
162.456
167.378
171.13
147.787
136.939
150.105
141.213
145.106
167.42
165.017
166.597
171.116
178.476
165.81
161.59
167.252
171.792
184.264
176.087
160.141
161.681
165.686
158.919
164.474
168.223
166.847
175.84
177.667
178.174
187.038
170.372
160.953
163.066
162.575
180.44
153.292
123.962
145.688
187.988
150.083
139.987
157.604
157.891
168.308
177.636
173.974
154.619
160.953
173.536
169.535
171.674
172.102
167.224
163.626
169.248
169.549
177.604
154.955
143.554
169.348
171.984
175.994
181.34
165.906
167.532
171.689
175.577
178.955
180.946
173.28
162.536
169.119
160.09
158.869
145.096
143.647
174.535
175.101
176.305
160.798
154.131
165.714
162.496
175.531
179.969
159.096
146.477
152.637
162.734
175.454
188.111
165.948
160.475
153.151
156.691
183.807
161.577
156.531
169.133
177.195
180.099
161.264
158.391
169.262
169.722
161.46
156.691
147.547
148.644
153.233
155.364
150.218
148.566
170.823
163.599
161.173
172.995
169.362
176.18
177.873
177.305
168.705
164.948
163.252
163.572
182.183
175.654
167.616
168.848
150.128
154.607
171.703
177.604
182.266
162.8
145.402
158.065
187.248
