10.7522
302.115
427.35
721.761
829.187
1021.45
1091.7
1112.97
430.2
438.5
1267.43
889.284
793.336
1066.67
1137.01
1052.63
1154.73
1321
1389.85
1531.39
1622.06
1594.9
1290.32
1154.07
1299.55
1428.57
1476.01
1507.16
1529.05
1594.9
1551.59
1436.78
1399.58
1274.7
988.142
1013.68
1317.52
1370.8
719.424
696.379
1147.45
1186.94
1192.61
1050.97
1051.52
1174.4
1251.56
1299.55
1308.9
746.269
698.324
1162.79
1353.18
1330.67
1239.93
1268.23
1275.51
1249.22
1278.77
1345.9
1427.55
955.11
914.077
1261.83
1219.51
1129.31
724.9
769.823
1319.26
950.119
846.382
1054.85
486.855
455.996
1040.04
1336.01
1394.7
1321
830.91
821.355
1287.83
1436.78
1515.15
1152.74
1126.13
1358.7
1319.26
1427.55
1520.91
1424.5
1326.26
1331.56
1154.07
980.873
1007.56
809.717
850.702
1213.59
1241.46
1226.24
1124.23
1209.92
1336.01
1373.63
1421.46
1436.78
1441.96
1375.52
1273.89
959.693
935.891
709.22
644.33
814.664
869.943
942.507
1079.33
1406.47
1392.76
1264.22
1209.19
1260.24
1320.13
1283.7
1226.24
1197.6
1196.89
706.215
703.482
1140.25
1044.93
1007.56
331.29
323.311
745.712
582.072
742.39
1275.51
984.737
208.398
207.987
790.826
905.797
1097.09
1229.26
1359.62
1441.96
1377.41
1328.9
1398.6
1387.93
1355.93
1339.58
1293.66
1304.63
1315.79
1325.38
1328.9
1302.08
1040.04
993.542
1160.77
1216.55
1280.41
1250.78
1233.05
1261.83
1273.89
1272.26
1218.77
1152.07
1214.33
1218.77
1200.48
1201.2
1176.47
1150.09
1182.03
1167.54
1175.09
1308.9
1338.69
1253.92
1164.14
1173.02
1199.76
1253.13
1271.46
1275.51
1253.92
1201.92
1227.75
1245.33
1258.65
1236.09
1233.05
1320.13
1323.63
1321
1347.71
1349.53
1374.57
1367.05
1371.74
1330.67
1303.78
1317.52
1339.58
1302.08
1302.93
1306.34
1196.17
1122.96
1143.51
1138.95
1201.92
1310.62
1303.78
1292.82
1354.1
1391.79
1375.52
1336.01
1231.53
1209.19
1215.81
1177.16
1137.66
1170.96
1292.82
858.738
839.631
1284.52
1220.26
1137.01
1219.51
1329.79
1332.45
1326.26
1325.38
1327.14
1249.22
1277.96
1304.63
1285.35
1417.43
1395.67
1278.77
1113.59
1192.61
1412.43
1305.48
1054.85
1011.63
1200.48
1292.82
1302.08
1334.22
1364.26
1286.17
1261.83
1274.7
1278.77
1271.46
1283.7
481.232
442.968
1020.93
1105.58
1136.36
1222.49
1173.71
1200.48
455.685
308.214
537.201
1313.2
1469.51
1406.47
1300.39
1339.58
1457.73
1566.17
1543.21
1566.17
1534.92
1448.23
1219.51
1157.41
1230.77
1277.14
1386.96
1348.62
1274.7
1121.08
1028.28
1013.17
1061.01
1218.77
1280.41
1340.48
1432.66
1473.84
1473.84
1380.26
1349.53
1350.44
1265.82
854.336
590.493
742.666
1098.3
1095.29
1265.02
1308.9
1290.32
1289.49
1281.23
1297.02
1235.33
1230.77
1295.34
1307.19
1298.7
1292.82
1277.14
1233.81
1174.4
1172.33
1237.62
1103.14
1094.69
1288.66
1330.67
1306.34
1314.06
1237.62
1227.75
1287
1371.74
1400.56
1439.88
1433.69
1376.46
314.218
304.368
974.659
1033.06
1289.49
1393.73
1352.26
1181.33
683.527
441.599
590.319
568.182
459.982
765.404
634.317
614.062
978.953
1028.28
1164.14
1263.42
1290.32
1218.77
1255.49
1371.74
1282.05
1218.77
1221.75
1207
1266.62
1376.46
1522.07
1632.65
1661.13
1715.27
1657
1622.06
1663.89
1700.68
1707.94
1690.62
1509.43
1158.08
1128.03
1344.09
1439.88
1517.45
1519.76
1394.7
502.386
334.057
504.923
927.214
627.353
571.102
950.119
1019.89
922.084
1098.9
1341.38
1254.71
1165.5
1253.13
1241.46
872.6
807.428
474.158
462
985.707
1286.17
1364.26
1225.49
1335.11
1529.05
1409.44
1402.52
1406.47
1387.93
1378.36
1334.22
1101.32
1034.66
985.707
1017.81
1228.5
1273.89
1345.89
1385.04
1396.65
1426.53
1523.23
1609.01
1601.28
1488.1
1465.2
1426.53
1336.9
1298.7
1284.52
1303.78
1252.35
401.043
394.633
1159.42
1226.99
1070.09
462.321
236.63
333.5
991.572
1020.41
1378.36
1588.56
1598.72
1632.65
1716.74
1673.64
1536.1
1518.6
1597.44
1683.5
1736.11
1635.32
1574.8
1573.56
1657
1486.99
828.844
830.565
1348.62
1480.38
1591.09
1654.26
1650.17
1495.89
1452.43
1531.39
1536.1
1563.72
1484.78
1463.06
1596.17
304.368
68.5096
83.4968
1406.47
1423.49
1432.66
1390.82
1393.73
1544.4
1710.86
1742.16
1785.71
1769.91
1614.2
594.53
585.309
1550.39
1679.26
1765.23
1908.4
1904.76
1486.99
1357.77
1669.45
1883.24
1766.78
1433.69
1000
987.167
1381.22
1672.24
1727.12
1707.94
1793.72
1779.36
1782.53
1697.79
1707.94
1763.67
1759.01
1762.11
1762.11
1803.43
1682.09
1679.26
1813.24
1787.31
1785.71
1542.02
1243.78
1058.76
1145.48
1466.28
1543.21
1618.12
1648.8
1597.44
1684.92
1739.13
1760.56
1752.85
1702.13
1766.78
1763.67
1635.32
1707.94
1811.59
1683.5
1642.04
1763.67
1776.2
1501.5
1273.89
1232.29
1116.69
1150.75
1486.99
1715.27
1759.01
1605.14
1367.05
1389.85
1659.75
1710.86
1602.56
1689.19
1751.31
1665.28
1722.65
1803.43
1803.43
1785.71
1654.26
847.817
777.605
1347.71
1679.26
1716.74
1759.01
1731.6
1592.36
1597.44
1692.05
1785.71
1800.18
1733.1
1722.65
1719.69
1773.05
1776.2
1702.13
1751.31
1828.15
1811.59
1650.17
842.46
803.213
1422.48
1706.48
1659.75
1672.24
1743.68
1713.8
1857.01
1647.45
1191.19
1251.56
1683.5
1722.65
1665.28
1703.58
1651.53
239.664
239.636
1552.79
1579.78
1620.75
1713.8
1800.18
1839.93
1865.67
1888.57
1879.7
1912.05
1892.15
1867.41
1885.01
1853.57
1796.95
1600
1438.85
1441.96
1425.52
1444.04
1532.57
1614.2
1611.6
1602.56
1533.74
1195.46
1145.48
1431.64
1422.48
1302.08
1043.84
907.029
1144.82
1603.85
935.891
760.456
1057.64
1328.02
1207.73
1131.86
1331.56
1441.96
1536.1
1581.03
1536.1
1551.59
1627.34
1658.37
1651.53
1430.62
1152.74
1139.6
710.48
725.163
1502.63
1662.51
1624.7
1620.75
1705.03
1715.27
1745.2
1823.15
1737.62
1748.25
1784.12
1771.48
1751.31
1782.53
1811.59
1776.2
1816.53
1829.83
1806.68
1771.48
686.342
634.719
753.864
731.529
1229.26
1491.42
1696.35
1784.12
1706.48
1670.84
1760.56
1769.91
1803.43
1762.11
1788.91
1814.88
1774.62
1748.25
1306.34
673.174
733.676
1515.15
1697.79
1736.11
1730.1
1672.24
1675.04
1816.53
1811.59
1773.05
1779.36
1757.47
1693.48
1712.33
1793.72
1782.53
1760.56
1811.59
1819.84
1801.8
1597.44
1049.32
948.317
1223.99
1493.65
1639.34
1672.24
1803.43
1855.29
1760.56
1694.92
1710.86
1502.63
1315.79
1465.2
1583.53
1648.8
1793.72
1696.35
1700.68
1801.8
1693.48
1562.5
1448.23
1392.76
1402.52
1522.07
1661.13
1642.04
1746.72
1790.51
1693.48
1574.8
1587.3
1687.76
1801.8
1831.5
1782.53
1790.51
1712.33
1646.09
1679.26
1752.85
1826.48
1784.12
1690.62
1453.49
1077.59
1175.09
1666.67
1648.8
1596.17
1618.12
1718.21
1706.48
1722.65
1777.78
1683.5
1777.78
1826.48
1771.48
1848.43
1885.01
1811.59
1316.66
1150.75
1448.23
1728.61
1742.16
1142.2
1033.59
1409.44
1618.12
1787.31
1869.16
1913.88
1932.37
1937.98
2016.13
1881.47
1654.26
1426.53
1184.83
1112.97
1225.49
1469.51
1486.99
1507.16
1584.79
1582.28
1242.24
1006.04
1337.79
1696.35
1598.72
1654.26
1788.91
1895.73
1930.5
2000
1951.22
1962.71
1881.47
1818.18
1839.93
1863.93
1867.41
1774.62
1662.51
1619.43
1785.71
1722.65
1589.83
1619.43
1242.24
1068.38
1289.49
1267.43
1308.04
1725.63
1824.82
1855.29
1857.01
1850.14
1733.1
1610.31
1686.34
1759.01
1808.32
1823.15
1846.72
1780.94
1727.12
1801.8
1792.11
1686.34
1639.34
1465.2
1061.57
1145.48
1620.75
1699.24
1751.31
1826.48
1869.16
1808.32
1823.15
1829.83
1848.43
1845.02
1818.18
1813.24
1800.18
1769.91
1423.49
1299.55
1433.69
1583.53
1752.85
1684.92
1526.72
1417.43
1365.19
1425.52
1381.22
1412.43
1672.24
1776.2
1662.51
1614.2
1620.75
1268.23
1029.34
1005.03
1113.59
1258.65
1322.75
1490.31
1690.62
1654.26
1526.72
1465.2
1524.39
1530.22
1576.04
1633.99
1546.79
1640.69
1798.56
1669.45
1626.02
1740.64
1722.65
1763.67
1838.24
1910.22
1833.18
1796.95
1829.83
1839.93
1766.78
1769.91
1803.43
1752.85
1826.48
1257.07
1069.52
1398.6
1768.35
1845.02
1777.78
1800.18
1818.18
1833.18
1853.57
1923.08
1795.33
1730.1
1796.95
1774.62
1710.86
1746.72
1872.66
1760.56
1675.04
1665.28
1793.72
1921.23
1787.31
1155.4
1055.41
1363.33
1250
1118.57
1151.41
1180.64
1221
1380.26
1534.92
1520.91
1511.72
1584.79
1611.6
1706.48
1759.01
1551.59
1510.57
1619.43
1092.9
806.777
648.508
762.777
1265.02
1330.67
1361.47
1356.85
1399.58
1407.46
1493.65
1687.76
1851.85
1930.5
1936.11
1978.24
1943.63
1881.47
683.995
619.771
1114.21
1027.22
1223.99
1517.45
1624.7
1677.85
1635.32
1603.85
1584.79
1693.48
1707.94
1737.62
1774.62
1686.34
1624.7
1646.09
1563.72
1579.78
1184.13
841.043
1050.42
1682.09
1755.93
1626.02
1557.63
1657
1821.49
1883.24
1867.41
1869.16
1857.01
1934.24
1941.75
1953.13
1951.22
1949.32
1968.5
1951.22
1949.32
1960.78
1801.8
1543.21
1236.86
925.926
1101.32
1589.83
1465.2
1578.53
1490.31
1277.14
1212.12
1030.4
1053.19
1318.39
1407.46
1538.46
1612.9
1594.9
1709.4
1800.18
1600
1367.99
1344.09
1264.22
1387.93
1665.28
1598.72
1527.88
1552.79
1654.26
1734.61
1737.62
1706.48
1731.6
1823.15
1941.75
1904.76
1906.58
1960.78
1901.14
1899.34
1945.53
1901.14
1910.22
1972.39
1824.82
1574.8
1472.75
1516.3
1465.2
1497.01
1491.42
1525.55
1536.1
1459.85
1479.29
1476.01
1434.72
1329.79
1473.84
1677.85
1677.85
1686.34
1579.78
1261.03
1322.75
1686.34
1138.3
1007.56
1372.68
1709.4
1779.36
1721.17
1715.27
1569.86
1504.89
1694.92
1693.48
1554
1706.48
1730.1
1719.69
1716.74
1696.35
1743.68
1809.95
1904.76
1846.72
1806.68
1582.28
1267.43
1112.35
1221
1490.31
1694.92
1669.45
1687.76
1788.91
1806.68
1846.72
1806.68
1863.93
1872.66
1801.8
1702.13
1646.09
1657
1759.01
1883.24
1926.78
1936.11
1771.48
1713.8
1229.26
987.654
1203.37
1212.12
1244.56
1644.74
1766.78
1785.71
1839.93
1874.41
1857.01
1809.95
1855.29
1795.33
1824.82
1782.53
1705.03
1749.78
1769.91
1693.48
1635.32
1646.09
1509.43
1184.83
968.992
1104.36
1431.64
1629.99
1668.06
1587.3
1668.06
1594.9
1558.85
1612.9
1682.09
1687.76
1591.09
1623.38
1644.74
1679.26
1718.21
1670.84
1610.31
1709.4
1731.6
1516.3
1376.46
1399.58
1582.28
1809.95
1843.32
1602.56
1537.28
1600
1697.79
1269.84
1115.45
1436.78
1626.02
1497.01
1408.45
1530.22
1551.59
1519.76
1527.88
1353.18
747.105
753.296
1382.17
1603.85
1509.43
1572.33
1646.09
1511.72
1531.39
1563.72
1586.04
1629.99
1725.63
1642.04
1587.3
1576.04
1568.63
1657
1623.38
1598.72
1515.15
1199.76
1033.06
1245.33
1567.4
1476.01
1350.44
1468.43
1639.34
1581.03
1527.88
1476.01
1545.59
1683.5
1730.1
1682.09
1479.29
1111.11
1137.66
1500.38
1611.6
1168.22
873.744
1037.88
1347.71
1498.13
1589.83
1356.85
1199.76
1131.22
1198.32
1329.79
1436.78
1633.99
1690.62
1629.99
1533.74
1561.28
1652.89
1631.32
1243.01
924.642
1101.32
1512.86
1047.67
977.04
1115.45
1072.96
1143.51
1173.02
1240.69
1281.23
1341.38
1564.95
1574.8
1514
1670.84
1480.38
1156.07
1140.25
1308.04
1455.6
1221.75
1152.74
1518.6
1603.85
1530.22
1581.03
1504.89
1563.72
1669.45
1556.42
1430.62
1476.01
1602.56
1537.28
1512.86
1592.36
1476.01
1327.14
1311.48
1327.14
1479.29
1558.85
1489.2
1592.36
1593.63
1558.85
1527.88
1624.7
1793.72
1699.24
1530.22
1450.33
1486.99
1522.07
1612.9
1579.78
1449.28
1493.65
1418.44
1312.34
1444.04
1549.19
1223.99
1229.26
1631.32
1657
1655.63
1663.89
1556.42
1336.01
1244.56
1472.75
1640.69
1659.75
1633.99
1584.79
1690.62
1769.91
1853.57
1706.48
1433.69
1351.35
1362.4
1334.22
1460.92
1700.68
1722.65
1733.1
1722.65
1725.63
1650.17
1710.86
1768.35
1746.72
1792.11
1586.04
1444.04
1459.85
1445.09
1476.01
1588.56
1672.24
1620.75
1495.89
1476.01
1504.89
1578.53
1679.26
1768.35
1673.64
1707.94
1808.32
1749.78
1785.71
1733.1
1823.15
1705.03
1614.2
1683.5
1727.12
1734.61
1410.44
1237.62
1287.83
1271.46
729.927
743.771
1386
1562.5
1546.79
1561.28
1643.39
1733.1
1586.04
1507.16
1646.09
1684.92
1716.74
1658.37
1578.53
1480.38
1550.39
1702.13
1696.35
1752.85
1611.6
1530.22
1405.48
1414.43
1532.57
1576.04
1728.61
1777.78
1833.18
1897.53
1910.22
1872.66
1936.11
1936.11
1941.75
1966.57
1956.95
1956.95
1972.39
1980.2
1976.28
1970.44
1917.55
1934.24
1885.01
1890.36
1848.43
1601.28
1445.09
1417.43
1091.7
1099.51
1514
1648.8
1746.72
1632.65
1618.12
1644.74
1652.89
1707.94
1673.64
1679.26
1642.04
1648.8
1670.84
1676.45
1530.22
1587.3
1644.74
941.62
884.564
1252.35
1347.71
1429.59
1532.57
1684.92
1814.88
1709.4
1628.66
1725.63
1808.32
1801.8
1760.56
1798.56
1811.59
1713.8
1682.09
1818.18
1800.18
1774.62
1702.13
1028.81
565.931
711.997
1705.03
1682.09
1632.65
1670.84
1470.59
1263.42
1399.58
1655.63
1673.64
1697.79
1776.2
1792.11
1811.59
1739.13
1718.21
1821.49
1652.89
1468.43
1344.09
1388.89
1631.32
1765.23
1699.24
1702.13
1780.94
1748.25
1779.36
1703.58
1697.79
1739.13
1677.85
1715.27
1809.95
1734.61
1757.47
1857.01
1771.48
1801.8
1808.32
1707.94
1610.31
1009.08
980.873
1527.88
1715.27
1710.86
1640.69
1471.67
1460.92
1544.4
1554
1690.62
1683.5
1687.76
1808.32
1785.71
1762.11
1831.5
1396.65
1233.81
1491.42
1705.03
1539.65
1405.48
1467.35
1600
1644.74
1622.06
1737.62
1675.04
1628.66
1742.16
1754.39
1769.91
1757.47
1743.68
1743.68
1677.85
1779.36
1834.86
1739.13
1683.5
1716.74
1816.53
1818.18
1769.91
1139.6
917.431
1273.89
1684.92
1682.09
1663.89
1609.01
1497.01
1419.45
1207.73
1117.94
1285.35
1452.43
1627.34
1742.16
1686.34
1683.5
1787.31
1647.45
1659.75
1569.86
876.808
784.314
1209.19
1593.63
1736.11
1694.92
1697.79
1863.93
1857.01
1754.39
1657
1749.78
1821.49
1760.56
1784.12
1796.95
1760.56
1757.47
1829.83
1690.62
1530.22
1429.59
676.819
664.673
1427.55
1598.72
1586.04
1693.48
1743.68
1757.47
1765.23
1739.13
1427.55
1025.12
1040.58
1264.22
1223.24
1287
1556.42
1658.37
885.348
810.045
1326.26
1549.19
1743.68
1724.14
1619.43
1733.1
1324.5
1205.55
1578.53
1766.78
1752.85
1689.19
1644.74
1654.26
1736.11
1809.95
1792.11
1787.31
1710.86
1355.93
986.68
1040.04
1517.45
1733.1
1751.31
1673.64
1703.58
1728.61
1646.09
1754.39
1796.95
1780.94
1702.13
1745.2
1728.61
1746.72
1841.62
1725.63
1722.65
1760.56
1790.51
1705.03
1547.99
995.52
998.502
1566.17
1719.69
1787.31
1771.48
1676.45
1508.3
1551.59
1606.43
1632.65
1666.67
1733.1
1742.16
1715.27
1638
1275.51
1174.4
1212.86
1302.08
1230.77
969.932
1109.88
1629.99
1737.62
1675.04
1628.66
1696.35
1793.72
1745.2
1773.05
1771.48
1670.84
1709.4
1777.78
1514
1517.45
1798.56
1902.95
1928.64
1881.47
1793.72
1391.79
776.096
795.862
1287
1363.33
1439.88
1492.54
1516.3
1543.21
1436.78
1382.17
1463.06
1584.79
1745.2
1746.72
1606.43
1495.89
1468.43
1386.96
1416.43
1345.89
1074.11
961.076
1114.21
1509.43
1675.04
1724.14
1841.62
1803.43
1784.12
1777.78
1760.56
1784.12
1700.68
1669.45
1693.48
1665.28
1733.1
1814.88
1813.24
1800.18
1803.43
1705.03
1177.16
912.825
1105.58
1566.17
1622.06
1569.86
1716.74
1776.2
1771.48
1790.51
1748.25
1793.72
1808.32
1798.56
1803.43
1798.56
1709.4
1731.6
1834.86
1805.05
1795.33
1774.62
1800.18
1075.85
983.768
1446.13
1584.79
1669.45
1725.63
1777.78
1793.72
1796.95
1465.2
1315.79
1532.57
1703.58
1748.25
1796.95
1730.1
1743.68
1771.48
1798.56
1813.24
1749.78
1808.32
1710.86
1493.65
1419.45
1511.72
1663.89
1724.14
1733.1
1702.13
1663.89
1643.39
1672.24
1684.92
1771.48
1833.18
1699.24
1724.14
1841.62
1811.59
1748.25
1689.19
1709.4
1805.05
1785.71
1788.91
1606.43
1484.78
1429.59
1369.86
1526.72
1655.63
1709.4
1746.72
1705.03
1707.94
1773.05
1760.56
1754.39
1785.71
1784.12
1788.91
1801.8
1792.11
1620.75
1301.24
1290.32
1607.72
1661.13
1640.69
1122.96
929.8
1119.82
1321
1524.39
1502.63
1586.04
1676.45
1480.38
1474.93
1639.34
1592.36
1403.51
1364.26
1308.04
1299.55
1424.5
1448.23
1534.92
1579.78
1410.44
1144.82
1191.19
1508.3
1563.72
1631.32
1725.63
1697.79
1666.67
1586.04
1605.14
1624.7
1525.55
1589.83
1605.14
1547.99
1500.38
1488.1
1363.33
1246.88
689.893
668.896
942.507
1023.54
1401.54
1530.22
1712.33
1731.6
1629.99
1603.85
1584.79
1562.5
1662.51
1259.45
1077.59
1134.43
1156.74
1245.33
1228.5
1233.81
1223.24
1168.91
1269.84
1420.45
1499.25
1581.03
1556.42
1573.56
1618.12
1591.09
1566.17
1545.6
1544.4
1546.79
1558.85
1576.04
1477.1
1472.75
413.479
393.701
1203.37
1308.9
1356.85
1108.03
1074.69
1433.69
1573.56
1481.48
1421.46
1531.39
1689.19
1665.28
1646.09
1605.14
1415.43
1233.81
1313.2
1419.45
1495.89
1655.63
1787.31
1899.34
1737.62
1536.1
1557.63
1663.89
1646.09
1668.06
1665.28
1638
1636.66
1706.48
1734.61
1780.94
1790.51
1694.92
1823.15
1365.19
1150.09
1293.66
1481.48
1646.09
1643.39
1712.33
1760.56
1811.59
1806.68
