1.39555e-311
inf
3.67912
12.7778
11.5056
11.6801
14.504
10.1088
9.91075
15.0741
14.3443
14.0762
14.4963
13.773
13.3308
13.3811
13.1398
13.0711
12.7867
12.7778
12.6799
12.4281
12.8058
12.7977
12.6397
12.7953
12.4987
12.6232
13.0902
12.7974
12.7345
12.6875
12.7507
13.1607
12.7542
12.6567
13.1262
12.8517
12.6839
12.6336
12.7016
12.8949
12.5512
12.6579
12.7442
12.2922
12.4361
12.5583
12.503
12.5777
12.4154
12.5933
12.5891
12.5091
12.7382
12.4966
12.368
12.4538
12.3056
12.4145
12.3804
12.3864
12.5796
12.3185
12.2867
12.3078
12.4158
12.6282
12.2981
12.3346
12.4418
12.4091
12.5142
12.4027
12.4388
11.9421
11.8433
12.5482
12.3413
12.2395
12.2773
12.3055
12.6227
12.2696
12.2081
12.3548
12.3558
12.4997
12.2718
12.4189
12.4762
12.2866
12.5391
12.3986
12.3555
12.367
12.3063
12.6159
12.3645
12.2508
12.5766
12.3448
12.3047
12.3516
12.4354
12.5774
12.2039
12.2939
12.389
12.3742
12.5617
12.3413
12.3881
12.5229
12.2939
12.4181
12.4094
12.3381
12.538
12.3874
12.376
12.3658
12.3213
12.6033
12.3598
12.0939
12.2087
12.3274
12.568
12.3516
12.1975
12.3873
12.254
12.3407
12.3355
12.382
12.545
12.2368
12.2341
12.3884
12.4091
12.4053
12.1657
12.3333
12.4384
12.385
12.6562
12.4052
12.2742
12.2246
12.2916
12.5541
12.1895
12.1513
12.2902
12.2163
12.3933
12.2155
12.2743
12.376
12.2249
12.3294
12.2493
12.2809
12.5006
12.4093
12.4524
12.3933
12.3191
12.5791
12.3131
12.285
12.3416
12.2938
12.5519
12.241
12.1528
12.352
12.3718
12.5342
12.2705
12.3261
12.5014
12.2345
12.2792
12.2848
12.3634
12.5685
12.2167
12.2472
12.3644
12.2537
12.5026
12.3416
12.2929
12.2848
12.222
12.4774
12.416
12.3066
12.2151
12.3014
12.4442
12.0297
12.1468
12.2824
12.2478
12.5323
12.2713
12.2336
12.36
12.1208
12.2354
12.2735
12.2187
12.3234
12.216
12.3208
12.2323
12.2281
12.4991
12.3229
12.2545
12.0404
12.0428
12.2422
11.8772
12.0937
12.2748
11.8878
12.0542
12.1884
12.2749
12.2063
12.1982
12.4817
12.1522
12.0192
12.2038
12.4434
12.7687
12.386
12.2825
12.5777
12.5218
12.6193
12.5522
12.5221
12.7419
12.45
12.4295
12.9597
12.7412
12.5384
12.5646
12.6489
12.8507
12.5254
12.5475
12.8154
12.5504
12.7492
12.9024
12.8835
13.232
13.0942
13.0455
13.0723
13.0165
13.2863
13.0707
12.904
13.2815
13.0458
12.9335
13.3221
12.5933
12.5199
12.9182
12.8806
13.1413
12.9035
13.0151
13.1097
12.8578
13.1271
13.2135
12.9696
13.0687
13.0442
13.1117
13.3221
13.0702
12.9995
13.0869
12.7283
12.8134
12.7689
12.7133
13.2321
13.0122
12.8157
13.0557
12.5419
12.4881
12.7096
12.5046
12.5775
12.4795
12.7255
12.9599
12.742
12.7822
12.4975
12.4896
12.9051
12.5995
12.6445
12.8205
12.5899
12.7432
12.5789
12.4549
12.7449
12.6475
12.5894
12.4247
12.4566
12.8102
12.5976
12.4602
12.6417
12.5132
12.5208
12.457
12.4794
12.7094
12.4572
12.4231
12.4357
12.4608
12.6415
12.3206
12.3551
12.4223
12.3654
12.6271
12.2306
12.1792
12.3036
12.3641
12.5735
12.2231
12.2897
12.3932
12.2486
12.4542
12.2571
12.364
12.4605
12.1924
12.4538
12.4122
12.3026
12.1493
12.2433
12.568
12.173
12.1399
12.3192
12.2478
12.2849
12.1376
12.2504
12.3988
12.3085
12.326
11.8905
11.8939
12.2645
11.9187
12.1184
12.2222
12.1383
12.3329
12.1869
12.3429
12.2561
12.1358
12.3599
12.2537
12.1731
12.0789
12.152
12.5281
12.2218
12.0397
12.0529
11.9756
12.27
12.1194
12.1565
12.4469
12.2614
12.1818
12.0743
12.1856
12.3929
12.1424
12.2528
12.3088
12.2152
12.3966
12.1856
12.2122
12.0742
12.0234
12.4945
12.2197
11.9657
12.0991
12.1347
12.2711
12.0782
11.9289
12.0124
12.2316
12.4438
12.117
12.0044
11.998
12.0363
12.2413
11.9211
12.0106
12.3045
12.0036
12.0796
12.1454
12.1093
12.2073
12.0541
12.1963
12.1404
12.0132
12.2566
12.1295
12.0935
11.8927
11.9082
12.3072
12.1264
12.1309
11.7574
11.7148
12.002
11.8251
12.1536
12.1815
12.1613
12.1362
12.1377
12.4497
12.1617
11.9997
11.9541
11.9539
12.2581
12.0788
12.0651
12.1615
12.1019
12.2105
11.9486
11.9429
12.2427
12.1194
11.9755
11.9497
12.1674
11.9856
11.8494
12.2119
11.9793
11.9263
11.9373
11.8426
12.1823
11.9994
11.8587
11.9315
11.9836
12.3045
12.076
11.9826
12.0953
11.9657
12.0209
11.8546
11.9794
12.1192
11.7963
11.8076
11.815
11.9856
12.0276
11.9747
12.12
11.8042
11.9806
12.1409
12.0378
12.2307
12.0354
12.0104
12.0016
11.8625
12.129
11.6233
11.4653
11.6489
11.2042
11.6093
11.9921
12.0406
11.8157
11.6932
12.0478
11.7975
11.7493
11.77
11.8236
11.935
11.8127
12.0234
12.0147
11.987
11.9921
12.0201
12.36
12.1709
12.0117
12.085
12.0472
12.0847
11.735
11.8395
11.9966
11.9198
12.1826
12.0285
11.9859
12.0225
11.9954
12.1884
12.0117
11.9894
12.0236
12.0378
12.2809
12.0883
11.9067
11.7344
11.8226
12.2353
12.0124
11.9188
11.9973
11.9869
12.2073
12.1027
12.0861
12.0944
11.9915
12.1864
11.9976
12.0239
12.142
12.0743
12.1403
11.7367
11.9256
12.1296
11.9422
12.2146
12.0747
12.0214
12.0492
12.0438
12.3574
12.1045
11.949
11.8761
12.012
12.3857
11.9227
11.838
11.9766
11.9983
12.1293
11.7848
11.9686
12.0228
11.8107
11.9681
11.9292
12.1184
12.0451
11.9717
12.109
11.9957
12.0662
11.863
11.9193
12.2058
12.0977
12.0855
11.8682
12
12.1025
11.9466
12.1053
12.0128
12.0885
11.974
11.8589
12.0893
11.8798
11.8885
11.9409
11.9964
12.1787
12.0362
12.0424
12.0244
12.1263
12.1522
11.9463
12.026
11.9305
11.9574
11.9271
11.7791
12.0823
11.8203
11.6932
11.861
11.9571
12.1392
11.9798
12.0839
11.9077
11.877
12.0491
11.9143
12.071
11.9409
11.8837
11.8744
11.8231
12.1584
11.9349
11.8252
11.8868
11.8386
12.1311
11.9229
11.8219
11.8647
11.9455
12.2024
11.3878
11.3195
11.7006
11.598
11.7479
11.6547
11.9016
11.9229
11.9112
12.0847
11.8742
12.0975
12.1146
11.9148
11.9838
11.8446
11.9705
11.833
11.8193
12.0607
11.9486
11.998
11.8901
11.9728
12.1527
11.955
12.0217
11.927
11.9766
12.0256
11.8923
12.0619
11.8269
11.8682
11.8396
11.718
11.9885
11.7367
11.757
11.9491
11.8579
12.0745
11.9755
11.9389
12.0736
11.8254
11.9559
11.822
11.7507
11.9509
11.8729
12.0006
11.7402
11.7505
12.0742
11.8861
11.9207
11.8763
11.9168
12.0349
11.8327
12.0235
11.9576
11.9687
11.9974
11.8466
12.0074
11.9922
12.0185
11.7434
11.6816
12.0898
12.0139
11.9435
11.567
11.5465
11.814
11.7227
11.854
11.7275
11.8991
11.8682
11.7726
12.0592
11.8713
11.9199
11.8663
11.7348
12.0515
11.9398
11.939
11.8978
11.8516
12.0685
11.8753
12.0137
12.0185
12.0328
12.1227
11.8684
11.9943
11.9201
11.9693
12.0546
11.9334
12.098
12.0648
12.0462
11.9482
11.9783
12.2645
11.9348
11.838
12.0745
12.0588
12.0733
11.7352
11.7429
11.9073
11.8078
12.0382
11.9805
12.0072
12.0754
12.0362
12.163
11.9114
11.9975
12.073
12.0432
12.2021
11.9541
12.0056
11.9227
11.8533
12.0161
11.8497
11.8941
11.8494
11.8228
11.8718
11.937
12.0852
11.85
11.9561
11.8558
11.6122
11.7156
11.4652
11.7538
11.9111
11.8211
12.0203
11.9649
12.0062
11.885
11.9813
12.1499
12.0203
12.0499
11.8199
11.9122
11.9843
11.8312
12.0366
11.7842
11.8748
11.9623
11.9102
12.2251
11.9575
11.8967
11.8688
11.5368
11.9143
11.9029
11.8075
11.9437
11.862
12.1606
11.9128
11.8585
12.022
11.9942
11.7542
11.568
11.9504
11.9786
11.9526
12.1815
11.9382
11.9461
11.9003
11.776
11.9265
11.7321
11.5438
11.4066
11.7481
12.0253
11.8664
12.066
11.9699
11.8025
11.9319
12.0777
12.1502
11.7838
11.6805
12.0134
12.0306
11.9723
11.6395
11.6997
11.9006
11.8504
12.1493
11.9946
11.9617
11.6542
11.5172
11.8699
11.7618
11.8985
11.7621
11.6898
11.8331
11.8429
12.1123
11.8961
11.8556
11.7085
11.7026
12.1254
11.8073
11.8515
11.9984
11.8922
12.0175
11.7076
11.7642
11.7986
11.7154
11.8351
11.9118
11.9966
11.7126
11.8184
12.0686
11.9375
11.9399
11.7301
11.8187
12.1519
11.968
11.9155
11.8453
11.9619
11.9982
11.928
12.1224
11.8785
11.8935
12.0109
11.9011
12.1064
11.8766
11.7482
11.8077
11.9148
12.2377
11.9779
11.8405
11.8838
12.1008
12.2995
11.7579
11.7529
11.8635
11.6377
11.737
11.8161
11.9707
11.8581
11.8873
12.1663
11.9236
11.9714
11.9541
11.8223
12.0459
11.4216
11.3969
11.8437
11.7514
12.1079
11.9529
11.873
12.0234
11.9667
12.1795
11.9118
11.8413
11.8816
11.9667
12.229
11.8293
11.7852
12.0696
12.0239
12.0427
11.875
11.9842
12.104
11.9409
12.2251
12.2743
12.4773
12.4709
12.3615
12.8375
12.663
12.6362
12.9187
12.794
12.9334
12.7728
12.7725
13.1986
12.8416
12.8375
13.2867
12.8891
12.8247
13.0028
12.9165
13.0108
12.7836
12.8694
13.0576
12.7449
12.8411
12.6527
12.5747
13.0913
12.8483
12.6794
12.7743
12.7997
12.924
12.7657
12.8565
13.0605
12.6316
12.6148
12.9851
12.8903
12.8306
12.454
12.4955
12.7598
12.5167
12.7773
12.7197
12.629
12.8954
12.6395
12.6346
12.55
12.2945
12.7626
12.5735
12.3513
12.6554
12.5035
12.5325
12.3798
12.4459
12.4977
12.3211
12.6247
12.7218
12.7781
12.9767
12.8438
12.8341
12.8623
12.949
13.2886
13.0246
12.8782
13.2119
12.7957
12.7236
12.9551
12.9956
13.2305
12.9999
13.0923
13.2969
12.8607
12.9773
13.2625
12.9785
13.1286
13.1095
12.9151
13.1832
13.0273
12.9927
13.3034
12.9806
13.0193
13.1105
13.1249
13.3385
13.0979
13.1894
13.4295
13.0419
12.9278
13.3642
13.1368
13.0421
13.2897
13.0087
12.9642
12.8819
12.8309
13.0786
12.7328
12.8331
13.0057
12.7997
13.0419
12.7271
12.7256
13.0941
12.8674
12.8654
12.7558
12.7429
12.8674
12.5385
12.6366
13.0396
12.335
12.2509
12.7502
12.6075
12.8154
12.669
12.7337
12.9555
12.6461
12.6854
12.5899
12.6003
12.8639
12.5408
12.4924
12.5561
12.3853
12.6684
12.5512
12.4258
12.7304
12.676
12.6786
12.5819
12.6546
12.9102
12.678
12.6477
12.7049
12.6354
12.7805
12.4747
12.4826
12.8878
12.5301
12.5261
12.5304
12.5108
12.7965
12.5216
12.1032
11.7159
11.8153
12.331
12.063
12.0795
12.5545
12.2128
12.3029
12.5113
12.4715
12.624
12.2504
12.2176
12.3805
12.2948
12.397
12.1267
12.1233
12.1315
11.9745
12.3686
12.3245
12.2484
12.2504
12.4055
12.8629
12.5342
12.5126
12.7895
12.676
12.5843
12.3374
12.4196
12.7984
12.4304
12.353
12.4861
12.3204
12.5007
12.217
12.1984
12.5452
12.4624
12.5838
12.5426
12.388
12.5415
12.4322
12.4317
12.4628
12.4434
12.6686
12.4606
12.4039
12.448
12.2093
12.3654
12.3283
12.3738
12.7894
12.5037
12.4019
12.5987
12.5792
12.6213
12.3625
12.4622
12.6841
12.3641
12.1145
12.1856
12.475
12.6392
11.9023
11.8071
12.249
12.2074
12.5545
12.4544
12.4068
12.4628
12.3976
12.6887
12.4892
12.3304
12.3706
12.388
12.5645
12.3679
12.447
12.5635
12.2828
12.3452
12.2709
12.3211
12.5071
12.3851
12.5603
12.2824
12.1408
12.4881
12.3088
12.2971
12.271
12.3373
12.6375
12.193
12.1543
12.543
12.4565
12.408
12.0991
12.1403
12.5876
12.2384
12.2824
12.4962
12.4559
12.5972
12.2439
12.3786
12.5221
12.2408
12.413
12.2549
12.2548
12.5707
12.4572
12.679
12.6322
12.4165
12.6362
12.3919
12.3398
12.5761
12.5478
12.522
12.3456
12.4421
12.697
12.4933
12.4933
12.2339
12.0928
12.3289
12.19
12.3108
12.3451
12.3646
12.6129
12.4093
12.3941
12.3583
12.3821
12.7397
12.3927
12.2762
12.5764
12.5454
12.6619
12.5529
12.5909
12.9945
12.6413
12.6401
13.0711
12.8072
12.8556
12.867
12.7583
13.0939
12.9703
13.013
13.0096
12.6949
12.917
12.7111
12.6245
13.0118
12.7675
12.7319
12.7613
12.6761
12.864
12.697
12.804
13.1212
12.5597
12.3605
12.6741
12.4408
12.5612
12.5321
12.5485
12.9861
12.6931
12.7551
12.9061
12.7189
12.8693
12.8569
12.9383
13.1501
12.8688
12.9548
13.1617
12.8188
13.0298
12.9431
12.757
13.2824
13.0472
12.9298
13.3371
13.1328
13.166
13.1234
13.1284
13.3208
12.9333
13.0727
13.3633
13.0542
13.193
13.0852
12.9351
13.3112
12.9587
12.9083
13.2578
13.1755
13.2308
13.134
13.1703
13.3988
13.103
13.1806
13.5315
13.1756
13.1443
13.3812
13.1203
13.089
13.0132
13.0501
13.326
12.9347
12.9687
13.371
12.9235
12.8876
12.9672
12.8777
13.182
12.9597
12.8357
13.1749
12.7998
12.6505
12.8767
12.7187
12.8312
12.7657
12.6599
12.9289
12.7903
12.7301
12.7769
12.543
12.6922
12.5661
12.4078
12.6015
12.484
12.6529
12.6447
12.5631
12.9338
12.5718
12.4716
12.6377
12.6574
12.962
12.6854
12.4768
12.8347
12.6882
12.5057
12.5745
12.5345
12.721
12.6119
12.6643
12.9766
12.6925
12.6583
12.8857
12.8346
12.91
12.8027
12.8694
13.0342
12.8185
13.0233
13.0042
12.8979
13.2647
13.0049
12.9421
13.3948
12.9674
12.8439
13.2061
12.871
12.9076
12.9236
12.9628
13.2283
12.8348
12.7632
13.1079
12.9136
12.8361
12.8237
12.8102
12.9822
12.6862
12.6768
12.8043
12.751
12.9782
12.6561
12.5382
12.962
12.6147
12.4295
12.5933
12.7017
12.8981
12.718
12.6706
12.886
12.6581
12.6055
12.5681
12.4116
12.6336
12.2848
12.3187
12.5477
12.3848
12.6842
12.6487
12.5993
12.6041
12.5114
12.7667
12.6544
12.6421
12.8345
12.6146
12.5572
12.388
12.5591
12.8254
12.265
12.4087
12.5151
12.3957
12.7798
12.4663
12.3589
12.4295
12.437
12.7079
12.4219
12.3923
12.8625
12.5637
12.4034
12.5249
12.556
12.7653
12.4327
12.3368
12.717
12.452
12.4106
12.5373
12.5141
12.7315
12.3914
12.4786
12.5718
12.4148
12.7364
12.5398
11.9931
11.8314
12.0498
12.5198
12.588
12.5117
12.6669
12.5578
12.636
12.4752
12.4564
12.8398
12.5254
12.2693
12.3395
12.4935
12.7007
12.2976
12.3933
12.48
12.3662
12.7164
12.5805
12.5839
12.492
12.2869
12.5796
12.3091
12.1892
12.4259
12.433
12.5492
12.3404
12.4877
12.3982
12.1223
12.4894
12.4722
12.4494
12.5804
12.3871
12.595
12.5517
12.4337
12.6676
12.3583
12.2609
12.0569
12.1848
12.6287
11.8371
11.3847
11.8654
12.453
12.7422
12.4325
12.4258
12.576
12.3372
12.452
12.3666
12.4257
12.6029
12.024
12.1358
12.1864
12.0963
12.503
12.4416
12.4688
12.4075
12.4972
12.8393
12.6016
12.4711
12.4458
12.2538
12.4159
12.3567
12.4729
12.551
12.2404
12.5022
12.556
12.4724
12.5964
12.4597
12.5571
12.3094
12.1474
12.6233
12.4323
12.2778
12.3528
12.5331
12.813
12.2899
12.276
12.4573
12.2021
12.3666
12.0665
12.2147
12.6397
12.3624
12.4881
12.5135
12.6275
12.7411
12.6974
12.8986
12.6746
12.5717
12.7443
12.577
12.6154
12.7396
12.6472
12.7286
12.669
12.7571
12.9112
12.5445
12.6199
12.676
12.5737
12.4768
12.3165
12.5867
12.7123
12.3802
12.5613
12.5679
12.4268
12.8308
12.6177
12.5489
12.5962
12.4995
12.6595
12.4519
12.4594
12.8502
12.5581
12.463
12.6205
12.537
12.6374
12.3423
12.5027
12.8913
12.2864
12.0861
12.3867
12.4941
12.6497
12.4613
12.5542
12.8145
12.4503
12.5422
12.564
12.419
12.624
12.4909
12.3808
12.3593
12.1503
12.396
12.3025
12.2195
12.5724
12.5198
12.6178
12.4332
12.3868
12.4344
12.1558
12.3752
12.3893
12.2196
12.4421
12.3321
12.3924
12.2628
12.1883
12.5346
12.3068
12.2661
12.4012
12.4772
12.725
12.2669
10.9859
11.0105
12.2418
12.1286
11.6638
12.0611
12.109
11.8903
11.9424
11.6175
11.6545
11.9114
12.1195
12.3719
12.0817
12.1811
12.2899
12.3106
11.233
10.231
10.6072
10.6311
10.5852
10.7765
11.6577
12.5676
12.4741
12.1434
11.6666
11.6794
11.3621
10.7602
10.9706
10.992
10.6852
10.8823
11.3689
11.2143
11.2139
11.5281
11.5543
12.0459
11.5829
11.2734
11.2172
11.1725
11.1696
10.986
11.0918
10.261
10.074
9.63944
9.89565
10.512
10.3431
9.085
9.32284
11.1425
10.6492
10.9624
10.4881
9.51624
9.35694
8.51756
8.48965
9.71529
10.1087
10.2774
10.8943
10.704
10.8478
11.7696
10.9944
10.8493
11.5845
11.0996
10.4302
10.6423
10.9169
10.8781
11.215
11.8411
12.4079
12.2043
12.0621
11.9791
11.7784
12.1823
12.3607
12.3598
12.5796
12.4589
12.4083
12.1457
11.9496
12.3618
12.0923
12.1612
12.6933
12.075
11.497
11.4105
11.5686
11.7425
11.7619
12.1712
12.2341
12.1706
12.3612
12.2105
12.3468
12.1407
12.0561
12.3869
12.1421
12.2475
12.3036
12.2301
12.5167
12.3445
12.3621
12.5001
12.521
12.6076
12.1949
11.5516
11.1347
11.1024
11.4149
11.2627
11.45
12.0987
12.2806
12.227
12.2204
12.5556
11.3828
9.57942
9.44006
10.8288
11.4104
11.0752
10.4811
10.2039
10.7816
10.6558
10.8676
11.2804
11.2661
10.4816
10.3587
11.1908
10.9655
11.2816
10.9674
10.8985
11.7938
12.0622
12.4288
11.8245
11.7299
12.1454
12.1759
12.5109
11.7736
11.6221
11.5497
11.3793
11.6205
11.6176
11.8498
11.7431
11.6354
11.5951
11.6717
12.0498
12.004
11.8304
11.9041
12.1115
10.4083
8.7619
8.30889
8.49149
8.89573
9.60822
9.62367
9.57561
10.481
11.0811
11.0716
10.5124
10.8106
10.564
10.3059
10.9624
11.1289
10.7033
11.0122
11.9009
11.6757
10.6226
9.83753
10.0734
10.6462
11.0794
10.5113
10.3993
11.6829
11.9253
12.1257
12.3321
12.2333
12.0152
11.7615
11.9007
11.7341
12.0161
12.3225
11.4198
11.5772
11.2152
11.2829
12.2325
12.0224
12.39
12.2067
12.1057
12.4558
12.3651
12.4384
12.1002
11.9364
12.1228
11.9712
12.1977
12.162
12.0604
12.2742
12.1037
12.0264
11.8533
11.6463
11.8856
11.9164
11.8599
11.5551
11.6627
12.0595
11.7403
11.8384
10.6729
