9.34588
199.322
202.922
129.408
126.326
180.31
168.876
173.385
184.111
186.846
186.811
196.657
202.347
156.556
134.409
148.181
171.718
190.404
195.027
193.874
180.343
134.111
131.32
148.599
151.93
126.295
116.85
133.085
120.467
51.6729
55.3051
128.684
103.252
92.8807
109.836
157.604
175.285
154.476
154.727
196.002
179.533
180.261
144.833
145.37
220.897
206.122
193.686
218.055
184.027
174.764
111.136
85.11
130.651
206.59
204.876
209.271
213.904
208.485
224.643
240.471
229.621
228.05
228.676
212.269
199.9
205.825
200.582
203.874
231.054
224.871
221.092
64.1272
63.482
151.389
143.781
183.268
183.117
187.917
186.098
203.355
238.607
226.501
214.362
220.386
227.972
225.836
210.371
211.797
218.317
227.894
242.219
236.77
229.859
242.542
204.165
198.432
220.677
201.593
207.104
216.732
202.881
199.045
206.761
202.552
209.754
236.211
230.468
217.77
209.974
195.886
208.768
228.833
219.708
209.996
229.358
214.754
202.02
220.095
226.629
195.37
189.036
196.986
192.808
218.245
223.314
222.37
210.217
201.227
221.239
210.659
196.155
214.915
233.399
241.663
230.256
228.598
220.507
203.231
221.484
235.46
213.106
210.704
228.807
217.51
207.814
226.424
209.82
196.773
228.441
224.896
217.652
215.123
197.414
210.704
237.84
242.219
220.095
198.708
173.055
187.564
233.127
192.419
174.414
204.165
195.886
182.582
205.571
211.349
211.104
209.249
203.625
196.483
194.231
209.842
224.896
232.234
210.062
204.082
182.382
186.359
233.236
234.274
226.398
233.236
235.128
198.728
190.331
219.419
205.888
196.87
232.342
228.702
205.149
212.022
217.014
208.768
221.141
223.839
224.417
247.709
208.986
197.006
220.775
207.447
211.193
233.563
216.216
190.277
182.565
178.763
193.255
224.316
221.754
207.922
208.355
196.754
206.654
230.894
207.125
209.886
219.13
198.866
199.521
220.58
221.386
215.123
229.964
199.144
186.951
213.995
204.939
201.939
230.68
226.809
211.775
209.139
203.811
213.447
236.127
221.214
212.698
213.561
193.592
210.283
234.192
209.227
204.625
222.792
211.06
202.122
222.568
209.908
203.335
231
157.245
134.255
160.154
174.034
211.06
210.904
204.478
223.439
203.231
191.479
216.661
229.489
230.601
231.027
199.74
190.767
215.008
220.702
214.823
212.743
196.87
205.065
216.146
209.139
219.274
223.889
215.401
223.14
244.111
212.089
206.186
235.905
193.33
183.84
221.019
211.528
205.023
232.396
236.211
192.234
189.825
203.19
180.652
190.186
197.531
208.333
242.542
223.439
218.699
239.636
206.633
206.954
241.284
234.494
227.764
216.333
208.138
204.541
205.571
225.048
227.273
226.065
247.372
226.014
190.494
180.115
195.351
229.991
245.67
220.192
217.202
218.771
194.194
190.367
212.269
220.313
224.593
248.355
216.685
199.88
218.508
206.313
178.795
198.354
221.877
169.334
165.481
210.018
229.516
229.437
212.382
214.754
199.581
190.476
217.037
234.384
234.88
235.516
240.964
216.403
220.095
212.337
177.999
194.609
228.912
219.974
205.065
203.004
208.333
226.014
247.219
230.894
216.099
209.227
196.812
208.594
234.99
234.028
232.612
233.155
224.492
206.334
204.604
220.264
219.998
209.556
214.5
221.386
199.461
170.518
177.305
205.402
190.078
197.375
223.189
199.621
197.589
225.352
224.492
220.702
236.295
225.912
202.716
212.45
216.638
211.104
229.779
245.339
209.864
181.094
184.57
208.182
237.812
243.813
220.434
221.607
231
214.064
224.845
239.808
233.781
234.962
249.688
230.415
196.155
202.265
222.916
222.42
203.874
177.92
181.901
208.551
167.616
170.198
193.892
191.553
239.292
209.974
195.389
221.951
232.883
230.627
233.754
233.263
190.549
183.84
220.629
216.333
209.227
236.435
224.467
212.427
225.887
213.767
199.442
218.794
227.531
220.119
207.62
190.295
201.147
214.454
205.698
207.598
221.288
206.313
209.644
240.558
223.614
196.059
146.167
137.25
185.357
197.609
206.207
240.183
174.596
169.19
178.875
171.88
218.198
226.526
223.789
236.742
236.798
207.598
207.49
229.174
211.193
213.538
239.894
212.63
188.964
201.329
196.986
192.827
194.553
196.078
201.248
182.415
196.444
233.781
224.316
217.604
227.531
163.479
162.272
236.239
220.483
207.275
229.753
229.174
204.897
201.147
183.857
194.628
243.309
225.352
207.254
187.952
164.082
176.056
196.155
204.499
205.719
176.01
178.158
212.292
209.974
211.977
233.155
230.548
215.169
205.656
206.868
221.141
240.356
231.857
224.014
243.605
238.095
216.755
215.054
230.017
222.941
219.37
239.866
217.746
209.93
229.358
217.415
207.254
229.41
255.46
231.965
195.141
190.949
197.492
197.239
200
198.886
188.342
180.18
197.18
219.708
205.613
208.377
209.008
187.021
194.647
214.293
152.648
134.228
175.254
176.258
163.119
186.445
223.764
220.216
218.627
222.717
193.125
186.289
215.843
220.994
217.486
229.226
200.844
187.741
217.936
228.493
223.489
238.892
242.807
232.829
221.656
231.481
226.449
213.95
222.99
216.146
222.099
222.643
179.147
183.84
198.236
189.43
213.904
222.395
206.782
220.751
248.725
205.761
200.24
226.783
217.132
204.541
217.132
222.445
216.123
239.206
224.467
218.603
222.173
204.29
210.482
235.211
244.559
224.366
219.66
225.098
205.381
208.921
236.463
222.916
202.265
200.541
204.834
205.931
218.866
211.707
211.64
243.161
210.128
209.732
187.705
175.346
216.99
211.573
202.45
225.555
242.424
176.367
170.838
214.202
211.864
228.65
250.062
205.529
191.994
216.286
217.415
231.938
233.727
209.03
216.053
204.123
191.186
213.561
236.463
233.918
229.463
235.073
196.194
189.268
219.322
212.022
215.448
222.916
197.433
177.762
176.741
192.901
217.51
240.067
222.643
221.435
219.37
182.017
185.408
226.219
220.264
187.705
164.271
174.963
205.698
186.272
191.406
229.779
220.07
190.494
195.867
208.703
206.804
210.637
208.725
220.313
218.699
205.656
210.15
222.124
219.611
216.38
214.777
197.161
210.217
236.044
212.472
208.203
236.379
236.686
208.681
200.26
206.441
217.889
236.911
201.329
195.599
216.544
205.931
213.356
207.641
184.775
182.415
199.322
181.686
174.262
203.77
206.718
214.73
233.372
218.174
187.547
184.57
210.993
232.369
232.937
216.497
225.963
236.658
218.818
222.445
238.692
221.337
213.129
221.288
193.686
200.965
230.787
212.585
211.416
230.494
232.992
204.144
202.819
214.984
209.754
225.938
236.1
225.759
211.82
210.239
204.144
181.538
181.373
206.868
196.464
169.305
189.304
224.115
205.825
209.49
246.853
232.477
202.943
203.149
203.025
211.282
238.152
222.494
218.364
223.614
202.984
205.128
227.609
241.663
217.604
217.652
215.54
202.409
216.427
231.938
224.417
223.889
243.754
217.155
188.786
204.666
213.538
215.077
230.441
214.477
219.226
222.222
208.877
215.68
204.771
189.215
210.194
216.006
176.538
190.186
240.414
201.39
196.117
235.988
214.638
188.058
208.095
219.25
218.46
242.101
219.202
216.357
211.82
192.79
209.666
240.01
234.274
223.414
230.017
217.179
218.938
217.391
203.542
207.168
225.378
243.843
234.714
206.676
208.594
216.708
223.115
241.051
224.366
222.321
227.015
216.45
225.073
237.361
209.732
207.189
230.84
184.468
187.301
245.339
203.915
191.626
234.907
228.206
189.988
196.889
209.512
211.149
233.699
224.744
211.707
202.696
195.829
207.9
232.18
233.236
224.291
230.282
200.461
195.484
214.316
227.92
221.386
220.848
184.57
156.201
191.736
215.587
220.289
241.167
198.255
197.414
225.276
200.803
198.669
226.244
242.718
237.756
241.633
215.75
182.365
198.531
241.517
218.364
182.482
179.614
188.306
203.625
210.815
213.197
229.332
207.512
212.067
219.13
199.88
211.439
232.072
237.164
229.069
220.897
192.123
193.517
235.294
252.653
217.984
212.925
250.532
232.639
205.107
216.708
210.571
210.194
247.066
230.707
216.873
198.965
183.368
201.471
231.294
237.107
208.834
192.938
169.477
157.22
179.614
196.56
191.939
188.804
180.018
176.476
180.148
198.216
180.375
176.991
202.368
180.213
170.882
179.678
187.459
164.339
148.943
164.853
186.185
201.167
208.42
187.389
169.722
194.856
196.406
189.915
202.286
202.881
186.272
182.465
209.096
227.505
244.26
214.984
185.874
174.596
175.5
183.57
178.19
175.855
174.672
163.265
173.13
184.077
191.461
213.288
200.421
184.604
169.319
184.179
230.734
234.467
195.906
181.653
173.385
151.757
162.483
183.016
202.388
217.391
187.126
188.733
184.98
178.38
189.645
182.498
193.63
200.441
184.604
171.072
182.565
211.64
176.96
154.715
175.762
160.475
171.16
200.24
169.678
163.693
168.563
189.376
206.164
200.02
196.444
183.234
181.505
213.106
226.501
195.542
158.818
154.095
185.117
178.651
176.01
207.577
201.593
203.046
233.372
218.818
213.927
236.686
222.074
212.495
205.17
180.865
192.715
227.221
225.581
225.175
229.253
198.511
199.92
234.219
223.289
215.008
208.877
181.917
177.73
209.03
205.783
199.104
223.115
207.598
187.882
202.122
209.908
218.747
245.339
217.77
205.212
202.347
194.932
216.216
225.836
207.965
218.031
246.883
189.934
162.628
186.498
205.571
226.552
246.579
224.719
197.55
180.946
184.723
220.167
244.439
232.072
233.481
222.272
193.836
195.446
216.286
196.773
193.293
220.751
177.462
174.034
202.696
211.842
215.077
188.058
193.911
213.995
210.548
217.817
236.827
234.137
227.48
231.857
210.993
204.75
231.562
240.442
209.314
208.812
224.997
199.76
205.677
229.437
212.179
219.274
247.005
222.643
212.292
210.349
191.589
206.526
244.678
244.439
222.742
207.684
197.18
209.03
234.99
229.489
213.197
223.015
244.111
210.993
171.748
177.715
214.11
219.998
202.819
213.675
222.05
211.685
200.803
208.225
209.074
204.374
216.38
206.037
212.427
236.714
234.329
222.742
229.753
239.866
222.173
204.876
214.707
195.523
191.479
229.779
219.804
200.743
216.779
218.221
214.454
235.349
233.427
216.31
199.302
175.269
189.036
237.501
228.441
220.994
238.379
221.166
203.046
189.394
177.085
204.583
182.149
168.677
191.461
188.395
201.552
229.621
240.616
231.75
235.018
218.007
202.347
221.656
250.627
233.1
205.402
213.174
222.173
199.94
206.697
219.901
217.32
236.072
237.164
223.989
217.794
219.66
225.098
234.742
242.748
230.947
227.661
212.089
200.06
222.742
248.88
226.886
221.533
247.188
235.793
204.019
205.656
193.274
193.592
230.627
214.247
191.296
197.628
187.846
191.168
228.311
225.454
222
208.355
185.58
201.755
238.777
231.777
218.388
228.545
225.428
200.622
201.572
210.084
218.293
246.366
248.88
220.946
194.989
209.205
213.538
213.242
221.484
210.504
222.247
222.469
207.922
214.454
236.49
222.841
220.022
244.858
230.654
196.348
204.269
221.533
215.424
195.848
184.094
207.061
204.771
172.34
183.117
208.485
187.988
171.497
173.883
204.687
242.483
213.675
190.204
192.271
174.825
175.577
194.005
203.355
228.912
222.42
204.499
206.59
212.359
211.082
215.54
240.385
231.187
223.689
215.239
186.098
197.609
242.66
226.424
212.359
234.412
213.333
193.63
218.484
221.877
218.866
226.296
190.404
172.756
197.707
208.812
217.699
215.517
187.882
201.39
215.587
201.857
210.194
224.266
211.797
223.989
248.293
203.791
192.031
231.535
232.45
223.414
224.442
206.271
188.786
204.834
216.755
216.544
237.192
223.115
218.007
210.77
194.742
207.104
233.618
240.703
226.989
215.123
198.432
186.168
193.817
202.409
203.128
212.067
203.562
188.288
180.375
171.836
196.406
207.684
195.027
212.202
197.687
190.078
210.239
197.57
202.901
243.487
220.629
185.667
200.18
216.357
213.812
239.866
239.55
210.659
195.523
214.316
213.288
210.659
241.663
219.949
206.676
211.618
204.394
218.174
238.55
218.007
218.102
237.332
201.045
185.77
199.74
206.889
224.442
236.323
218.341
194.118
181.373
181.703
210.327
218.747
204.269
223.214
222.568
187.231
197.668
245.459
212.314
200.08
229.226
200.421
197.219
236.351
225.378
214.8
210.239
198.886
192.419
212.404
220.946
215.471
243.161
230.707
217.415
217.439
207.168
209.974
230.441
224.417
219.491
239.981
244.141
214.156
213.698
248.385
228.545
215.959
209.336
189.609
188.448
216.661
224.568
208.877
220.97
201.025
189.843
188.288
187.67
216.638
236.211
222.99
226.501
246.275
214.869
201.349
226.835
217.226
209.205
226.296
214.041
178.333
188.893
209.798
211.775
237.784
233.182
229.279
223.564
205.276
213.927
231.938
216.521
220.095
242.954
251.004
207.857
199.621
238.152
227.402
216.755
221.214
206.42
194.118
208.899
216.286
209.49
222.916
220.361
