1.1785e-311
inf
5.70962
28.5055
25.2372
22.1303
21.9488
23.5738
24.5345
22.8566
19.9473
17.2642
12.2729
14.3768
24.6393
23.9403
23.9886
23.2591
21.8038
22.1808
24.8327
25.4104
24.7617
23.9581
23.5643
24.1587
24.9224
24.766
24.7902
24.2321
24.5459
25.0338
25.2745
24.3617
22.8843
22.959
23.9871
25.1001
24.5489
23.8658
23.9461
22.9106
21.6546
20.0715
20.3151
22.0763
21.4864
21.2682
22.0748
23.9189
24.8068
24.3674
23.9777
23.4316
24.2727
24.7828
24.8007
24.6661
23.6097
23.9621
25.1988
24.8497
23.8658
23.5763
24.6217
21.1965
20.7473
24.5101
23.4335
23.5211
25.2694
25.4774
24.7844
24.0877
24.6889
25.2264
25.4317
24.8321
23.775
24.4831
25.995
26.4229
25.8535
24.7819
24.5251
25.52
26.6859
26.7083
25.0749
25.4495
26.4918
25.6374
25.5187
25.5768
24.9314
25.0275
25.5477
25.7586
26.3814
24.9063
24.0079
26.0613
26.8068
25.7291
24.3505
24.4484
25.7759
26.2254
26.2055
25.745
25.3682
26.1547
24.6275
23.1522
24.5791
23.6008
23.7093
25.8431
25.5457
26.2895
26.3762
25.9616
25.8712
25.1241
25.2742
24.9038
24.7859
25.4214
24.8114
24.6987
25.3107
24.5239
24.8667
26.2536
26.3546
25.3775
24.88
25.2509
25.0683
25.1376
25.2134
24.5933
24.4272
25.2156
25.9393
26.0305
25.2468
23.2499
23.67
25.5634
25.938
25.1591
21.2567
22.4122
27.2903
26.2591
26.1986
24.357
23.9527
26.0943
26.1393
26.5989
25.2634
25.1845
26.6301
26.7816
27.0874
26.1472
25.8675
26.2802
26.6617
26.6805
26.5024
26.3328
25.4259
26.0058
24.8087
23.7612
24.0735
24.8416
25.2685
24.8222
25.9087
26.1438
25.9269
25.4952
25.8829
26.4058
18.5391
18.5266
25.4281
25.4926
25.9319
25.3804
25.5634
26.0196
26.2405
26.5442
25.2026
24.1838
24.6503
24.5068
23.4714
21.5852
22.2524
24.3081
24.0284
23.3962
22.5411
23.2615
24.7332
24.7555
23.9275
22.3379
22.3242
23.2569
23.7296
25.7387
25.7945
25.1867
26.5277
27.2554
26.9056
25.6713
19.694
19.3881
24.7878
25.7543
24.0437
23.3935
25.1032
25.3476
24.2742
24.3342
24.9785
23.8763
23.7397
24.4702
23.5755
23.9817
25.5699
24.6597
23.0229
22.5281
23.8932
25.7
26.6035
26.855
25.0219
24.7779
25.0504
25.6512
25.8608
22.1153
22.2588
25.1902
24.5739
22.2455
20.9277
15.6885
14.0253
18.1314
21.9879
23.9561
24.3297
23.1038
22.2849
22.2911
22.4893
23.8328
25.2745
24.4445
25.5957
25.5565
23.4902
23.6116
23.6874
23.8806
24.4454
25.0044
25.5777
24.8605
24.5272
25.2089
24.8521
24.6211
24.5242
24.8019
25.6023
25.1149
25.4787
26.1554
24.154
24.0604
26.2778
26.4281
26.1931
25.7258
25.5167
26.2667
25.9713
26.5728
26.4121
24.1668
24.3974
26.2288
26.33
25.1712
23.423
23.6437
25.8789
26.4718
25.8304
25.0206
25.0188
25.7885
25.264
24.5212
25.2331
25.9966
25.9659
25.6838
25.433
25.1474
23.8923
24.0151
25.0241
24.9909
25.3514
24.3265
24.1926
24.7369
24.6266
25.5314
23.5255
23.2302
25.7725
26.2422
25.941
24.463
24.3944
25.1136
24.09
24.2169
24.2978
23.2539
23.4538
24.9529
25.4265
24.5305
23.2499
23.3138
24.4287
25.5115
25.6039
24.1701
24.6475
25.2105
24.9513
24.3463
24.0613
25.1816
25.4346
25.7659
26.5844
24.8849
24.1182
25.5226
25.4246
25.6154
25.0297
25.312
27.359
26.6407
25.0998
24.603
23.5755
23.6058
25.1474
25.3669
25.6033
25.4246
25.9737
27.4601
27.3052
26.3141
25.1515
24.5727
25.2576
26.2329
26.7115
27.0369
26.3758
26.3911
26.719
26.2085
25.9299
25.228
24.9685
25.2334
24.7699
24.5628
22.7684
19.7936
22.187
26.9585
25.9215
23.9003
24.3846
25.8903
25.8916
26.3466
23.7048
23.1715
25.4638
25.114
23.0998
23.0362
25.6578
27.154
26.1609
25.2462
25.0178
24.8404
25.3203
25.547
25.1187
23.727
23.3598
25.0554
25.2411
25.7404
27.1695
25.9417
25.643
26.7666
26.8392
26.8226
26.9364
25.3088
25.18
26.9447
27.3939
26.7573
24.2239
23.1423
25.3453
26.0342
24.5438
22.8243
22.1271
24.0489
25.9279
25.4459
23.5571
24.2515
26.6642
27.0263
27.2732
27.1717
25.3923
24.6627
25.162
25.2749
26.3206
26.189
26.4767
27.5179
26.4561
25.3952
23.9355
24.6694
27.0739
27.4861
26.3238
26.0166
24.7749
25.4923
28.043
26.7759
25.8318
24.3395
24.0671
25.311
26.04
26.1688
26.3717
25.9605
25.55
25.6111
25.3209
25.5921
24.5836
25.2264
27.1676
26.9993
25.8294
25.4311
24.9947
24.4278
25.1342
25.4291
25.3213
25.2127
24.6926
24.5909
25.3238
25.7208
24.2213
24.1742
25.8903
25.7132
25.6802
23.4709
22.7069
24.0604
24.7421
26.3283
25.1335
24.609
25.7086
25.9953
25.8866
24.2671
24.7454
26.3571
25.9703
26.0919
25.4233
25.0982
25.74
25.6348
25.1402
24.8469
24.0249
25.4091
27.7435
27.7051
27.7701
26.4838
25.7172
25.8675
25.4677
25.3408
25.4333
24.0685
24.1191
25.5389
25.4962
26.1131
24.2807
23.3187
24.4299
25.2497
26.6937
24.6972
23.8407
25.0072
25.4904
26.7831
27.4805
26.7799
26.9121
27.7289
27.3205
25.9182
24.4687
24.6151
25.7626
27.0874
26.0098
25.381
23.7009
22.5739
22.0165
21.8596
24.0729
23.6479
24.0076
24.9308
24.392
25.8058
25.4417
25.3498
27.2209
26.6198
26.5534
25.4887
24.72
25.7981
25.6657
25.4249
24.8629
23.7119
24.3078
25.4719
26.0268
25.2232
23.0707
23.1578
24.6859
24.713
24.2066
22.8841
23.6295
26.2933
27.0966
27.2213
25.193
24.7997
26.6461
26.9146
27.3008
27.4224
25.2682
24.031
24.6652
24.6743
24.2736
22.4936
22.6042
25.3399
25.8304
24.7378
23.8609
24.4606
25.6624
25.5754
25.445
24.3285
24.1923
23.2523
19.9702
17.6982
17.43
19.5044
23.059
22.4019
22.3107
25.7496
26.4197
25.4188
24.2142
23.6482
24.5577
24.5854
23.1565
23.7719
23.8604
25.2401
26.6475
25.562
26.2405
21.1057
20.4213
24.5477
22.8584
22.7777
25.1946
26.4316
24.1633
21.1046
21.4551
23.7561
24.4849
25.2841
25.7298
24.2889
24.5062
26.2391
27.1212
27.4597
25.8051
24.6847
25.272
26.4452
27.3699
26.9081
23.8058
22.7718
25.1067
26.1322
24.8
22.4724
23.4244
26.0196
26.2867
26.5936
25.9997
26.1708
26.8097
25.5536
26.2898
27.7562
26.9132
26.3696
26.7616
26.7849
25.4823
25.2118
26.4725
27.3594
26.733
26.1247
26.832
25.9707
25.7265
26.9284
25.5993
24.2742
24.3697
25.4417
26.2505
25.6089
25.119
22.6953
22.0131
25.3788
27.4725
26.3512
25.9575
26.2447
26.2171
27.1323
27.505
26.2784
25.0435
25.6325
26.7115
26.7612
26.4033
25.8348
24.8478
25.1291
26.7398
27.7685
27.9693
26.833
25.7172
25.8294
26.9273
27.1073
27.0926
27.319
27.4224
27.5615
26.8464
26.4873
26.7483
25.1984
24.5906
25.046
24.3995
24.702
23.467
24.0341
27.0384
27.692
27.6155
26.8767
26.8122
27.459
25.4702
24.7813
25.4207
25.0257
26.0102
27.3448
27.2926
27.2643
26.9143
24.7194
25.1417
27.0179
25.9212
25.8806
25.7556
25.3508
26.0495
25.7599
25.666
24.9753
25.0041
26.3446
25.6437
25.3241
24.9314
24.7457
26.1602
26.7781
26.9433
26.576
25.9929
26.4799
27.43
28.0022
26.5372
25.8625
26.1952
26.8561
28.146
28.1049
27.8025
27.0201
25.8078
26.2003
27.2201
27.0263
27.0128
26.124
26.475
26.6496
25.8987
26.9647
26.6784
25.2477
25.6947
26.02
24.4666
23.051
23.7628
25.4343
26.1749
26.1161
25.9424
25.5578
26.2092
27.0739
26.8215
26.5154
25.8916
26.5273
26.9589
26.7605
26.8864
26.1722
26.4379
27.3392
27.41
27.309
27.3
27.5001
27.6235
27.7212
27.9689
27.7446
25.7089
23.0776
22.9447
25.7145
27.0882
27.1965
26.2312
25.696
26.3089
26.3189
25.8994
25.0539
23.7846
24.333
25.5529
26.4505
27.6281
25.2481
25.5402
26.9487
27.3883
28.4168
26.3783
26.2168
27.9271
28.1956
27.6445
25.548
24.7338
25.1781
25.1023
25.7583
25.5174
25.2446
25.6529
26.0892
26.5816
26.2505
25.8478
25.5213
25.9168
26.7917
26.0566
25.1534
25.2391
26.5996
28.056
27.41
26.944
24.821
24.5749
27.3755
27.7189
26.9542
25.0081
24.9981
27.5634
27.7782
26.3985
25.3126
25.1117
25.4336
25.392
25.6023
25.939
25.0583
25.0636
26.5052
26.1527
24.3016
23.3588
23.4362
24.7057
25.5304
24.1036
24.8595
27.1492
27.8187
27.579
26.9574
26.0345
23.5178
23.338
25.4579
26.5784
27.0373
26.7237
26.4922
27.0303
27.4416
27.4409
27.8009
27.4816
26.7112
26.3543
26.0122
26.9916
27.3134
25.7172
25.8772
26.4736
26.3755
26.8291
27.0654
27.6289
26.4974
25.413
25.8431
25.9279
26.0471
26.2608
26.7162
26.3262
25.6322
24.7519
24.4753
26.1435
27.0559
26.9778
26.286
26.364
27.6312
26.8514
25.5021
25.7579
24.2833
23.5402
25.6885
26.9335
27.0764
26.1219
26.576
27.954
28.1207
27.368
25.6469
23.8951
23.1978
24.4612
26.2495
27.255
26.0362
25.3537
25.1832
23.2748
23.0942
22.877
23.5782
24.8509
25.1329
25.5213
23.4827
24.1815
26.4176
26.4026
26.6166
25.5226
24.0044
25.1626
26.2909
24.9227
24.7255
24.4081
24.2034
25.3698
25.7941
25.402
23.7355
24.3769
26.5837
26.9038
26.3303
24.8111
24.3404
24.8299
26.312
26.8262
26.2226
25.8515
26.4135
26.8197
26.9241
27.1684
26.5749
25.8532
26.08
26.6748
26.7326
27.0391
25.1329
25.2264
27.356
26.7423
26.8341
26.8413
24.6612
24.9137
27.0358
26.9836
27.0731
26.4564
25.9848
26.201
25.8913
26.8651
27.2989
25.9289
25.7988
26.6706
26.7265
26.5358
25.2851
25.1791
26.2261
27.0252
26.7123
25.4852
24.3588
24.3632
25.6539
26.5721
26.6781
24.4741
24.0263
25.8395
27.1028
27.6144
25.7218
24.0651
24.3995
25.6384
27.0179
27.3456
26.8857
26.7967
26.3459
26.7065
27.4435
26.4736
25.5398
26.1503
26.0746
25.7842
26.7673
26.4079
26.6418
27.1411
26.7501
27.1817
25.7284
24.6227
26.4999
27.6748
27.436
26.213
22.9766
22.6619
23.3626
24.7525
26.4561
25.2414
25.2197
25.8075
26.2753
26.7491
27.5145
26.9491
26.2595
26.1486
26.6124
26.9924
26.5618
26.0937
26.3859
27.3602
26.6365
26.4459
26.915
26.6581
26.6756
27.0299
27.2235
26.6503
26.3432
26.2509
26.9836
23.807
20.4512
21.4977
25.0388
27.2561
27.4003
27.6071
26.6018
26.0695
26.5887
27.0878
26.7308
25.5389
25.7
26.5347
26.3026
26.7041
26.0081
25.1342
26.4246
25.1452
22.7317
18.5022
19.7138
26.9429
27.2572
26.8882
27.0332
26.1243
25.7036
25.2089
24.0912
23.6471
23.5123
25.1114
27.2124
28.0155
28.4588
26.7158
25.4359
26.4603
26.9273
26.763
26.9114
26.1568
25.8923
26.7591
26.703
27.0629
26.5954
22.8912
22.3992
22.7017
21.5864
21.5227
21.5253
21.7354
24.0909
26.8366
26.4169
25.7659
26.4918
27.8656
27.2439
27.0563
26.5041
25.6601
25.0592
25.5317
26.8143
26.7305
25.8411
26.4435
27.8722
26.6934
25.9074
25.7583
26.1831
26.8226
26.7834
26.8853
26.996
26.3894
26.552
27.0955
26.8987
26.3755
26.0851
26.0556
25.7516
25.8605
26.923
27.4412
25.2305
25.2564
27.0055
27.4345
27.5399
26.1008
25.2752
26.2471
27.459
27.9533
26.9895
25.0181
25.5209
26.8676
26.8503
27.4963
26.3849
25.8415
27.0706
27.0731
26.7026
26.38
26.0451
26.7455
27.4315
27.7362
27.5862
26.6955
26.0227
26.5368
27.5927
27.6507
26.6617
24.901
25.4262
27.0296
27.0113
26.5196
26.3244
27.3288
26.8309
27.0658
27.6526
26.3241
25.8943
26.559
27.3015
27.3646
28.097
26.5164
25.5047
27.1488
27.6224
27.2896
26.5689
25.1354
25.264
26.6991
26.1814
26.5407
27.1282
26.0811
26.4466
26.8568
27.5349
28.4123
26.3258
25.4758
26.8673
27.4341
27.6251
27.0124
25.3283
26.1602
27.1894
26.7648
27.5213
26.7648
26.666
27.9525
27.8804
27.4172
27.4627
26.8973
26.0828
26.5544
27.3381
27.2963
26.8003
26.8287
26.404
26.419
27.0621
27.5638
26.5421
25.8689
26.4522
27.2287
28.084
27.656
26.0885
26.1076
27.126
27.0926
26.9764
26.2961
25.8702
26.5143
27.5243
28.0261
26.923
24.6822
25.0982
26.4925
26.9913
26.8644
26.2302
25.8947
26.2529
26.7551
27.5539
28.5103
26.6152
25.9612
26.7989
26.5031
27.1293
26.1582
24.9573
24.793
23.3299
23.397
24.9401
25.9622
26.7566
27.5088
27.3288
27.4465
25.8015
25.2634
27.0099
26.846
26.7062
25.8288
25.2845
26.0664
26.5252
26.7888
26.8593
26.5118
26.1763
26.6457
27.1227
26.7276
26.6173
26.9865
27.2013
27.6495
27.5862
26.7845
25.9508
25.1231
24.7139
25.6865
27.5387
25.6105
25.1544
26.3574
25.9656
26.8984
26.8886
26.356
26.7005
26.9924
27.3834
27.563
25.8308
25.6368
27.0299
26.4939
26.8111
27.4635
24.6287
22.9898
25.208
27.0066
27.715
27.7104
25.7941
26.3044
26.4992
25.7526
26.5463
25.6345
25.5135
26.6841
26.8969
26.5537
26.4862
27.1573
27.1614
27.0775
26.6525
26.846
25.8766
25.7334
27.0194
26.859
27.0102
25.9612
25.5761
25.7759
26.0498
26.791
27.0019
25.7882
25.5692
27.3624
27.6794
27.2457
26.4424
26.0569
26.828
27.3347
27.13
27.5934
26.7985
26.6731
27.7693
26.7666
26.6429
27.3815
25.7868
25.2181
26.111
26.4121
27.1003
25.9565
25.6066
26.8021
25.4466
25.5138
26.9727
25.8465
26.1801
27.1109
26.3995
26.9128
26.5094
25.9366
27.268
27.0026
26.3842
26.6603
25.6914
25.6121
26.7838
27.4307
27.3661
25.6611
25.3591
26.6798
25.7626
26.1202
27.6874
26.0991
25.7885
27.1783
27.0918
26.851
26.0427
26.403
27.4311
27.4221
27.7212
26.266
25.6299
27.0219
27.5145
27.3789
27.5516
26.8485
26.7001
26.5259
26.4634
27.8823
27.2016
25.2325
25.3585
26.972
27.1253
26.5692
25.9855
25.899
27.2435
28.5845
28.3455
26.5632
23.8444
23.3899
25.744
26.4585
27.2818
26.8763
25.7261
26.6
27.4503
27.1942
27.2224
26.6934
26.2154
27.5043
28.0026
27.1979
25.7367
25.6315
26.4764
26.9938
27.3587
26.944
24.7795
24.1275
26.2055
26.6752
26.6624
25.5487
24.3075
25.2057
26.8273
28.1599
27.4567
26.1452
26.7512
27.115
26.6113
27.0761
26.8651
26.6205
27.3329
27.3187
27.3781
27.9084
27.3991
26.9818
27.1699
26.5132
26.3744
25.5216
23.2027
24.2695
26.5668
27.1658
27.4006
26.5062
27.0384
27.7917
27.5991
27.8122
27.8633
25.6483
25.1029
26.7387
27.2031
26.7387
26.0971
26.5024
26.8471
27.2859
26.5742
26.462
27.0051
26.8366
27.4903
27.34
26.9262
26.5456
26.8381
27.0347
27
27.7346
26.6681
25.976
27.1687
27.5672
26.7913
26.6866
25.7139
25.8441
27.1212
27.0691
27.3549
27.2669
26.894
27.1787
26.8622
26.9858
27.154
24.924
25.413
26.8969
26.178
26.4058
25.5454
25.0492
26.8994
27.6629
27.5137
27.7266
26.0807
25.7985
27.4593
27.9579
27.6771
26.7269
26.4697
24.7036
23.0189
22.9111
22.0651
23.0704
26.0597
27.3516
27.3269
27.3052
27.2002
26.4299
26.3355
27.4345
27.1573
26.6759
25.9707
24.938
24.808
25.4217
25.7258
23.9126
23.8496
25.4904
26.078
26.0644
25.3553
26.0403
26.773
26.5774
26.6951
26.4708
23.1812
21.9727
24.1739
25.8288
26.5897
25.7669
25.7626
27.0588
26.9078
27.2465
27.2253
25.3264
25.3094
26.8244
27.061
27.2409
26.7949
27.1047
27.3023
26.5185
25.8548
23.9252
22.9856
24.0304
25.5138
26.8593
26.476
25.5663
27.0695
27.265
23.0107
20.4975
23.1597
26.1455
26.8586
28.393
26.8824
24.6287
25.4855
26.8197
26.5052
26.4065
25.8508
25.6703
26.1897
26.898
28.2223
27.7404
26.7051
27.2636
27.2187
27.5782
27.5156
25.6753
26.0712
27.3194
27.6874
28.4256
27.5531
26.0518
26.3296
27.5103
27.386
27.7639
26.8161
26.3751
27.5687
27.4307
27.6434
25.8431
25.3171
27.2751
27.0248
27.112
27.225
26.2058
26.683
26.4257
25.9037
27.158
26.6198
25.8274
26.5724
26.8402
27.2606
27.5429
26.5555
26.5016
27.4578
27.3676
27.199
27.4963
26.7516
26.265
27.1865
27.3415
27.3999
26.9429
26.6535
27.7986
27.9951
27.3452
26.9924
25.1509
25.2928
27.1286
26.7369
26.1722
25.0244
24.699
25.9612
27.2398
27.297
26.618
26.213
26.2757
26.9418
26.11
25.0501
25.8351
26.4785
26.3696
26.7505
27.158
25.2315
24.6597
25.6187
25.9434
26.4666
26.4152
25.3739
25.7457
27.5274
28.0733
28.1718
25.7695
25.1095
26.8915
27.3157
27.6709
25.8431
25.0131
26.7023
27.1356
27.2706
27.2833
26.841
26.9785
27.4194
28.0852
28.1041
27.3325
26.7083
26.8518
27.8847
28.2777
28.1813
27.0234
26.1465
26.9884
27.9799
27.8567
27.334
26.5717
26.0715
26.8756
27.3254
27.1876
26.7709
26.2257
26.2185
26.9935
28.0729
28.0395
28.0038
26.7369
25.9747
27.7043
27.9494
27.8249
25.7341
23.6942
24.6221
25.5109
26.3508
25.0771
23.9263
25.3685
25.5398
25.6809
25.4068
25.2385
26.1725
26.1852
26.1969
25.8672
24.9227
25.3104
26.9774
27.2079
27.3733
25.753
24.9106
25.7086
26.0739
27.0194
26.4019
24.8173
24.7509
26.3196
27.1323
27.4552
25.1997
25.1921
27.2442
26.9807
27.0369
25.9239
26.1561
27.0435
26.8597
27.112
26.6333
25.6611
26.38
27.2487
27.0533
27.334
26.1233
25.2694
25.9771
26.9266
27.5228
27.579
27.1972
26.2354
26.4477
26.9132
26.4582
25.7102
25.2544
25.7443
26.7455
27.7051
28.7282
27.9869
26.312
26.639
27.0533
27.0772
27.3288
25.2873
24.9476
27.0088
27.293
26.5597
26.4431
26.2705
26.651
27.2183
27.1857
27.2094
25.8231
26.1052
27.5965
27.6683
27.3909
27.2335
26.3696
26.0675
26.9815
26.9168
27.0739
27.1772
26.4246
26.7516
28.0151
27.6262
27.5315
27.3217
27.3358
26.9306
26.94
27.5775
26.5178
24.5779
25.3315
27.2814
27.4379
26.9607
26.4596
26.6046
27.0234
27.0102
26.6507
27.3045
26.4491
26.2206
25.9734
24.9956
25.6164
26.4414
25.995
25.6562
26.0373
26.851
27.064
25.9906
26.4599
27.0248
27.63
28.3114
26.2767
25.7978
27.1953
27.5824
27.362
27.3366
25.4959
24.7641
25.8098
25.4881
26.4271
26.9233
26.153
26.9873
27.8017
27.3008
26.9426
