1.22849e-311
inf
9.06849
228.363
248.262
270.197
264.831
261.131
263.887
265.816
265.922
267.272
264.866
255.984
259.034
260.112
199.84
196.947
231.75
216.474
228.885
231.535
227.118
248.201
254.033
265.604
256.904
236.267
246.063
248.509
251.699
264.061
206.313
182.765
219.178
242.807
225.555
223.564
242.189
214.707
206.569
187.829
148.909
181.143
255.722
223.539
165.563
176.445
247.005
256.674
259.943
244.738
235.433
252.207
256.476
257.533
267.738
245.158
232.775
246.124
255.951
255.135
228.624
238.322
264.725
252.493
254.874
263.817
168.833
164.623
255.46
249.532
242.101
259.336
159.859
146.563
178.126
191.351
245.339
251.383
188.501
185.271
247.372
223.989
226.116
148.028
86.0807
108.389
213.242
212.134
217.014
234.604
206.079
188.822
155.28
133.878
132.749
160.449
206.804
138.966
144.009
196.909
25.4349
26.1226
293.212
284.051
260.552
257.699
265.146
237.812
243.132
243.873
245.549
239.234
238.607
282.326
262.536
261.233
290.36
300.21
278.59
273.486
299.67
306.419
253.678
247.402
292.013
303.721
270.124
232.207
246.002
230.335
228.676
164.731
146.306
210.704
230.017
195.963
205.276
242.571
224.14
241.75
285.633
289.939
260.349
259.101
290.994
291.163
268.637
271.592
297.796
305.81
290.824
284.172
303.628
300.391
259.875
234.852
261.301
297.796
287.522
160.269
148.71
233.019
230.974
229.568
258.431
276.855
284.657
288.434
281.057
289.226
306.326
295.072
288.976
298.641
316.807
332.447
335.514
310.511
281.849
290.994
316.857
293.729
274.01
270.746
284.536
289.939
287.853
316.807
333.111
312.305
303.398
293.815
277.047
273.935
276.167
295.552
309.502
313.136
286.738
280.23
305.53
313.087
301.705
305.344
321.388
332.116
318.725
301.659
315.408
330.688
331.95
276.167
222.198
248.416
280.348
273.635
307.031
330.524
335.289
300.165
296.516
308.452
301.432
294.811
297.442
323.258
328.246
314.911
293.427
301.477
329.001
327.869
251.004
242.571
302.435
321.595
313.578
286.41
260.688
272.702
290.867
285.185
266.312
254.194
256.838
279.486
329.381
323.154
286.903
298.018
305.81
291.375
280.112
244.29
248.262
286.656
290.276
280.702
295.596
312.305
296.648
284.252
305.53
327.976
337.098
311.381
302.663
311.769
295.814
270.453
246.883
261.712
301.75
294.638
295.858
319.285
324.992
316.857
304.646
309.358
315.358
320.307
283.286
271.334
304.553
314.911
308.499
317.561
323.05
309.837
262.226
260.926
317.864
333.556
317.46
280.151
290.402
321.234
321.595
308.594
263.401
269.978
323.154
275.862
267.845
329.489
341.764
270.856
235.71
223.814
235.266
253.1
269.542
333.222
318.827
271.039
275.9
314.515
292.654
271.924
294.551
298.552
299.94
309.598
292.869
307.977
334.336
335.739
318.218
268.132
258.031
293.556
293.6
301.705
329.652
320.564
303.721
308.976
314.564
310.318
325.362
300.3
291.036
325.892
343.171
314.268
299.536
318.269
312.744
262.709
261.233
316.656
313.381
294.507
286.246
292.355
313.775
328.192
322.997
300.661
310.511
332.336
257.069
239.981
310.655
339.559
343.584
243.813
204.897
266.738
280.662
270.783
312.5
335.064
329.761
313.381
314.416
311.139
291.673
276.281
283.487
311.575
330.852
302.939
300.752
341.239
345.304
331.345
308.071
283.809
280.426
300.391
296.472
295.814
320.461
325.786
320.667
299.94
287.935
297.221
299.267
270.416
276.97
311.672
315.308
298.73
298.864
320.41
316.306
287.191
278.59
294.942
308.976
290.782
264.061
283.286
312.451
291.843
249.377
244.379
269.07
244.529
232.693
273.785
302.939
288.767
295.159
284.131
259.605
254.874
270.051
314.614
320.616
284.616
266.134
295.508
322.321
278.668
279.838
324.097
328.03
322.321
297.974
300.933
307.031
289.603
279.72
287.522
307.55
317.612
301.159
296.121
321.079
329.652
311.964
293.212
313.775
281.057
259.168
274.537
281.017
310.849
329.979
309.215
299.491
316.706
325.15
315.308
304.692
315.657
335.177
340.483
291.248
281.532
304.971
304.785
299.088
266.064
280.387
333.389
347.887
315.308
272.74
275.52
299.312
280.23
282.486
292.912
223.464
221.337
255.297
259.572
257.036
264.866
312.598
299.895
258.065
261.438
304.878
337.781
307.267
294.507
326.424
326.958
311.721
276.358
273.673
307.787
328.893
325.309
315.806
332.226
328.947
313.529
298.909
306.56
311.429
318.016
306.56
287.687
310.559
323.206
302.755
288.475
308.69
308.309
274.725
267.917
302.115
336.304
342.994
311.429
294.118
297.354
301.796
306.937
300.661
315.657
323.363
326.211
303.998
300.661
296.121
264.026
258.231
283.688
245.7
219.515
256.312
299.088
336.87
347.041
297
291.248
320.821
316.556
290.613
284.819
317.914
332.834
331.84
314.218
322.737
340.02
330.469
309.358
295.946
314.367
337.952
337.154
304.507
297.885
328.569
322.633
288.309
289.059
274.386
274.048
299.177
305.67
335.739
339.041
332.447
315.358
318.725
327.279
320.461
310.511
294.507
322.009
346.32
320.102
291.843
303.582
340.426
350.385
342.524
309.885
306.89
339.443
346.801
311.624
295.465
328.947
312.744
254.033
257.666
293.902
290.192
314.021
267.845
254.68
331.51
348.797
281.175
275.141
337.268
334.336
297.486
286.041
310.752
339.732
354.925
317.309
311.09
327.708
314.515
302.206
274.688
296.648
351.309
354.673
303.767
293.556
328.192
340.31
326.797
316.506
339.386
329.761
329.598
320.616
313.431
337.781
343.997
341.006
315.457
316.706
337.041
344.709
288.351
274.424
326.264
341.006
350.631
314.564
309.167
324.307
305.623
305.951
295.596
284.172
282.885
281.136
283.93
317.058
355.303
357.079
329.761
310.366
305.018
254.453
220.677
236.574
290.444
337.325
299.491
286.164
311.478
294.855
271.15
287.604
326.691
342.407
347.524
315.906
294.681
322.373
348.068
348.189
290.571
270.563
306.279
332.281
305.297
306.138
357.91
360.295
330.033
304.553
305.81
291.503
303.628
317.108
321.388
358.166
334.784
297.929
291.588
320.154
356.379
337.553
273.336
271.186
320.718
330.907
295.989
297.177
340.194
348.857
346.081
326.424
286.41
276.97
308.547
320.307
313.185
324.097
321.802
310.511
295.159
301.932
321.543
333.946
338.753
299.267
273.86
294.724
314.268
291.375
307.74
315.209
243.072
238.635
294.898
332.945
350.754
309.31
305.904
313.381
295.377
298.954
276.663
281.215
326.797
332.392
294.247
297.221
336.927
347.645
324.202
308.119
299.536
305.018
332.06
305.39
307.882
357.015
361.076
342.759
310.704
301.205
314.564
289.981
270.49
300.03
337.553
345.304
318.776
312.695
338.581
334.672
332.502
292.312
272.628
306.373
335.57
324.202
306.279
332.723
360.295
349.162
309.598
281.294
277.047
295.727
301.25
310.078
297.177
258.331
257.235
285.347
286.779
250.47
243.665
290.74
330.524
315.159
290.571
292.355
325.733
330.797
343.643
303.951
287.274
325.362
338.066
321.647
302.663
317.662
328.138
330.688
319.132
314.268
293.384
297.133
324.57
312.598
320.976
336.191
341.18
315.706
303.813
331.51
354.233
347.102
308.119
311.187
349.834
350.14
304.414
295.552
333.111
325.574
324.412
308.594
280.387
299.581
321.027
291.248
294.074
312.695
310.126
331.345
320.256
323.363
307.078
301.523
317.41
321.699
358.23
292.099
237.417
269.687
320.102
297.885
246.275
262.847
334.448
351.989
356.125
302.618
295.902
333.278
338.524
340.078
290.994
288.184
326.371
336.078
296.604
297.575
352.983
365.564
367.242
336.247
309.454
310.078
336.474
328.03
297
314.961
345.363
324.465
290.36
287.191
314.713
327.923
293.729
299.312
348.554
353.982
335.909
290.402
292.312
321.027
308.499
306.607
269.687
269.76
327.279
353.607
321.285
314.218
325.203
320.359
304.044
295.116
275.33
285.388
320.976
317.612
345.961
356.57
302.939
259.202
290.909
353.982
348.25
272.072
235.738
262.467
284.051
252.749
261.199
288.809
304.275
314.762
272.554
294.204
353.982
335.402
304.044
326.264
346.921
349.773
331.565
305.764
286.451
292.269
316.506
300.978
315.706
345.901
354.045
330.469
319.846
321.027
329.707
316.206
288.892
311.915
332.834
339.847
325.415
320.77
348.25
344.768
337.382
329.598
305.297
309.933
329.381
331.455
283.889
285.347
352.361
367.782
335.233
303.721
265.322
272.183
307.645
300.3
330.306
364.564
370.233
338.983
314.416
312.549
311.139
318.471
272.628
256.608
287.563
300.797
282.885
248.633
264.62
330.852
283.648
267.773
316.556
317.965
291.971
301.705
354.736
369.617
373.413
320.718
288.767
301.614
324.465
329.979
327.761
350.017
343.053
305.623
267.702
291.248
335.965
322.789
281.571
280.623
335.345
340.02
328.569
313.775
299.312
312.598
341.239
331.455
298.954
296.472
317.46
329.544
286.451
287.687
316.406
325.68
310.078
302.663
296.868
295.814
333.444
334.84
346.081
368.868
379.075
383.215
335.683
318.218
342.348
331.016
302.984
305.577
334.225
347.102
351.556
296.692
267.809
280.387
312.744
329.924
292.997
310.126
361.337
280.859
265.393
348.311
342.994
324.359
306.091
302.847
291.206
300.888
336.587
308.547
330.524
376.861
373.204
326.797
297.309
319.132
340.89
331.95
281.175
281.571
337.382
348.675
325.309
312.842
340.02
361.206
359.195
327.6
303.49
309.789
326.958
340.657
297.796
292.912
341.239
344.947
321.647
318.624
339.847
292.526
283.93
310.607
323.992
359.131
349.101
350.017
325.786
319.642
339.155
347.041
299.312
281.175
327.547
352.92
356.888
330.415
326.904
350.017
331.4
336.7
290.529
272.628
314.465
275.482
245.791
291.418
343.466
348.493
300.345
281.73
300.888
298.018
300.21
291.928
324.412
368.324
370.508
323.729
307.834
326.797
339.443
265.675
243.724
298.018
328.192
346.44
318.269
325.786
337.496
315.607
309.789
305.25
309.31
334.448
337.781
300.933
322.789
372.024
348.918
341.997
320.924
301.023
311.236
338.696
343.879
316.907
342.348
338.581
312.989
302.206
310.414
337.895
346.681
307.125
284.86
327.332
368.664
361.533
318.016
310.655
308.404
317.712
355.24
315.308
312.402
352.983
365.965
331.455
281.373
310.511
368.664
371.885
345.961
249.066
217.628
281.175
284.9
274.424
344.293
349.589
337.952
319.132
314.169
333.111
325.045
297.885
301.705
342.877
355.682
334.225
304.414
316.907
341.18
352.92
379.651
331.95
304.785
330.961
338.868
323.311
319.234
353.17
368.392
340.948
332.226
335.852
345.841
338.811
336.644
313.087
304.321
351.617
363.57
347.403
329.327
324.202
331.455
336.417
333.834
312.061
327.869
365.631
366.972
341.939
313.922
324.149
339.789
346.38
338.696
327.172
333.389
346.62
363.57
328.084
314.663
338.066
349.834
291.206
244.798
233.863
272.814
318.827
294.247
323.625
352.423
345.006
317.41
307.929
309.262
318.674
353.294
315.756
309.933
355.429
356.189
350.754
327.118
321.75
339.501
346.5
335.345
286.246
294.942
349.406
356.57
315.756
317.511
363.306
365.764
350.324
301.25
287.068
318.37
337.895
296.077
297.442
361.664
372.648
347.102
298.909
285.144
307.409
305.39
282.646
292.654
350.877
386.026
373.274
339.328
312.061
310.27
309.55
322.789
281.968
271.592
323.206
319.132
282.446
291.206
332.502
342.936
340.136
312.5
276.817
267.165
269.143
291.46
345.125
357.462
354.862
296.648
263.366
287.315
270.929
238.578
260.247
315.806
337.211
310.029
312.695
340.194
339.041
354.484
314.465
289.268
309.502
332.557
293.686
278.009
321.388
342.877
354.61
300.797
280.741
266.17
264.445
297.398
314.861
339.386
340.136
337.098
297.398
301.25
358.68
364.033
330.469
329.87
362.45
371.126
360.75
341.355
326.958
325.256
344.471
356.824
304.321
291.715
329.11
351.679
365.364
322.789
312.012
350.754
344.531
329.381
320.41
329.381
267.13
243.309
289.771
335.627
367.242
289.813
251.036
268.853
288.475
289.813
249.688
253.165
303.398
342.994
315.06
298.909
337.211
345.244
353.544
288.934
285.673
356.761
363.042
342.173
320.41
323.311
323.939
324.886
311.187
315.11
328.03
331.84
315.557
295.902
320.77
338.066
343.879
329.815
295.508
293.556
313.332
281.849
278.901
339.905
362.253
341.997
311.818
323.939
358.166
332.613
337.496
321.854
300.888
331.236
358.487
363.24
317.309
310.994
351.309
349.345
317.41
310.366
302.024
300.12
325.362
300.616
291.63
301.205
317.309
293.686
263.227
304.646
351.989
307.787
284.374
340.02
371.54
354.296
329.598
326.105
337.439
348.068
360.815
311.672
305.764
337.724
341.122
355.556
319.387
313.922
344.649
353.419
364.631
330.033
280.938
288.101
332.889
313.185
315.01
341.413
340.599
355.24
325.15
301.568
323.782
337.61
311.818
305.67
346.681
359.324
342.173
329.272
325.733
351.741
370.645
379.651
356.697
295.639
299.985
345.961
357.974
327.815
330.797
357.015
349.65
356.633
286.821
245.58
266.028
298.151
306.937
308.309
328.785
355.935
273.86
259.707
339.674
350.631
334.84
265.604
251.953
309.789
344.056
305.623
308.737
357.462
356.697
323.939
264.515
277.624
346.32
367.04
308.737
295.77
332.116
340.89
366.367
345.006
332.392
336.078
331.73
321.75
311.915
340.832
364.631
354.484
314.12
298.151
316.006
347.464
284.981
256.674
323.834
373.692
374.042
346.981
310.126
311.575
349.162
376.364
354.61
310.126
327.065
369.004
371.195
328.407
314.713
346.801
359.842
366.435
325.045
305.904
285.388
289.059
304.739
310.607
344.353
352.485
372.024
335.965
297.929
307.031
301.205
261.883
287.315
362.779
345.901
280.859
266.987
312.451
354.547
364.299
304.321
241.022
266.987
329.707
304.507
310.174
341.18
325.786
315.06
297.708
298.463
327.279
344.768
334.84
315.756
329.327
336.587
327.225
315.159
324.781
351
359.648
293.513
256.805
302.343
354.61
359.971
348.371
338.352
345.542
351.927
361.925
330.633
261.506
277.162
346.081
361.468
329.001
310.511
328.677
326.744
319.336
329.327
306.796
311.964
364.365
331.565
322.061
328.03
311.429
323.258
325.362
337.439
350.385
286.328
232.18
262.95
330.907
301.477
253.518
256.904
305.25
334.448
299.895
294.551
338.868
355.556
359.712
314.614
311.478
346.56
314.169
300.03
299.267
300.12
300.752
321.699
333
332.116
364.166
374.532
375.94
301.386
271.776
312.305
334.001
313.578
298.864
327.976
360.166
363.703
345.602
323.572
317.209
338.696
370.576
341.413
293.945
298.418
313.873
295.465
267.201
265.287
313.234
322.269
291.248
312.061
341.997
347.887
323.05
327.439
361.337
365.698
378.573
337.553
299.94
310.511
316.907
274.198
281.175
341.18
345.543
310.8
277.2
302.16
350.079
357.207
323.992
263.678
276.74
342.231
358.938
293.729
290.402
342.407
337.382
276.243
263.123
274.499
284.941
303.49
311.721
348.189
336.304
347.343
322.061
291.971
316.957
355.492
321.079
292.869
326.477
345.542
337.439
315.657
321.079
338.352
333.389
345.961
305.53
298.507
353.669
352.051
331.016
316.106
319.54
340.716
345.602
326.958
321.543
310.655
305.483
338.524
320.873
322.113
359.648
347.584
342.877
311.139
316.456
367.444
326.637
293.04
319.949
361.011
370.576
362.319
312.793
267.63
279.681
329.164
337.211
245.188
238.72
316.256
306.89
274.65
257.202
277.2
311.526
295.683
312.305
355.872
368.256
321.802
309.645
344.828
362.911
369.481
322.841
306.044
318.269
321.906
327.547
321.234
347.283
373.065
358.809
330.797
309.119
324.939
355.999
362.647
314.12
290.782
327.386
351.989
339.041
309.885
318.269
348.614
357.782
347.766
307.929
315.457
352.671
365.23
325.945
302.939
317.612
331.95
348.979
314.416
315.657
361.206
373.413
312.402
277.855
320.976
357.526
341.764
327.654
330.961
344.175
360.946
353.544
275.748
217.108
231.187
262.605
269.469
280.505
294.507
321.234
307.598
310.463
338.467
342.348
325.098
311.042
341.647
361.925
353.794
333.778
314.614
315.706
337.439
270.563
257.069
326.637
341.88
352.113
341.939
314.961
311.139
325.68
326.158
283.849
286
344.709
366.032
338.009
315.06
323.258
332.613
351.185
352.547
332.945
328.461
335.909
345.006
319.693
314.218
337.553
351.494
368.46
331.95
319.693
356.57
350.939
311.721
304.832
333.556
345.901
344.353
339.041
333.834
344.234
354.736
352.858
332.281
300.707
322.841
362.582
342.114
277.2
252.685
286.123
340.599
285.388
212.608
240.645
306.466
281.175
292.056
350.079
366.771
293.945
272.777
328.569
356.824
283.246
264.795
336.134
354.61
336.927
316.056
320.307
327.332
323.729
348.129
318.827
313.234
355.935
371.126
369.14
314.021
273.56
289.143
338.238
338.926
318.37
325.945
303.582
282.965
297.841
337.724
348.008
341.647
332.392
310.366
317.108
348.432
308.404
266.276
299.805
333.667
345.304
351.309
318.522
325.309
353.357
361.86
322.945
290.149
298.552
306.796
300.933
278.94
299.85
357.398
