1.12388e-311
inf
6.63302
962.464
854.701
1008.57
1502.63
576.535
537.49
1188.35
1395.67
1793.72
2262.44
2366.86
2395.21
2463.05
2500
2560.82
2551.02
2506.27
2509.41
2554.28
2512.56
2444.99
2254.79
2164.5
2141.33
2164.5
2372.48
2453.99
2200.22
2049.18
2171.55
1881.47
1941.75
1713.8
1175.78
1400.56
2129.93
2200.22
2322.88
2496.88
2580.65
2469.14
2383.79
2355.71
2312.14
2439.02
2594.03
2635.05
2721.09
2785.52
2770.08
2645.5
1261.03
1036.27
1527.88
1888.57
1986.1
2145.92
2493.77
2192.98
1865.67
1994.02
2176.28
1266.62
1183.43
1988.07
2361.28
2415.46
2442
2528.45
2713.7
2747.25
2557.54
2560.82
2663.12
2296.21
1514
1433.69
1949.32
2267.57
2403.85
2457
2551.02
2688.17
2652.52
2534.85
2610.97
2751.03
2758.62
2789.4
2801.12
2631.58
2457
2336.45
2267.57
2389.49
2400.96
2290.95
2442
2635.05
2728.51
2713.7
2673.8
2680.97
2691.79
2816.9
2844.95
2695.42
2610.97
2481.39
2127.66
2148.23
2339.18
2192.98
2173.91
2118.64
2152.85
2372.48
2398.08
2227.17
2195.39
2212.39
2275.31
2447.98
2469.14
2328.29
2306.81
2320.19
1998
1146.79
1177.86
2188.18
2534.85
2528.45
2580.65
2702.7
2617.8
2652.52
2739.73
2624.67
2638.52
2631.58
2628.12
2721.09
2684.56
2789.4
2915.45
2980.63
2998.5
2666.67
2631.58
2941.18
3003
2857.14
2824.86
2989.54
2680.97
2047.08
2036.66
2244.67
2145.92
2068.25
1860.47
1303.78
1272.26
1796.95
2057.61
2293.58
2557.54
2670.23
2649.01
2506.27
1874.41
1902.95
2475.25
2551.02
2680.97
2721.09
2594.03
2466.09
2369.67
1915.71
1586.04
1563.72
1702.13
1607.72
1633.99
1892.15
2016.13
1662.51
467.399
496.278
2055.5
1808.32
1839.93
1588.56
1579.78
2145.92
2006.02
1578.53
1730.1
1724.14
1435.75
1798.56
2369.67
2600.78
2610.97
2503.13
2450.98
2008.03
1978.24
2460.02
2525.25
2304.15
2217.29
2312.14
2301.5
2312.14
2447.98
2490.66
2424.24
2469.14
2577.32
2680.97
2631.58
2484.47
2421.31
2469.14
2652.52
2849
2919.71
2857.14
2861.23
2673.8
2447.98
2484.47
2583.98
2312.14
2222.22
2487.56
2659.57
2642.01
2466.09
2487.56
2659.57
2659.57
2594.03
2600.78
2564.1
1863.93
1447.18
1722.65
2214.84
2259.89
2277.9
2392.34
2577.32
2389.49
2270.15
2415.46
2560.82
2732.24
2923.98
2928.26
2989.54
3072.2
3081.66
3246.75
3361.34
3189.79
3159.56
2954.21
2941.18
2902.76
2906.98
3184.71
3044.14
3110.42
3086.42
3100.78
2828.85
2836.88
3154.57
2945.51
3025.72
3144.65
2881.84
2663.12
2642.01
2805.05
3003
2898.55
2743.48
2728.51
2663.12
2635.05
2283.1
2096.44
2267.57
2317.5
2301.5
2395.21
2421.31
2386.63
2234.64
1976.28
2063.98
2336.45
2525.25
2624.67
2531.65
2735.98
3159.56
3120.12
2941.18
3012.05
3236.25
3294.89
3120.12
2936.86
2976.19
2989.54
2994.01
2898.55
2484.47
1722.65
1596.17
2188.18
2656.04
2691.79
2721.09
2732.24
2389.49
2392.34
2820.87
3062.79
3236.25
3389.83
3533.57
3590.66
3629.76
3527.34
3401.36
3322.26
3327.79
3484.32
3584.23
3597.12
3466.2
3179.65
2998.5
3021.15
2836.88
1937.98
1874.41
2574
2824.86
2902.76
2980.63
3134.8
3081.66
2894.36
2766.25
2724.8
2247.19
2164.5
2754.82
3194.89
3412.97
3355.7
3144.65
2994.01
2805.05
2710.03
2919.71
3105.59
3095.98
3120.12
3030.3
2898.55
2865.33
2967.36
3100.78
2894.36
2670.23
2564.1
2493.77
2557.54
2577.32
2635.05
2762.43
2702.7
2635.05
2509.41
2421.31
2544.53
2666.67
2743.48
2739.73
2713.7
2688.17
2656.04
2773.93
606.061
577.034
1841.62
1631.32
1709.4
1960.78
2192.98
2439.02
2320.19
2336.45
2551.02
2560.82
2777.78
3144.65
3154.57
3194.89
3231.02
3007.52
3039.51
3025.72
3110.42
3361.34
3262.64
3262.64
3225.81
3267.97
3338.9
3401.36
2941.18
2928.26
3305.79
2500
2234.64
2366.86
2409.64
2339.18
2403.85
2702.7
2642.01
2747.25
3007.52
2911.21
2923.98
3278.69
3350.08
2989.54
2994.01
3344.48
3395.59
3284.07
3194.89
3327.79
3355.7
3241.49
3300.33
3294.89
3225.81
3316.75
3338.9
3273.32
3030.3
2652.52
2820.87
3200
3095.98
2894.36
3044.14
3350.08
3300.33
3267.97
3246.75
3262.64
3025.72
3129.89
3003
2457
2032.52
1897.53
1536.1
1686.34
2597.4
2777.78
3139.72
3149.61
3067.48
3215.43
3327.79
3289.47
2949.85
2954.21
3225.81
3184.71
3220.61
3262.64
3231.02
3284.07
3174.6
2894.36
3081.66
3333.33
3262.64
3305.79
3262.64
3257.33
2688.17
2259.89
2298.85
2424.24
2515.72
2030.46
1672.24
1540.83
798.085
835.771
1841.62
2145.92
2522.07
2881.84
3007.52
2659.57
1718.21
1607.72
2072.54
2421.31
2699.06
2861.23
3200
3200
3144.65
3159.56
3016.59
3134.8
3401.36
3311.26
3262.64
3200
3289.47
3021.15
2861.23
3016.59
2793.3
2932.55
3311.26
3210.27
3236.25
3316.75
2724.8
912.825
923.788
2713.7
3007.52
2865.33
3100.78
3389.83
3305.79
3311.26
3246.75
3289.47
3284.07
3100.78
3095.98
3003
3144.65
3115.26
3115.26
3407.16
2949.85
2590.67
2604.17
2985.07
3273.32
3210.27
2980.63
3025.72
3300.33
3252.03
3262.64
3284.07
3300.33
3327.79
3267.97
3012.05
3115.26
3395.59
3311.26
3300.33
3095.98
2785.52
2472.19
1821.49
1951.22
2531.65
2148.23
2344.67
2923.98
2812.94
2976.19
3034.9
3081.66
3025.72
3034.9
3322.26
2958.58
3007.52
3210.27
3189.79
3231.02
3262.64
3289.47
3231.02
3179.65
3225.81
3241.49
3284.07
3327.79
3344.48
3401.36
3448.28
3436.43
3436.43
3460.21
3484.32
3484.32
3490.4
3490.4
3236.25
3120.12
2971.77
2998.5
2739.73
874.126
851.789
2531.65
3179.65
3144.65
2976.19
3139.72
3460.21
3344.48
3200
3149.61
3278.69
3338.9
3378.38
3081.66
2881.84
3194.89
3389.83
3316.75
3338.9
3016.59
2747.25
3003
3021.15
3091.19
3389.83
3300.33
3316.75
3273.32
2785.52
2493.77
2518.89
2496.88
2500
2743.48
3086.42
3179.65
2610.97
1867.41
1455.6
1731.6
2557.54
2706.36
2902.76
3110.42
3129.89
3129.89
3007.52
2967.36
3189.79
3159.56
3179.65
3039.51
3125
3091.19
3072.2
3003
2881.84
2971.77
3100.78
3086.42
3159.56
3327.79
3174.6
3289.47
3361.34
3338.9
3273.32
3355.7
3355.7
3225.81
2967.36
2890.17
3284.07
3460.21
3154.57
2906.98
2762.43
2469.14
1839.93
1103.14
1133.14
2059.73
2967.36
3100.78
2816.9
3039.51
3355.7
3284.07
3333.33
3395.59
3412.97
3144.65
3115.26
3350.08
3333.33
3350.08
3184.71
3174.6
3316.75
3311.26
3384.09
3327.79
3305.79
3350.08
3267.97
3300.33
3184.71
3129.89
3278.69
3327.79
3350.08
3350.08
3378.38
3424.66
3278.69
3095.98
3267.97
3395.59
3058.1
2902.76
3044.14
3189.79
3338.9
3490.4
3590.66
3577.82
3472.22
3478.26
3610.11
3710.57
3787.88
3824.09
3809.52
3802.28
3824.09
3846.15
3853.56
3868.47
3846.15
3802.28
3759.4
3766.48
3809.52
3831.42
3838.77
3853.56
3875.97
3875.97
3868.47
3868.47
3868.47
3861
3824.09
3795.07
3773.59
3795.07
3846.15
3861
3853.56
3846.15
3883.5
3898.64
3891.05
3891.05
3883.5
3861
3853.56
3883.5
3906.25
3891.05
3883.5
3883.5
3636.36
2188.18
1705.03
2074.69
2369.67
2617.8
2812.94
2747.25
2717.39
2677.38
2699.06
2710.03
2828.85
2949.85
3129.89
3154.57
3139.72
3231.02
3236.25
2962.96
3086.42
3401.36
3305.79
3273.32
3257.33
3072.2
3194.89
3508.77
2954.21
2941.18
3367
3344.48
3294.89
2962.96
3086.42
3149.61
2801.12
3030.3
3289.47
3125
3149.61
3021.15
2590.67
1518.6
1549.19
2574
2670.23
2840.91
2820.87
2805.05
3044.14
2691.79
2444.99
2522.07
2531.65
2557.54
2600.78
2861.23
3154.57
2551.02
2232.14
2369.67
2557.54
2824.86
2985.07
3091.19
3120.12
3278.69
2902.76
2466.09
2554.28
2808.99
2985.07
3194.89
3273.32
3062.79
2994.01
3021.15
3072.2
2932.55
2493.77
2304.15
2242.15
2109.7
2006.02
2275.31
2663.12
2853.07
3215.43
3490.4
3597.12
3616.64
3642.99
3676.47
3676.47
3683.24
3717.47
2816.9
2392.34
2610.97
2450.98
2427.18
2785.52
2781.64
2541.3
2528.45
2503.13
2677.38
3062.79
3149.61
2971.77
3086.42
3378.38
3284.07
3236.25
3159.56
3289.47
3333.33
3039.51
2919.71
2551.02
1955.03
1839.93
2217.29
2706.36
2881.84
2624.67
2645.5
3021.15
3164.56
2962.96
2861.23
3149.61
3300.33
3159.56
2824.86
2631.58
2773.93
2797.2
2805.05
2902.76
2439.02
2229.65
2506.27
2869.44
3058.1
3100.78
2962.96
2805.05
3105.59
3300.33
3225.81
3149.61
3062.79
3241.49
3241.49
3139.72
3091.19
3062.79
2958.58
2808.99
2624.67
2114.16
2038.74
2531.65
2828.85
2699.06
2751.03
2985.07
3125
3100.78
3125
3267.97
3095.98
3062.79
2832.86
2162.16
1881.47
1998
2247.19
2427.18
2227.17
2014.1
2094.24
2232.14
2317.5
2439.02
2645.5
2754.82
2844.95
2861.23
2747.25
2699.06
2666.67
2577.32
2574
2430.13
709.471
716.332
2512.56
2805.05
3159.56
3134.8
3115.26
3241.49
2911.21
2624.67
2659.57
2739.73
2962.96
3179.65
3154.57
3210.27
3262.64
2985.07
2721.09
2785.52
2906.98
2770.08
2554.28
2877.7
2928.26
2590.67
2515.72
2412.55
2590.67
3044.14
3086.42
34.7741
34.7464
2751.03
3220.61
3257.33
2564.1
2252.25
2134.47
2004.01
2169.2
2336.45
2547.77
2659.57
2628.12
2496.88
2574
2849
2777.78
2531.65
2652.52
2824.86
2828.85
2890.17
2597.4
2580.65
2688.17
2649.01
2717.39
2923.98
2976.19
2861.23
2638.52
2849
3058.1
3025.72
2828.85
2680.97
2645.5
2724.8
2751.03
2898.55
2695.42
2249.72
1624.7
1222.49
1509.43
2400.96
2614.38
2418.38
2583.98
2522.07
2433.09
2656.04
2547.77
2649.01
2758.62
2570.69
2824.86
2994.01
2789.4
2677.38
2793.3
2898.55
2877.7
2994.01
3034.9
3003
3139.72
3246.75
3129.89
3184.71
3267.97
3025.72
2836.88
2587.32
2525.25
2919.71
2932.55
1805.05
744.879
793.021
1955.03
2463.05
2249.72
1934.24
2237.14
2739.73
2828.85
2656.04
2739.73
2906.98
2824.86
2684.56
2444.99
2288.33
2372.48
2621.23
2652.52
2691.79
2427.18
2366.86
2820.87
2754.82
2877.7
3058.1
2894.36
2861.23
2998.5
2680.97
2500
2617.8
2341.92
2333.72
2590.67
2797.2
2717.39
2617.8
2797.2
2857.14
2898.55
2820.87
2754.82
2998.5
3058.1
2840.91
2614.38
2183.41
2141.33
2590.67
2688.17
2567.39
2832.86
2958.58
2793.3
2638.52
2415.46
2544.53
2832.86
3115.26
3174.6
2945.51
2828.85
2902.76
3021.15
2949.85
3086.42
3169.57
3159.56
3484.32
3169.57
2717.39
2424.24
2383.79
2673.8
2713.7
2621.23
2659.57
2684.56
2509.41
2635.05
3067.48
2766.25
2547.77
2828.85
2971.77
2886
3120.12
3100.78
2680.97
2475.25
2812.94
3169.57
2962.96
3086.42
3044.14
2828.85
2724.8
2812.94
3086.42
3355.7
2958.58
2820.87
2621.23
2628.12
2998.5
2967.36
3076.92
3110.42
3144.65
2958.58
2743.48
2487.56
2515.72
2808.99
2967.36
2936.86
2785.52
2770.08
2989.54
3430.53
3327.79
3289.47
3558.72
3656.31
3663
3418.8
3053.44
3025.72
3300.33
3338.9
3129.89
2967.36
2844.95
2906.98
2877.7
2898.55
2840.91
2844.95
2976.19
3007.52
2994.01
2801.12
2577.32
2544.53
2890.17
3086.42
3053.44
2684.56
2836.88
3225.81
2989.54
3030.3
3058.1
2621.23
2320.19
1497.01
1288.66
1904.76
2710.03
3062.79
2751.03
2673.8
2801.12
2836.88
2617.8
2724.8
3129.89
2635.05
2463.05
2773.93
3044.14
3016.59
3016.59
2989.54
3144.65
3149.61
2994.01
3091.19
1972.39
1888.57
2919.71
2906.98
2754.82
2857.14
2797.2
2525.25
2544.53
2785.52
2754.82
2531.65
1725.63
1324.5
1587.3
2317.5
2724.8
2621.23
2724.8
2902.76
2945.51
2928.26
2751.03
2747.25
2873.56
2824.86
2816.9
2490.66
1839.93
1515.15
1600
1986.1
2127.66
2103.05
2267.57
2493.77
2538.07
2528.45
2617.8
2484.47
2293.58
2400.96
2205.07
1978.24
2134.47
2331
2083.33
1968.5
1956.95
1776.2
1746.72
1733.1
1897.53
1939.86
1334.22
1351.35
2129.93
2544.53
2770.08
3021.15
2985.07
2928.26
2314.81
2070.39
2083.33
2081.17
2372.48
2560.82
2567.39
2564.1
2594.03
2587.32
1636.66
755.858
777.605
1588.56
1901.14
1893.94
2105.26
2358.49
2450.98
2430.13
2735.98
3129.89
3273.32
3367
3430.53
3466.2
3484.32
3472.22
3327.79
3231.02
3322.26
3355.7
3300.33
3322.26
3159.56
3231.02
3338.9
2853.07
2597.4
2525.25
2328.29
2322.88
2433.09
2503.13
2466.09
2325.58
2200.22
1754.39
1626.02
1134.43
1032.52
1626.02
2087.68
2439.02
2861.23
2881.84
2747.25
2923.98
3300.33
3278.69
3194.89
3338.9
3367
3262.64
3355.7
3316.75
3389.83
3436.43
3333.33
3367
3412.97
3460.21
2649.01
2427.18
2766.25
2980.63
3300.33
3159.56
3159.56
3289.47
3194.89
3194.89
3294.89
2583.98
1524.39
1367.05
2132.2
3134.8
3289.47
3311.26
3231.02
3384.09
2869.44
2724.8
3039.51
3134.8
3236.25
2945.51
3053.44
3361.34
3225.81
3278.69
3184.71
3169.57
3333.33
3100.78
3134.8
3436.43
3338.9
3189.79
3016.59
3200
3460.21
3086.42
3169.57
3139.72
3048.78
3030.3
2890.17
3072.2
3164.56
3048.78
3194.89
3442.34
3344.48
2544.53
1532.57
1368.93
1958.86
2861.23
3120.12
3174.6
3241.49
3252.03
3278.69
3322.26
3289.47
3311.26
3322.26
3257.33
3179.65
3257.33
3327.79
3327.79
3284.07
3220.61
3294.89
3278.69
3252.03
3333.33
3412.97
3412.97
3389.83
3110.42
3154.57
3389.83
3257.33
3278.69
2024.29
1947.42
3053.44
3273.32
3558.72
3724.39
3752.35
3787.88
3831.42
3824.09
3703.7
3603.6
3527.34
3521.13
3610.11
3669.72
3623.19
3552.4
3571.43
3683.24
3696.86
3656.31
3717.47
3773.59
3816.79
1769.91
1644.74
2906.98
2766.25
2801.12
3067.48
3194.89
3378.38
3430.53
3327.79
3401.36
3372.68
3367
3460.21
3490.4
3603.6
3597.12
3629.76
3558.72
3514.94
3565.06
3584.23
3690.04
3731.34
3795.07
3802.28
3816.79
3809.52
3773.59
3787.88
3787.88
3809.52
3846.15
3731.34
3546.1
3407.16
3361.34
3149.61
2824.86
2695.42
2808.99
2971.77
3194.89
3565.06
3745.32
3824.09
3816.79
3816.79
3846.15
3853.56
3868.47
3883.5
3883.5
3875.97
3875.97
3883.5
3787.88
3731.34
3795.07
3831.42
3861
3875.97
3875.97
3861
3780.72
3703.7
3752.35
3816.79
3838.77
3861
3868.47
3861
3875.97
3831.42
3824.09
3484.32
3316.75
3558.72
3629.76
3384.09
3300.33
3367
3344.48
3316.75
2770.08
2049.18
1640.69
1666.67
2132.2
2890.17
3115.26
3081.66
3316.75
3062.79
3012.05
3225.81
3350.08
3134.8
3144.65
3194.89
2945.51
3210.27
3169.57
3144.65
3252.03
3154.57
3300.33
3311.26
3289.47
3338.9
3316.75
3058.1
3179.65
3478.26
3316.75
3289.47
3389.83
3384.09
3344.48
3384.09
3412.97
3448.28
3012.05
2724.8
1978.24
1895.73
1777.78
1476.01
1803.43
2515.72
3110.42
3149.61
3273.32
3257.33
3225.81
2915.45
2684.56
2906.98
3210.27
3241.49
3231.02
3267.97
3305.79
3095.98
3105.59
3367
3344.48
3355.7
3164.56
3159.56
3316.75
3327.79
3395.59
3333.33
3257.33
3367
3355.7
3316.75
3378.38
3338.9
3344.48
3430.53
3460.21
3200
2941.18
2333.72
2484.47
3448.28
3460.21
3322.26
3095.98
3016.59
3225.81
3466.2
3424.66
3372.68
3502.63
3636.36
3717.47
3773.58
3780.72
3809.52
3809.52
3669.73
3412.97
3294.89
3241.49
3012.05
3007.52
2980.63
2844.95
3016.59
2962.96
3044.14
3012.05
2989.54
3267.97
3252.03
3300.33
3311.26
3322.26
3215.43
3194.89
3300.33
3338.9
3344.48
3294.89
3333.33
3395.59
3333.33
3311.26
3412.97
3436.43
3389.83
3100.78
2275.31
1282.05
1301.24
2242.15
2808.99
3125
3246.75
3284.07
3030.3
2577.32
2770.08
3294.89
3257.33
3316.75
3311.26
3115.26
3144.65
3333.33
3169.57
2902.76
3095.98
3225.81
3134.8
3139.72
3120.12
3278.69
3311.26
3311.26
3350.08
3333.33
3372.68
2873.56
2865.33
3327.79
3231.02
3062.79
3220.61
3424.66
3081.66
3154.57
3389.83
2989.54
2116.4
1367.99
1441.96
2400.96
2812.94
2751.03
2898.55
3144.65
3384.09
3072.2
3154.57
3454.23
3350.08
3322.26
3284.07
3327.79
3372.68
3231.02
2945.51
3025.72
3395.59
3378.38
3305.79
3091.19
3194.89
3466.2
3378.38
3316.75
3220.61
3257.33
3300.33
3025.72
3144.65
3189.79
3125
3412.97
3355.7
3350.08
3338.9
3355.7
3333.33
3007.52
2976.19
2560.82
2424.24
2911.21
2985.07
3076.92
3194.89
3169.57
3210.27
3289.47
3003
3048.78
3407.16
3311.26
3322.26
3322.26
3300.33
3316.75
3086.42
3184.71
3418.8
3333.33
3355.7
3067.48
3115.26
3389.83
2915.45
2433.09
2051.28
2301.5
3039.51
3091.19
3048.78
3174.6
3105.59
3169.57
3200
3100.78
3311.26
3338.9
3327.79
3311.26
3384.09
3067.48
1936.11
1363.33
1643.39
2306.81
2649.01
3210.27
2877.7
2881.84
3355.7
3361.34
3284.07
3350.08
3322.26
3338.9
3384.09
3350.08
3361.34
3418.8
3367
3361.34
3442.34
3389.83
3350.08
3395.59
3344.48
3062.79
2816.9
3058.1
3338.9
3316.75
3361.34
3418.8
3372.68
3030.3
2886
3174.6
3401.36
3076.92
3149.61
3454.23
3384.09
3072.2
2853.07
1455.6
1252.35
2229.65
3062.79
3149.61
3225.81
3257.33
3252.03
3225.81
2994.01
2617.8
2600.78
2797.2
2873.56
2717.39
2607.56
2812.94
3120.12
3095.98
3144.65
3412.97
3367
3395.59
3189.79
3105.59
3322.26
3311.26
3215.43
3246.75
2962.96
2392.34
2320.19
2478.31
2506.27
2257.34
2259.89
2621.23
2427.18
2312.14
2129.93
2111.93
2472.19
2567.39
2503.13
2484.47
2699.06
3076.92
3184.71
3164.56
3338.9
3378.38
3344.48
3418.8
3407.16
3344.48
3129.89
3252.03
3478.26
3322.26
3372.68
3372.68
3316.75
3424.66
3200
3200
3478.26
3129.89
2971.77
3241.49
3361.34
3338.9
3159.56
3246.75
3454.23
3355.7
