1.22088e-311
inf
5.13788
51.8538
50.5804
49.1775
51.5663
51.7907
48.0469
48.294
49.8554
51.5464
51.5105
52.1431
53.8866
49.2744
48.65
48.1151
46.4706
49.2902
48.322
19.1113
19.5303
52.3095
51.3334
48.0342
49.3974
51.6209
47.2981
46.4954
46.7814
47.8023
47.5703
47.6781
52.6565
50.9983
49.0749
49.755
43.432
42.1035
48.5649
48.9345
48.2463
50.0075
50.1756
50.4032
49.5172
49.5295
48.0492
48.0261
51.5477
51.0165
48.8174
48.3957
48.0515
49.134
51.4112
49.1654
47.8423
48.9476
50.0701
51.4575
53.0279
50.606
49.9688
52.0034
50.2058
50.7563
49.9888
49.0124
51.4668
51.1365
50.114
49.7179
50.4312
52.3122
52.2139
53.2198
52.0535
47.7316
47.9662
48.79
51.0412
54.0438
53.7374
52.063
52.9171
53.4502
51.0973
52.2521
47.0068
44.2556
48.84
50.9308
50.3119
51.6182
51.9683
50.6137
51.3084
52.7231
50.7215
49.134
48.2905
49.4144
51.0061
50.4363
51.1797
50.1178
50.0713
51.053
48.9608
49.099
49.2696
47.2054
49.729
52.7343
52.9787
51.1444
49.4218
52.0657
54.4796
52.8737
49.6574
45.5726
47.1587
51.7907
52.2384
53.166
54.1859
53.9156
52.8346
53.0335
52.8919
53.6653
54.0336
50.844
49.6032
49.899
52.3177
53.1434
50.5791
48.5791
46.1084
48.266
53.3618
54.0278
52.5514
53.9957
54.0731
51.1417
52.4508
53.8895
52.719
50.8479
51.2689
54.1155
53.7663
54.1228
53.4031
53.7216
54.0906
53.3504
54.8005
55.8628
51.2387
47.2456
51.1182
53.8039
53.4859
53.2141
53.0729
52.5583
53.0701
54.9602
52.0793
50.9022
50.0163
50.0475
53.8924
52.8695
53.6179
54.8576
54.3641
54.9798
55.3403
52.8849
49.7834
50.9788
51.9238
51.4668
51.3597
52.7677
52.2876
52.7398
55.3955
52.2671
49.0172
50.4045
50.8337
53.5619
54.7151
53.6769
54.4292
53.8054
54.0584
55.4539
56.2493
52.2493
50.9892
50.491
50.9918
53.4388
55.3695
55.2746
54.9586
52.2261
50.02
53.9258
50.8945
46.0278
47.4091
47.426
46.7727
43.6357
45.294
53.3561
54.4766
54.1947
50.6137
50.4796
55.0949
53.4659
52.8919
53.7721
54.2623
54.3567
54.9692
56.9963
52.9339
48.895
48.0354
51.1941
54.3109
53.2127
52.8471
55.212
57.6369
55.6932
53.3846
51.0204
49.087
49.7475
49.9164
52.3931
55.6127
54.9798
52.8067
53.9098
55.6034
55.1831
53.9607
50.0188
50.0877
53.0983
54.7525
53.6035
53.952
54.3213
54.4707
54.539
53.5662
53.9229
52.6205
51.6609
52.8444
54.2932
53.7837
54.7765
55.4662
53.1986
53.6078
54.5598
55.0721
52.4329
51.5358
52.7691
51.7505
54.0833
52.5721
52.6468
52.278
52.8569
52.9549
49.467
49.8455
52.1078
53.1505
52.0061
54.4188
55.7181
52.8597
51.6329
53.1703
54.3833
53.0983
52.1431
51.0191
50.8647
54.4944
56.6926
55.0358
52.4838
53.8141
54.6165
55.145
55.2669
49.3012
49.034
53.5003
53.6697
53.4388
53.5117
53.1887
54.2844
55.5617
53.7475
51.713
51.083
51.6342
52.3588
51.8242
53.3746
54.4677
54.6433
53.3817
51.9022
53.4416
55.8956
53.3419
50.1706
53.0251
54.9964
54.5331
54.8862
56.319
55.1724
54.3449
55.3603
53.0124
53.5475
52.9031
49.8231
51.7224
55.2853
51.9845
51.0295
54.8231
55.7849
54.8998
54.8456
55.1101
52.6565
51.3795
51.9332
50.5523
52.3917
56.0318
57.4465
56.1026
55.6081
55.2288
54.76
54.6807
49.6549
50.005
53.6495
54.9526
55.9003
54.6194
54.814
55.5926
55.2425
56.2351
55.3495
53.087
51.8094
52.2016
55.0237
53.6466
53.2255
54.4351
53.9578
54.9451
53.6639
53.6222
49.5111
48.5578
51.6796
51.7411
53.8692
54.1272
54.6001
54.177
54.6105
53.9942
53.7577
54.1492
49.2126
49.3608
52.6718
52.9591
55.1663
56.6332
53.1011
52.1866
54.4529
55.4047
52.9353
49.6524
52.9451
53.9942
53.6985
54.8546
52.304
53.7736
55.0767
54.2461
54.3508
54.2064
55.0934
54.6837
54.3449
53.2439
51.3308
52.7899
53.8474
50.9437
51.7572
54.4722
50.9892
50.2563
52.3095
51.3624
52.1404
54.9526
54.0322
53.6509
55.2181
54.6807
52.5486
51.0035
50.0225
51.2939
51.3163
52.5887
51.5344
51.5026
54.5241
53.5418
53.2354
50.8699
49.401
51.8672
54.8622
55.2105
55.4847
53.3248
52.0264
53.7172
55.6746
57.5639
56.0507
53.1293
49.4902
50.5153
52.2507
50.1203
50.1756
52.33
55.1663
56.281
57.2967
56.2193
51.561
49.7141
51.0139
53.5934
55.3388
55.3986
53.7721
53.7028
56.6123
56.6813
54.9028
53.8401
52.8025
51.0347
52.341
53.5404
54.2094
53.1194
51.5743
54.808
54.6911
54.73
55.3465
51.2098
51.2492
54.4781
54.6045
52.8751
52.3026
51.4364
52.3136
54.93
55.6948
52.3355
48.992
50.5102
52.7955
55.2776
57.0337
55.3113
53.0166
51.7411
53.9695
54.4989
53.4545
51.147
48.727
50.3854
52.5583
54.9164
54.5598
52.5127
51.1352
54.0044
56.4254
54.9994
53.2907
48.3068
51.0647
56.8279
56.5291
55.0661
54.9058
55.3848
54.3345
53.3092
52.459
53.2722
51.2992
50.2185
52.341
54.1111
55.8722
57.6984
54.3567
50.6817
53.6653
54.6941
52.5403
51.6903
51.0595
51.8068
53.4359
54.1082
53.8546
55.6684
56.9736
54.003
53.1237
57.0907
52.8891
51.0191
55.5942
51.9967
52.1716
56.0271
54.7735
53.0377
51.6489
54.3331
53.5619
51.9697
52.6981
52.8695
53.5418
52.8276
52.8625
54.4247
55.8036
54.5375
54.799
55.477
55.7973
52.7941
52.5652
55.0828
52.0143
53.1901
55.5787
56.3031
54.3478
53.6783
55.4416
56.0821
53.5676
50.3626
54.5033
55.2715
52.3505
53.6351
54.8727
54.0891
54.3036
54.2682
53.8808
52.5265
51.24
52.8234
54.5524
56.8909
55.7771
54.5688
56.0617
56.6669
54.4321
51.9413
49.016
47.9559
52.3451
54.9073
52.99
53.1237
54.8155
55.0116
54.1756
53.1434
52.9157
52.3149
51.0009
49.9426
51.8753
54.4796
56.101
55.9519
56.7746
57.5192
56.2177
55.8597
55.5463
54.1682
50.5587
51.2715
54.3257
52.5279
54.158
55.9409
51.3875
51.2295
55.5324
56.5275
54.5569
51.2138
52.0522
53.1915
52.8318
53.7331
52.8961
54.748
56.1514
56.6187
56.1877
54.7345
52.6344
50.3043
51.3321
53.9025
53.9476
53.8503
56.2493
57.3987
55.348
55.1587
54.155
50.3221
49.5319
53.0068
54.9239
54.6717
54.2932
55.3174
56.9395
55.7569
51.7612
45.776
47.4091
52.5486
52.9984
54.3021
55.6514
53.0645
51.1954
54.8411
55.3664
54.609
53.1745
50.3246
50.9515
53.2737
53.3832
53.3348
56.1151
55.1648
53.2708
53.8909
52.836
51.8538
50.6997
52.8011
54.4603
54.1375
56.2889
55.3725
53.08
51.909
55.3143
55.0631
52.2575
52.1948
52.0549
52.7204
55.2746
53.7866
52.378
54.2697
53.615
54.8186
55.0691
53.1265
50.1002
50.3943
54.441
54.8456
55.6019
54.5004
53.8199
53.8416
54.6209
56.7634
51.7304
51.561
55.057
54.1404
52.3259
51.5903
52.341
52.3711
54.1433
53.661
49.209
43.9194
39.8979
44.7557
52.7301
53.7953
54.2123
53.6035
53.0715
53.2297
55.1374
51.5212
48.9488
52.3177
52.6565
52.4274
54.1111
55.9096
57.0337
55.7585
52.8835
53.0223
52.4893
50.2601
48.618
49.3742
54.1316
54.8682
56.2098
56.6444
53.7924
54.3596
54.5852
53.3561
49.5479
50.2993
54.5405
53.08
53.5719
54.603
54.5703
54.8441
55.5155
56.3285
56.6043
53.7418
52.6219
53.7331
52.9759
55.1086
54.136
54.407
53.2382
52.0793
54.0994
55.2914
54.3449
50.2298
53.4574
55.9816
52.0427
52.2698
54.6941
53.1788
51.1326
52.6621
54.3641
53.087
51.5318
52.3013
51.219
51.2439
55.1846
55.7864
56.1451
56.8392
57.3
55.0888
53.5791
54.781
55.0433
54.019
53.3589
52.1308
52.3999
56.4079
57.2344
57.1543
55.9034
56.7199
55.4862
51.6436
53.2311
55.5155
56.6412
53.2879
53.6136
55.5988
55.1831
55.571
55.2593
52.8318
49.7735
51.036
53.4817
53.5017
52.1744
52.9479
53.3205
54.0044
53.2822
53.2637
53.5748
50.2096
50.491
53.8054
53.349
53.5877
51.8484
49.1618
47.2657
47.1709
47.3563
48.962
48.5413
45.7331
45.7383
46.7159
49.7785
46.4727
43.8251
46.9186
45.3896
44.5613
46.0787
44.0247
41.2439
44.0335
49.9426
51.6636
52.9984
54.8938
55.1511
53.3575
53.7938
52.6163
53.1463
53.2609
53.251
53.4302
54.1272
55.1739
55.5463
57.5258
56.0397
55.3833
54.227
53.2127
53.4516
54.7121
54.0862
53.4145
53.2964
54.0307
55.0797
52.7148
52.6468
50.8712
51.5876
55.1207
54.1184
53.8228
55.2685
54.8276
53.0574
54.4885
55.1542
50.9645
46.9682
46.6168
49.6512
52.7218
53.9578
54.4336
55.2822
54.3744
55.1329
54.2785
49.5307
51.3242
53.6884
52.3013
53.9928
56.3491
54.9194
53.0405
55.3296
54.2918
51.4946
51.9548
53.4117
53.8271
55.6499
56.5036
54.6045
54.3523
53.5992
53.3532
53.4488
54.0789
53.3419
52.7593
52.7218
52.8751
54.8938
54.0526
54.339
55.7756
56.2556
56.2193
56.8004
56.4701
50.9035
52.2234
56.002
53.0363
52.6136
54.9285
56.1419
55.7212
54.407
54.0877
53.8532
49.1823
51.6222
54.2064
53.6797
56.3491
55.5432
54.8576
53.2042
54.1111
53.8692
53.3903
52.5652
51.7344
52.6815
54.4129
54.5182
53.8387
54.4025
54.0657
54.811
55.2807
56.9411
54.1521
46.5268
47.808
51.7357
53.0912
55.7864
57.0776
54.4944
53.1406
54.9738
53.3276
52.0562
52.5528
53.9534
54.6165
54.9073
55.5772
56.3873
54.339
51.8202
53.1858
53.3846
53.2581
52.2644
52.139
54.4929
54.2756
54.0219
54.4425
55.8129
51.9642
51.3097
53.2992
52.8569
54.1682
53.0377
53.6193
54.8381
54.5837
54.6553
53.6294
53.6639
55.6932
54.5583
51.6062
53.2085
53.9636
54.6837
55.6499
54.2859
52.8975
53.8938
56.2936
55.1162
53.322
52.448
51.8941
52.2862
55.1177
55.966
53.7909
54.9571
57.4614
56.7456
53.1561
53.0265
52.8234
48.7769
50.226
54.9753
55.2807
55.3971
54.6747
52.2534
53.4459
55.4862
55.3434
51.7304
48.9608
50.7756
52.3766
54.3404
55.9534
54.742
54.3434
55.3006
54.136
53.8286
51.1065
47.8206
50.7112
55.0282
54.3021
51.9602
52.481
52.9437
53.7057
55.107
52.2111
50.9567
52.8877
52.1594
52.5597
53.6064
53.0532
53.8866
54.0774
52.5058
51.9683
51.6502
50.3969
51.6809
53.3433
54.2064
55.1618
55.3695
54.5227
53.6567
53.516
53.2311
55.6174
52.7802
51.847
53.9928
53.4231
54.5628
55.8441
55.6576
53.4631
53.8068
54.6612
54.2343
54.057
53.4645
52.6579
53.9025
55.145
53.8619
53.7057
53.2467
53.8633
55.0782
55.5417
54.7016
51.8135
49.7748
49.1376
51.796
53.2836
54.2211
54.736
54.615
55.0706
53.1491
53.9942
53.6466
52.1254
53.3775
55.7398
55.212
53.875
54.2594
55.0721
56.6942
55.3296
53.7634
54.748
52.2794
51.0009
53.9025
54.0921
51.9778
53.3874
54.1947
53.6207
55.8332
56.365
53.5017
52.6857
52.6067
53.1788
54.796
54.5747
55.6189
56.2145
56.6829
54.6851
55.0964
55.905
51.2689
50.5191
51.5477
53.4988
54.3981
53.9607
54.0132
54.0073
52.8109
52.3684
56.2936
54.8637
52.1254
53.4631
55.9832
57.1021
55.8659
55.1314
55.7025
54.5227
53.0152
55.5093
56.6139
53.2368
46.8132
47.2132
53.3561
54.5732
54.0614
52.5403
54.1697
55.5818
54.8561
55.0964
52.2848
48.6145
50.551
55.4693
53.496
54.0161
56.0507
55.919
56.5819
57.6269
57.4482
49.1413
49.7191
54.7196
54.0322
54.8531
55.8347
56.8796
56.6556
55.0873
55.2654
57.3049
53.0349
51.6222
53.5805
52.3437
52.3478
54.6642
55.6112
54.2711
54.8155
54.754
54.2123
49.5442
50.0363
52.6427
49.9313
52.0373
55.417
55.9097
55.4893
55.0904
52.8933
53.1364
49.5282
49.5712
52.9731
52.4301
54.2697
53.2354
53.08
54.8155
53.6754
55.1298
55.296
52.9549
48.6488
50.2993
55.1557
54.6837
55.18
55.0191
54.5316
54.202
52.9255
48.0157
40.4114
41.6207
51.8094
57.0418
55.7709
53.1463
55.394
56.013
55.6529
54.5167
54.401
51.4205
52.0318
55.7491
53.9651
55.7305
55.497
55.2486
55.6731
55.8878
55.2318
53.8184
52.6274
51.7598
54.4544
55.7756
53.7273
54.9828
57.3822
54.603
54.8667
55.534
54.8261
52.5597
49.7376
52.5528
54.1052
54.817
55.3909
56.5147
56.2272
54.775
53.7707
55.7243
57.7334
53.7996
50.1731
50.3931
55.0615
56.5083
55.3756
54.3685
55.4631
56.2873
54.7031
54.1243
52.0021
52.4425
53.6035
53.5949
52.7412
54.4959
57.2606
57.4366
55.5185
53.5877
55.7336
53.7634
50.8893
53.1844
54.6179
53.7548
55.0919
55.8456
54.6194
56.0365
55.6235
54.4499
52.3122
49.1352
51.788
53.6783
54.2446
55.9628
55.0631
54.4499
54.5182
54.6373
52.8947
50.9009
49.8716
52.3451
55.1557
55.7631
57.0499
56.6797
57.0923
57.5606
57.7101
57.4102
54.9013
52.9227
52.4714
53.9055
55.8972
55.0221
52.8919
53.4003
56.6348
55.8363
54.2652
53.6021
49.5626
50.5894
53.9331
52.2985
53.5863
56.2303
55.4908
55.4109
56.292
55.919
56.1861
52.1907
51.6516
55.3526
56.5963
55.5185
55.004
56.5771
54.8336
53.2779
53.1788
52.5127
51.8041
52.4728
52.8304
54.3404
55.1785
53.9476
54.9647
55.2899
53.6567
53.5992
54.4707
52.0007
54.3936
55.177
51.1784
53.6927
54.9269
55.5957
56.4207
54.6672
54.0292
52.2562
47.2512
47.9731
54.1213
53.4731
53.1604
54.3936
55.3572
57.0418
58.5343
58.8893
55.2853
52.0007
52.7176
54.4944
54.3523
55.2273
53.9418
54.9874
55.9989
54.8201
55.7647
52.615
50.6073
51.9656
54.9269
55.5016
55.3021
54.9843
55.1679
55.3281
53.6207
55.4954
55.348
53.1717
52.1023
52.822
55.0267
55.9691
55.6313
54.2859
55.0721
55.1694
55.5078
54.2402
53.4688
52.7788
51.3308
53.0279
53.674
54.8802
53.9229
54.5435
57.0841
56.1656
54.3478
55.6189
50.4223
48.8436
54.9466
53.3746
54.5822
56.8586
55.9675
54.0964
54.3803
55.7756
55.2212
51.1587
48.4297
51.909
54.0409
55.5478
55.2425
54.811
56.5627
55.4401
54.0643
53.9797
51.0986
50.0688
53.349
54.6837
55.1542
55.9378
56.8133
57.9576
54.5375
54.1668
54.7091
51.7826
49.6771
52.9535
56.7472
56.4876
55.2563
54.0117
56.3746
52.7371
53.0251
56.8844
53.406
53.549
56.4477
55.2425
54.1038
55.1739
55.6746
57.1592
56.0224
54.9119
55.7057
54.6239
50.0801
51.2295
55.0373
54.057
55.6359
55.4939
54.6911
54.6971
57.0255
58.7389
55.0312
50.7331
51.994
56.0821
55.639
54.8336
55.2044
55.4293
55.296
56.7054
57.5159
52.2411
46.6124
48.4484
54.4514
56.5419
56.6171
55.2624
56.7215
57.1412
56.013
54.802
49.8691
47.6156
49.2805
53.1943
56.175
55.3695
56.1514
56.5291
55.0919
53.92
55.4063
55.9722
52.0427
52.0562
55.0403
56.1687
56.9298
55.9128
55.5232
56.707
54.038
53.8474
55.0237
53.8474
54.114
54.8878
55.48
54.4736
55.4754
57.3987
56.1262
54.3301
55.2181
55.4447
54.4929
53.2751
53.7475
54.1609
54.0687
55.3603
56.6027
55.7507
54.1521
56.6652
56.5163
54.1903
53.224
56.2525
59.2751
55.9816
54.5227
56.6813
57.1755
58.67
59.2312
57.6336
54.7735
50.045
50.5753
52.3218
54.757
55.4693
54.7181
54.7121
53.3177
55.4001
55.8363
54.8351
54.2343
52.4315
51.9751
50.8182
51.6196
54.7046
53.7591
54.0176
56.0428
55.5309
56.1845
55.4493
51.7331
51.9818
53.4502
55.8987
57.8336
54.8065
53.4531
56.1293
56.1782
54.4558
54.2549
54.0804
52.7886
53.7909
57.1625
58.1193
59.0354
55.1739
54.4336
56.8893
56.478
57.282
58.0973
51.8323
50.1391
54.1521
54.3892
55.3403
54.8261
55.2273
55.1511
56.262
57.223
58.1091
58.214
52.2234
51.9157
55.7103
54.2888
54.2152
57.1559
55.2044
55.0025
55.7802
56.1341
57.3263
55.2547
52.608
50.2449
52.0562
55.7196
57.1739
56.7086
55.5942
55.1238
57.5374
57.7017
54.2329
53.268
51.6716
53.1986
54.2123
54.6373
55.9018
55.2318
53.817
54.8847
54.7046
53.4117
54.9058
50.6239
50.0213
54.1067
55.8581
55.4047
56.1877
53.8822
51.1731
54.8186
55.5293
50.7331
50.2614
55.1815
55.0312
54.9692
57.607
59.0092
59.6125
55.3312
55.2517
57.0744
57.3938
54.7345
52.8485
55.1831
55.6406
56.3476
57.374
57.0304
57.6302
55.2425
55.2273
56.4111
53.3675
52.6829
53.2708
56.3777
54.763
54.9783
56.5867
56.2968
59.1366
59.0964
58.0821
57.4449
53.8083
50.6547
53.936
57.2606
58.5978
57.3296
56.5659
56.8909
55.7864
55.537
55.9112
54.076
51.096
51.7907
54.1976
56.2193
54.8486
55.3787
56.7456
56.765
56.7295
57.5291
59.2242
56.3476
50.9009
51.1444
55.6019
55.4647
55.9957
55.437
56.5579
56.2272
55.3296
54.7031
54.6597
50.7009
47.9295
53.6121
55.6328
56.0099
57.7617
55.9284
55.0737
58.4915
58.0737
57.6768
54.339
50.2639
52.9283
54.793
56.9736
56.4844
55.2715
54.8426
54.487
56.6733
56.9265
53.3518
50.8776
48.3617
46.8669
47.4687
48.1487
52.9507
56.0444
55.6808
57.2295
58.2836
59.1839
56.8553
53.4374
54.4262
53.1223
55.1861
59.0127
58.0653
56.5355
55.1648
55.7212
57.5142
57.3658
53.2141
52.7454
56.175
55.4862
54.7031
56.4988
55.639
55.6777
54.76
55.2334
56.8699
53.9258
51.113
54.441
55.0555
53.559
56.4605
56.0805
55.8597
56.1026
56.0522
57.0695
55.4893
53.3021
53.7259
52.3848
52.4742
55.8893
58.1784
56.8553
54.2623
56.0821
56.0837
53.7779
51.4297
50.8556
52.7134
52.5859
55.1496
55.8815
55.919
56.3444
57.5159
58.0013
56.0428
51.9063
52.203
54.3316
52.9493
56.4382
57.4994
55.6204
55.2257
56.6155
56.2019
54.9919
50.0701
47.972
52.3451
55.9989
58.3788
55.9175
56.0412
57.4994
58.43
59.8426
56.2303
50.7099
46.1915
50.6894
55.1314
53.4645
55.8223
55.5602
54.5837
57.3789
56.3825
56.0585
56.0475
51.1378
51.9642
55.9128
57.5242
56.1136
56.3444
58.5138
58.459
56.5243
56.3746
54.1844
50.3195
52.1512
53.8546
56.1293
57.8754
58.2326
56.0491
55.8005
55.8067
54.539
53.322
53.183
55.0843
54.3021
55.9942
57.0223
58.0956
58.1345
56.7215
56.9168
56.9492
56.5195
56.0507
49.8095
48.1696
54.3936
56.5179
56.8505
56.2635
