1.03958e-311
inf
8.94015
113.379
122.414
128.932
135.474
146.156
143.73
119.396
116.993
124.735
125.078
130.378
119.524
105.419
86.2962
90.0212
115.533
115.467
90.1795
87.5427
105.994
91.1203
86.5988
88.5543
97.9
121.124
117.226
119.596
117.069
117.786
125.094
128.164
121.315
123.244
111.813
107.377
108.038
94.8362
97.2053
112.676
118.064
113.276
99.7606
92.6999
103.21
85.8406
55.8566
63.2511
95.5429
22.6334
23.377
129.066
120.301
122.767
133.476
133.2
121.065
118.617
135.962
136.565
132.17
132.266
142.015
143.236
140.835
131.952
90.9835
84.513
100.236
109.242
124.681
128.197
128.485
125.321
129.727
133.681
131.865
133.333
137.618
105.664
101.343
118.878
116.761
132.389
143.082
142.379
145.836
153.504
144.928
137.552
137.155
144.394
137.071
119.94
128.824
137.287
137.268
137.212
130.574
129.282
136.996
142.491
141.623
136.101
136.621
144.342
143.297
142.542
131.354
129.224
135.842
134.427
137.429
139.451
144.938
145.975
143.968
133.726
128.008
129.308
137.741
128.75
130.497
131.527
118.73
124.743
128.518
138.37
141.653
148.028
146.552
146.113
145.815
145.794
157.841
137.09
123.213
132.547
127.413
125.258
129.887
138.475
144.29
138.667
135.245
141.523
144.917
135.373
124.899
118.203
125.478
136.949
132.494
130.993
140.371
141.854
142.99
144.749
138.85
139.092
146.994
152.346
133.878
128.551
141.113
142.898
146.563
145.624
138.831
135.181
140.509
143.318
142.056
149.165
154.166
152.161
142.592
136.388
143.988
135.501
129.082
137.014
137.165
144.04
132.424
121.996
135.044
145.56
147.21
150.218
140.617
138.504
145.349
146.007
152.8
144.134
139.772
148.588
144.98
127.967
125.439
141.193
152.509
151.527
135.4
121.81
124.154
127.616
135.731
126.016
128.916
142.308
137.09
129.651
136.509
150.026
145.275
144.938
137.637
128.692
131.718
144.582
148.346
141.985
142.288
149.287
148.401
132.802
130.924
131.726
139.441
147.645
136.314
131.053
136.184
127.877
121.403
126.215
134.454
141.543
133.085
134.264
142.136
140.855
140.076
141.433
141.563
143.596
145.264
146.135
138.552
137.998
151.092
154.273
151.012
144.092
139.86
144.373
148.555
145.709
138.841
138.658
143.195
148.071
126.912
122.549
137.155
122.272
121.729
139.762
147.798
154.071
159.286
139.13
131.346
143.133
146.843
151.069
144.123
137.363
145.191
149.992
146.316
140.479
141.523
148.115
144.144
144.477
143.205
142.98
132.109
132.635
136.444
124.216
125.447
128.841
134.165
138.899
145.804
150.274
149.835
134.508
133.556
150.852
153.151
156.912
145.349
138.648
147.874
154.202
144.155
135.907
140.252
148.126
146.124
149.779
146.918
143.875
152.242
154.536
149.678
122.677
112.918
115.068
123.793
127.934
132.266
145.465
144.509
138.504
137.817
145.624
146.628
145.677
138.821
131.173
136.733
148.666
151.676
136.846
135.291
147.765
142.816
139.198
148.071
151.103
146.864
155.497
156.458
135.208
130.336
145.996
128.312
116.09
136.24
147.232
146.509
150.807
137.419
141.293
142.857
134.553
144.645
137.665
135.345
140.43
139.431
118.106
114.534
133.253
132.258
130.446
135.971
136.398
132.144
138.236
142.582
132.135
137.903
129.066
108.044
120.091
140.056
144.959
147.591
138.074
132.661
139.15
141.133
138.16
135.916
139.295
140.766
141.613
134.228
134.617
140.647
140.736
134.762
127.218
132.837
140.42
139.412
134.517
125.156
129.425
126.711
110.211
123.487
140.017
139.694
135.017
135.474
142.308
147.254
149.098
142.878
141.593
145.953
145.127
147.308
138.389
138.86
150.67
148.931
152.87
141.743
139.655
144.645
147.984
154.655
142.592
134.807
141.995
133.076
103.061
106.451
129.099
134.463
130.225
132.127
141.413
147.547
157.122
151.137
149.22
155.63
154.775
152.602
149.611
148.544
157.604
156.58
156.887
151.573
147.82
148.533
144.103
144.279
136.426
131.804
142.765
138.831
132.846
119.439
120.97
140.617
140.796
124.44
119.055
134.246
129.803
129.467
136.166
138.533
142.096
146.563
136.677
134.246
140.548
138.812
135.144
137.024
139.179
138.007
142.43
141.513
137.08
133.094
134.454
133.833
123.206
128.659
129.719
121.448
131.415
135.566
143.082
147.449
140.924
141.683
145.847
146.638
144.051
139.383
136.045
140.934
150.083
150.421
143.647
141.513
136.23
138.802
127.722
113.565
124.977
130.319
137.118
136.091
134.03
143.75
134.057
122.026
131.77
143.554
145.624
154.19
151.734
150.184
152.579
157.159
158.479
139.13
133.887
148.335
150.207
149.566
146.007
148.192
148.456
150.365
154.392
148.17
146.199
152.765
155.039
156.544
146.692
133.014
137.646
137.533
126.638
138.389
144.97
143.812
152.404
142.653
143.328
145.592
143.184
149.611
143.01
139.198
139.86
138.754
152.439
153.787
148.754
136.893
140.311
149.824
138.074
141.493
153.669
150.739
155.267
149.533
144.331
151
138.706
120.569
124.774
136.64
139.645
147.689
145.719
147.135
155.97
158.541
156.838
152.184
151.263
161.212
156.654
152.439
139.958
139.616
150.105
152.184
156.986
147.634
140.056
145.412
143.719
143.719
145.001
142.704
144.98
148.071
139.363
132.97
128.966
137.325
147.124
140.766
142.898
143.051
146.06
152.323
153.894
147.689
152.73
158.353
155.111
139.218
141.985
145.9
142.288
140.786
138.629
143.761
139.043
139.919
154.739
146.509
137.268
148.071
153.87
144.456
132.837
129.299
130.787
129.542
126.048
132.749
149.633
156.031
151.446
142.847
145.635
154.847
143.031
137.184
143.01
143.875
144.802
141.243
134.336
132.266
142.298
155.039
153.645
144.97
137.184
146.821
151.217
148.357
135.943
141.935
139.929
138.102
141.064
135.731
143.102
140.588
145.381
144.436
137.155
144.279
152.987
155.388
148.269
147.569
144.134
141.804
150.331
146.188
144.113
142.217
146.349
148.511
138.687
143.359
155.642
158.103
160.462
154.404
151.103
147.275
138.696
140.135
132.705
128.025
145.465
146.821
145.359
142.268
147.427
152.52
144.844
137.315
142.116
151.092
153.362
162.88
145.89
136.996
142.908
154.548
157.94
143.988
140.144
149.298
154.799
159.451
150.591
147.754
151.976
152.114
144.269
138.408
132.135
134.3
143.051
147.34
143.082
145.56
143.658
136.258
134.111
138.793
149.109
145.539
151.492
143.338
136.361
139.801
151.596
159.426
145.159
141.253
151.895
153.775
146.628
140.135
149.354
146.843
147.504
151.561
142.379
131.622
136.939
138.889
137.883
140.964
141.493
149.41
151.63
157.953
144.467
137.931
147.156
145.709
130.95
135.777
153.151
153.894
155.448
162.655
146.94
143.534
152.579
154.381
143.968
142.755
143.051
144.29
147.973
138.591
138.821
144.488
151
156.568
135.75
130.736
147.973
153.468
154.285
145.275
153.245
151.24
144.04
149.354
145.148
142.674
151.791
155.836
156.752
145.148
143.999
154.559
154.751
158.065
150.432
153.492
153.351
157.023
161.005
133.52
133.227
159.923
149.611
131.372
125.133
139.256
156.544
151.378
139.111
141.553
150.116
152.416
155.739
144.592
147.07
146.585
141.794
153.069
152.753
139.48
149.399
160.759
152.451
139.334
145.307
147.918
143.771
154.119
142.786
137.845
142.389
140.944
147.787
134.834
137.751
143.895
132.996
126.855
131.311
132.776
136.528
152.73
143.072
139.344
150.038
147.71
139.334
139.48
145.773
154.392
151.481
144.854
146.456
152.66
149.948
157.679
154.321
138.217
140.479
154.583
154.381
155.171
125.652
124.813
148.379
149.678
146.735
140.174
146.135
148.137
152.091
139.636
138.207
152.894
147.601
146.972
142.898
138.725
146.028
152.858
151.446
143.328
154.883
155.171
153.315
159.324
147.091
142.47
154.835
158.378
154.955
148.379
149.544
166.987
139.276
134.354
128.824
120.868
143.75
154.715
148.028
145.012
146.391
147.995
155.654
149.712
145.465
157.097
160.231
154.059
136.193
137.429
150.139
154.44
166.973
151.149
146.434
147.536
148.478
154.143
158.755
144.781
139.821
151.676
142.157
136.027
132.608
132.935
145.539
151.126
143.01
143.544
157.505
158.491
157.468
143.688
135.575
149.555
155.727
158.341
145.624
150.705
160.064
148.082
145.022
143.493
139.978
148.071
158.303
162.615
142.653
140.905
167.42
154.548
146.897
138.389
129.895
140.578
156.36
141.443
131.614
143.421
149.745
150.195
155.292
143.719
142.837
156.728
144.03
125.18
129.016
142.227
140.193
147.951
144.352
138.879
149.354
152.091
153.186
146.327
149.622
154.369
153.21
160.875
140.766
141.004
141.054
136.305
140.915
144.248
131.709
134.048
151.286
142.837
139.958
152.718
162.061
149.131
137.212
144.311
152.847
151.573
154.667
144.676
141.064
151.263
146.531
149.577
150.331
140.361
157.208
161.044
149.589
143.947
152.045
151.149
144.196
148.644
134.156
131.346
154.154
160.231
138.985
129.963
145.783
161.29
158.391
150.173
140.964
148.093
151.32
155.97
156.25
144.071
142.318
143.916
142.167
141.413
135.035
145.159
163.827
150.331
135.74
139.772
150.026
145.243
144.134
143.379
131.389
127.259
133.806
141.323
135.584
142.227
149.925
147.135
156.104
152.823
158.353
154.583
151.976
152.08
140.825
141.054
152.929
157.109
156.14
145.836
146.37
158.831
138.648
126.839
140.331
136.472
134.057
142.045
125.07
127.324
154.715
152.01
145.201
136.996
142.613
155.003
150.41
139.227
139.792
147.037
147.21
159.363
144.269
142.878
150.989
149.365
154.392
152.614
138.773
145.455
161.16
154.012
141.034
141.313
134.599
139.256
157.456
142.623
132.6
146.994
147.189
146.391
138.85
136.203
163.052
161.121
158.203
150.489
155.171
142.126
140.371
154.823
140.066
142.796
153.468
152.219
154.931
147.026
146.21
153.539
149.131
153.257
142.005
143.256
154.667
160.707
147.601
136.491
133.049
138.715
148.346
153.128
143.338
134.535
145.635
148.478
144.144
149.757
161.29
162.774
169.319
155.775
134.309
137.325
153.87
154.119
161.212
146.21
144.217
162.259
151.883
139.987
145.645
152.23
157.456
170.823
156.189
143.338
138.447
145.826
146.263
126.67
121.521
139.383
152.742
156.323
146.081
142.908
151.183
154.787
163.599
148.159
141.804
157.27
147.275
144.144
141.723
138.399
156.863
156.495
159.02
158.253
157.754
154.428
155.304
152.59
131.191
131.857
153.116
158.128
158.743
134.363
125.636
139.958
148.732
158.755
150.795
155.388
153.976
154.143
153.457
145.932
151.332
157.729
160.927
162.721
157.58
144.519
152.161
163.559
150.58
140.154
154.369
160.449
155.921
160.694
151.573
145.138
155.388
163.452
158.932
130.005
123.031
134.753
138.427
153.21
136.883
122.324
142.379
169.405
151.366
127.033
129.921
125.196
128.924
131.251
137.864
157.418
128.866
105.988
118.182
146.391
156.617
155.545
143.225
145.18
155.207
160.501
160.141
155.581
141.493
127.959
137.979
153.516
124.108
114.896
131.234
139.929
145.943
148.743
152.87
154.143
154.476
149.231
143.431
157.356
163.894
158.529
147.863
147.907
146.563
150.83
163.867
149.813
141.533
152.648
167.645
159.566
156.043
142.562
144.498
161.355
150.173
129.803
125.668
139.334
147.243
150.591
154.131
147.743
149.376
156.863
156.519
145.539
138.322
154.643
157.604
154.392
142.531
141.603
151.596
156.409
142.47
134.853
149.656
157.035
161.616
160.179
155.304
151.217
161.996
168.11
150.387
139.792
153.976
148.06
139.801
149.869
149.054
145.127
151.446
167.898
163.68
152.149
150.376
160.668
164.379
152.346
142.511
146.692
147.896
153.799
170.999
158.403
145.497
146.638
145.603
145.518
150.795
143.318
148.898
151.573
145.762
154.595
130.446
119.667
146.972
153.245
139.597
145.423
156.74
147.689
147.842
156.372
146.94
155.28
158.165
155.727
150.342
151.642
157.035
155.824
160.372
149.098
150.128
151.837
151.918
151.355
135.879
140.223
159.655
151.976
148.093
150.557
155.763
164.325
157.741
160.849
135.713
130.438
152.52
161.251
147.667
136.715
140.036
149.633
152.23
149.835
147.167
146.983
154.536
157.171
152.964
137.979
139.053
154.238
162.575
158.68
158.015
157.928
156.912
146.488
149.22
146.424
143.431
150.648
149.522
157.716
142.908
134.68
140.144
135.254
144.04
135.547
135.511
161.031
159.795
157.58
150.173
147.863
147.874
150.071
144.907
135.842
142.379
152.08
157.085
159.299
153.716
157.903
172.161
158.932
153.233
149.399
143.916
147.558
156.593
160.707
153.457
141.453
144.363
139.402
138.427
147.907
151.688
170.039
158.995
145.571
138.447
138.017
146.21
157.928
156.152
145.064
142.349
150.184
143.236
132.31
138.131
151.309
159.859
158.065
167.336
154.226
144.53
151.814
153.421
149.97
146.274
142.857
133.449
133.86
150.105
129.232
123.625
140.095
146.039
145.741
147.743
150.049
148.357
150.139
135.593
136.537
152.882
153.257
147.634
139.801
146.864
165.153
148.379
150.252
159.046
159.936
158.97
156.764
158.844
147.634
132.988
141.253
150.116
144.844
141.723
146.671
154.751
142.187
150.094
151.137
150.365
158.844
162.853
160.63
150.568
152.567
159.847
155.933
151.229
145.233
140.716
154.548
154.967
157.841
151.412
148.017
156.998
160.256
162.114
158.907
161.121
155.581
158.29
140.627
139.489
129.609
131.122
152.08
146.156
150.966
158.629
154.512
151.481
157.866
143.451
148.225
163.948
161.212
155.606
143.637
143.709
160.064
156.924
153.116
159.642
154.024
154.56
157.542
159.033
149.309
143.616
154.727
162.562
159.046
147.71
134.608
130.098
133.914
151.492
157.233
147.645
160.385
157.629
153.834
149.009
147.601
151.987
154.571
162.404
163.961
144.467
145.826
170.984
144.896
140.696
145.932
145.975
152.265
151.665
147.896
143.988
153.046
159.363
161.46
167.112
161.825
149.544
150.795
150.875
149.802
147.689
156.568
158.755
152.648
148.909
143.513
146.113
156.25
170.765
162.721
151.964
150.308
159.987
165.604
164.663
165.536
154.048
151.642
157.903
165.741
153.799
145.117
154.727
162.707
161.878
158.428
153.351
146.692
152.777
143.988
149.365
140.076
139.169
149.835
151.63
152.462
143
153.692
154.895
157.109
161.018
153.092
147.319
160.359
156.986
149.198
144.248
149.88
161.238
153.221
150.455
159.655
174.749
164.636
159.63
156.556
155.521
147.232
149.298
165.782
141.723
126.438
139.043
148.467
143.493
148.489
160.154
144.686
137.95
158.579
163.292
155.812
147.951
152.929
155.945
160.115
177.007
159.324
149.835
159.617
166.556
158.541
150.071
143.885
149.723
162.92
162.009
159.286
151.791
159.642
158.781
155.316
152.742
143.205
143.596
157.542
142.98
127.926
134.003
133.316
143.256
160.269
149.499
149.577
165.7
149.209
149.265
153.74
155.715
158.378
160.333
164.042
152.451
155.606
156.568
156.556
147.221
140.696
151.607
161.655
163.039
158.957
159.198
151.309
133.041
142.237
139.305
129.425
147.08
154.895
165.494
159.172
146.757
148.633
160.436
163.092
159.046
164.217
156.986
161.734
164.704
166.82
157.803
145.932
151.229
154.571
157.679
161.044
151.137
142.674
149.142
152.812
165.098
156.018
152.195
147.591
149.231
146.864
134.156
141.263
154.703
175.562
157.109
151.722
153.41
154.392
158.065
147.21
138.821
149.454
155.982
146.703
155.703
155.606
154
153.716
159.274
156.556
149.981
147.743
154.895
158.265
157.295
153.633
143.082
139.587
144.791
165.194
142.603
141.103
154.847
155.292
155.958
152.555
151.366
153.563
158.441
154.907
161.616
154.751
155.243
155.994
157.953
160.115
150.071
147.395
156.165
168.152
163.345
158.705
160.436
168.549
161.329
155.909
166.265
163.639
167.196
135.667
133.378
161.394
133.36
126.662
155.039
167.997
159.719
146.832
147.82
155.666
157.134
167.084
156.9
157.629
163.319
165.453
160.051
150.06
148.71
155.751
173.989
159.668
149.209
159.795
165.112
154.214
157.109
170.823
157.766
155.352
137.855
137.96
133.878
132.066
148.115
149.779
160.077
150.5
152.114
166.778
158.466
157.344
155.642
147.7
157.691
150.319
147.569
160.759
148.821
136.836
152.602
161.212
160.167
152.335
153.48
173.115
165.098
162.061
153.586
147.2
149.076
155.836
157.891
138.793
126.358
141.533
159.008
163.106
160.475
153.929
169.19
158.403
157.369
159.553
154.583
162.022
162.641
170.474
165.467
150.015
151.252
163.921
168.421
154.655
141.733
153.245
171.204
162.774
161.134
147.7
139.315
153.976
168.762
177.399
146.638
122.369
133.182
142.43
148.028
136.687
129.542
146.778
152.952
162.588
153.622
155.159
164.123
160.591
152.427
134.147
134.735
154.107
160.514
164.447
150.071
144.896
153.022
147.721
157.06
148.887
142.959
145.212
153.586
161.629
146.778
133.387
137.005
145.201
153.104
142.328
138.179
154.238
153.069
161.786
158.203
150.784
152.952
159.795
160.643
145.794
147.503
158.579
164.217
168.805
166.987
156.544
158.428
160.424
165.837
174.004
148.137
150.41
165.837
165.003
162.43
