1.35582e-311
inf
2.53779
5.84946
5.73166
6.56045
8.17735
8.41
8.3938
8.58417
8.51988
8.17608
7.92139
7.99946
8.15877
7.72774
7.63767
7.83834
7.52264
7.61217
7.95539
7.81406
7.84591
7.80171
7.58366
7.77158
7.78837
7.4655
7.35938
7.50387
7.71254
7.53492
7.28319
7.46452
7.51815
7.43381
7.3941
7.50416
7.42156
7.45554
7.66936
7.57128
7.68784
7.48912
7.25458
7.30039
7.47032
7.76066
7.81393
7.81739
7.91005
7.81455
7.79773
7.90529
7.79891
7.80491
7.82157
7.66474
7.73159
7.14413
6.56996
7.10555
7.72526
7.87163
7.99495
7.96895
8.07044
7.99258
7.92424
8.09782
7.89949
7.89123
8.04916
7.92607
7.96435
8.0282
8.0481
8.02172
8.03
8.21615
8.22183
8.1635
7.9846
7.89419
8.09206
8.07168
8.10954
8.15351
8.05958
8.14913
8.13061
8.20422
8.15937
8.07967
8.14684
8.12476
8.19894
8.23482
8.31228
8.15528
8.13041
8.18207
8.18136
8.32886
8.30572
8.23757
8.18059
8.1125
8.18629
8.20711
8.14807
8.21433
8.01115
8.02246
8.15701
8.24182
8.33708
8.13101
8.25188
8.312
8.24684
8.29325
8.20277
8.18904
8.21274
8.36051
8.3439
8.26856
8.38378
8.32189
8.36789
8.34394
8.24511
8.23218
8.25719
8.3485
8.24154
8.36229
8.37679
8.29304
8.25607
8.21703
8.22724
8.07741
8.17852
8.17334
8.21696
8.38118
8.29383
8.38118
8.28199
8.25951
8.37391
8.36299
8.40463
8.38413
8.49668
8.44316
8.38852
8.35338
8.24331
8.33104
8.24076
8.23432
8.39264
8.25904
7.93349
7.70045
7.96061
8.01812
8.11204
8.31031
8.07953
8.02958
8.02201
8.02842
7.75314
7.8801
8.28418
8.24212
8.01378
7.77119
7.72246
7.7805
7.9349
8.22757
8.37707
8.31324
8.29009
8.15538
8.2802
8.25253
8.14551
8.10051
7.84708
8.00557
8.18136
8.10813
8.251
8.38807
8.38567
8.26614
8.2373
8.23387
8.18458
8.37286
8.39592
8.35921
8.12361
7.99303
8.21443
8.00285
7.99974
8.10468
8.08385
8.3359
8.22673
7.62547
7.15167
7.14245
7.68678
7.80991
7.6531
8.11468
8.34972
8.1153
8.06201
8.19763
8.00676
7.9191
8.15741
8.24372
8.25501
8.22494
8.20617
8.28967
8.22548
8.07298
7.95254
8.15318
8.39867
8.31542
8.42961
8.31961
8.07011
7.92899
7.72938
7.90074
7.72559
7.1054
7.53335
8.26521
8.18398
8.22906
8.29404
8.26579
8.03655
8.13236
8.3894
8.28288
8.194
8.07334
7.81183
7.6678
7.62704
8.1276
8.56373
8.41981
8.31
8.32383
8.44381
8.50416
8.31912
8.00756
8.2728
8.37763
8.34091
8.38121
8.32421
8.41783
8.04114
8.02027
8.32251
8.43405
8.45051
8.19481
8.30872
8.30741
8.25812
8.47088
8.35949
8.3407
8.20388
8.12239
8.19965
8.32536
8.36281
8.23669
8.40114
8.3646
8.45226
8.56168
8.28425
8.32529
8.46102
8.38058
8.30382
8.41195
8.43377
8.28967
8.41868
8.41383
8.44099
8.38697
8.38072
8.38241
8.33156
8.37261
8.33247
8.3507
8.25931
8.29232
8.3398
8.37528
8.47397
8.39264
8.40848
8.26279
8.33674
8.48
8.34049
8.32948
8.26733
8.39525
8.26798
8.24838
8.35844
8.20499
8.33344
8.33771
8.33875
8.39638
8.34833
8.18545
8.16667
8.34366
8.34067
8.36936
8.31573
8.30668
8.34982
8.17494
8.25703
8.39018
8.24725
8.40213
8.45573
8.49553
8.36995
8.34777
8.44349
8.43298
8.40258
8.25382
8.4452
8.43053
8.33254
8.40191
8.42655
8.34523
8.15551
8.24899
8.37104
8.40647
8.3033
8.29696
8.32536
8.36677
8.53028
8.40124
8.37472
8.33132
8.38005
8.43064
8.29315
8.40774
8.5298
8.41715
8.37433
8.48716
8.43836
8.32116
8.46765
8.54266
8.43971
8.11847
8.07389
8.167
8.05769
8.30637
8.39067
8.32681
8.33545
8.25945
8.45605
8.53935
8.44042
8.27232
8.31304
8.39906
8.20055
8.36113
8.48086
8.02446
7.98952
8.42936
8.46916
8.34021
8.371
8.26733
8.30516
8.48389
8.39049
8.50876
8.4191
8.38571
8.42527
8.3265
8.49051
8.24049
8.30541
8.37458
8.10823
8.14959
8.01022
8.24229
8.31781
8.19252
8.312
8.2529
8.12694
7.59206
7.74063
8.40248
8.10757
8.06179
8.29717
8.33229
8.43195
8.26614
8.15674
8.11995
8.17755
8.23957
8.17214
8.37016
8.42712
8.38662
8.40665
8.22862
8.23991
8.28497
8.34362
8.32795
8.34174
8.31864
8.26306
8.42602
8.43935
8.56564
8.42851
8.4483
8.52984
8.49437
8.32296
8.13547
8.286
8.34585
8.47522
8.39772
8.35227
8.44149
8.43057
8.49015
8.24579
8.22592
8.28645
8.2019
8.24229
8.23201
8.13339
7.62832
7.90914
8.42694
8.34951
8.22223
8.00679
8.12219
8.2373
8.26037
8.18234
8.25219
8.21527
8.21561
8.52264
8.47443
8.24385
8.15145
8.30544
8.35837
8.18974
8.29143
8.381
8.4385
8.43483
8.1985
8.30106
8.43871
8.47425
8.36404
8.43419
8.45562
8.24467
8.44876
8.43469
8.4093
8.31902
8.26867
8.28669
8.15092
8.31815
8.23377
7.79952
7.40894
7.61035
8.18826
8.33785
8.19605
8.04531
7.9907
8.04952
8.05432
7.57719
7.55495
8.10179
8.38378
8.24875
8.35879
8.32844
8.06169
8.31916
8.43074
8.44791
8.43369
8.37928
8.33973
8.31763
8.37332
8.31003
8.27
8.18696
8.0843
8.24178
8.06718
7.89459
8.05714
7.88625
7.84618
7.86689
7.78392
7.70105
7.40609
7.37539
7.90776
8.33604
8.37286
8.3537
8.44217
7.97254
7.75413
8.15924
8.28586
8.49582
8.43195
8.36418
8.44402
8.54613
8.64088
8.50214
8.48173
8.26327
8.35237
8.52471
8.36974
8.41255
8.2574
8.34275
8.28085
8.24807
8.4568
8.28858
8.37553
8.36575
8.35268
8.40569
8.30037
8.20749
8.15834
8.38079
8.39222
8.38683
8.42677
8.36026
8.51959
8.26808
8.1705
8.38353
8.44466
8.50387
8.34927
8.42421
8.51339
8.54442
8.4122
8.40665
8.44648
8.42307
8.48576
8.34241
8.36043
8.20442
8.15458
8.23615
8.15099
8.19474
8.12051
8.09835
8.18726
8.25219
8.46855
8.44787
8.37805
8.25386
8.34077
8.54851
8.19592
8.1213
8.18498
8.34543
8.53202
8.44734
8.38916
8.38581
8.33778
8.19591
8.25048
8.26003
8.37777
8.43861
7.9735
8.09943
8.39254
8.3326
8.45519
8.48839
8.40672
8.21686
8.27794
8.35649
8.36037
8.4417
8.39373
8.34575
8.31642
8.3121
8.34592
8.46059
8.39109
8.19155
8.28027
8.33375
8.38796
8.42077
8.32709
8.32622
8.38937
8.36246
8.14104
8.18321
8.29666
8.08705
8.06104
8.20008
8.41142
8.46034
8.29562
8.23571
8.21554
8.15964
7.71962
7.40999
7.22262
7.13738
7.317
7.59691
7.86767
8.1595
7.65465
7.34365
7.9304
7.76223
7.38574
7.66477
7.77067
7.85577
8.11767
7.67922
7.83616
7.90148
7.56458
7.76349
7.74743
7.53724
7.31612
7.48943
7.77496
7.78216
7.6728
7.63018
7.84803
7.96242
8.20678
8.30782
8.29122
8.32002
8.33351
8.02365
7.86952
8.15086
7.7868
7.13592
6.38721
6.60142
7.99067
8.64495
8.44948
8.6719
8.91027
8.73565
8.68172
8.81228
8.88948
8.87721
8.98372
8.97618
9.02996
9.00216
9.00739
8.91389
8.87638
8.87697
8.84964
8.90143
8.90781
8.88407
8.75473
8.89937
9.0675
8.98868
8.8581
8.91095
8.93999
8.97561
8.91591
8.90076
8.91234
9.02112
9.00386
8.88206
8.78441
8.77343
8.87075
8.84162
8.89668
8.84236
8.93316
8.90393
8.91222
8.95375
8.96266
8.93943
8.66562
8.29064
8.06273
8.28754
8.28851
8.34129
8.33521
8.35946
8.64304
8.61835
8.75845
8.8331
8.92961
8.85798
8.8693
8.97175
8.97183
8.95929
8.8864
8.95063
8.91162
8.97614
8.93348
8.94979
8.86497
8.89102
8.95628
8.74302
8.76271
8.90666
8.80708
8.08398
7.8898
7.7318
7.74716
8.33205
7.82543
7.4852
7.01735
5.50391
4.70181
5.21012
6.48069
7.01865
6.69786
6.88411
7.73994
8.09563
8.13415
8.26132
8.06409
7.75482
7.35159
6.51029
7.12154
8.14535
7.54145
7.25453
7.09766
7.02911
7.03965
6.91085
7.1843
8.05847
7.74911
7.16304
6.89334
6.48856
5.58625
5.16629
6.30599
7.42426
6.77709
5.67613
4.94116
4.68411
4.98524
6.0063
7.11787
7.67195
8.12295
8.25219
8.099
8.03639
7.92475
8.1474
8.04366
8.04453
7.93947
7.79041
7.53344
7.46834
7.88756
8.08185
7.98763
8.04395
8.12513
7.85592
7.9012
7.96743
7.95333
7.78449
7.74467
8.132
8.04955
7.12868
6.7725
7.03297
7.05447
7.13778
7.18123
7.1448
7.23032
7.62073
8.03726
8.01176
7.91835
7.94537
7.72046
7.59111
7.55695
7.684
8.05185
8.032
8.02948
8.16753
7.91314
7.97318
8.19884
8.05202
8.15258
8.13246
8.21787
8.25341
7.93736
7.1079
7.16002
7.66748
7.44067
7.77481
8.19011
7.90404
7.73048
8.04101
8.02794
8.1285
8.2715
8.03729
8.06325
7.97302
7.86578
7.01629
6.28947
6.80608
7.67804
7.7733
7.61102
7.83478
7.96086
8.02269
8.01504
7.98177
8.04988
8.0339
8.14545
7.76117
7.47622
7.88538
8.11484
8.09451
8.01651
7.92324
8.13455
8.06455
7.93166
8.13491
8.14488
8.08787
8.10218
7.96638
7.96714
7.51402
7.63397
8.17247
8.12968
8.2198
7.96461
8.10192
8.32997
8.29831
8.29969
7.93087
7.99968
8.03532
7.89213
8.04159
7.50607
7.43959
7.81461
7.73034
7.98709
8.24178
8.1943
8.08976
7.92161
8.17692
8.38497
8.23296
8.22954
8.21514
8.20839
8.12071
7.79475
7.59809
6.97812
7.05719
8.01253
8.04405
8.09461
8.38441
8.36551
8.20375
8.14438
8.28813
8.24647
8.17384
8.18803
7.69435
7.81732
8.2961
8.26388
8.08924
7.54748
7.71078
7.98069
7.98161
8.09428
7.90064
7.98566
8.0663
7.99105
7.87101
7.26596
7.52916
8.12876
8.06917
8.03413
7.50779
7.4917
7.91813
8.04272
7.62899
6.97761
6.41262
6.53674
6.80768
6.29993
5.80237
6.32693
7.15984
6.74552
6.64573
6.30919
5.50703
5.7048
6.85002
7.83401
7.96752
7.82271
7.98282
7.93094
8.03065
7.71123
7.53307
7.53608
7.55301
7.96984
8.06257
7.47912
7.60078
7.26876
6.23202
6.98114
7.98965
7.7834
8.05539
7.81467
7.44812
7.4601
7.59016
7.48133
7.26808
7.0169
7.51323
8.54803
8.42748
8.36393
8.47961
8.2871
8.07905
8.02201
8.18167
8.36761
8.56527
8.62947
8.49033
8.3723
8.0916
7.90642
8.03946
8.45359
8.51133
8.1687
8.13918
8.08852
8.20422
8.63219
8.54767
8.53137
8.46737
8.30596
8.23123
8.17591
8.17357
7.85111
7.9673
7.97493
7.72493
7.75991
7.79718
8.00708
8.27157
8.40177
8.51202
8.01523
8.0143
8.40276
8.44463
8.63972
8.48651
7.89257
7.92607
8.46403
8.43526
8.4721
8.42996
7.95703
7.93135
8.31362
8.43362
8.53195
8.12681
7.83211
8.02497
8.25249
8.09317
7.97591
8.44534
8.6272
8.55205
8.55249
8.50738
8.52573
8.47253
8.6386
8.62385
8.59036
8.33976
8.28494
8.65183
8.47788
8.43882
8.01835
7.87346
7.92324
7.3798
7.50323
8.03306
8.33514
8.49928
8.26802
7.81369
7.78659
8.18686
8.21953
7.51515
7.48153
7.20487
7.07604
7.87693
7.62573
7.76916
8.21737
7.54939
7.60662
7.80113
7.68335
7.86201
7.80348
7.95596
8.17494
7.80652
7.35762
7.69053
8.35694
8.14054
7.57493
7.66748
8.06003
7.91954
7.95036
8.10642
7.8183
7.73045
7.8879
8.21578
8.33125
7.75515
7.85879
8.30548
8.46317
8.43177
8.37738
8.38712
8.36295
8.52464
8.4353
8.5563
8.46059
8.41082
8.43743
8.2224
8.40887
7.78174
7.78231
8.41758
8.34213
8.14521
7.9222
8.31518
8.53552
8.46418
8.24375
8.04638
8.08672
8.21163
8.46643
8.41407
8.50337
8.169
7.80396
8.34282
8.64252
8.3944
8.13061
8.02665
7.66645
7.30161
7.60711
8.17371
8.08296
7.91625
8.10507
8.4877
8.03094
7.90042
8.46894
8.36225
8.45813
8.39542
8.25191
7.79493
7.69524
8.2148
8.25999
8.44509
8.53647
8.5123
8.33535
8.10695
7.75014
7.83202
8.34839
8.00894
7.86791
8.2335
8.12889
8.0213
8.26194
8.4611
8.62668
8.3751
8.34899
8.19266
7.99408
8.2272
8.18438
8.13921
8.38209
8.64532
8.45305
8.18103
8.00865
7.7246
7.74782
7.79165
7.89609
7.94029
7.93006
7.6207
6.74841
6.30686
6.20392
6.83768
7.45534
7.11104
7.38632
7.81018
6.82098
5.95843
6.12451
6.28482
6.41322
7.33189
7.64024
7.68031
8.21963
7.62111
7.42302
7.35402
6.55314
6.90457
7.97229
7.78059
7.85969
7.87095
7.34797
7.40387
7.80585
7.9326
7.94496
7.996
8.05403
7.96844
7.78458
7.91606
7.54168
7.2349
7.19735
6.84716
7.35494
8.03513
7.88413
7.69231
7.49221
7.5408
7.19474
6.85267
6.96738
7.39727
7.35524
6.9491
7.09769
7.44219
8.14554
8.27328
6.93849
7.01607
7.97585
7.83939
7.70835
7.69181
7.46876
7.65331
8.14097
8.19008
8.03216
8.1481
8.1591
7.86402
7.03173
6.60306
6.37012
6.89014
8.20547
8.12001
8.09687
8.17869
8.33921
8.28113
7.64634
7.32636
7.62966
7.96559
7.70143
7.52904
8.11234
8.22095
8.169
8.08303
7.64295
7.84769
8.08541
7.76817
7.70004
8.07262
8.42701
8.34108
8.14448
8.29641
8.32747
8.27458
8.14296
8.15568
7.99086
7.95036
8.30403
7.77572
7.39629
7.6138
7.75804
8.04492
8.14843
7.73407
7.64138
6.96954
7.29073
8.3618
7.99421
7.81473
7.92446
8.28106
8.2225
8.11152
8.36988
8.3861
7.7625
7.44921
7.55604
7.82463
8.19565
8.32203
8.29972
8.17855
8.30227
8.38104
8.42435
8.06367
5.87125
5.8651
7.77811
7.93349
7.78816
7.6445
7.70348
7.72335
7.30877
7.39011
7.70235
7.58587
8.07843
8.17862
7.49715
7.69456
8.14843
8.24701
8.3743
8.11734
8.23944
8.4867
8.45852
8.26095
8.26057
8.29119
7.87979
8.07203
8.29604
8.2939
8.52311
8.5803
8.54332
8.38975
8.4157
8.33142
8.38697
8.48133
8.48958
8.50485
8.14438
8.26702
8.44299
8.4679
8.44948
8.39638
8.56531
8.43739
8.38335
8.3195
8.37696
8.29734
8.21757
8.41506
8.34373
8.39821
8.35017
8.29938
8.43932
8.36768
8.35865
8.23476
8.18528
8.22676
8.27417
8.42212
8.27554
8.38863
8.46392
8.42123
8.44873
8.4635
8.51118
8.27664
8.27376
8.22548
8.24538
8.34307
8.27342
8.44163
8.4693
8.37949
8.30696
8.395
8.28332
8.25645
8.36148
8.32463
8.12516
7.79533
7.8865
8.0456
7.71063
7.78983
8.00916
7.83877
8.1704
8.2173
7.92861
7.97645
8.22007
8.33813
8.27671
8.35607
8.22243
8.32383
8.2245
7.94767
7.61409
6.90729
7.26544
7.98288
7.92089
7.96607
7.85265
7.98091
8.359
8.29776
8.24586
8.33104
8.52969
8.53483
8.33434
8.40318
8.2409
8.0048
7.66149
7.86006
8.28514
8.11781
8.28559
8.47059
8.37658
8.25921
8.29641
8.33215
8.32092
8.35303
7.98056
7.68394
7.82335
7.73889
8.05292
8.46038
8.32213
8.39468
8.37784
8.35726
8.39292
8.2961
8.38226
8.51125
8.56637
8.40484
8.2528
8.31878
8.37283
8.44937
8.30561
8.39099
7.95941
7.76539
7.83874
7.5722
7.86773
7.92849
8.03904
8.17341
8.11412
8.41985
8.4411
8.29469
8.17528
7.90342
8.15767
8.03048
7.87923
7.75795
7.71037
8.02208
7.92632
8.14578
8.24491
7.98831
8.07882
8.27335
8.41078
8.43014
8.19911
8.28017
8.20587
7.62974
7.62207
8.13104
8.34676
7.61641
6.78214
6.93715
7.72448
8.2916
8.3653
8.29466
8.40149
8.54139
8.48248
8.24572
8.03277
7.9103
7.94701
8.31826
8.38638
8.27476
8.37083
8.40199
8.35265
8.2123
8.2616
8.33809
8.22338
8.2688
8.24185
8.44837
8.52504
8.24372
8.09497
8.04767
8.23055
8.15867
8.19924
8.22287
8.05789
8.31058
8.30358
8.11458
8.13504
8.26952
8.05448
7.20256
6.97114
7.52061
7.90436
8.15039
8.189
8.21919
8.27397
8.25038
8.37321
8.3597
8.34261
8.34286
8.53774
8.37034
8.17274
8.30993
8.19531
7.73521
7.74719
8.26129
8.30175
8.22064
8.43234
8.25137
8.16717
8.30875
8.30017
8.32549
8.26316
8.34516
8.33208
8.29294
8.20449
8.1669
7.92861
7.6845
7.93371
7.94455
8.02646
8.3702
8.33705
8.34693
8.4028
8.32636
8.30496
8.24263
8.19749
8.215
8.31172
8.17468
8.02504
8.11494
8.19891
8.26238
8.12189
8.30258
8.36183
8.05098
8.03729
7.93657
8.14153
8.32168
8.22605
8.39317
8.33375
8.33396
8.29834
7.67887
7.52987
7.99274
8.23618
7.48097
7.32378
8.10422
8.2292
8.35028
8.095
7.4368
7.79894
8.25403
8.23951
8.23086
8.12252
8.23659
7.70746
7.55144
7.66052
7.64561
8.04353
8.04706
7.95969
8.1279
8.07637
8.12625
8.08967
8.14442
8.36866
8.12503
8.16757
8.34244
8.36117
8.41896
8.36915
8.37065
8.16423
8.3042
8.485
8.34435
8.46661
8.41645
8.41875
8.484
8.48094
8.46099
8.50051
8.35673
7.82362
8.01671
8.44527
8.33684
8.27801
8.33882
8.38364
8.34613
8.40396
8.30955
8.43764
8.48994
8.27424
8.30934
8.36051
8.42158
8.48356
8.58675
8.45037
8.3422
8.45966
8.49589
8.54237
8.44409
8.45838
8.42013
8.21227
8.3582
8.5541
8.52529
8.41659
8.35907
8.3041
8.11896
8.10117
8.09559
8.19894
8.1649
7.49527
7.57484
8.13974
8.37949
8.46317
8.42978
8.4674
8.40686
8.5742
8.60485
8.34606
8.20227
8.15687
8.21055
8.26908
8.46056
8.57626
8.50286
8.44605
8.37528
8.41705
7.96708
7.6189
7.38563
7.66066
8.43231
8.35729
8.37416
8.39053
8.09933
8.1807
8.2223
8.26552
8.32103
8.19132
8.22044
8.29827
8.49347
8.49693
8.46984
8.46489
8.41875
8.59454
8.44741
8.34341
7.94635
7.95251
8.38061
8.23906
8.40216
8.52737
8.54234
8.35998
8.148
8.02765
8.03952
8.28882
8.11445
8.02008
8.25696
8.4744
8.46034
8.32549
8.3956
8.42698
8.5388
8.59055
8.42961
8.32241
8.14833
8.02053
7.82865
7.77901
7.93087
7.76759
7.94568
8.21899
8.18528
8.32619
8.29655
8.38518
8.14216
7.92965
8.16577
8.31145
8.43921
8.35586
8.25525
8.36792
8.37977
8.45141
8.47691
8.38824
8.29893
8.2949
8.44919
8.32047
8.38005
8.31985
8.20351
8.38697
8.37686
8.44752
8.23482
8.22402
8.42219
8.0971
8.14153
8.33236
8.20725
8.13008
8.18414
8.16487
8.0469
8.27938
8.12146
7.88255
8.2587
8.32667
8.32071
8.43199
8.44078
8.31272
8.35638
8.50467
8.1933
8.17491
8.18746
7.86615
8.04466
8.40827
8.55044
8.27547
8.11926
8.27325
8.41287
8.4583
8.25829
8.34122
8.37496
8.43768
8.42634
8.418
8.4868
8.34874
8.38578
8.25747
8.24212
8.28085
8.28439
8.26593
8.22186
8.297
7.69417
7.22322
7.814
8.42531
8.38785
8.39109
8.44185
8.21642
8.14515
8.42638
8.41708
8.43875
8.41776
8.37946
8.27441
8.35928
