8.53163e-312
inf
9.95282
161.368
169.981
177.179
168.677
170.678
171.292
174.734
171.939
170.082
175.254
159.591
161.407
169.563
172.34
180.897
165.577
164.244
136.221
128.444
134.744
137.325
139.383
137.372
163.252
172.607
142.43
136.715
153.551
152.265
129.358
118.589
129.041
151
162.153
151.355
159.872
170.503
178.54
169.133
160.63
165.92
172.458
159.668
152.765
164.813
157.654
159.744
159.987
159.185
124.587
99.8951
118.015
145.117
160.966
166.875
157.94
166.085
175.116
174.246
177.841
141.193
84.8932
76.8846
115.814
140.007
118.708
122.474
138.495
146.724
25.193
25.5545
174.978
180.245
172.043
169.607
188.84
186.986
187.529
185.065
152.045
160.256
191.883
184.315
185.512
179.791
185.856
186.741
166.959
176.663
192.437
190.876
196.232
191.461
171.674
161.082
182.149
203.025
192.976
191.296
185.099
185.701
207.835
177.447
169.981
175.948
162.655
179.356
174.978
171.262
189.34
180.213
175.131
172.34
171.733
181.719
185.856
187.301
169.693
165.139
184.775
188.023
193.106
172.161
128
127.673
151.941
159.033
166.708
172.951
168.748
178.875
183.436
186.341
192.883
164.352
172.577
201.816
185.34
184.23
192.215
175.439
180.636
193.611
189.412
191.773
190.06
192.771
191.828
197.18
202.204
195.752
201.552
207.039
175.963
177.746
204.834
184.451
190.858
200.3
191.461
203.376
205.255
202.45
207.814
187.758
181.045
189.143
185.701
201.207
217.96
174.551
169.837
160.282
158.705
160.038
150.083
186.393
182.632
170.692
177.667
187.547
206.847
196.87
181.884
183.117
181.967
193.648
196.155
187.231
199.402
169.952
168.464
205.486
198.689
195.274
208.16
193.836
189.538
196.232
198.866
205.381
195.16
199.382
191.314
182.332
195.217
202.86
194.288
199.164
199.342
176.18
182.765
194.081
194.25
177.936
167.001
194.42
208.768
183.79
173.37
177.999
191.718
193.255
179.131
193.461
200.421
194.231
206.377
203.853
167.785
164.921
178.444
182.615
201.715
195.963
194.875
205.719
195.752
199.422
201.898
202.327
193.162
176.072
176.476
191.388
206.377
201.41
198.926
194.269
202.204
182.548
174.795
200.22
162.668
149.891
171.512
184.86
205.191
192.752
188.573
200.864
182.448
189.609
193.949
180.196
196.947
193.424
189.107
207.168
203.521
183.284
188.147
197.297
196.522
204.813
201.796
201.41
188.786
184.417
192.252
181.521
189.538
196.04
174.749
179.711
177.683
183.739
211.015
177.73
174.902
189.107
170.634
183.57
180.946
168.833
195.313
192.086
174.672
183.554
198.787
212.54
200.743
189.645
195.236
182.482
187.038
210.859
199.74
190.494
203.293
203.376
198.472
202.184
198.196
204.876
195.008
188.094
192.456
194.062
209.93
222.074
196.213
184.23
208.746
204.687
203.521
219.178
175.531
166.639
196.117
167.098
152.497
169.75
175.994
176.382
189.843
207.857
199.581
203.211
215.54
191.296
183.167
194.269
203.231
212.698
213.812
208.182
211.149
209.161
196.232
191.699
191.939
201.471
215.308
199.78
191.479
206.079
208.29
207.297
216.567
199.98
188.324
199.681
177.557
182.1
206.782
200.622
183.469
167.659
183.033
206.313
179.517
170.242
198.768
208.442
185.391
172.265
195.79
216.263
197.648
195.791
201.837
191.406
203.335
220.775
194.25
187.547
208.464
188.164
184.911
190.096
191.883
215.936
197.336
176.569
182.149
194.837
210.77
211.618
181.045
185.822
198.334
197.765
204.394
190.949
197.804
190.894
181.934
169.736
170.576
202.491
214.546
190.078
180.848
205.888
203.957
202.163
217.817
201.918
194.212
198.669
175.824
185.684
222.965
218.293
197.863
183.184
183.705
202.963
211.06
202.306
210.393
205.339
194.156
190.168
179.404
188.822
214.339
202.655
194.439
176.118
179.759
199.084
189.699
194.024
191.975
187.389
193.855
212.562
193.798
184.332
187.371
191.351
203.211
181.127
191.168
226.629
200.26
186.341
209.556
198.157
193.742
214.938
201.268
199.342
214.569
206.782
187.319
193.986
204.771
193.855
201.349
207.082
204.687
195.944
197.922
211.372
194.081
189.376
204.583
189.412
192.623
213.242
206.313
210.084
216.123
171.262
164.894
182.299
185.856
205.128
182.999
187.073
214.018
200.2
197.258
210.881
197.219
199.422
207.318
180.213
189.97
208.812
197.55
201.776
194.194
190.006
207.318
198.59
185.443
199.581
209.578
211.909
207.663
201.816
213.927
219.491
203.791
207.835
223.914
202.634
201.857
219.925
202.984
192.178
206.505
169.996
169.664
192.437
171.204
190.168
204.374
196.657
199.72
192.105
198.295
216.732
189.125
188.005
193.424
189.52
205.023
192.215
189.107
203.915
209.183
207.039
201.877
190.803
194.477
204.457
203.19
211.932
220.289
196.812
189.036
191.15
190.785
208.529
196.021
187.319
208.333
205.486
197.375
203.231
196.618
177.73
183.167
189.448
179.067
176.507
192.345
199.541
185.667
191.553
211.238
210.859
211.595
230.627
206.249
191.92
203.625
194.175
194.42
196.541
183.15
191.92
204.436
201.248
209.798
211.528
201.43
201.532
199.621
209.776
214.892
192.994
189.43
206.249
198.452
193.05
213.242
211.82
200.461
210.172
198.295
170.561
174.902
199.243
213.311
174.581
150.727
156.875
174.642
204.75
197.961
189.952
199.283
181.505
181.242
200.08
202.511
209.974
212.721
208.29
210.283
214.087
194.231
190.803
200.361
202.963
193.817
187.003
205.465
215.703
201.735
194.932
199.183
194.875
201.329
215.239
196.541
191.644
198.393
195.255
205.107
207.318
200.642
189.555
181.11
195.733
196.194
162.8
175.392
211.126
200.823
205.297
189.97
188.75
208.529
192.437
174.795
188.111
205.952
196.986
206.868
205.255
205.212
219.708
210.04
192.437
177.195
190.223
217.344
211.193
210.106
213.288
185.58
192.548
228.519
203.936
191.058
207.232
204.52
200.14
205.656
195.37
200.904
214.523
185.805
186.324
150.943
133.076
161.277
182.399
212.472
201.674
198.59
221.337
203.273
193.442
203.417
195.046
194.269
213.061
211.037
211.797
221.435
207.232
209.271
215.959
202.204
208.834
221.631
208.986
210.194
225.225
195.561
182.648
203.355
209.446
214.73
226.091
215.193
199.9
200.783
202.02
205.91
219.78
212.879
188.697
197.863
186.916
180.554
200.24
203.915
204.353
179.775
190.512
224.568
204.583
193.293
202.327
196.947
200.16
204.04
186.411
197.863
227.583
216.286
192.623
183.537
189.952
209.732
216.263
209.008
219.298
213.538
199.98
205.634
204.415
206.462
217.794
209.688
205.719
214.202
208.529
202.081
213.197
205.276
198.354
192.363
177.101
192.141
193.293
184.298
188.182
160.966
162.075
182.033
175.101
192.79
215.657
206.079
206.612
218.412
189.054
186.254
205.825
203.19
210.593
195.217
192.419
213.379
213.106
208.659
213.721
193.33
191.902
216.614
203.5
193.986
204.771
194.534
192.808
204.29
181.62
187.459
207.749
203.874
185.391
166.736
150.071
149.734
188.094
213.881
190.531
189.645
216.967
207.275
201.979
215.424
205.825
208.442
224.694
204.186
202.675
227.842
217.912
210.904
214.661
197.844
194.081
208.616
189.879
189.52
218.866
215.262
198.157
186.951
175.716
173.989
174.886
173.4
180.946
184.553
183.066
161.238
164.379
136.203
131.544
156.323
157.667
182.732
169.592
167.35
160.154
166.667
162.022
158.353
195.236
192.437
175.809
161.812
170.488
200.401
201.755
193.33
210.062
211.461
188.768
191.058
179.485
152.126
161.983
172.444
162.153
163.066
177.825
180.294
162.721
148.876
158.592
178.635
168.067
177.809
157.085
150.648
185.667
199.581
205.36
175.362
160.836
165.796
174.672
180.766
182.615
191.406
204.645
209.096
186.986
170.999
170.01
182.216
157.766
126.422
141.643
168.976
153.692
154.131
180.603
195.791
186.168
182.582
192.215
177.667
157.741
162.747
160.552
149.824
139.694
130.565
141.203
145.751
146.595
171.939
199.362
169.133
159.388
176.819
177.51
191.81
194.951
203.459
214.293
193.855
193.573
188.359
185.082
199.422
188.768
190.458
202.327
193.63
177.132
182.448
196.773
204.248
207.663
198.985
196.56
192.53
193.536
199.641
196.406
194.005
203.19
199.461
194.628
190.006
167.743
157.233
140.984
143.75
154.214
168.976
192.4
182.532
175.932
166.625
178.094
171.013
168.449
176.087
142.878
149.667
184.843
181.62
181.917
183.79
191.278
194.628
175.979
173.702
169.019
161.734
166.625
174.581
174.688
168.308
167.954
168.748
180.636
183.251
174.642
177.525
156.544
151.069
163.961
173.792
192.105
194.326
195.925
195.103
184.162
189.054
194.062
193.705
203.915
201.572
204.353
212.022
207.254
199.501
199.92
198.551
193.705
179.662
164.677
174.749
176.336
180.391
184.792
179.84
191.259
184.196
181.061
193.424
193.705
192.92
190.512
179.549
194.477
217.889
187.67
173.943
168.52
172.013
192.215
167.94
162.853
185.031
194.439
199.203
195.198
196.812
207.404
203.417
199.621
186.951
175.963
189.179
195.255
189.43
191.278
183.993
139.733
111.794
91.0539
110.687
169.808
165.522
185.787
188.893
179.614
174.596
184.196
192.105
146.606
148.401
134.671
120.941
139.024
144.03
151.16
164.758
194.989
199.382
193.33
167.659
169.233
163.988
146.477
167.504
175.716
163.546
162.417
179.614
194.307
187.547
177.699
174.596
182.548
193.442
194.288
193.367
195.656
186.532
187.459
185.426
176.227
187.231
175.577
171.762
174.657
150.705
167.001
188.359
187.319
153.716
144.488
182.698
191.791
196.175
163.372
159.058
194.799
198.138
198.728
168.648
163.908
154.381
128.675
148.291
173.807
182.266
192.957
187.899
183.57
172.936
179.888
195.389
194.024
190.531
192.197
193.274
192.715
158.655
99.6463
105.574
165.194
162.84
163.626
127.885
131.718
179.921
180.636
182.133
170.445
178.667
178.603
173.868
166.306
172.861
75.8265
57.9878
97.0403
166.182
195.16
195.198
219.178
209.93
207.49
216.24
206.954
198.393
194.458
191.369
188.094
178.843
167.015
161.238
156.764
147.005
140.164
132.188
123.312
152.532
199.92
193.855
205.212
202.552
194.913
207.49
185.891
179.695
184.434
127.049
113.772
151.883
183.301
175.639
171.468
183.655
206.037
220.97
217.25
218.579
226.501
200.321
201.491
232.342
219.877
215.008
227.739
222.668
206.804
209.908
210.704
205.381
215.262
217.344
206.164
189.179
181.373
197.961
195.867
181.752
185.494
182.799
191.957
216.31
183.604
157.431
160.282
142.816
160.385
166.127
144.446
132.97
141.383
178.412
187.758
184.672
181.258
188.501
161.394
165.92
159.198
156.152
184.094
152.033
149.499
158.781
137.732
130.659
143.781
151.183
155.461
171.336
179.437
177.305
170.039
184.111
164.393
162.549
201.005
183.167
163.372
157.853
168.563
171.497
175.762
166.681
158.781
196.098
214.133
181.192
183.908
175.886
175.778
193.667
173.16
143.978
139.987
151.378
152.73
144.311
144.686
162.351
160.979
152.567
169.005
145.879
148.445
179.727
179.051
209.974
200.602
195.771
210.526
202.143
191.223
208.725
195.503
186.602
191.571
194.704
206.761
188.288
190.44
215.726
204.771
207.469
228.258
183.554
182.183
226.86
220.531
220.677
229.121
219.058
214.915
220.799
213.995
207.49
211.528
208.052
216.896
197.785
183.52
207.727
198.946
187.635
208.333
211.506
193.218
203.355
225.073
187.283
185.546
223.439
201.633
182.448
174.429
174.611
189.897
203.666
203.046
193.405
197.083
219.708
240.183
222.643
199.481
205.318
181.802
184.179
218.245
201.694
199.243
211.685
207.814
195.523
193.874
195.523
205.592
205.825
204.29
187.266
163.626
172.429
165.399
159.337
179.501
160.09
120.496
131.199
178.651
173.626
168.152
167.673
173.235
187.283
186.376
190.024
187.056
183.807
198.138
203.273
198.886
191.351
163.425
167.49
203.562
202
200
213.242
214.661
202.163
202.675
197.355
195.906
214.454
221.902
223.164
191.424
178.779
208.659
215.703
207.555
194.723
160.552
159.02
165.057
165.975
185.96
190.313
186.376
191.351
187.178
183.672
175.855
167.799
171.101
185.237
211.775
215.355
206.825
210.106
220.58
206.612
206.313
216.357
204.687
209.556
223.539
218.245
205.191
216.661
205.931
195.982
210.571
201.654
180.766
182.133
208.812
221.558
201.918
189.286
197.161
195.503
205.804
208.529
187.319
204.52
237.051
186.185
160.256
176.788
198.354
204.415
192.604
200.381
214.846
191.883
184.383
212.789
207.039
198.472
215.983
193.78
194.062
225.175
209.908
206.612
227.041
216.076
196.831
205.529
205.592
202.184
213.538
213.995
217.984
202.163
188.129
211.439
226.193
213.333
217.202
226.014
212.608
216.99
222.469
190.223
194.818
208.594
192.883
194.723
189.251
197.394
213.812
194.628
199.88
222.742
177.415
174.429
223.589
221.166
209.996
217.462
196.599
189.789
206.548
198.157
186.012
201.45
219.515
191.479
199.283
215.564
215.378
214.592
194.761
200.562
198.02
196.599
207.835
200.18
205.339
224.467
228.676
205.212
209.71
198.551
181.373
195.255
176.866
173.07
209.622
209.052
184.043
183.621
196.85
201.694
181.917
186.585
214.846
211.484
205.634
214.087
183.84
185.254
220.751
214.133
212.925
221.729
215.378
201.816
203.874
200.682
211.887
217.179
202.429
216.614
197.161
179.163
206.356
220.07
209.82
209.556
201.674
189.735
200.844
224.291
209.096
207.404
233.672
221.558
164.948
156.801
197.161
217.581
208.746
208.877
205.128
180.31
194.761
227.221
219.226
218.245
227.092
194.723
185.822
204.29
201.329
212.224
221.926
212.089
199.78
214.133
213.789
197.648
207.061
212.359
220.531
186.654
168.805
200.924
224.643
215.355
212.834
231.134
216.99
213.995
234.522
225.53
223.164
231.616
211.439
163.106
157.295
192.363
200
193.761
210.593
206.612
184.451
202.532
214.431
199.064
189.018
146.477
152.022
210.504
202.614
170.14
179.743
168.336
170.387
195.408
185.96
200.702
197.258
191.791
192.957
179.969
188.43
188.253
175.778
197.064
181.62
178.142
206.249
188.555
183.621
203.397
196.464
196.04
201.248
187.301
204.186
194.59
194.609
209.578
176.632
177.289
184.043
191.241
217.675
203.915
201.086
224.921
213.174
201.45
213.927
218.126
197.726
203.066
209.534
208.42
220.459
211.73
208.899
198.649
185.168
201.066
224.921
214.523
206.676
220.434
195.771
191.004
214.569
205.91
212.993
228.912
225.836
204.332
201.45
205.002
212.022
231.992
221.484
180.832
173.989
171.057
171.6
184.027
184.094
205.867
194.628
194.345
225.734
211.216
176.523
187.705
192.957
185.374
197.648
203.521
214.661
224.568
228.389
200.24
172.503
190.876
238.294
222.643
205.402
220.702
233.454
207.965
210.349
227.764
211.864
215.866
230.947
223.189
207.792
213.607
208.225
206.548
219.154
204.645
212.179
221.976
204.604
193.48
179.083
187.143
219.756
171.16
153.28
188.076
192.141
199.302
222.148
202.368
198.926
233.046
213.904
206.42
222.173
216.45
219.901
203.149
196.155
221.459
237.501
216.591
197.453
208.812
195.714
199.72
228.18
184.672
176.975
197.316
184.74
196.098
210.904
208.333
212.179
208.834
215.054
214.661
196.483
203.046
198.629
186.081
196.175
191.589
176.305
191.975
177.305
164.312
203.562
200.783
185.529
202.593
206.249
206.932
226.142
219.66
209.402
201.126
190.277
209.952
235.682
205.508
183.773
206.122
207.189
188.218
190.132
200.904
215.82
203.521
200.723
207.426
212.811
220.386
204.228
192.938
200.381
189.988
184.758
210.926
229.174
224.24
210.416
192.79
183.217
202.429
222.593
188.395
190.458
229.7
219.611
197.453
204.248
207.512
205.888
219.058
215.726
208.725
196.04
189.304
211.238
238.806
218.627
201.837
212.789
197.355
200.04
213.744
204.939
213.767
227.402
222.124
206.143
216.24
211.573
210.837
222
179.003
155.63
162.562
196.618
236.49
218.341
196.831
204.562
191.479
166.21
158.806
168.776
181.736
182.116
183.604
197.472
196.812
199.164
230.84
195.465
187.248
189.484
192.4
221.533
209.556
185.805
178.285
163.921
170.097
191.773
204.687
224.997
210.482
214.202
205.888
194.024
209.996
218.866
221.214
217.794
225.352
231.374
209.886
215.75
238.351
206.569
190.731
213.767
187.056
186.341
231.214
224.543
205.952
207.577
176.336
167.743
184.468
194.231
218.747
217.486
217.96
209.096
192.734
208.681
218.126
197.687
199.362
216.427
200.582
206.462
228.467
208.377
208.986
197.375
175.5
160.591
152.138
167.084
177.431
166.223
158.403
165.399
182.116
204.269
219.563
224.09
236.939
205.529
197.746
224.115
224.947
229.043
234.632
222.816
208.921
213.333
195.255
196.889
225.938
192.234
187.988
203.293
179.099
193.48
219.298
201.776
210.548
236.155
185.271
178.731
210.682
201.552
208.03
203.604
208.182
218.317
208.052
209.776
225.963
225.989
202.429
186.376
183.033
202.737
229.095
208.42
194.894
205.381
193.798
201.43
212.134
197.219
211.977
226.296
207.469
196.696
202.655
188.076
198.334
205.782
