1.26976e-311
inf
9.79653
254.582
335.909
510.725
521.921
504.796
502.386
515.066
465.333
458.926
487.805
492.247
504.414
480.885
475.398
472.032
418.06
395.101
429.738
455.166
489.476
414.508
390.32
462.214
480.654
499.376
494.438
494.438
442.87
437.828
488.52
490.798
456.204
475.398
508.906
487.805
528.541
550.055
465.766
395.726
416.927
428.174
437.828
485.555
504.668
524.109
516.262
430.942
389.484
457.875
530.926
525.348
500.877
441.891
381.534
421.053
521.648
556.328
579.542
446.229
413.138
425.441
417.798
471.143
473.037
443.754
444.444
292.141
280.623
405.351
411.777
441.599
390.93
398.01
486.263
500.501
501.002
476.644
483.208
521.241
543.183
578.704
598.982
568.666
500.877
494.193
520.021
454.029
467.399
532.198
407.747
387.747
374.392
378.573
488.52
507.228
503.778
444.741
392.542
319.795
300.661
388.576
460.193
469.484
432.9
374.602
375.023
419.992
426.439
426.257
203.397
205.297
443.164
459.453
297.177
287.191
473.597
484.848
485.673
497.018
448.732
459.982
526.177
525.762
515.198
505.817
503.398
445.931
446.329
506.714
531.915
557.414
512.558
406.009
347.041
417.362
435.92
412.456
497.76
449.035
372.856
391.466
478.011
537.346
550.964
528.681
500.751
380.156
352.423
449.741
506.842
499.625
505.561
417.275
403.226
487.092
508.647
531.915
356.824
236.211
247.801
367.242
499.376
369.549
322.165
413.394
490.076
528.402
540.687
528.961
441.306
296.384
308.024
412.116
430.942
157.233
155.219
312.5
289.268
409.836
210.993
198.768
285.144
223.439
299.895
478.469
386.548
379.939
471.365
397.852
388.425
441.696
378.215
395.961
446.927
348.129
22.7373
23.103
517.063
273.935
199.402
290.74
468.165
467.072
475.172
498.008
490.918
491.763
492.126
295.596
301.75
544.662
561.798
577.034
576.037
581.226
338.868
294.638
472.144
609.57
623.053
644.953
654.664
540.833
499.625
576.535
639.386
666.001
663.35
662.032
671.366
641.026
528.123
499.625
569.638
545.703
554.324
621.504
627.549
640
538.793
507.872
578.536
629.525
671.592
683.761
648.719
620.54
644.33
549.904
522.739
633.714
685.871
673.627
643.087
631.712
637.959
616.523
575.871
596.659
657.246
684.228
680.967
677.048
687.049
694.686
692.281
610.501
547.795
587.544
659.413
688.942
676.361
675.904
698.324
699.301
392.85
370.508
607.903
580.72
513.215
550.509
641.643
664.231
538.213
516.129
579.374
308.071
285.063
365.965
382.044
512.558
576.203
637.552
624.61
581.058
565.451
465.008
460.829
551.268
581.564
615.764
618.62
616.903
623.83
483.325
465.116
594.001
630.12
616.333
563.38
567.376
626.763
541.859
501.882
583.26
607.718
607.718
605.694
612.933
625.391
562.746
496.648
519.886
600.962
639.591
623.83
622.471
641.643
576.868
402.334
411.438
589.797
619.003
609.385
596.125
559.128
516.129
551.724
646.204
690.131
688.942
690.846
691.324
683.527
681.896
580.552
224.014
229.331
568.828
550.509
416.667
433.088
462.642
447.527
574.053
593.296
626.566
672.495
608.088
595.061
621.118
625.587
639.795
658.545
651.254
656.814
706.964
591.366
556.638
648.298
678.887
683.06
697.107
704.473
700.035
704.97
631.114
552.944
597.907
685.871
695.41
680.504
673.401
696.379
712.251
678.426
593.296
580.215
628.141
669.792
674.764
661.813
699.301
722.543
727.008
632.111
569.152
598.982
589.449
495.417
447.027
513.743
616.903
528.541
515.464
618.62
510.204
447.127
497.389
549.904
530.363
511.902
604.412
707.464
724.113
738.007
730.193
699.301
645.995
623.83
583.431
598.623
683.995
680.504
639.795
618.047
547.345
568.02
558.971
442.87
479.042
591.017
618.429
657.03
653.168
599.161
615.574
575.871
581.564
687.758
707.214
709.22
709.723
657.03
637.146
615.006
508.906
528.961
664.894
712.504
714.031
703.73
694.927
718.133
715.82
605.877
572.246
629.723
606.061
585.309
656.814
694.927
698.324
688.231
532.481
514.271
578.202
535.906
554.939
659.413
725.953
722.543
699.056
592.944
601.504
703.977
683.995
665.779
714.286
756.716
721.501
681.431
577.868
498.629
568.666
689.893
724.9
747.943
690.608
617.475
651.254
729.661
583.09
532.34
631.712
696.621
702.741
701.262
720.721
708.466
692.761
567.859
545.108
656.168
710.732
695.41
635.122
663.13
720.202
724.638
611.621
561.956
616.903
648.508
660.502
673.854
725.163
735.565
723.851
728.067
626.959
580.046
644.122
698.812
685.166
588.755
484.614
493.705
516.529
557.724
702.247
700.771
609.199
607.903
696.379
730.727
550.812
379.291
417.014
620.155
691.085
727.008
722.543
677.048
699.301
496.401
443.459
611.808
735.835
677.048
625
636.74
648.719
677.736
585.138
537.201
642.261
706.964
698.324
729.661
744.602
777.605
761.905
753.58
568.828
535.619
709.723
765.697
761.615
713.776
701.508
744.324
759.301
747.105
558.347
541.126
686.813
706.964
714.541
717.875
703.73
705.467
690.846
591.017
580.215
638.978
680.967
729.129
748.503
751.315
755.858
741.015
711.238
604.778
592.768
697.35
499.501
431.593
542.888
621.891
704.225
651.466
588.928
611.247
607.533
526.177
519.886
602.41
612.182
570.939
504.668
548.697
622.859
590.667
606.98
564.812
562.272
628.141
499.251
497.76
623.441
594.884
540.541
582.92
665.557
702.741
639.591
572.902
658.328
759.59
770.416
752.729
756.43
788.333
784.621
692.761
451.773
430.015
613.497
660.939
670.466
577.701
563.38
707.214
723.066
578.871
559.284
655.308
688.468
716.589
682.361
680.041
729.661
707.464
594.001
586.51
708.717
682.827
674.309
731.529
728.863
728.067
581.058
372.093
398.406
651.89
723.066
741.565
765.697
732.601
656.814
441.599
415.628
604.961
735.294
715.82
725.689
679.348
513.479
538.068
389.332
348.129
538.793
670.466
733.676
726.744
735.024
749.064
513.611
476.077
663.79
724.375
712.758
719.424
705.467
677.966
703.235
528.402
485.437
542.594
533.191
612.745
706.215
744.879
738.825
687.994
585.48
573.888
662.69
669.792
624.61
607.165
575.871
554.17
546.001
566.893
652.103
660.066
632.911
628.931
644.745
720.202
751.88
766.577
526.039
448.129
595.415
664.673
620.155
682.128
742.115
748.223
783.085
626.174
569.963
669.344
724.638
743.218
755.002
605.144
506.201
568.182
552.181
563.063
635.122
661.594
705.467
715.82
768.935
770.416
770.713
754.148
588.755
546.448
595.593
657.678
699.545
632.911
602.773
652.742
591.017
544.218
640.41
725.426
769.231
762.486
780.945
802.89
806.777
775.795
587.027
516.529
605.144
651.466
657.246
701.016
711.491
720.202
695.652
684.463
607.165
591.716
591.017
562.905
591.541
604.23
689.18
711.997
537.924
467.399
456.725
459.664
559.754
668.673
724.375
767.46
713.267
453.309
379.291
448.531
558.191
670.466
686.106
731.797
629.921
521.921
585.309
660.284
646.412
654.879
687.285
699.301
692.042
664.894
556.174
569.314
657.462
638.774
666.667
744.602
726.216
701.754
664.452
470.478
475.964
668.673
671.592
676.361
746.269
767.46
716.076
647.04
533.191
550.206
699.301
729.927
675.219
604.412
615.953
640.82
661.594
609.756
601.685
677.966
630.915
607.165
640.82
705.965
733.676
714.796
619.003
584.624
686.342
725.689
744.879
777.907
771.903
704.473
674.764
733.676
583.09
548.095
705.219
784.006
752.729
752.162
660.72
564.175
606.061
578.536
522.466
533.049
524.659
546.448
628.338
699.545
637.959
607.903
608.273
633.312
732.332
758.725
771.01
768.049
763.65
734.484
728.863
758.15
562.588
540.979
653.595
633.914
690.131
749.064
773.096
789.578
793.336
781.25
624.415
561.482
636.132
687.758
721.501
611.247
561.482
625.782
644.122
572.738
495.05
412.286
448.632
616.333
632.511
578.536
453.926
442.282
483.325
447.127
515.996
627.156
649.14
614.439
518.672
582.242
727.273
703.482
715.82
705.219
681.199
635.728
458.4
451.467
631.512
707.214
654.45
533.76
522.876
642.88
727.802
564.016
518.807
656.814
717.875
679.348
672.721
719.166
704.97
668.673
450.146
423.908
630.318
735.294
749.064
706.714
661.376
658.328
615.574
524.384
563.222
706.464
741.29
762.486
772.797
725.953
661.594
674.992
621.118
601.142
715.308
738.825
708.215
692.281
693.001
688.942
708.717
742.39
600.06
486.5
540.249
698.324
781.555
774.293
720.202
706.464
745.99
616.333
500.25
570.451
695.169
694.444
711.491
695.41
654.236
680.504
719.942
550.964
534.616
676.133
660.284
682.827
724.113
703.73
634.518
650.618
611.995
593.648
710.732
735.294
707.214
682.827
728.597
782.779
777.605
791.452
462.428
353.357
488.043
655.738
679.579
732.332
743.771
687.758
570.125
492.611
529.101
635.122
689.18
676.133
681.663
686.342
651.89
580.72
604.23
700.035
602.41
615.574
752.162
729.395
711.491
752.162
680.272
537.057
532.056
605.327
637.349
665.779
592.066
574.713
623.247
520.156
533.76
700.525
757.289
722.282
485.201
431.406
580.215
527.565
519.616
684.229
698.324
685.401
727.537
753.012
697.593
678.196
513.479
458.716
538.648
534.759
534.331
488.281
476.758
426.53
408.914
504.414
524.659
533.476
598.802
561.482
517.331
466.744
469.153
614.817
723.066
675.219
648.929
686.577
714.541
580.552
526.177
579.542
554.631
587.89
698.08
770.416
800
782.779
745.156
588.582
558.971
657.246
674.082
723.851
736.648
659.848
649.984
678.656
560.224
558.659
695.41
739.645
763.942
781.25
721.501
688.705
747.384
754.432
540.687
510.986
613.874
576.369
602.954
703.235
760.167
734.754
708.215
625.195
609.57
694.686
748.223
766.284
760.746
771.307
744.602
674.536
681.663
476.644
449.741
658.328
698.568
715.308
754.717
783.085
804.182
780.64
714.286
588.928
591.191
709.723
741.84
722.543
665.336
676.819
734.754
735.024
605.51
566.572
660.502
621.697
607.165
701.262
761.615
794.913
809.062
761.325
578.871
529.381
620.925
684.228
714.031
636.537
601.866
659.413
684.463
568.828
551.724
651.466
646.204
671.817
721.501
612.37
508.906
480.654
541.126
672.269
666.445
651.466
715.308
754.148
755.572
753.012
771.01
408.664
340.426
444.939
505.433
604.961
648.088
427.716
395.101
597.015
693.001
711.238
721.761
734.214
757.576
777.303
780.335
552.181
510.986
668.003
711.491
704.722
695.169
729.927
738.007
710.48
576.535
565.771
709.975
641.437
622.084
727.273
771.903
763.942
771.903
806.452
616.143
526.177
597.729
709.723
764.526
768.344
785.238
777.001
782.473
759.301
606.428
593.824
724.9
720.981
697.593
611.06
480.423
503.525
627.156
572.574
580.889
648.929
634.115
681.431
737.191
759.59
679.81
673.401
579.039
529.101
637.552
711.238
680.735
644.33
666.001
674.992
643.915
546.896
551.876
684.932
774.593
753.012
749.906
783.699
800.641
815.661
733.407
619.387
594.53
683.761
788.333
762.777
717.36
644.122
591.716
625.587
653.168
555.401
558.347
582.411
482.859
512.033
584.624
623.053
679.81
554.324
559.441
692.521
730.193
750.188
741.565
677.966
640
622.278
551.572
556.638
645.578
703.482
707.214
689.655
640
646.412
687.285
617.856
562.905
628.141
673.627
595.415
480.307
499.875
676.819
462.428
396.118
562.905
711.997
744.602
756.716
759.59
740.192
763.068
722.022
400.802
374.883
465.549
484.496
637.349
685.166
725.426
568.99
513.215
661.157
759.013
746.826
672.043
666.445
732.064
654.022
526.732
536.769
610.687
636.132
675.219
717.103
757.576
781.861
799.041
788.333
573.723
492.247
604.961
707.214
726.48
693.001
619.387
589.275
598.802
527.565
568.666
748.223
699.301
690.608
699.79
650.195
685.166
747.943
610.501
524.384
552.334
615.574
702.988
698.08
685.166
713.012
744.048
722.282
600.24
626.37
763.359
761.325
710.732
722.543
764.526
737.735
757.576
733.676
527.565
527.704
720.461
761.905
768.344
776.096
792.079
766.284
653.595
564.175
555.556
644.745
748.223
757.576
721.761
706.964
722.282
719.942
704.97
568.666
566.412
560.538
473.037
518.269
633.312
738.552
760.746
730.727
606.428
570.939
655.523
692.761
717.36
697.35
672.947
663.35
664.452
535.475
509.424
597.372
628.536
653.808
601.504
612.37
643.708
674.536
600.06
568.343
661.594
711.238
741.015
752.445
710.48
544.662
446.728
489.237
623.053
631.114
529.241
507.357
571.102
666.667
556.019
464.253
561.325
708.968
740.741
756.716
765.111
704.97
614.817
602.047
532.056
543.626
695.169
698.08
626.37
658.328
753.864
739.098
722.282
550.661
460.936
455.477
457.247
552.944
671.366
727.273
740.741
635.324
593.296
688.468
770.416
761.615
701.016
608.643
582.751
619.195
557.414
539.811
667.78
771.307
759.013
766.284
711.997
593.824
628.141
680.967
524.659
563.38
757.289
733.407
736.92
734.214
686.813
690.846
693.722
523.013
495.663
630.318
662.032
678.196
652.742
574.548
605.694
662.252
508.13
504.286
689.417
747.105
745.156
743.218
755.572
792.393
729.129
679.81
570.613
577.367
750.469
780.945
729.927
696.136
702.988
697.35
711.997
654.022
627.353
700.771
564.016
487.924
596.481
722.282
732.332
693.963
580.552
564.972
684.463
755.002
770.119
780.336
782.779
753.296
708.968
694.686
677.277
612.557
633.513
702.988
728.863
767.165
762.195
702.741
706.964
769.527
686.342
614.251
659.848
706.464
719.683
749.906
743.218
711.997
719.166
749.064
712.504
589.275
605.51
724.9
694.927
675.676
653.381
556.793
565.291
487.924
467.181
650.195
745.434
669.344
473.037
415.628
513.611
462.749
467.071
655.738
733.138
768.64
768.049
780.336
724.375
654.236
554.477
568.182
703.977
710.985
662.471
674.536
719.166
721.241
753.012
748.223
533.476
491.159
665.557
780.945
793.966
780.031
732.332
725.953
681.896
580.552
550.206
647.878
705.219
698.812
755.572
620.732
564.493
657.678
670.691
569.476
535.762
556.019
619.195
730.46
776.699
705.467
683.761
652.955
546.448
597.193
744.048
773.096
729.927
727.273
760.746
741.84
758.15
700.035
480.885
480.423
626.763
660.066
704.722
747.664
790.826
722.282
709.471
599.161
576.701
729.395
774.293
773.395
719.683
676.59
670.017
694.203
729.927
587.199
564.175
562.114
532.623
643.915
725.689
755.572
779.423
777.605
649.562
609.57
719.166
785.238
751.88
728.597
664.452
666.001
685.401
666.889
607.903
597.193
715.563
767.165
777.303
788.022
693.481
675.904
691.563
589.449
529.381
561.01
643.501
641.643
601.866
622.859
648.719
605.877
508.001
526.454
646.831
659.848
660.284
704.97
658.545
621.504
679.117
523.286
494.805
673.627
744.048
753.296
764.818
780.031
765.404
518.001
392.157
474.947
658.545
715.82
689.18
695.652
740.192
754.432
749.064
496.771
407.332
479.846
560.067
607.349
640
620.54
536.769
460.299
522.193
709.723
749.906
755.858
709.471
704.473
758.15
750.751
595.238
523.972
604.412
705.467
760.456
777.907
584.454
510.725
617.665
556.638
535.332
640.41
637.349
652.103
735.024
758.725
726.744
735.294
712.504
595.948
599.88
664.011
648.508
696.864
748.223
773.694
771.903
745.712
615.574
550.055
647.249
725.689
645.786
614.251
675.904
676.133
675.447
643.708
554.631
592.944
697.107
706.964
714.796
734.484
649.773
628.338
691.563
597.193
592.242
635.526
519.076
533.76
694.203
770.119
775.194
766.284
623.247
530.926
594.707
670.017
674.992
700.28
717.875
662.69
644.33
650.407
565.451
552.944
638.57
708.968
727.537
683.527
699.056
742.39
697.107
545.703
485.437
545.108
636.943
684.228
606.796
589.102
650.83
604.778
597.907
686.342
735.835
728.332
716.332
711.238
719.166
748.223
730.727
542.152
481.232
610.314
723.589
751.315
765.99
785.546
785.855
744.879
473.261
415.369
576.535
685.166
695.169
713.776
738.007
738.825
742.666
560.224
395.179
367.444
454.442
609.013
691.085
737.463
755.002
500.626
475.737
695.169
715.052
655.953
617.665
649.773
713.521
673.627
596.659
564.334
583.942
658.545
737.735
766.871
766.284
739.372
709.723
692.521
650.407
647.04
647.04
679.348
761.325
785.855
782.779
783.085
792.707
732.064
562.43
541.712
673.854
672.721
647.459
645.369
623.053
644.33
491.884
420.521
499.251
615.195
704.722
722.282
726.48
639.386
578.704
518.135
519.886
640.41
702.741
671.592
648.719
629.921
638.162
703.235
616.713
569.963
625.195
647.878
685.401
708.968
708.717
720.721
712.251
551.876
520.291
666.001
773.395
789.578
759.301
648.929
633.513
701.262
741.29
619.387
567.537
660.72
698.08
707.464
704.473
597.372
604.23
647.668
544.366
591.017
738.552
752.445
712.758
719.166
721.761
720.461
718.907
709.975
576.701
558.503
664.894
618.047
640.41
722.805
739.645
752.445
747.384
495.786
430.2
589.449
722.282
764.526
761.615
759.878
774.593
787.712
724.9
594.707
611.247
730.194
767.754
700.771
695.169
708.215
608.458
413.993
422.654
669.12
589.97
443.459
432.994
466.309
