5.95136e-312
inf
7.98652
100.261
103.815
109.975
105.28
96.8101
94.2374
95.4882
96.0246
106.073
111.29
103.853
90.3016
77.3216
80.2375
82.1456
73.6675
76.4321
91.3451
91.166
95.4517
106.406
100.09
94.6656
97.561
102.098
75.9994
75.4745
61.864
59.1069
83.8856
84.7925
69.6064
60.5345
73.4214
88.2729
88.7863
77.1575
80.3148
81.2348
23.1801
23.6463
91.5081
110.132
111.676
105.369
108.401
114.012
110.687
101.802
94.3396
92.6569
78.2442
82.0008
98.9658
96.8148
100.09
100.624
94.069
93.362
95.8313
95.1611
99.5421
104.838
80.2311
78.9141
100.412
98.4058
106.832
107.77
103.381
92.2424
94.038
108.278
103.445
105.13
112.252
114.554
108.454
107.233
107.417
105.474
102.533
106.168
113.27
105.43
100.624
102.68
102.685
105.524
104.537
105.736
104.4
97.0968
90.0739
84.6525
96.9932
108.044
104.15
111.869
117.897
114.227
111.117
106.326
107.945
107.556
107.469
115.022
117.509
107.735
105.48
110.534
105.854
105.025
106.638
102.801
104.575
99.5223
94.3218
108.091
105.048
101.02
108.466
107.4
109.987
113.753
114.305
106.644
106.735
112.632
111.253
105.675
106.672
115.6
111.235
101.471
109.075
107.579
98.4204
106.4
106.712
101.817
110.254
117.737
110.503
107.712
112.139
113.237
112.404
109.487
112.391
116.232
104.69
104.888
112.733
112.467
111.414
92.584
85.7596
88.8731
98.044
113.785
114.456
114.416
110.546
110.601
106.479
107.904
118.575
115.996
108.755
110.266
110.041
112.41
111.995
106.958
112.937
112.511
109.248
110.632
111.508
108.29
107.98
102.717
100.477
97.5134
97.704
104.205
105.469
110.096
115.955
118.906
110.736
111.982
112.259
105.647
111.776
114.896
112.79
114.666
112.303
116.117
121.33
114.168
104.037
101.698
100.533
106.293
115.56
118.497
115.035
103.702
106.219
115.574
113.353
111.402
115.234
120.685
117.123
115.781
116.218
103.815
107.193
112.114
106.332
111.278
114.292
104.827
109.069
109.975
102.213
111.707
111.844
113.947
117.199
113.417
108.962
109.325
117
119.703
107.026
105.081
116.394
116.11
119.062
120.33
121.367
121.662
103.034
103.263
110.975
100.427
105.235
111.093
111.601
112.682
109.523
111.819
107.828
104.833
109.325
114.025
105.457
106.975
116.313
114.725
113.999
111.427
115.982
116.537
110.522
113.727
112.822
98.2849
97.7517
108.254
108.331
104.646
108.832
117.323
117.772
110.675
114.214
118.015
104.537
105.91
113.501
113.257
113.116
108.073
112.549
116.252
108.231
109.475
112.001
106.084
112.841
109.763
106.57
106.963
103.034
115.4
111.794
103.761
112.296
116.11
111.037
114.077
117.426
112.404
108.885
110.779
120.25
122.122
112.797
113.257
114.22
111.321
108.167
107.986
111.564
102.828
103.885
114.058
115.447
114.116
108.178
110.078
116.795
107.718
109.757
117.151
105.641
102.992
113.437
120.12
114.162
112.171
118.245
117.793
105.435
95.3016
100.331
103.536
98.8826
107.124
115.022
109.045
109.583
110.455
113.591
111.632
108.43
116.184
109.613
109.111
117.254
115.101
116.184
119.51
120.963
120.062
109.667
102.317
108.513
100.599
102.218
114.574
110.994
109.794
112.53
119.796
119.839
111.427
112.064
114.364
114.312
116.448
110.939
112.695
107.735
103.226
111.414
116.205
110.773
108.26
107.776
105.308
104.172
106.94
111.713
109.993
108.808
111.346
114.331
107.458
110.632
116.816
113.565
114.758
114.286
115.407
108.442
103.848
112.423
119.026
111.782
113.385
117.723
112.689
106.718
100.969
110.248
105.009
99.2999
116.645
119.19
103.242
94.2463
98.0152
96.9556
100.13
107.417
106.706
108.507
109.087
108.702
110.461
108.944
106.986
113.045
110.132
101.906
105.452
104.199
102.633
110.613
113.986
112.334
108.968
109.938
111.297
108.525
108.998
115.922
117.779
108.26
109.739
118.336
121.892
120.221
119.318
116.598
110.828
110.29
103.343
104.531
102.077
101.41
105.77
110.945
111.813
107.77
116.252
114.778
111.278
113.244
114.956
111.222
111.216
112.322
114.416
109.577
107.892
116.036
114.672
114.032
112.001
107.262
102.648
98.6047
101.041
113.759
107.782
104.01
114.943
114.247
117.626
115.707
112.829
107.118
106.741
119.531
118.14
105.949
108.755
116.421
111.136
109.776
112.969
111.901
104.674
102.611
112.841
119.667
108.313
109.739
118.071
120.156
113.837
108.319
116.448
117.557
109.337
112.95
121.669
124.618
111.495
105.641
116.191
111.663
109.499
116.083
109.89
107.544
107.055
99.6165
110.455
113.811
110.205
117.096
109.26
112.057
121.766
120.912
108.137
105.152
113.475
115.234
109.26
112.29
119.94
116.11
111.938
107.677
110.345
109.854
101.631
107.175
116.245
104.674
99.0638
104.811
102.317
105.435
111.093
94.2374
89.1027
98.8826
106.57
97.7947
99.1424
109.403
109.397
116.184
114.797
112.026
101.709
81.0077
87.1802
105.097
107.637
113.611
112.208
110.656
109.26
115.54
117.523
108.844
109.117
113.199
112.982
111.988
111.826
115.667
112.246
110.638
117.247
116.259
107.313
105.402
104.86
104.904
107.118
110.12
117.626
110.773
101.74
105.613
110.742
108.507
114.489
122.526
121.521
111.551
107.227
110.932
96.782
92.4385
107.158
115.294
106.372
106.366
113.456
104.811
109.517
119.253
118.036
113.811
109.649
118.956
121.322
107.933
106.593
113.921
117.288
112.613
113.379
114.338
107.118
108.98
111.763
112.02
105.899
109.027
110.302
104.015
102.627
103.783
113.889
110.613
111.439
117.578
104.281
103.541
111.185
112.423
119.969
114.123
112.625
121.183
111.111
110.828
115.882
115.447
111
105.335
102.775
105.719
113.552
119.71
117.103
113.469
111.982
111.582
119.133
95.3016
84.0972
94.8902
93.2531
98.7996
110.932
112.208
104.915
102.302
112.296
108.808
101.148
102.664
108.719
88.7666
87.7848
110.687
107.198
105.219
111.694
114.771
113.161
113.837
113.347
109.969
108.425
111.315
116.218
112.372
111.944
115.148
113.218
114.416
114.541
108.442
105.871
101.549
100.215
113.817
107.706
103.52
118.315
118.596
113.591
116.884
112.183
110.626
108.921
112.86
119.674
116.279
118.133
115.267
119.804
116.003
104.888
110.241
119.94
106.445
107.061
110.072
106.011
112.695
107.463
112.625
112.089
107.244
117.398
121.403
123.229
116.462
114.058
117.619
114.462
118.723
121.951
115.374
114.613
120.163
123.586
121.183
98.9266
90.9256
104.789
106.598
109.769
113.578
106.866
105.882
110.883
112.568
112.803
112.873
114.758
118.659
113.186
113.469
117.35
121.566
123.365
118.842
115.227
114.699
118.652
117.502
117.925
112.803
102.03
109.123
117.966
113.649
107.44
109.117
111.995
117.034
111.191
112.208
109.721
100.291
112.215
118.462
116.904
113.636
100.412
92.6484
105.18
113.552
114.077
109.89
98.8826
98.9071
110.248
113.456
107.434
115.674
116.952
116.428
106.174
101.973
115.42
115.374
114.936
117.606
113.902
112.689
114.436
114.508
116.877
114.712
113.385
118.68
110.957
111.588
108.472
104.075
111.477
115.814
122.911
122.324
109.944
110.053
113.817
114.626
113.643
112.632
121.862
122.654
119.617
118.189
109.757
108.454
108.091
112.189
122.384
111.117
101.729
107.469
110.957
113.077
118.455
120.294
116.713
108.366
114.607
121.073
116.11
108.167
109.553
121.47
122.617
112.854
112.892
118.652
122.332
114.699
109.385
117.378
110.169
111.204
105.932
101.724
98.9315
100.725
115.38
120.453
117.606
113.863
115.747
112.682
116.659
122.504
122.392
112.372
110.473
119.689
123.457
111.688
111.844
119.632
117.64
115.68
113.173
110.442
110.351
99.7805
99.9051
114.791
113.071
113.941
114.633
116.408
116.326
109.314
107.747
111.34
113.135
98.43
92.829
96.0292
105.086
110.822
100.055
104.504
104.767
96.1261
82.8089
87.0057
99.1768
86.9301
93.2575
101.642
91.0042
94.3574
98.4058
93.4056
93.4623
98.9854
75.7461
75.5316
111.57
117.675
116.239
119.026
121.227
120.228
109.854
109.975
109.027
94.2019
99.0148
108.625
102.338
110.132
110.522
96.6744
88.4252
96.9086
113.462
112.303
116.029
115.587
116.009
115.6
111.832
118.765
114.896
112.259
110.883
106.011
110.583
106.832
101.502
112.183
114.685
109.613
118.224
118.97
117.419
121.862
123.831
118.716
109.872
115.427
117.973
106.394
107.562
115.467
122.294
123.571
112.562
105.731
109.812
104.275
108.184
119.689
116.11
115.687
112.026
112.613
111.148
107.377
112.145
114.626
115.002
111.601
107.475
114.587
116.401
118.807
116.401
111.062
111.794
114.397
118.28
109.051
104.712
106.451
111.851
107.759
110.327
115.234
110.375
118.008
121.507
124.867
120.351
106.741
110.369
120.2
123.472
120.438
115.955
120.091
116.611
110.76
113.96
121.219
119.31
109.806
108.891
118.133
119.998
113.302
111.272
117.302
117.925
115.32
119.56
123.793
126.494
123.282
122.692
126.422
123.801
117.931
114.449
119.019
119.689
114.227
116.381
116.843
118.392
116.932
114.989
113.007
104.45
111.359
116.55
114.397
117.11
115.081
119.868
121.78
114.247
115.781
119.318
120.605
117.302
112.549
117.014
118.582
115.207
117.103
119.239
119.382
112.227
115.701
116.625
110.994
111.154
113.817
118.617
117.488
119.553
124.533
116.029
103.74
112.911
119.596
119.947
113.527
110.558
121.929
116.87
113.779
116.966
120.977
121.669
108.091
111.807
125.826
125.589
120.055
110.73
107.492
104.471
104.096
113.456
119.76
116.239
116.016
116.829
119.069
112.423
114.482
124.797
116.686
110.333
110.534
119.161
121.315
109.206
112.039
118.113
117.661
114.83
104.275
105.53
113.623
108.702
109.26
116.394
110.32
114.817
119.062
116.016
115.015
114.923
116.645
118.645
120.048
113.141
113.649
120.591
115.6
115.949
117.089
113.129
117.261
113.74
102.491
105.91
111.154
117.626
118.455
108.313
117.925
116.36
115.427
118.113
111.539
115.247
118.113
103.945
105.708
120.322
119.261
115.976
112.581
119.682
116.036
116.707
110.675
99.9151
108.413
112.943
109.896
116.802
116.104
113.25
116.469
113.122
113.52
117.433
120.453
113.54
112.309
121.988
115.427
109.475
118.099
120.715
124.231
118.949
117.98
123.533
117.682
106.022
99.8253
105.385
110.675
112.001
117.247
119.033
111.477
113.986
119.782
119.854
117.007
111.433
105.703
108.849
107.158
102.569
109.685
117.959
122.669
120.395
117.883
116.959
104.668
103.434
113.967
116.07
114.338
111.297
118.666
115.754
117.254
123.153
116.293
114.692
116.802
125.055
120.178
109.433
112.454
115.747
116.679
118.12
113.585
114.6
114.188
110.883
118.231
116.023
109.224
112.221
113.83
121.81
114.43
107.463
118.301
116.945
112.682
116.727
123.039
125.794
114.784
116.591
122.294
121.988
114.286
100.68
108.707
119.775
122.451
113.25
99.3591
91.878
98.6534
115.467
123.831
119.083
108.678
109.397
114.136
115.553
109.908
115.081
122.205
110.803
112.328
123.648
111.726
112.518
123.724
118.561
108.921
102.796
113.928
113.824
106.157
115.821
115.808
118.483
117.82
111.062
118.561
122.272
112.905
109.86
118.413
125.929
119.46
119.76
123.77
120.214
121.087
118.708
118.064
117.22
113.986
110.528
113.993
103.595
107.078
118.469
118.127
121.411
120.766
118.807
113.954
118.864
119.31
123.236
116.442
107.98
119.289
122.115
123.282
121.418
111.719
117.082
117.73
117.364
123.244
119.318
116.632
104.45
103.157
117.599
118.462
114.084
111.863
116.836
117.897
112.575
109.069
112.829
110.266
107.962
117.165
124.712
114.863
107.643
113.001
118.147
123.732
118.927
111.39
115.5
104.313
97.045
114.384
118.273
117.281
117.419
115.26
118.273
114.969
118.934
119.911
111.995
117.323
123.671
120.46
117.668
116.469
120.956
123.358
121.499
118.899
114.456
119.168
110.656
110.828
119.168
116.822
116.435
109.812
114.475
118.913
112.423
113.895
112.252
101.937
111.819
122.003
120.12
116.986
115.174
117.488
117.171
117.22
115.861
125.156
118.175
105.208
106.377
110.442
116.782
116.761
111.576
112.644
115.58
112.29
116.863
123.297
111.913
112.873
119.861
124.805
119.282
115.935
122.212
118.231
111.638
110.687
123.092
125.51
112.759
107.463
112.797
115.828
109.703
103.429
104.822
106.028
104.406
114.025
117.592
111.607
117.405
119.567
121.345
117.918
114.194
120.985
120.091
114.26
114.462
116.822
120.359
119.303
113.09
118.182
114.844
108.501
112.689
119.382
116.761
111.365
119.36
117.689
111.501
114.279
114.345
120.019
117.8
119.503
124.696
118.21
117.454
115.774
119.969
124.688
115.801
114.194
111
113.921
113.533
104.641
113.417
118.561
115.634
114.91
117.405
120.388
118.533
121.521
126.928
125.636
117.841
113.804
118.61
122.609
118.043
113.649
118.871
111.371
104.915
109.957
106.627
100.366
103.461
114.266
114.43
113.649
118.652
117.834
119.332
113.895
116.659
124.533
117.481
116.448
118.057
119.61
118.147
111.222
112.899
121.536
119.104
111.932
112.057
108.986
101.626
107.066
121.507
121.855
115.467
117.454
123.609
122.451
110.742
114.194
125.668
117.557
115.614
113.623
116.381
124.131
118.224
114.6
118.92
124.883
120.07
117.848
118.434
104.734
102.182
112.511
111.882
113.856
116.333
119.581
123.518
111.222
113.682
119.055
116.023
113.385
112.461
117.316
116.7
109.033
109.176
120.257
120.185
109.908
109.679
122.041
117.834
110.607
108.021
107.759
114.659
109.667
112.918
122.152
116.063
118.568
122.752
123.923
118.469
114.462
122.564
126
119.796
116.577
111.074
115.828
114.712
112.911
123.403
118.14
114.051
108.773
111.832
107.846
100.447
110.754
114.844
111.477
118.133
122.339
119.603
113.746
114.672
122.511
124.502
124.456
121.073
125.219
124.108
102.454
107.916
125.541
120.489
117.862
108.861
112.145
123.031
116.353
118.948
118.906
108.501
107.562
109.649
120.591
122.782
121.345
124.285
123.32
115.5
108.743
120.956
126.606
120.802
122.85
124.712
115.36
112.467
125.628
127.796
120.055
112.259
112.581
115.801
114.515
112.416
119.739
121.161
117.392
118.252
122.421
124.766
115.848
112.867
111.645
122.197
124.634
117.737
124.463
127.812
126.751
112.391
106.615
120.438
119.796
112.867
117.158
106.986
108.861
116.557
117.433
125.282
122.956
118.624
117.123
120.12
120.012
118.8
119.46
122.392
119.983
116.475
120.802
126.622
122.873
118.001
119.069
122.76
121.036
108.348
109.902
122.272
111.315
98.6972
103.734
120.496
114.515
112.29
120.948
116.57
110.607
113.908
126.719
123.954
110.175
113.921
124.146
125.683
120.671
116.428
123.138
122.294
115.022
110.693
115.56
125.392
119.424
113.231
117.398
115.761
108.366
109.739
119.983
114.279
108.802
114.358
121.102
124.27
116.557
114.824
122.534
120.868
121.662
124.797
122.602
115.407
111.315
123.373
126.574
109.83
106.428
116.414
115.473
112.994
115.707
121.766
125.683
122.737
120.686
126.775
124.549
106.587
108.584
121.021
123.138
112.378
109.045
121.529
123.274
119.811
121.374
120.97
119.782
117.945
113.869
117.904
101.797
100.568
110.308
104.053
106.724
112.252
122.309
120.438
110.235
118.071
128.883
114.685
103.891
107.533
117.117
114.91
106.236
112.101
120.853
117.33
119.296
124.587
121.426
104.783
106.067
111.97
109.451
114.136
117.302
126.048
121.788
111.477
115.287
126.111
126.462
119.275
112.816
116.353
123.939
117.89
117.323
124.681
125.881
121.47
122.033
127.008
129.207
120.802
119.332
110.473
105.424
105.803
109.914
124.031
121.448
119.539
122.421
125.889
123.87
120.576
119.61
124.394
115.334
110.503
122.011
124.254
118.203
117.737
124.185
125.715
124.162
119.111
117.316
114.384
114.423
105.031
109.105
121.095
112.606
117.165
120.627
126.871
121.08
117.904
123.862
123.579
119.796
118.49
124.751
127.494
129.366
115.473
115.694
127.332
118.878
112.841
115.574
122.609
121.219
111.57
114.142
113.161
105.114
113.766
121.462
125.235
124.332
122.542
123.426
126.406
121.293
115.747
127.673
121.367
108.696
114.574
121.47
122.347
115.868
116.117
122.933
119.753
115.374
111.713
120.897
114.469
104.701
115.56
122.737
123.862
113.882
109.583
116.904
119.926
119.104
120.882
122.175
121.175
114.201
117.275
123.739
121.109
121.981
121.855
121.662
117.481
115.861
114.084
117.123
117.336
110.932
118.099
117.014
115.52
124.37
123.001
125.486
126.863
121.139
120.598
122.737
122.865
109.105
110.969
110.503
99.3986
111.957
121.558
118.022
117.123
120.846
122.003
120.366
109.812
104.362
110.754
116.973
112.95
105.686
116.117
126.056
112.133
112.007
120.192
123.457
123.602
122.737
124.301
120.882
120.576
117.689
117.357
124.062
121.892
120.569
114.554
104.395
108.073
114.811
122.414
120.084
118.956
121.448
122.13
113.882
107.4
117.281
122.122
123.525
119.403
117.206
124.681
117.137
119.012
124.758
117.178
115.875
110.589
109.23
118.029
112.36
112.233
121.714
124.618
120.286
116.918
119.182
118.963
121.007
117.171
