7.80024e-312
inf
3.54447
12.6454
11.7281
10.5119
10.701
9.32236
9.652
12.8673
13.0401
12.1622
12.4012
13.0078
12.667
12.8234
12.6378
12.357
12.4807
12.5365
12.4419
12.1643
12.3837
12.5933
12.2064
12.1149
12.2951
12.3773
12.4051
12.1441
12.3142
12.0789
11.9797
12.4126
12.1137
12.249
12.5508
12.4964
12.6457
12.4357
12.2867
12.3087
12.4663
12.7322
12.2167
12.1149
12.3271
12.3732
12.5565
12.5069
12.5177
12.6043
12.5833
12.6257
12.4047
12.4028
12.8536
12.6341
12.4723
12.5508
12.6066
12.8597
12.1222
12.1598
12.8903
12.5679
12.6626
12.6146
12.6023
12.8017
12.6682
12.824
12.6057
12.5434
12.9623
12.8854
12.7935
12.9
13.0765
13.0693
12.6359
12.819
13.2614
12.8756
12.8786
13.1203
12.9719
13.0298
12.9148
12.999
13.215
12.811
12.8272
13.0064
12.9936
13.2185
13.0354
13.0243
13.3788
12.846
12.7413
13.0559
13.1386
13.3988
13.0938
13.1092
13.3618
13.0248
13.0477
13.141
13.0331
13.175
13.0941
13.1583
13.2998
13.1036
13.0914
13.2045
12.9901
13.18
13.1849
13.0487
13.39
13.1841
13.1514
13.4026
13.1211
12.9809
13.2315
13.2516
13.1961
13.1507
13.1823
13.4457
13.2816
13.194
13.3536
12.9397
13.0204
13.3772
13.2429
13.2004
13.0843
13.2029
13.4586
13.3669
13.1692
13.3763
13.2793
13.2364
13.6948
13.2711
13.049
13.2495
13.3166
13.3295
12.8682
12.9721
13.3929
13.1464
13.2775
13.4171
13.1846
13.4882
13.3768
13.2076
13.5567
13.3635
13.2641
13.4869
13.3693
13.2884
13.4752
13.3326
13.2778
13.3567
13.1247
13.2946
13.3328
13.1893
13.3405
13.1647
13.1745
13.5866
13.2799
13.1957
13.3591
13.353
13.4799
13.2766
13.3742
13.4979
13.1561
13.2382
13.5195
13.187
13.2196
13.2879
13.3072
13.4745
13.2606
13.4226
13.6204
13.2419
13.0501
13.2114
13.15
13.2949
13.474
13.443
13.4838
13.3125
13.4308
13.5658
13.1587
13.2068
13.5287
13.2435
13.3579
13.4226
13.2318
13.5777
13.3872
13.308
13.7271
13.3701
13.1337
13.4933
13.3127
13.3428
13.4708
13.3526
13.5163
13.1455
12.8884
13.2564
13.064
13.1163
13.7055
13.5568
13.5152
13.6832
13.2333
13.1495
13.3703
13.2579
13.4771
13.3232
13.2002
13.6833
13.2388
12.9429
13.587
13.3923
13.2217
13.4969
13.1888
13.0933
13.1255
13.2094
13.4566
13.2843
13.3706
13.5977
13.1746
13.2161
13.6453
13.4027
13.4073
13.6283
13.305
13.2643
13.3643
13.3809
13.5403
13.3235
13.2368
13.475
13.3295
13.3822
13.538
13.4243
13.5491
13.3375
13.4316
13.7047
13.2428
13.2498
13.5844
13.1447
13.124
13.4424
13.2136
13.3329
13.4153
13.3819
13.4308
13.2152
13.2693
13.6016
13.4382
13.3433
13.668
13.4136
13.2996
13.527
13.3922
13.4735
13.2649
13.1231
13.3797
13.1676
13.1964
13.6482
13.1441
12.9982
13.541
13.0822
12.9411
13.2478
13.3976
13.619
13.4471
13.3383
13.5541
13.1646
13.0827
13.5532
13.3291
13.3745
13.5155
13.34
13.5181
13.395
13.3139
13.6138
13.3029
13.0946
13.5361
13.385
13.4133
13.6687
13.2261
13.2323
13.3388
13.3828
13.5605
13.2891
13.4432
13.6515
13.292
13.5545
13.7929
13.3221
13.2204
13.2692
13.3265
13.5716
13.3258
13.2735
13.6471
13.2119
13.1034
13.4935
13.3743
13.5084
13.5013
13.3318
13.418
13.3515
13.4082
13.591
13.2425
13.2822
13.6927
13.231
13.0811
13.0893
13.1091
13.6323
13.2757
13.1132
13.5283
13.1339
13.1751
13.6092
13.3123
13.321
13.2891
13.2438
13.5168
13.283
13.4042
13.704
13.3247
13.4636
13.7251
12.8391
12.744
13.1898
13.1203
13.5165
13.4164
13.1438
13.5452
13.537
13.4735
13.5511
13.3902
13.439
13.3973
13.3453
13.515
13.2186
13.3935
13.8278
13.3702
13.4306
13.6827
13.3847
13.4704
13.6744
13.3465
13.4336
13.4926
13.2796
13.5991
13.4064
13.3134
13.7441
13.4565
13.3631
13.6798
13.3606
13.3492
13.6481
13.4897
13.4983
13.5964
13.3643
13.4712
13.5184
13.6065
13.6972
13.2314
13.3976
13.6362
13.3442
13.5125
13.4511
13.1613
13.5262
13.4692
13.2938
13.7389
13.457
13.178
13.5794
13.4475
13.4224
13.6051
13.5314
13.6351
13.5834
13.4723
13.568
13.394
13.5535
13.8433
13.2537
13.2835
13.6145
13.187
13.2274
12.9914
13.023
13.6759
13.2732
13.1226
13.7425
13.4218
13.2821
13.5884
13.2986
13.3215
13.4604
13.2725
13.3358
13.3897
13.4951
13.7758
13.376
13.3776
13.7791
13.3682
13.2951
13.6258
13.4822
13.563
13.5167
13.3651
13.647
13.456
13.2581
13.7021
13.4699
13.0387
13.3693
13.3709
13.364
13.6845
13.6571
13.7189
13.8397
13.5438
13.4836
13.6256
13.5504
13.4865
13.412
13.497
13.6646
13.5105
13.5694
13.7608
13.1792
13.2519
13.82
13.2739
13.2682
13.2294
13.1895
13.6716
13.3493
13.3755
13.6238
13.3676
13.2088
13.5066
13.4479
13.333
13.5355
13.5072
13.5845
13.3395
13.2092
13.4875
13.4049
13.53
13.8643
13.3518
13.3668
13.7479
13.3709
13.4534
13.6739
13.3941
13.5316
13.5311
13.3104
13.6101
13.2136
12.6596
13.1377
13.4518
13.2248
13.4834
13.6029
13.4952
13.5225
13.413
13.4632
13.5626
13.4724
13.6395
13.5412
13.492
13.6878
13.3634
13.3901
13.5826
13.1736
13.2682
13.7479
13.4745
13.3923
13.5334
13.4913
13.588
13.42
13.4094
13.6399
13.4906
13.516
13.7936
13.5253
13.3857
13.5387
13.4112
13.5448
13.475
13.4986
13.8983
13.5451
13.6452
13.9844
13.0308
12.7836
13.2886
13.3292
13.6591
13.623
13.4415
13.8739
13.6946
13.485
13.9143
13.5914
13.2506
13.6172
13.6198
13.6643
13.9496
13.6303
13.5357
13.6568
13.3543
13.5428
13.7419
13.5538
13.6505
13.5411
13.4836
13.6086
13.5209
13.6785
13.7872
13.3213
13.4152
13.5691
13.2356
13.5532
13.4691
13.0385
13.5104
13.5367
13.2603
13.6987
13.6191
13.5262
13.8397
13.4837
13.3936
13.7597
13.3849
13.4393
13.7542
13.4322
13.5266
13.634
13.7807
13.7472
13.4613
13.712
13.8182
13.4145
13.5706
13.8215
13.2828
13.4551
13.7208
13.441
13.6348
13.6765
13.4059
13.5773
13.4931
13.362
13.8096
13.6055
13.463
13.8742
13.4809
13.4417
13.773
13.5973
13.6118
13.5484
13.6382
13.7883
13.5705
13.5999
13.8361
13.4051
13.3426
13.7615
13.64
13.3659
13.4249
13.5934
13.5858
13.535
13.5536
13.7562
13.6002
13.4447
13.6251
13.4836
13.4878
13.7882
13.2904
13.2305
13.8184
13.4329
13.2196
13.5942
13.532
13.5601
13.5922
13.4865
13.669
13.5866
13.4454
13.6483
13.6016
13.5521
13.707
13.0069
12.907
13.7117
13.432
13.386
13.1861
12.9237
13.5757
13.4593
13.3765
13.9127
13.6626
13.595
13.8704
13.3448
13.328
13.7629
13.3089
13.3375
13.7413
13.5161
13.4749
13.5065
13.5404
13.6745
13.5773
13.4658
13.5384
13.5205
13.7256
13.8783
13.5911
13.6234
13.8007
13.4418
13.4345
13.6371
13.485
13.5184
13.489
13.5446
13.8652
13.5273
13.5046
13.8013
13.5036
13.6065
13.6878
13.4249
13.5478
13.4775
13.4164
13.8855
13.4991
13.3368
13.8931
13.5823
13.4839
13.6468
13.4814
13.6698
13.5978
13.5716
13.7658
13.4714
13.4801
13.7252
13.5253
13.5296
13.7365
13.2844
13.296
13.8205
13.427
13.4656
13.8549
13.4422
13.5334
13.7726
13.4805
13.6351
13.4664
13.2897
13.7355
13.5179
13.2436
13.6554
13.5375
13.3887
13.7845
13.3543
13.1849
13.5351
13.5825
13.6571
13.5143
13.6337
13.7383
13.4195
13.5375
13.8292
13.3506
13.3544
13.8001
13.4401
13.5442
13.5918
13.35
13.6112
13.6654
13.3782
13.5897
13.562
13.4606
13.8123
13.4508
13.3871
13.8733
13.6403
13.4639
13.6925
13.6396
13.6908
13.7304
13.5643
13.6277
13.5062
13.3624
13.6234
13.4063
13.3613
13.7202
13.518
13.6174
13.6743
13.567
13.7937
13.6451
13.5913
13.7925
13.6417
13.5732
13.7347
13.4522
13.4805
13.7917
13.581
13.7343
13.6151
13.2535
13.4129
13.3726
13.5391
13.772
13.5291
13.556
13.8612
13.5026
13.476
13.7971
13.6537
13.6226
13.5491
13.521
13.6563
12.9136
13.0082
13.8847
13.1991
13.1408
13.6448
13.5905
13.724
13.6305
13.4945
13.8443
13.647
13.4412
13.8099
13.3735
13.254
13.8457
13.2813
13.1174
13.6609
13.557
13.6654
13.6119
13.6976
13.954
13.5749
13.6477
13.9419
13.4719
13.4462
13.8614
13.551
13.5848
13.6676
13.3509
13.7256
13.6196
13.402
13.8123
13.5927
13.4262
13.7332
13.504
13.4418
13.7419
13.4577
13.4755
13.6912
13.5011
13.6619
13.6561
13.5368
13.7039
13.2418
13.3207
13.8178
13.694
13.6452
13.4716
13.5152
13.7972
13.5514
13.6487
13.9434
13.5913
13.5856
13.8592
13.4776
13.4162
13.7642
13.5791
13.6309
13.6983
13.2557
13.3413
13.5356
13.4945
13.852
13.6771
13.4077
13.7478
13.4026
13.3022
13.7444
13.4266
13.3315
13.4863
13.4956
13.6475
13.665
13.6109
13.7662
13.6281
13.3651
13.5712
13.4676
13.5168
13.94
13.5903
13.5976
13.8189
13.3212
13.4429
13.8681
13.5753
13.6376
13.6987
13.4163
13.6224
13.5166
13.4813
13.9728
13.6059
13.4117
13.8653
13.5193
13.4779
13.9077
13.7302
13.5942
13.5478
13.4978
13.5698
13.4521
13.5882
13.9374
13.6275
13.6115
13.9327
13.3952
13.3526
13.8593
13.4209
13.4318
13.7963
13.4549
13.5436
13.6544
13.1941
13.3738
13.4872
13.3187
13.7053
13.6507
13.4389
13.7728
13.5546
13.4038
13.874
13.3351
13.1917
13.5039
13.5387
13.7733
13.6312
13.5921
13.8091
13.5419
13.3499
13.6739
13.5631
13.6753
13.9171
13.4752
13.4108
13.5091
12.9333
13.1215
13.4699
13.219
13.5839
13.6037
13.5422
13.91
13.6738
13.4257
13.7789
13.5818
13.4823
13.7674
13.5633
13.5367
13.4743
13.3915
13.6201
13.5873
13.6053
13.7239
13.4701
13.5511
13.7721
13.4474
13.4986
13.8152
13.8176
13.7392
13.6384
13.538
13.7647
13.6993
13.5318
13.8061
13.4454
13.5022
13.9345
13.4438
13.5439
13.9487
13.5541
13.6231
13.7283
13.528
13.7306
13.7599
13.5314
13.7039
13.4582
13.4375
13.9595
13.5784
13.5404
13.9743
13.4657
13.3742
13.8222
13.6622
13.7463
13.9261
13.6448
13.56
13.2993
13.3958
13.778
13.5575
13.6095
13.8121
13.4288
13.3317
13.6806
13.4387
13.565
13.8432
13.5755
13.5982
13.5831
13.5382
13.7697
13.3958
13.3758
13.9298
13.4408
13.3014
13.8507
13.5991
13.5627
13.7555
13.55
13.6095
13.4163
13.4156
13.8236
13.7125
13.4624
13.6627
13.5546
13.5173
13.7289
13.5239
13.6231
13.7518
13.6556
13.6448
13.5177
13.5957
13.7058
13.5012
13.5056
13.6728
13.3735
13.4567
13.7669
13.3042
13.439
13.8077
13.4485
13.5917
13.8341
13.3805
13.3165
13.5159
13.4777
13.5744
13.5051
13.573
13.8314
13.4529
13.4805
13.8049
13.3287
13.3368
13.7903
13.5169
13.5183
13.7758
13.6429
13.6154
13.5127
13.7166
14.025
13.5787
13.6075
13.9418
13.525
13.5228
13.7908
13.3754
13.5162
13.8104
13.2784
13.3832
13.6902
13.6194
13.9273
13.6895
13.4057
13.8814
13.6562
13.439
13.8519
13.3088
13.224
13.77
13.2828
13.2693
13.8595
13.4994
13.4206
13.7513
13.5381
13.7552
13.7395
13.5939
13.7969
13.592
13.4676
13.6399
13.4854
13.384
13.6414
13.5541
13.5997
13.8482
13.561
13.5073
13.7807
13.3551
13.4332
13.5564
13.4943
13.8993
13.6957
13.518
13.8443
13.5992
13.3891
13.8958
13.5942
13.4035
13.8942
13.6658
13.5222
13.8857
13.4089
13.1525
13.4981
13.5754
13.7154
13.7621
13.5356
13.6273
13.558
13.5216
13.783
13.4618
13.5672
13.7922
13.5484
13.6202
13.6266
13.6251
13.8743
13.6616
13.4708
13.5432
13.3174
13.3693
13.7724
13.6789
13.5565
13.7222
13.3116
13.354
13.8732
13.6374
13.5498
13.8145
13.7132
13.7172
13.7811
13.5928
13.6954
13.5644
13.4057
13.6684
13.4634
13.2675
13.6157
13.4548
13.2397
13.6743
13.5919
13.4924
13.7048
13.5228
13.6743
13.6822
13.5955
13.8591
13.6189
13.3068
13.5705
13.54
13.4912
13.8927
13.5511
13.5698
13.7221
13.3587
13.6473
13.6004
13.4475
13.7247
13.4449
13.5107
13.9897
13.4915
13.3732
13.8152
13.3356
13.3075
13.5565
13.5783
13.8269
13.5509
13.5878
13.8312
13.481
13.6194
13.9991
13.406
13.3635
13.8173
13.404
13.4496
13.6892
13.3781
13.5893
13.5318
13.4151
13.8722
13.5396
13.4317
13.8955
13.6186
13.5611
13.9579
13.5209
13.3709
13.8778
13.6605
13.5791
13.9123
13.6406
13.4858
13.4894
13.4626
13.6899
13.5781
13.5699
13.8282
13.5443
13.5363
13.8195
13.5892
13.5615
13.8277
13.417
13.201
13.3219
13.3393
13.6335
13.5254
13.3092
13.6813
13.5797
13.5327
13.9875
13.5877
13.5934
13.9211
13.5526
13.5184
13.7384
13.5768
13.7961
13.6467
13.3727
13.7061
13.3845
13.3012
13.6124
12.9606
12.9911
13.6644
13.5608
13.6154
13.896
13.6087
13.5612
13.8054
13.4953
13.6504
13.8871
13.6673
13.6371
13.6154
13.7036
13.828
13.4006
13.3308
13.7494
13.451
13.4629
13.9206
13.6407
13.6271
13.7942
13.451
13.5468
13.8538
13.439
13.4235
13.649
13.5358
13.7798
13.469
13.2256
13.5693
13.5104
13.6539
14.0114
13.7588
13.3902
13.5107
13.4391
13.4551
13.7427
13.7589
13.7751
13.5637
13.5589
13.8631
13.5076
13.4942
13.8399
13.2922
13.3241
13.6985
13.5615
13.7407
13.7729
13.1485
13.3591
13.5651
13.0807
13.5251
13.6326
13.5536
14.0077
13.6456
13.4471
13.8445
13.5257
13.5061
13.7416
13.2901
13.4738
13.6325
13.5473
13.7108
13.4093
13.6097
13.8608
13.5491
13.7466
13.9797
13.4919
13.4898
13.4664
12.917
12.8506
12.9757
13.3478
13.8216
13.4717
13.4504
13.9807
13.5998
13.482
13.9056
13.5002
13.4198
13.841
13.5804
13.52
13.5736
13.6194
13.6968
13.4287
13.5543
13.8775
13.6411
13.7344
13.9586
13.3086
13.3065
13.7862
13.4852
13.5861
13.8981
13.5533
13.6054
13.5187
12.7138
12.4747
12.8175
13.2958
13.7708
13.3701
12.498
11.6626
12.1634
13.1985
12.0898
12.2824
12.7927
12.5056
12.7228
12.1903
12.237
12.6147
12.5192
12.858
12.8543
12.0893
11.934
12.2043
12.2327
11.9379
12.166
12.7039
12.5186
12.0789
11.5414
11.7249
11.9951
11.7925
12.3028
12.4843
12.5068
12.6895
12.1301
11.8646
12.1533
12.4281
12.8229
12.7899
12.7536
12.797
12.6285
13.0876
12.918
12.7873
13.2972
12.8231
12.8446
13.2614
12.7796
13.0107
13.1441
12.8009
13.1438
13.0536
12.9147
13.2024
12.9303
12.821
12.2536
12.2072
12.9819
12.827
12.8773
12.9449
12.8703
13.1138
12.7854
12.7246
13.1193
12.7372
12.8607
13.1034
12.6855
12.9135
12.8074
12.5701
13.0974
13.0207
12.9192
13.2611
12.9298
12.8366
12.9433
13.0795
13.3251
12.8262
12.7819
13.049
12.5587
12.7222
13.0702
12.8018
13.0711
12.9624
12.537
12.9605
13.0427
12.7972
13.0314
13.026
12.9503
12.826
12.9111
13.116
12.7071
12.7734
12.9581
12.7462
13.0232
13.0769
12.7973
12.8504
12.7698
12.7983
12.9955
12.8416
12.7013
12.6106
12.9181
13.3488
13.0927
13.0071
13.1185
12.7403
12.9978
12.5796
12.3207
13.1754
12.94
12.9803
13.2201
12.4935
12.5914
13.1069
12.7999
12.919
13.0142
12.8894
13.0797
12.9813
12.8991
12.9744
12.785
12.7566
12.7206
12.8722
13.2801
12.9221
12.7391
12.9564
12.9054
12.9701
12.7984
12.9032
13.2224
12.8934
12.7404
12.79
12.7515
12.8674
12.7574
12.7552
12.9129
12.7348
12.847
12.9479
12.9201
13.114
12.3321
12.2557
12.8937
12.5964
12.8081
12.9927
13.1259
13.3
12.9663
12.867
13.183
13.0254
12.9211
13.0605
12.9628
13.08
12.9756
12.8776
12.9643
12.6354
12.8364
12.8981
12.4994
12.9192
12.9944
12.8867
13.045
13.0319
13.107
13.0256
12.5869
12.7389
12.7191
12.664
13.0647
12.6723
12.51
12.8703
12.9332
12.8642
12.7129
12.855
13.1809
13.0512
12.9926
13.1002
12.8789
12.923
12.7773
12.664
13.0798
12.9289
12.7814
13.013
13.177
13.1098
12.8926
13.0474
13.3709
12.9922
13.0451
13.3747
12.7654
12.7758
12.7365
12.3015
12.2095
11.5741
11.9641
12.8254
12.8294
13.044
12.782
12.6632
12.9893
12.968
13.0183
13.1172
12.5156
12.7119
13.3246
12.8222
12.8433
12.9055
12.8498
13.1147
12.8622
12.7481
12.8789
12.9683
12.961
12.739
12.7467
13.0886
12.9048
12.8695
13.2451
12.9467
13.0256
13.1562
12.9091
12.9807
12.8808
12.7068
12.9204
12.7352
12.6995
13.1441
13.2728
13.3154
13.1254
12.9302
13.0538
13.1556
13.0129
12.8748
12.8634
13.0964
12.8739
12.8076
13.1812
12.8388
12.9395
12.8525
12.7184
13.2001
12.961
13.0634
13.4613
13.0806
12.9567
12.7607
12.6552
12.9987
12.9955
13.0875
13.2501
13.1082
13.0536
12.6267
12.4241
13.0086
12.7729
12.7303
13.3187
13.0125
12.7457
12.7641
12.7211
12.8477
12.7761
12.7645
12.7353
12.7588
13.043
12.8176
12.9064
13.2643
12.548
12.4113
12.6616
12.6792
12.9248
12.4901
12.4076
12.5389
12.8098
13.0789
12.5945
12.5379
13.0086
12.9518
12.9601
13.0281
12.3481
12.5029
12.81
12.7312
13.1345
12.9211
12.8881
13.1336
12.7652
12.8536
12.9167
12.7692
12.9285
12.6161
12.6164
12.8815
12.7002
13.0232
13.023
12.5489
12.8114
12.6978
12.7244
13.0772
12.7998
12.9939
12.9081
12.7796
13.1487
12.9216
12.7674
12.9467
12.9021
12.8209
12.8834
12.6768
12.7385
12.8463
12.7962
13.0145
12.7799
12.9761
12.908
12.738
13.1183
12.7543
12.6158
13.0826
12.8658
12.2711
11.7865
11.5807
11.7476
12.0362
12.6717
12.894
12.8764
12.8782
12.7717
12.8679
12.9867
12.5374
12.5574
12.7585
12.6772
13.0698
12.8329
12.7369
13.1666
12.7017
12.6201
12.9331
12.6909
12.8469
13.0122
12.9935
13.1034
13.0049
13.0048
13.0342
12.7898
12.7435
12.625
12.7329
12.9756
12.7676
12.8208
12.5702
12.684
13.3725
12.9639
12.8507
13.1912
12.8583
12.8634
13.0611
12.8433
13.0768
12.9022
12.6323
12.9044
12.7214
12.7018
13.024
13.0363
13.2312
12.6519
12.5169
13.2213
12.7899
12.8317
13.2464
12.8718
12.8993
12.7575
12.5156
13.0647
