1.07591e-311
inf
8.81453
295.072
429.923
792.393
815.994
855.798
894.855
916.59
928.074
1010.1
1074.69
1043.3
1008.57
698.08
667.557
858.369
855.066
869.187
889.284
918.695
888.889
869.943
913.659
907.853
833.333
667.557
697.35
923.361
965.251
898.069
786.164
796.178
902.527
923.361
922.084
987.167
1040.58
784.006
733.407
936.33
976.563
942.507
928.074
923.788
992.556
1033.59
972.29
962.001
938.527
902.935
718.907
718.133
623.247
542.299
729.661
840.336
868.056
897.666
811.03
774.293
826.446
746.547
716.076
822.368
812.678
586.682
571.755
754.148
791.766
851.064
858.001
771.605
747.105
775.795
813.339
868.432
865.426
852.515
752.162
706.215
822.03
868.432
838.223
535.045
518.135
695.169
682.594
788.333
892.459
992.063
1077.59
1088.14
1086.96
1081.67
953.743
873.362
960.154
1084.01
1127.4
1105.58
931.532
862.441
915.332
928.936
924.214
907.853
928.505
969.462
963.391
948.767
999.5
1093.49
1168.22
1146.13
1101.32
1104.36
1141.55
1183.43
1182.03
1154.07
1105.58
1097.69
1162.79
1158.08
1064.96
950.57
941.62
1005.03
995.52
975.134
968.992
1013.17
1101.93
1124.86
1085.19
1063.26
1028.81
992.556
902.527
841.751
858.738
855.066
851.426
883.783
941.177
952.835
943.841
951.022
944.733
900.495
837.521
806.127
849.618
877.578
867.679
903.751
946.522
954.654
925.069
929.368
956.023
962.001
951.475
912.409
899.685
934.143
958.773
974.184
991.572
971.345
924.214
917.431
925.497
928.074
943.841
991.572
1013.17
982.801
967.118
994.036
1031.46
337.098
307.456
535.045
602.954
905.387
876.04
851.426
914.077
990.099
1011.63
998.004
1001.5
1006.54
1003.51
1043.3
1062.13
1055.41
1066.1
1088.14
1084.01
989.609
942.507
1021.97
1116.07
1080.5
1066.67
1114.21
1070.09
1024.59
1046.03
1070.09
1067.24
1071.24
1097.69
1096.49
1037.88
985.222
1014.2
1036.81
1055.41
1156.07
1240.69
1259.45
1214.33
1194.03
1228.5
1189.06
1122.33
1142.86
1182.73
1101.93
1017.81
998.502
1059.32
1176.47
1238.39
1243.78
1173.02
1058.76
1019.37
1054.3
1097.09
1121.7
1049.32
977.517
991.08
981.836
983.284
1013.68
1057.64
1137.01
1143.51
1173.02
1226.99
1218.77
1072.96
944.287
1004.52
1116.07
1091.7
1024.07
958.313
926.355
938.526
986.68
1025.12
1030.93
1060.45
1082.84
1018.85
952.381
989.12
1007.56
1005.53
1086.37
1191.19
1185.54
1021.45
946.074
1003.51
1045.48
1020.93
975.61
1001
1022.49
1002.51
696.864
657.03
491.039
245.098
316.556
968.054
992.063
993.542
1019.89
1027.22
1029.87
1019.37
1008.57
1054.85
1064.4
1036.81
1031.46
1022.49
1035.73
1003.01
1012.15
1071.81
1068.38
1110.49
1172.33
1189.06
1191.19
1154.73
1085.19
1063.26
1092.9
1100.11
1064.96
1048.77
599.52
551.572
732.601
680.272
105.664
100.903
328.515
409.417
898.876
948.767
991.572
965.251
929.8
954.198
962.001
860.956
788.644
876.424
979.912
954.654
931.532
933.707
965.251
983.284
985.222
968.523
965.717
982.318
980.392
998.004
860.215
751.315
821.693
872.981
893.256
663.35
655.093
922.084
669.344
643.087
845.666
651.254
531.491
503.905
570.939
765.111
839.278
660.502
619.579
621.311
575.208
562.43
599.341
569.801
512.426
464.9
282.486
343.112
872.22
983.284
1020.93
1016.26
1031.99
1027.75
974.184
876.808
894.454
615.764
26.4932
27.0048
1190.48
1163.47
1158.08
1193.32
1255.49
1233.05
1182.73
349.895
318.016
682.128
801.925
1088.73
1156.07
1150.09
1259.45
1300.39
1165.5
1122.96
1160.77
1145.48
1106.81
1080.5
1071.81
1124.23
1257.07
1395.67
1400.56
1310.62
1300.39
1393.73
1430.62
1418.44
1396.65
1385.04
1343.18
1206.27
1126.13
1084.6
1095.29
1098.3
1000
964.785
1000
1088.14
1186.94
1247.66
1334.22
1326.26
1308.04
1353.18
1428.57
1424.5
1426.53
1432.66
1247.66
988.631
918.695
1137.66
1383.13
1360.54
1345.9
1402.52
1402.52
1418.44
1400.56
1326.26
1332.45
1359.62
1319.26
1265.02
1335.11
1405.48
1059.32
904.159
1035.2
988.631
1030.93
1321
1397.62
1360.54
1339.58
1212.12
1078.17
1126.76
1279.59
1400.56
1460.92
1470.59
1396.65
1267.43
785.546
777.605
1231.53
1367.99
1400.56
1423.49
1423.49
1410.44
1402.52
1366.12
1436.78
1459.85
1470.59
1424.5
1322.75
1257.86
812.678
738.28
972.29
1043.3
1197.6
1330.67
1328.9
1380.26
1386.96
1367.05
1384.08
1407.46
1408.45
1357.77
1398.6
1413.43
1403.51
1411.43
1362.4
1152.74
965.251
943.396
963.391
971.817
1011.12
1066.67
1090.51
1084.6
1148.11
1306.34
1364.26
1285.35
1292.82
1356.85
1363.33
1179.94
1007.56
1036.27
1126.76
1218.77
1328.02
1436.78
1480.38
1393.73
1348.62
1417.43
1463.06
1321.88
1220.26
1189.06
1162.12
1223.99
1300.39
922.084
631.512
710.48
1040.04
1195.46
1145.48
1099.51
1158.75
1250.78
1251.56
1227.75
1291.16
1220.26
1134.43
1085.19
972.29
967.118
1097.69
1277.14
1381.22
1355.01
1403.51
1386
1362.4
1429.59
1344.09
1314.06
1382.17
1419.45
1458.79
1448.23
1353.18
1286.17
1253.92
1104.36
835.422
793.336
896.057
822.03
822.707
996.016
1197.6
1326.26
1345.89
1356.85
1375.52
1321
1354.1
1360.54
1153.4
996.016
995.52
1082.84
1163.47
1161.44
1061.57
1050.97
1190.48
1318.39
1336.9
1323.63
1300.39
1345.89
1398.6
1345.89
1327.14
1185.54
994.53
1018.33
1193.32
1303.78
1337.79
1340.48
1389.85
1429.59
1345.9
1257.86
1258.65
1203.37
1190.48
1284.52
1353.18
1424.5
1323.63
1031.46
925.497
1034.13
1207.73
1341.38
1307.19
1234.57
1265.82
1310.62
1362.4
1439.88
1438.85
1445.09
1448.23
1418.44
1443
1368.93
1314.92
1253.13
1112.35
1125.49
1221.75
1077.59
1131.22
1421.46
1448.23
1452.43
1460.92
1465.2
1471.67
1463.06
1419.45
1362.4
1359.62
1361.47
1375.52
1322.75
956.023
868.432
1023.54
1063.26
1124.23
1270.65
1336.9
1374.57
1450.33
1356.85
317.259
273.635
752.162
1175.78
1294.5
1454.55
1500.38
1082.84
990.099
1175.09
1262.63
1436.78
1179.94
988.142
1126.13
1366.12
1355.93
1097.09
1028.81
1181.33
1220.26
1182.73
1290.32
1368.93
1282.87
1177.16
1119.82
1124.86
1145.48
1144.82
1160.09
1201.92
1186.24
1198.32
1209.19
1132.5
1160.77
1304.63
1324.5
1281.23
1349.53
1438.85
1466.28
1465.2
1417.43
1383.13
1386
1370.8
1388.89
1455.6
1418.44
1336.9
1194.74
574.713
569.638
1171.65
1391.79
1449.28
1410.44
1398.6
1348.62
1341.38
1379.31
1439.88
1418.44
1356.85
1418.44
1481.48
1471.67
1356.85
558.036
525.762
1108.65
1288.66
1395.67
1473.84
1404.49
1359.62
1395.67
1400.56
1455.6
1449.28
1446.13
1435.75
1428.57
1441.96
1313.2
1046.57
944.287
1017.29
1079.33
1108.03
1090.51
1129.94
1218.03
1302.93
1414.43
1477.1
1470.59
1438.85
1413.43
1324.5
1243.01
1271.46
1121.08
919.963
968.523
1182.73
1318.39
1420.45
1376.46
1257.86
1269.04
1364.26
1397.62
1349.53
1336.01
1412.43
1433.69
1360.54
1350.44
1435.75
1314.92
1160.77
1142.2
1211.39
1346.8
1322.75
1289.49
1386
1418.44
1407.46
1406.47
1369.86
1416.43
1362.4
1307.19
1291.16
1343.18
1438.85
1394.7
1358.7
1263.42
1231.53
1282.87
1374.57
1453.49
1416.43
1431.64
1412.43
1425.52
1336.9
1226.99
1275.51
1388.89
1414.43
1375.52
1448.23
1495.89
1485.88
1422.48
1109.88
1032.52
1214.33
1311.48
1365.19
1387.93
1430.62
1474.93
1418.44
1440.92
1469.51
1444.04
1469.51
1472.75
1427.55
1452.43
1470.59
1394.7
1247.66
697.593
706.215
1264.22
1351.35
1371.74
1393.73
1328.02
910.332
825.764
1093.49
1283.7
1358.7
1417.43
1424.5
1449.28
1438.85
1337.79
960.615
936.33
1284.52
1358.7
1367.99
1379.31
1435.75
1439.88
1405.48
1457.73
1419.45
1382.17
1411.43
1398.6
1434.72
1481.48
1335.11
1210.65
1120.45
1005.03
1123.6
1373.63
1407.46
1426.53
1417.43
1434.72
1522.07
1266.62
1089.92
1131.22
1137.66
1194.74
1175.78
1171.65
1244.56
1273.07
1209.92
1126.13
1129.31
1166.86
1230.77
1239.16
1229.26
1259.45
1220.26
1206.27
1169.59
1178.55
1160.09
1104.97
1252.35
1288.66
1233.81
1152.74
1003.01
1010.61
1095.29
1144.16
1156.07
1192.61
1298.7
1311.48
1218.03
1203.37
1309.76
1339.58
1270.65
1213.59
1251.56
1279.59
1205.55
1135.72
1116.69
1105.58
1110.49
1155.4
1204.82
1283.7
1292.82
1273.07
1328.9
1327.14
1262.63
1346.8
1430.62
1315.79
1292.82
1306.34
811.03
783.085
1184.13
1240.69
1263.42
1233.81
1277.96
1402.52
1365.19
1353.18
1371.74
1378.36
1403.51
1331.56
1370.8
1387.93
1327.14
1201.2
932.401
907.853
1001.5
900.901
914.495
1103.14
1212.86
1263.42
1322.75
1318.39
1275.51
1223.24
1242.24
1253.92
1283.7
1281.23
801.925
787.092
1139.6
1043.3
946.522
949.668
1015.23
1067.24
1144.16
1173.71
1158.75
1171.65
1184.83
1231.53
1173.71
1121.7
1082.84
1081.67
1179.94
1198.32
1189.06
1136.36
1202.65
1308.04
1248.44
1227.75
1233.05
1264.22
1344.09
1379.31
1295.34
1322.75
1233.81
1108.03
1111.73
1180.64
1265.82
1269.84
1265.82
1329.79
1373.63
1372.68
1388.89
1395.67
1349.53
1376.46
1450.33
1412.43
1352.27
1357.77
1313.2
1004.52
913.659
1061.01
1146.79
1130.58
1094.09
1092.9
1044.93
994.53
1051.52
1102.54
1071.24
1079.91
1109.88
1082.25
796.178
645.578
743.771
876.04
969.932
1025.64
1056.52
1177.16
1207.73
1085.19
1092.3
1207.73
1196.17
1176.47
1143.51
1050.42
1036.27
1153.4
1253.13
1299.55
1235.33
1196.89
1137.66
1094.69
980.392
936.768
1064.4
977.517
1000
1077.01
869.187
895.656
1170.28
1243.78
1227.75
1285.35
1295.34
1005.03
990.099
1267.43
1327.14
1289.49
1287
1367.05
1365.19
1334.22
1338.69
1150.75
1040.58
1177.86
1334.22
1360.54
1317.52
1314.06
1341.38
1298.7
1288.66
1389.85
1471.67
1371.74
1288.66
1340.48
1436.78
1179.94
799.361
772.798
1076.43
1298.7
1201.2
1182.73
1243.78
1224.74
1254.71
1328.9
1325.38
1281.23
1331.56
1411.43
1296.18
1034.13
979.432
965.251
1015.23
1201.2
1245.33
1282.87
1350.44
1380.26
1378.36
1322.75
1225.49
1189.77
1248.44
1313.2
1274.7
1336.01
1388.89
1355.93
1378.36
1258.65
1131.22
1172.33
1250.78
1221.75
1238.39
1225.49
1179.25
1266.62
1235.33
1166.18
1277.96
1296.18
1283.7
1334.22
1356.85
1406.47
1331.56
1072.96
1035.73
1211.39
1273.07
1175.78
1096.49
1056.52
1015.74
1093.49
1141.55
1154.73
1204.09
1158.75
1143.51
1131.22
1104.36
878.735
878.349
1053.19
1072.39
1216.55
1265.82
1244.56
1243.78
1235.33
1217.29
1282.87
1328.02
1352.26
1357.77
1155.4
1141.55
1146.79
703.235
704.722
942.507
830.91
674.082
633.914
791.452
1005.53
1164.82
1171.65
1115.45
1121.08
760.746
698.568
1016.78
1121.7
1086.37
1144.82
1229.26
1199.76
1124.23
1178.55
1209.92
1154.73
1270.65
1221
1048.22
926.784
695.894
743.218
1015.23
1019.37
588.408
575.374
953.743
1058.2
1214.33
1276.32
1344.09
1354.1
1158.08
1020.93
1068.38
1229.26
1326.26
1395.67
1453.49
1405.48
1421.46
1407.46
1405.48
1416.43
1432.66
1443
1302.08
1200.48
1194.74
1288.66
1332.45
1208.46
1125.49
1195.46
1308.9
1357.77
1429.59
1481.48
1471.67
1422.48
1420.45
1461.99
1473.84
1483.68
1478.2
1420.45
1381.22
1396.65
1460.92
1504.89
1453.49
1309.76
1190.48
1177.16
1196.89
1170.28
1209.19
1359.62
1406.47
1436.78
1510.57
1534.92
1550.39
1566.17
1533.74
1510.57
1552.79
1568.63
1573.56
1574.8
1569.86
1488.1
1348.62
1254.71
1332.45
1502.63
1557.63
1572.33
1571.09
1577.29
1582.28
1591.09
1579.78
1567.4
1569.86
1576.04
1582.28
1468.43
1347.71
1265.02
1079.33
1024.07
751.597
785.855
1291.16
1359.62
1381.22
1376.46
1351.35
1365.19
1373.63
1362.4
1368.93
1371.74
1385.04
1454.55
1477.1
1483.68
1508.3
1368.93
846.024
841.751
1326.26
1398.6
1383.13
1391.79
1398.6
1398.6
1437.81
1490.31
1494.77
1489.2
1432.66
1357.77
1355.93
1441.96
1500.38
1449.28
1302.08
1123.6
1136.36
1296.18
1358.7
1355.93
1365.19
1424.5
1428.57
1385.04
1418.44
1421.46
1408.45
1397.62
1422.48
1301.24
945.626
899.685
846.74
777.907
975.134
1152.07
1163.47
1212.12
1211.39
944.287
833.333
1002.51
1171.65
1159.42
1197.6
1267.43
1273.89
1245.33
857.633
794.597
1063.26
1208.46
1327.14
1291.99
1230.77
1239.16
1221.75
1218.77
1242.24
1273.89
1328.9
1378.36
1355.93
1309.76
1321.88
1236.09
1164.14
1243.78
1121.71
1047.67
1213.59
1258.65
1243.78
1222.49
1217.29
1307.19
1342.28
1371.74
1404.49
1456.66
1502.63
1480.38
1479.29
1115.45
1007.05
1223.99
1372.68
1418.44
1446.13
1443
1458.79
1458.79
1453.49
1455.6
1269.84
1191.19
1277.96
1378.36
1453.49
1476.01
1412.43
1399.58
1194.03
1045.48
1191.9
1406.47
1413.43
1423.49
1422.48
1328.02
1180.64
740.467
696.621
1060.45
1226.24
1246.11
1326.26
1320.13
1199.04
843.882
881.446
1342.28
1423.49
1386.96
1385.04
1394.7
1389.85
1449.28
1320.13
939.408
738.007
802.246
1038.42
1240.69
1239.16
852.878
869.187
1306.34
1428.57
1453.49
1454.55
1398.6
1361.47
1436.78
1489.2
1434.72
1346.8
1297.86
1287.83
1236.09
1250
1343.18
1362.4
1302.08
1144.16
1142.2
1336.9
1446.13
1349.53
1347.71
1436.78
1398.6
1388.89
1395.67
1427.55
1396.65
1402.52
1426.53
1425.52
1450.33
1404.49
1463.06
1158.08
838.926
894.055
1154.07
1289.49
1402.52
1507.16
1502.63
1424.5
1365.19
1366.12
1388.89
1401.54
1403.51
1396.65
1427.55
1415.43
1422.48
1463.06
1366.12
1211.39
1238.39
1295.34
1221.75
1250.78
1375.52
1397.62
1366.12
1344.09
1302.08
1255.49
1186.94
1147.45
1173.71
1262.63
1268.23
1271.46
1211.39
1037.34
1011.63
1111.11
1121.08
1115.45
1175.78
1176.47
1154.07
1149.43
1129.94
1133.79
1146.79
1142.2
1160.09
1206.27
821.693
763.942
1086.37
1210.65
1257.86
1282.05
1277.14
1223.99
1168.22
1221
1276.32
1308.04
1391.79
1392.76
1329.79
1339.58
1419.45
1331.56
939.408
868.432
1041.67
1103.75
1181.33
1239.16
1293.66
1411.43
1424.5
1376.46
1418.44
1410.44
1383.13
1433.69
1484.78
1403.51
1405.48
1202.65
998.004
1156.74
1436.78
1409.44
1300.39
1275.51
1291.99
1305.48
1346.8
1437.81
1464.13
1400.56
1355.93
1221
977.995
1016.26
1288.66
1125.49
1067.24
1250.78
1331.56
1427.55
1447.18
1425.52
1426.53
1399.58
1392.76
1433.69
1416.43
1372.68
1461.99
1418.44
1317.52
1354.1
1384.08
1391.79
1388.89
1196.89
1144.82
1295.34
1328.9
1350.44
1390.82
1419.45
1363.33
1075.27
1042.75
1273.89
1358.7
1331.56
1385.04
1392.76
1341.38
1416.43
1429.59
1134.43
1059.88
1244.56
1333.33
1403.51
1427.55
1394.7
1448.23
1456.66
1382.17
1352.26
1387.93
1460.92
1441.96
1446.13
1413.43
1282.87
1280.41
1343.18
1156.74
996.016
1113.59
1375.52
1428.57
1446.13
1361.47
1247.66
1248.44
1236.09
1160.09
1160.09
1243.78
1216.55
1269.04
1291.16
1271.46
1259.45
989.609
954.654
1182.73
1318.39
1301.24
1277.96
1344.99
1268.23
1063.83
1045.48
1137.01
1154.73
1264.22
1286.17
1239.93
1297.02
1246.88
942.507
928.505
1174.4
1288.66
1329.79
1368.93
1295.34
988.631
754.717
774.893
943.396
1050.97
1111.11
1054.85
479.501
480.307
992.556
976.563
1042.21
1061.01
1064.96
1154.07
1166.86
1138.3
1072.96
1062.7
1146.13
521.784
492.732
989.609
1109.26
1194.74
1265.02
1268.23
1234.57
1216.55
1184.13
1167.54
1114.21
1151.41
1282.87
1146.13
969.932
974.184
1111.11
1193.32
1206.27
1286.17
1297.02
1339.58
1316.66
1239.16
1239.16
1238.39
1270.65
1287
1310.62
1344.09
1344.09
1223.24
833.681
667.111
658.979
762.777
982.318
1043.3
1005.03
1062.13
1080.5
1070.09
1038.42
946.074
760.167
750.469
977.995
1088.14
1136.36
1220.26
1333.33
1421.46
1478.2
1331.56
1227.75
1280.41
1347.71
1358.7
1416.43
1466.28
1459.85
1401.54
1080.5
1056.52
1298.7
1342.28
1365.19
1356.85
1377.41
1437.81
1459.85
1401.54
1373.63
1370.8
1413.43
1410.44
1375.52
1453.49
1448.23
1439.88
1355.01
1145.48
1149.43
1307.19
1361.47
1351.35
1350.44
1351.35
1363.33
1432.66
1433.69
1400.56
1417.43
1346.8
1268.23
1365.19
1423.49
1384.08
1392.76
1336.01
1092.9
1011.12
1230.01
1413.43
1445.09
1481.48
1363.33
1295.34
1363.33
1428.57
1464.13
1415.43
1434.72
1473.84
1357.77
1314.92
1422.48
1346.8
1175.09
962.464
880.282
1021.45
1176.47
1184.13
1157.41
1167.54
1165.5
1111.11
1191.19
1347.71
1331.56
1268.23
1229.26
1232.29
1196.17
856.898
562.43
375.657
296.121
377.715
560.695
641.849
795.862
814.001
883.783
1029.87
1082.25
1076.43
1034.13
1015.23
1037.34
985.707
855.066
872.981
977.04
975.61
926.784
987.167
1061.57
1117.94
1278.77
1286.17
1264.22
1352.26
1398.6
1336.01
1233.81
1262.63
1397.62
1394.7
1328.9
1386
1325.38
1049.32
1049.87
1291.16
1382.17
1396.65
1394.7
1398.6
1404.49
1050.42
957.854
1195.46
1319.26
1366.12
1436.78
1426.53
1381.22
1386.96
1364.26
1026.69
959.693
1228.5
1318.39
1308.9
1391.79
1436.78
1383.13
1431.64
1433.69
1459.85
1459.85
1454.55
1444.04
1426.53
1445.09
1445.09
1441.96
1384.08
974.659
834.725
927.214
969.462
1141.55
1283.7
1304.63
1398.6
1450.33
1435.75
1420.45
1390.82
1395.67
1303.78
1277.96
1375.52
1363.33
703.235
575.705
852.878
986.68
748.223
743.218
961.538
977.517
1033.59
1103.14
1131.86
1124.86
942.507
668.226
716.332
