7.03839
179.759
198.807
225.505
192.976
185.048
223.889
221.19
212.857
224.115
224.871
78.4652
79.7194
195.084
160.244
196.831
201.288
198
264.34
249.781
207.857
224.065
223.789
204.269
216.427
196.078
157.629
165.207
194.496
64.4538
61.6694
145.497
177.778
131.165
125.471
171.453
162.417
194.024
186.306
147.2
131.13
173.792
229.043
161.996
142.096
145.592
177.841
252.08
170.999
171.541
242.277
177.809
187.459
115.754
100.1
139.198
135.639
167.842
190.767
193.274
230.548
247.494
225.683
236.63
263.748
237.304
219.491
50.7292
48.6145
107.406
118.878
231.428
241.984
240.067
198.807
148.006
164.433
251.477
150.898
143.41
196.638
208.659
273.935
283.126
265.922
257.4
285.103
282.167
261.952
262.95
269.288
269.651
237.332
241.225
269.942
244.021
252.493
296.077
287.233
263.748
271.003
299.805
317.864
263.435
252.653
301.25
310.318
287.233
265.993
286.369
318.421
282.446
249.657
268.926
302.755
278.513
194.458
198.748
250.532
260.858
296.34
275.71
250.752
266.631
292.654
287.811
259.168
253.55
259.269
250.815
249.19
271.592
303.168
259.842
219.274
230.282
240.587
223.164
239.263
263.574
239.923
237.812
253.968
272.331
259.403
263.227
285.429
283.166
274.801
274.914
300.165
289.855
247.433
254.001
294.898
266.028
247.28
275.217
308.499
324.202
259.034
242.954
297.133
310.994
278.164
245.67
262.881
277.162
270.893
285.347
280.191
253.133
256.476
282.247
248.725
234.082
279.174
299.177
271.555
255.689
274.876
309.502
267.094
217.936
251.067
303.398
237.501
209.161
258.565
265.816
215.843
240.356
285.959
254.874
237.164
233.699
261.404
260.62
256.246
274.688
271.924
252.621
252.653
294.811
268.817
251.477
267.953
291.078
251.794
242.512
288.934
308.261
294.031
263.922
277.508
313.529
299.133
248.942
247.005
278.164
263.783
267.594
275.482
280.308
269.906
265.851
263.817
256.509
264.306
269.687
296.868
274.424
236.463
257.566
313.922
245.761
212.044
262.467
312.451
220.386
196.059
260.824
235.599
214.018
253.133
288.018
260.756
252.175
258.9
249.19
258.665
272.183
265.322
237.361
253.872
273.86
255.885
242.483
264.34
276.434
228.807
220.386
227.454
248.818
236.77
236.714
300.571
299.312
238.436
237.53
279.564
259.605
262.433
263.227
266.525
267.809
272.777
288.892
271.961
263.435
262.433
277.316
262.226
252.717
283.407
312.11
212.269
189.018
256.345
292.355
247.862
219.877
239.32
253.807
248.725
260.112
288.434
265.887
267.237
277.546
282.805
272.146
272.48
298.82
274.01
257.235
272.109
299.581
269.687
227.661
250.407
291.673
235.988
232.288
291.036
277.431
212.54
220.459
284.455
247.402
220.946
241.429
261.267
238.265
226.963
256.904
263.609
251.572
271.518
271.334
245.972
266.667
299.401
275.141
250.595
269.251
304.646
297.752
265.006
256.279
274.801
301.341
255.428
241.051
281.889
222.148
210.837
256.706
270.709
254.065
235.849
265.252
297.133
255.265
253.229
268.637
254.162
270.307
283.006
280.781
236.939
241.225
299.043
304.925
254.939
251.446
293.6
307.692
249.19
225.2
276.396
312.451
253.421
233.809
281.928
304.183
291.588
258.665
240.327
204.645
221.019
266.347
264.131
265.322
250.847
251.288
243.132
258.098
292.483
296.604
247.893
252.525
306.937
281.77
237.22
240.125
252.908
229.226
243.724
258.632
259.336
241.721
224.568
259.572
298.552
257.798
254.615
272.368
249.657
263.089
280.112
262.398
221.361
226.193
278.048
295.334
261.849
271.592
311.575
312.842
243.873
240.269
311.867
320.718
297.044
260.484
268.061
307.078
289.143
242.512
251.067
299.222
274.01
264.096
271.481
278.629
281.77
277.123
307.787
270.856
241.4
273.373
300.345
293.169
259.538
259.471
270.673
257.931
248.355
266.454
275.52
232.612
237.982
282.008
308.785
243.013
197.687
216.006
211.528
219.998
250.219
235.183
254.323
295.596
271.813
234.522
258.532
302.069
295.29
265.252
267.738
305.39
317.965
224.871
216.873
292.184
274.461
240.154
253.389
285.673
268.889
272.368
271.628
274.914
267.594
270.051
281.215
252.143
253.518
279.916
304.553
287.563
247.555
259.034
305.111
300.616
253.357
258.098
293.556
198.807
198.413
302.709
313.725
284.091
254.582
260.824
284.576
239.12
202.491
227.816
246.033
245.549
217.061
198.748
230.68
262.295
248.509
241.721
275.444
307.456
315.906
266.028
256.805
289.687
294.898
244.948
246.518
313.824
324.781
280.466
235.877
249.252
274.65
267.272
266.596
287.894
289.143
275.179
294.161
280.426
260.213
271.924
285.633
275.596
237.22
251.067
308.69
312.695
247.985
245.61
303.306
309.119
272.331
247.158
274.763
305.904
276.51
239.149
254.712
296.78
284.091
231.777
244.141
276.625
261.917
224.391
222.891
234.192
226.578
231.374
217.415
244.081
293.988
261.097
237.812
270.49
299.312
313.087
274.348
257.367
291.588
295.552
251.509
239.406
276.817
306.326
282.646
248.725
263.992
272.257
258.766
281.136
288.184
271.444
274.763
292.141
285.592
257.136
269.578
303.352
304.414
249.719
220.313
259.977
313.332
267.63
254.033
302.343
319.387
284.981
252.461
261.575
277.123
264.62
242.395
247.77
232.099
212.359
218.579
222.42
237.84
277.469
273.523
224.391
240.067
296.824
284.212
238.863
250.031
299.491
283.246
244.529
262.433
317.41
293.212
249.47
228.65
231.054
170.358
157.257
210.438
227.609
245.851
266.489
257.169
268.42
279.72
238.067
221.582
259.403
296.472
256.082
245.761
273.56
287.894
267.165
260.078
296.912
286.985
255.232
188.448
187.336
233.263
244.648
274.499
285.959
244.349
211.595
242.277
239.808
225.759
272.294
261.472
231.696
263.193
290.487
234.028
238.578
304.553
320.41
263.366
250.156
304.229
319.387
274.688
245.67
255.102
275.179
266.56
265.252
274.688
275.103
278.629
285.307
285.347
284.981
280.23
280.938
306.796
291.758
269.36
284.819
288.475
258.098
240.125
261.712
296.648
305.577
263.505
260.518
314.713
324.781
271.076
218.866
233.127
269.796
278.435
278.513
286.164
297.133
279.408
263.957
257.069
225.175
230.309
285.714
274.65
213.424
226.963
292.398
244.23
236.883
284.657
300.03
253.678
239.091
288.767
305.717
267.023
252.525
282.845
307.55
263.609
231.777
229.832
225.403
254.712
263.019
262.95
273.224
271.665
289.017
280.505
270.783
280.23
304.646
286.451
246.914
264.445
307.929
313.529
255.787
248.849
301.614
292.869
234.439
235.377
284.698
302.297
283.608
254.55
275.33
301.25
281.492
262.433
252.27
254.227
232.046
241.371
273.598
241.896
257.268
283.126
216.661
211.349
266.56
290.149
235.627
225.887
283.447
304.739
257.334
236.63
274.839
273.56
258.699
237.784
226.142
232.45
263.713
298.374
265.816
245.399
263.47
263.296
243.813
260.485
291.928
301.296
238.152
235.128
293.255
306.185
255.167
241.604
288.559
306.326
286.451
266.738
282.406
307.409
293.815
268.528
275.141
297.177
285.307
278.435
280.702
284.293
273.823
257.666
215.796
204.457
254.745
279.369
233.481
209.93
223.065
236.658
217.108
224.669
271.628
278.319
219.829
219.13
289.939
263.47
227.531
244.648
264.201
261.746
275.444
286.205
287.274
258.598
253.261
255.265
232.423
244.141
273.187
259.909
238.749
256.674
290.487
303.352
259.336
251.414
276.281
263.817
240.356
249.626
280.781
258.231
240.703
252.908
271.37
256.476
260.417
276.434
262.467
256.082
264.971
254.13
223.889
229.674
227.376
194.647
209.908
272.22
300.888
241.313
233.59
283.849
287.48
240.183
236.1
286.779
205.318
164.325
213.265
262.571
265.076
290.613
308.547
279.642
260.451
250.721
248.694
256.904
270.416
292.013
251.953
246.093
269.36
265.217
246.914
261.37
293.169
302.252
282.885
239.636
249.938
302.206
294.377
287.274
280.584
269.687
270.38
278.474
274.537
276.74
286.492
276.932
299.581
291.036
266.17
274.085
290.867
297.752
237.84
228.807
281.968
303.628
199.74
183.503
255.265
229.542
237.107
295.727
285.919
265.816
259.605
269.942
262.329
257.632
254.421
258.031
269.796
262.571
286.779
280.426
251.256
274.123
305.998
272.777
257.003
274.537
291.206
303.905
239.866
233.563
271.37
258.532
268.42
287.356
308.976
290.655
270.49
258.164
272.628
289.017
284.698
289.729
283.728
280.073
280.112
297.752
292.526
276.396
281.413
292.269
292.184
250.941
226.27
259.135
310.366
256.082
215.889
218.055
187.512
192.976
263.366
300.752
270.015
243.902
247.525
253.678
273.187
283.006
271.076
265.146
273.486
305.064
291.333
250.595
259.909
288.475
296.296
245.369
236.911
290.655
299.805
234.604
221.951
282.845
279.018
265.816
292.312
310.994
301.887
253.614
216.31
242.395
255.853
250.501
264.41
277.739
275.976
264.585
263.678
244.948
256.049
293.427
309.262
270.636
256.937
286.944
292.013
234.852
233.59
297.885
275.368
223.689
212.562
244.26
274.574
271.998
252.366
247.494
252.908
267.63
277.855
280.584
277.008
265.146
297.575
268.168
230.203
226.963
221.877
206.526
220.313
235.988
203.957
222.494
273.673
282.686
258.799
260.247
298.329
311.09
277.855
211.528
195.618
219.106
233.1
228.154
230.654
244.379
227.92
214.133
232.18
259.808
237.473
224.568
269.978
299.536
211.887
202.122
252.207
231.589
218.555
231.803
222.965
184.74
186.986
179.872
167.001
195.046
215.471
244.618
279.838
250.282
219.37
218.269
225.454
237.727
264.62
280.978
286.205
237.445
235.018
268.097
246.488
232.775
253.004
283.086
270.453
241.4
248.632
267.094
217.179
200.723
239.693
256.542
256.706
218.46
197.511
253.261
248.355
207.125
222.445
256.41
282.805
226.603
221.607
269.36
237.192
228.571
233.454
163.988
159.375
212.179
213.265
225.581
263.713
247.739
219.974
253.293
224.719
197.785
248.571
175.101
167.42
268.42
296.252
246.275
228.154
258.866
248.262
246.518
272.146
300.888
292.013
281.096
267.63
257.235
258.632
267.845
275.52
277.277
263.678
271.113
310.752
280.544
261.54
288.434
309.262
286.492
211.439
211.149
292.312
251.509
245.489
308.642
319.744
324.149
275.217
215.564
238.322
235.544
200.401
226.732
226.014
229.095
249.594
263.644
268.709
273.673
270.49
246.853
257.865
278.552
297.708
241.429
215.054
251.889
288.767
261.712
256.049
299.222
302.252
305.53
267.989
248.293
267.559
254.777
254.227
268.889
271.702
272.702
288.268
273.149
244.918
264.725
297.841
281.809
247.097
256.213
281.611
268.817
226.783
238.55
304.09
301.205
249.938
235.128
272.294
299.805
279.486
277.662
302.618
303.03
264.76
222.568
240.096
255.82
258.031
267.451
245.64
250.344
271.702
262.605
227.221
239.406
264.096
278.629
258.665
253.518
294.681
302.343
238.521
235.239
296.736
285.388
246.548
241.867
264.34
250.595
258.498
279.72
278.668
259.74
252.589
247.647
250.125
251.414
262.605
275.52
244.828
253.357
281.611
294.421
254.972
242.777
279.174
295.421
253.839
253.036
305.25
314.861
305.297
257.136
246.275
291.078
263.054
233.155
233.727
227.505
244.469
230.203
217.085
227.739
251.13
260.824
230.548
252.366
292.997
304.507
263.054
243.873
283.889
301.25
248.478
245.339
299.133
295.334
287.398
266.383
277.316
321.958
276.205
233.945
254.259
286.738
272.368
283.326
277.2
267.773
256.97
260.654
272.072
239.234
262.674
303.859
305.998
256.706
252.27
303.721
312.989
250.752
245.128
282.366
282.087
308.642
276.778
266.88
308.594
274.876
249.377
255.363
214.316
225.479
268.709
254.388
228.389
246.305
306.984
287.604
231.294
235.045
279.564
221.508
209.227
256.739
277.123
258.164
267.702
315.956
320.513
299.312
246.792
247.586
295.946
275.141
245.519
271.039
301.341
273.486
254.065
254.972
268.168
267.451
282.646
279.994
240.935
251.794
261.952
274.424
260.281
257.136
294.638
300.075
254.972
252.717
311.672
318.878
296.384
252.048
261.78
318.522
284.657
195.695
174.14
201.369
248.416
275.748
214.27
199.661
223.614
216.193
225.098
266.347
277.816
246.579
251.921
292.44
298.463
250.125
249.75
302.847
310.704
291.333
253.068
264.655
307.692
278.59
263.748
279.642
296.56
267.738
259.977
252.048
209.732
231.589
293.902
285.51
243.25
254.874
282.646
255.722
254.356
287.522
309.837
307.409
268.601
270.453
303.26
301.796
308.785
267.487
257.102
290.444
263.887
248.54
273.673
294.985
272.442
272.74
272.146
277.662
255.558
244.858
272.257
245.519
226.526
226.475
219.563
236.267
286.492
298.463
270.124
239.063
255.2
295.814
288.892
256.016
260.315
299.985
277.431
256.739
250.721
259.202
261.712
268.204
275.406
241.926
237.699
