8.52152
295.77
441.014
947.418
1184.13
1238.39
803.536
421.585
115.473
134.689
617.856
271.961
364.299
1166.18
1031.99
1266.62
1619.43
1655.63
1707.94
1800.18
1862.2
1858.74
1860.47
1858.74
1766.78
874.891
787.402
1209.92
1323.63
1557.63
1448.23
1406.47
1601.28
1654.26
1514
1438.85
1477.1
1525.55
1712.33
1787.31
1818.18
1876.17
1901.14
1855.29
1796.95
1865.67
1603.85
1626.02
1850.14
1877.93
1499.25
1151.41
1294.5
1766.78
2125.4
2197.8
2249.72
2030.46
1525.55
1046.57
1085.19
1254.71
1118.57
1158.08
1308.9
1588.56
1696.35
1739.13
1210.65
1078.75
1343.18
1479.29
1406.47
1389.85
1389.85
1400.56
1598.72
1128.67
1031.46
1230.77
1395.67
1651.53
1736.11
1785.71
1743.68
1788.91
1651.53
1593.63
1665.28
1751.31
1757.47
1765.23
1893.94
1829.83
1850.14
1877.93
1877.93
353.357
344.056
1542.02
1692.05
1782.53
1809.95
1831.5
1774.62
1816.53
1853.57
1843.32
1828.15
1858.74
1908.4
1923.08
1932.37
1806.68
1801.8
1724.14
1662.51
1516.3
1436.78
1577.29
1411.43
1374.57
1500.38
1558.85
1558.85
1546.79
1632.65
1785.71
1850.14
1796.95
1888.57
1921.23
1956.95
1984.13
2040.82
1939.86
1906.58
1998
2000
1951.22
1908.4
1951.22
1510.57
1418.44
1614.2
1619.43
1522.07
1525.55
1622.06
1589.83
1537.28
1460.92
1425.52
1443
1572.33
1624.7
1650.17
1690.62
1713.8
1828.15
1760.56
1727.12
1819.84
1841.62
1790.51
1752.85
1584.79
1557.63
1554
1552.79
1737.62
1592.36
1574.8
1417.43
1304.63
1400.56
1411.43
1329.79
1207.73
1423.49
1763.67
1773.05
1743.68
1766.78
1808.32
1782.53
1773.05
1659.75
1271.46
1209.19
1398.6
1512.86
1684.92
1725.63
1736.11
1690.62
1733.1
1863.93
1790.51
1745.2
1692.05
1640.69
1301.24
1287
1618.12
1654.26
1715.27
1751.31
1718.21
1654.26
1573.56
1480.38
1516.3
1516.3
1533.74
1648.8
1423.49
1449.28
1712.33
1752.85
1751.31
1754.39
1706.48
1706.48
1795.33
1713.8
1661.13
1601.28
1587.3
1623.38
1583.53
1430.62
1368.93
1407.46
1481.48
1620.75
1648.8
1573.56
1587.3
1713.8
1728.61
1765.23
1659.75
1566.17
1669.45
1716.74
1616.81
1458.79
1519.76
1620.75
1686.34
1762.11
1862.2
1886.79
1784.12
1816.53
1622.06
1247.66
1157.41
1257.07
1368.93
1582.28
1673.64
1757.47
1998
1910.22
1839.93
1848.43
1863.93
1895.73
1870.91
1823.15
1819.84
560.381
418.76
815.328
1458.79
1573.56
1633.99
1532.57
1356.85
1375.52
1525.55
1709.4
1796.95
1616.81
1567.4
1620.75
1684.92
1680.67
1709.4
1722.65
1710.86
1776.2
1749.78
1796.95
1532.57
1324.5
565.611
594.707
898.069
855.432
1510.57
1538.46
1308.04
1103.75
1335.11
1404.49
1349.53
1619.43
930.665
437.637
541.418
1668.06
1788.91
1790.51
1612.9
1284.52
1265.02
1031.99
983.284
1332.45
1584.79
1582.28
1549.19
1609.01
1658.37
1724.14
1795.33
417.711
394.789
1237.62
1344.99
1287
952.381
357.079
382.336
1281.23
1327.14
1336.01
1328.9
1299.55
1486.99
1657
1618.12
1571.09
1713.8
1853.57
1855.29
1788.91
1798.56
1754.39
1640.69
1771.48
1834.86
1826.48
1777.78
1437.81
1411.43
1762.11
1879.7
1743.68
1638
1627.34
1639.34
1639.34
1739.13
1860.47
1874.41
1879.7
1721.17
1647.45
1598.72
1564.95
1683.5
1808.32
1855.29
1872.66
1958.86
1902.95
1860.47
1857.01
1930.5
1966.57
1994.02
1705.03
1399.58
1247.66
1322.75
1651.53
1646.09
1547.99
1542.02
785.546
737.463
1341.38
1269.84
1246.11
1567.4
1730.1
1605.14
1564.95
1558.85
1699.24
1941.75
1740.64
1587.3
1597.44
1561.28
1603.85
1530.22
1318.39
1277.96
1499.25
1709.4
1568.63
1497.01
1465.2
1531.39
1652.89
1606.43
1343.18
1167.54
1287.83
1544.4
1576.04
1581.03
1492.54
1196.17
1301.24
1659.75
1749.78
1823.15
1813.24
1703.58
1562.5
1576.04
1661.13
1748.25
1742.16
1728.61
1624.7
1600
1534.92
1542.02
1845.02
1893.94
1809.95
1682.09
1669.45
337.61
304.739
909.504
1148.77
1140.9
1218.03
1662.51
1336.9
1082.25
1197.6
1485.88
1677.85
1279.59
491.884
289.101
432.339
764.526
808.081
1296.18
1207
1404.49
1593.63
539.665
509.814
1309.76
1358.7
1370.8
1433.69
1555.21
1692.05
1679.26
1689.19
1734.61
1805.05
1638
1609.01
1699.24
1699.24
1383.13
1375.52
1707.94
1622.06
1402.52
1381.22
1563.72
1632.65
1654.26
1643.39
148.335
118.455
426.894
1542.02
1683.5
1824.82
1801.8
1865.67
1867.41
1737.62
1658.37
1736.11
1843.32
1821.49
1816.53
1584.79
1591.09
1469.51
1296.18
1419.45
1578.53
1642.04
1597.44
1602.56
1526.72
1348.62
1181.33
1274.7
1418.44
1236.86
1257.07
1474.93
1620.75
1642.04
1712.33
1751.31
1606.43
1457.73
1534.92
1567.4
1543.21
1676.45
1716.74
1643.39
1451.38
1499.25
165.522
165.481
445.335
435.92
1217.29
1239.93
1075.85
959.693
991.08
543.036
327.279
431.872
762.777
906.618
1610.31
1550.39
1309.76
1397.62
1596.17
1574.8
1574.8
1642.04
1287.83
1140.9
1334.22
1408.45
1467.35
1544.4
1476.01
68.3293
68.6908
1805.05
1721.17
1569.86
1563.72
1593.63
1537.28
1560.06
1587.3
1624.7
1627.34
1647.45
1609.01
1594.9
1722.65
1473.84
1358.7
1356.85
1463.06
1612.9
1531.39
1440.92
1358.7
1397.62
742.115
727.008
1340.48
1437.81
1336.9
1097.09
1231.53
1581.03
1581.03
588.582
561.798
1212.86
632.911
606.796
1287
1700.68
1344.09
1296.18
1432.66
503.271
282.805
452.08
1679.26
1731.6
979.432
972.29
1762.11
1779.36
1787.31
1801.8
1934.24
1956.95
1956.95
1956.95
1984.13
2014.1
2000
2066.12
2020.2
1857.01
1665.28
1670.84
1628.66
1648.8
1809.95
1939.86
2094.24
1883.24
1719.69
1731.6
1788.91
1782.53
1885.01
2081.17
231.562
207.533
886.525
1500.38
1785.71
1883.24
1885.01
1877.93
1850.14
1824.82
1874.41
1888.57
1980.2
1740.64
1673.64
1742.16
1562.5
1517.45
1694.92
1445.09
1252.35
1245.33
1243.78
1413.43
1510.57
1278.77
1122.96
1289.49
1484.78
1545.6
1657
1677.85
1769.91
1851.85
1936.11
2038.74
2118.64
2094.24
1994.02
2010.05
2014.1
2024.29
1831.5
1709.4
1633.99
1518.6
317.309
317.209
1364.26
1381.22
1391.79
1370.8
1560.06
1589.83
1727.12
1953.13
1972.39
1814.88
1235.33
1177.86
1424.5
1518.6
1623.38
1346.8
1333.33
1561.28
1607.72
1693.48
1650.16
1543.21
1538.46
1537.28
1615.51
1696.35
1839.93
1988.07
1928.64
1912.05
1986.1
1962.71
1743.68
1622.06
1453.49
1466.28
1689.19
1752.85
1824.82
2028.4
1869.16
1628.66
1763.67
1798.56
1773.05
1733.1
1700.68
1768.35
1793.72
1806.68
1751.31
1582.28
874.126
866.176
451.875
417.973
1133.14
1591.09
1839.93
1853.57
1853.57
1833.18
1883.24
2012.07
2173.91
2183.41
2076.84
1986.1
2085.51
2259.89
2134.47
2004.01
1805.05
1879.7
1899.34
1743.68
967.586
840.689
1365.19
1869.16
2014.1
2000
1988.07
1725.63
1805.05
1930.5
1901.14
1936.11
1406.47
1058.76
1167.54
1609.01
1728.61
1890.36
2004.01
2061.86
2285.71
2200.22
1850.14
1636.66
1628.66
1510.57
1468.43
1495.89
1638
1937.98
2148.23
2040.82
1886.79
2089.86
2070.39
2081.17
2232.14
2209.94
2047.08
2081.17
2331
2072.54
1949.32
2061.86
2150.54
1724.14
1457.73
1589.83
1718.21
1706.48
1318.39
1203.37
1375.52
1566.17
1895.73
2079
2002
1962.71
2120.89
2096.44
2111.93
2051.28
2057.61
2014.1
2018.16
2020.2
1962.71
2132.2
2066.12
2145.92
2227.17
2205.07
1941.75
1924.93
1692.05
1199.76
827.472
929.8
1715.27
1906.58
2010.05
2109.7
2087.68
2116.4
2068.25
2066.12
2030.46
2006.02
2032.52
2159.83
2164.5
2169.2
2002
1829.83
1624.7
1703.58
1980.2
1937.98
2059.73
2092.05
1890.36
1692.05
1703.58
1768.35
1362.4
1193.32
1524.39
1885.01
1978.24
2085.51
2079
2123.14
1872.66
1858.74
2096.44
2068.25
2148.23
2134.47
2014.1
1943.63
2079
2190.58
2018.16
1743.68
1697.79
1806.68
1488.1
1308.04
1311.48
1461.99
1692.05
1874.41
2083.33
2139.04
1813.24
1520.91
1684.92
1892.15
1932.37
1906.58
2059.73
2254.79
2132.2
1958.86
1976.28
2155.17
2098.64
2055.5
2105.26
2026.34
2008.03
2120.89
2038.74
2002
1489.2
1294.5
1577.29
1662.51
1547.99
1443
1534.92
1619.43
1619.43
1693.48
1661.13
1574.8
1429.59
1376.46
1341.38
1393.73
1574.8
1801.8
2123.14
1994.02
1818.18
1524.39
1362.4
1329.79
1398.6
1261.03
1226.24
1561.28
1734.61
1956.95
1806.68
1703.58
1913.88
2040.82
2002
1848.43
1328.02
1213.59
1610.31
1834.86
2024.29
2134.47
2109.7
2049.18
2022.24
2070.39
1728.61
1308.9
1090.51
1179.94
1438.85
1586.04
1331.56
1438.85
2016.13
2134.47
2227.17
2136.75
2202.64
2267.57
2336.45
2350.18
2320.19
2277.9
2298.85
2336.45
2176.28
1573.56
1179.25
505.433
493.583
1190.48
1610.31
1848.43
1597.44
952.381
859.107
1201.92
1441.96
1507.16
1500.38
1388.89
1448.23
1508.3
1517.45
1713.8
1724.14
1250
963.391
1119.19
1421.46
1495.89
1662.51
1811.59
1968.5
1982.16
2038.74
2162.16
1811.59
1716.74
2000
2032.52
2042.9
2103.05
2107.48
2103.05
2166.85
2132.2
2072.54
2034.59
1968.5
1877.93
1757.47
1686.34
1707.94
1276.32
1179.25
1618.12
2014.1
2141.33
2111.93
2038.74
1930.5
2053.39
1924.93
1699.24
1629.99
1650.16
1836.55
2024.29
2125.4
2145.92
2127.66
2022.24
2047.08
2159.83
2047.08
1596.17
1102.54
804.829
980.873
1665.28
1533.74
1482.58
1635.32
1707.94
1949.32
2028.4
2070.39
2267.57
2205.07
2139.04
2150.54
2150.54
2129.93
2162.16
2141.33
2107.48
2040.82
1923.08
2038.74
2178.65
2030.46
1427.55
1138.95
1372.68
1869.16
2061.86
2059.73
1870.91
1629.99
1707.94
1833.18
675.904
631.512
1423.49
1632.65
1787.31
1883.24
1881.47
1932.37
1862.2
1824.82
1748.25
894.055
819.336
1433.69
1798.56
1821.49
1746.72
1792.11
1982.16
1988.07
2030.46
2181.03
2057.61
2094.24
2049.18
1990.05
2002
2036.66
2166.85
2042.9
2079
2171.55
2141.33
2136.75
2085.51
2116.4
1949.32
1860.47
1858.74
1800.18
1785.71
1777.78
1824.82
1870.91
2024.29
2169.2
2143.62
2141.33
2049.18
2057.61
2136.75
2006.02
1928.64
2074.69
2192.98
2002
1972.39
2103.05
1917.55
1444.04
1452.43
1928.64
1937.98
1746.72
1728.61
1759.01
1848.43
1941.75
1870.91
1869.16
2032.52
2026.34
1853.57
1800.18
1858.74
1886.79
1895.73
2040.82
2107.48
1956.95
2049.18
2188.18
2150.54
2004.01
1888.57
2008.03
2195.39
2293.58
2288.33
2285.71
2312.14
2205.07
1733.1
1478.2
1561.28
1071.24
1134.43
2120.89
2116.4
2042.9
2068.25
2047.08
1945.53
1994.02
2148.23
2134.47
2107.48
2012.07
2074.69
2068.25
2098.64
2212.39
2127.66
2094.24
2120.89
2148.23
2006.02
1923.08
2076.84
2051.28
1329.79
1126.76
1123.6
1265.02
1867.41
1986.1
1919.39
2096.44
2173.91
1966.57
1919.39
2081.17
2141.33
2096.44
2109.7
2132.2
2116.4
2116.4
2129.93
2123.14
2129.93
2026.34
2087.68
2244.67
2197.8
2224.69
881.834
751.033
1418.44
1877.93
1759.01
1383.13
1480.38
1955.03
2116.4
2087.68
2105.26
2157.5
2150.54
2150.54
2176.28
2030.46
2049.18
2202.64
2176.28
1908.4
1624.7
1556.42
1379.31
535.762
545.405
1485.88
1640.69
1635.32
1659.75
1650.17
1652.89
1428.57
1339.58
1633.99
1876.17
1966.57
1951.22
2010.05
2024.29
2051.28
2195.39
2136.75
2109.7
2012.07
1988.07
1814.88
1243.78
1257.07
1647.45
1771.48
1945.53
2000
1988.07
1930.5
2028.4
2014.1
2014.1
2116.4
2123.14
2129.93
2162.16
2141.33
1936.11
1746.72
1813.24
2042.9
1951.22
1932.37
2085.51
2111.93
2143.62
1937.98
1855.29
1839.93
1246.11
1178.55
1721.17
2008.03
2076.84
2134.47
1992.03
1990.05
2118.64
2139.04
2092.05
2105.26
2188.18
2066.12
2081.17
2132.2
1982.16
2049.18
2190.58
2116.4
1375.52
1220.26
1689.19
1984.13
1879.7
1282.87
1080.5
1450.33
2022.24
2087.68
2053.39
2008.03
2049.18
2120.89
2118.64
2107.48
2114.16
2141.33
1992.03
2024.29
2190.58
2178.65
2134.47
2136.75
2195.39
2205.07
2200.22
2207.51
2222.22
2014.1
1498.13
1345.9
816.66
853.607
1838.24
2049.18
2012.07
2085.51
2207.51
2148.23
2087.68
2081.17
2139.04
2176.28
2044.99
2061.86
2219.76
2209.94
2155.17
2143.62
2164.5
2044.99
2057.61
2120.89
2092.05
2123.14
2026.34
2053.39
1638
1097.69
1009.08
1295.34
1818.18
2111.93
2032.52
2061.86
2145.92
1994.02
2049.18
2125.4
2103.05
2006.02
1917.55
1966.57
1980.2
1960.78
1956.95
2089.86
2164.5
1988.07
2040.82
2202.64
2152.85
2006.02
1760.56
972.763
963.855
1707.94
1870.91
1485.88
1356.85
1693.48
1984.13
2012.07
1951.22
2079
2173.91
2143.62
1777.78
1579.78
1683.5
1762.11
1798.56
1899.34
2066.12
2028.4
2024.29
2105.26
1951.22
1716.74
1199.04
1140.25
1597.44
1857.01
2016.13
2136.75
2127.66
2002
2032.52
2049.18
1530.22
1415.43
1703.58
1966.57
2145.92
2152.85
2169.2
2072.54
2089.86
2145.92
2118.64
2040.82
2094.24
2247.19
2207.51
1990.05
1672.24
837.872
820.345
1629.99
1766.78
1845.02
2074.69
1646.09
1638
2125.4
2242.15
2314.81
2341.92
2352.94
2333.72
2012.07
1713.8
1833.18
2081.17
1819.84
724.375
512.952
673.401
960.154
1306.34
1412.43
1636.66
2197.8
2257.34
2277.9
2285.71
2283.1
2298.85
2341.92
2361.28
2207.51
2129.93
2234.64
2296.21
2298.85
2296.21
2280.5
2283.1
2301.5
2309.47
2341.92
2341.92
2290.95
2098.64
1974.33
1992.03
2018.16
2103.05
2234.64
2325.58
2366.86
2383.79
2383.79
2378.12
2375.3
2386.63
2389.49
2383.79
2383.79
2331
2259.89
2257.34
2320.19
2372.48
2375.3
2380.95
2392.34
2392.34
2389.49
2392.34
2386.63
2386.63
2395.21
2383.79
2293.58
1635.32
1297.86
1034.66
1062.13
1395.67
1472.75
1536.1
1743.68
2044.99
2103.05
2171.55
2192.98
2227.17
2085.51
1409.44
1253.92
1702.13
2047.08
2079
1994.02
2000
2044.99
2094.24
2087.68
1542.02
1045.48
1010.1
1492.54
2055.5
1978.24
1919.39
1994.02
1972.39
2030.46
2020.2
2012.07
2087.68
2079
2134.47
1992.03
2010.05
2107.48
2055.5
1966.57
2028.4
2190.58
2171.55
2006.02
2020.2
2192.98
1762.11
1070.09
1056.52
1675.04
1936.11
1550.39
1439.88
1712.33
1874.41
1876.17
1978.24
2098.64
2051.28
2047.08
2111.93
2092.05
2049.18
2125.4
2178.65
2085.51
2116.4
2059.73
2068.25
2129.93
2018.16
2024.29
1913.88
1479.29
1027.75
1170.96
1895.73
1934.24
2024.29
2049.18
2085.51
1988.07
1285.35
1024.59
1178.55
1471.67
1481.48
1582.28
2008.03
2030.46
2030.46
2148.23
1980.2
1917.55
2114.16
2002
1666.67
1576.04
1670.84
1657
1754.39
1992.03
2049.18
2053.39
2087.68
2185.79
2219.76
2209.94
2188.18
2214.84
2234.64
2242.15
2096.44
2020.2
1642.04
1473.84
1836.55
1990.05
1862.2
1839.93
1801.8
1788.91
1668.06
621.697
584.112
1341.38
1666.67
1850.14
2030.46
2042.9
2081.17
1941.75
1805.05
1998
1994.02
1956.95
2068.25
2129.93
1784.12
1405.48
1578.53
2081.17
2136.75
2002
2044.99
2034.59
1036.27
796.178
1157.41
1806.68
1941.75
2014.1
2051.28
2085.51
2176.28
2083.33
2085.51
2020.2
2047.08
2178.65
2141.33
2044.99
2066.12
2040.82
2063.98
2162.16
2008.03
1913.88
1684.92
1332.45
1277.14
1044.39
1024.07
1495.89
1908.4
1962.71
2010.05
2118.64
1990.05
2063.98
2068.25
2094.24
2254.79
2197.8
2169.2
2118.64
2051.28
1974.33
2049.18
2136.75
2111.93
2111.93
2098.64
2132.2
2134.47
2141.33
2155.17
1990.05
1362.4
879.894
1017.29
1801.8
2059.73
2030.46
2083.33
2061.86
1964.64
2061.86
2143.62
1982.16
1851.85
1913.88
2109.7
2081.17
2096.44
1937.98
1694.92
1675.04
1733.1
1949.32
2120.89
2150.54
1869.16
1341.38
1066.67
1262.63
1843.32
1953.13
2010.05
1813.24
1433.69
1611.6
1958.86
1945.53
2120.89
2074.69
2074.69
2072.54
2061.86
2190.58
2164.5
2114.16
2066.12
1992.03
1936.11
1915.71
2030.46
2155.17
2020.2
1467.35
1007.56
1095.89
1644.74
1980.2
2072.54
2166.85
2197.8
2148.23
2195.39
1679.26
1411.43
1734.61
2100.84
1976.28
1996.01
2057.61
2107.48
2185.79
2125.4
2132.2
2143.62
2159.83
2148.23
2139.04
2006.02
1851.85
1154.73
1078.75
1405.48
1516.3
1788.91
1829.83
1968.5
1998
1906.58
2059.73
2185.79
2074.69
1978.24
2066.12
2169.2
1796.95
1552.79
1652.89
1779.36
1928.64
1996.01
1953.13
2081.17
2018.16
1863.93
1821.49
1697.79
1712.33
1773.05
1773.05
1863.93
2010.05
1988.07
2036.66
2155.17
2107.48
2139.04
2145.92
2094.24
1990.05
2074.69
2183.41
2127.66
2094.24
2116.4
2141.33
1998
1858.74
1277.14
1153.4
1550.39
1495.89
693.001
689.893
1563.72
2010.05
2103.05
2034.59
1974.33
2076.84
2081.17
1988.07
2061.86
2183.41
2116.4
2114.16
2089.86
2114.16
2212.39
2217.29
2157.5
2096.44
2105.26
2139.04
2049.18
1958.86
1879.7
1365.19
1062.13
1289.49
1897.53
2020.2
2049.18
2162.16
2087.68
1945.53
2034.59
2134.47
2036.66
2109.7
2202.64
2111.93
2079
2127.66
2116.4
2063.98
2092.05
2042.9
2034.59
1808.32
1795.33
2109.7
2127.66
1996.01
1777.78
1133.14
943.396
1031.99
1207
1737.62
2053.39
1970.44
1994.02
2111.93
2004.01
1937.98
1990.05
2107.48
2185.79
2145.92
2002
2036.66
2083.33
2111.93
2212.39
2152.85
2129.93
2008.03
1919.39
1638
1087.55
1151.41
1785.71
2020.2
2024.29
2024.29
1808.32
1510.57
1482.58
1751.31
2109.7
2136.75
2014.1
1941.75
2096.44
2157.5
2076.84
2116.4
2197.8
2209.94
2109.7
2022.24
2089.86
2139.04
2123.14
1876.17
1563.72
1556.42
1481.48
