7.38978
157.53
291.333
2247.19
2894.36
2936.86
2797.2
2945.51
3134.8
3795.07
4878.05
4683.84
2567.39
2212.39
3466.2
4784.69
5102.04
4705.88
4662
4938.27
5115.09
5405.41
5405.41
5524.86
5555.56
5524.86
5154.64
5089.06
4739.34
4819.28
5633.8
5649.72
5681.82
5665.72
5602.24
5698.01
5681.82
5347.59
5000
3875.97
1743.68
1113.59
974.184
1372.68
3139.72
3838.77
3868.47
3944.77
3731.34
2954.21
2886
3372.68
3773.59
3883.5
4184.1
4830.92
5141.39
5434.78
5540.17
5540.17
5154.64
5128.21
5649.72
5714.29
5633.8
5617.98
5617.98
5698.01
5797.1
5747.13
5730.66
5128.21
5050.51
5602.24
5540.17
5524.86
5665.72
4545.45
2832.86
2512.56
3311.26
3610.11
3490.4
3853.56
4454.34
4987.53
4524.89
4201.68
4494.38
5012.53
5347.59
5390.84
5361.93
4166.67
1893.94
749.064
772.201
2049.18
3174.6
3442.34
4056.79
4273.5
4535.15
4175.37
4228.33
4683.84
4866.18
4889.98
1485.88
1369.86
3395.59
4073.32
4329
4246.28
4149.38
4444.44
4494.38
4474.27
4576.66
4750.59
5263.16
5405.41
5540.17
5540.17
5555.56
4975.12
4878.05
5291.01
5235.6
5277.04
5277.04
5291.01
5291.01
5050.51
4938.27
5102.04
4761.9
1733.1
1226.99
582.92
617.475
1731.6
1998
3490.4
4796.16
3205.13
2254.79
916.59
846.382
1908.4
2805.05
3690.04
4210.53
3952.57
3100.78
3120.12
3395.59
3289.47
3300.33
3642.99
4842.61
5361.93
5602.24
5050.51
5012.53
5586.59
5665.72
5665.72
5000
4950.5
5602.24
4651.16
4228.33
289.143
286.738
3780.72
4158
1702.13
1464.13
1892.15
2024.29
1632.65
1623.38
2936.86
2366.86
2076.84
2793.3
3724.39
2832.86
2111.93
396.747
377.929
2022.24
4608.3
5050.51
5194.81
3802.28
3300.33
3875.97
4376.37
4784.69
4454.34
4640.37
5390.84
5509.64
5291.01
4694.84
4166.67
3649.64
3875.97
4705.88
4914
1337.79
801.925
1270.65
2832.86
3115.26
3284.07
1899.34
370.989
370.92
1774.62
2861.23
2869.44
2358.49
2663.12
3929.27
3623.19
3129.89
3327.79
3717.47
3913.89
4024.14
3629.76
3558.72
3921.57
4106.78
4338.39
4366.81
4175.37
3738.32
3752.35
4273.5
4608.3
4329
4291.85
4739.34
5012.53
4914
4065.04
3937.01
4415.01
4555.81
4728.13
5012.53
4750.59
4842.61
4405.29
3738.32
4237.29
3809.52
3558.72
4310.34
4683.84
4454.34
4618.94
4291.85
3759.4
3710.57
3802.28
3968.25
4123.71
4683.84
4694.84
4228.33
4175.37
3960.4
3656.31
4065.04
4705.88
4705.88
4672.9
4866.18
4535.15
4514.67
5037.78
5319.15
4807.69
4662
5076.14
5194.81
5420.05
5479.45
5277.05
5141.39
4192.87
3703.7
4184.1
4282.66
4395.6
4819.28
5128.21
5434.78
5494.51
5633.8
5681.82
5681.82
5633.8
5617.98
5235.6
5235.6
5649.72
5665.72
5479.45
5319.15
5208.33
5037.78
5089.06
5128.21
5076.14
4773.27
4830.92
5208.33
5277.04
5194.81
5102.04
5221.93
5115.09
4000
3780.72
4385.97
3831.42
3327.79
3868.47
4739.34
4807.69
4842.61
4901.96
4987.53
4366.81
4123.71
3984.06
4140.79
4987.53
5305.04
5420.05
5319.15
5319.15
5361.93
5390.84
5235.6
4705.88
4366.81
4576.66
5037.78
4166.67
3883.5
4545.45
4773.27
4454.34
4000
341.064
335.008
2911.21
3514.94
4255.32
4338.39
4073.32
4405.29
5249.34
5555.56
5681.82
5763.69
5813.95
5249.34
5181.35
5681.82
5747.13
5714.29
5649.72
5714.29
5763.69
4962.78
4618.94
5012.53
4878.05
5012.53
5376.34
5449.59
5540.17
5434.78
5376.34
5333.33
5405.41
5555.56
5037.78
5012.53
5509.64
5540.17
5665.72
5714.29
5714.29
5747.13
5494.51
5420.05
5617.98
5012.53
4962.78
5347.59
5376.34
5698.01
5698.01
5617.98
5586.59
4587.16
3853.56
4237.29
4566.21
4854.37
4319.65
3717.47
3875.97
4056.79
4444.44
40.9031
40.7515
2670.23
3205.13
3875.97
3861
3683.24
2915.45
1286.17
1154.73
1787.31
1974.33
2020.2
2645.5
4282.66
4535.15
4901.96
5665.72
5763.69
5780.35
5780.35
5649.72
5571.03
5649.72
4938.27
4494.38
3809.52
3616.64
3913.89
3738.32
3656.31
3490.4
3454.23
3853.56
4608.3
4081.63
3129.89
3072.2
3656.31
4065.04
4347.83
4166.67
4016.06
4484.31
4728.13
4210.53
3816.79
3960.4
4376.37
5000
5141.39
5025.13
5037.78
5235.6
4555.81
4089.98
4608.3
5128.21
4926.11
4962.78
5390.84
5540.17
5665.72
5763.69
5830.9
5698.01
5617.98
5763.69
5665.72
5050.51
4878.05
4672.9
4184.1
4434.59
5012.53
554.785
536.481
3514.94
4184.1
4566.21
4310.34
4319.65
4608.3
4705.88
4683.84
4597.7
4819.28
3883.49
3676.47
3795.07
3508.77
4065.04
4866.18
5102.04
5249.34
4914
4219.41
4140.79
4301.08
4444.44
299.625
291.036
2512.56
3267.97
1120.45
1024.59
1719.69
1663.89
2621.23
1574.8
638.162
713.776
2141.33
3125
3333.33
3081.66
3236.25
3710.57
3558.72
3731.34
3809.52
3831.42
3861
3623.19
3759.4
4237.29
1199.04
715.82
1058.2
2020.2
1953.13
576.868
476.531
1060.45
2066.12
2541.3
1982.16
2004.01
2254.79
1846.72
2212.39
2832.86
2805.05
1579.78
1152.07
1601.28
1586.04
1673.64
2805.05
3412.97
3616.64
3225.81
2721.09
2695.42
2222.22
1489.2
705.467
367.04
539.374
2998.5
2721.09
2747.25
2869.44
2971.77
2534.85
2350.18
2496.88
2463.05
2040.82
2229.65
3395.59
3710.57
3921.57
4132.23
4089.98
3875.97
4032.26
4132.23
4424.78
5181.35
5194.8
5025.13
4889.98
4938.27
4938.27
4796.16
4866.18
4728.13
4938.27
5509.64
5434.78
5291.01
5319.15
5405.41
5464.48
5540.17
5449.59
5076.14
4524.89
4640.37
511.117
499.002
2663.12
2751.03
3952.57
2600.78
2288.33
2758.62
1560.06
1588.56
2383.79
2865.33
4901.96
5128.21
5181.35
4338.39
3738.32
2998.5
2447.98
2205.07
2195.39
2415.46
2439.02
2380.95
2400.96
2881.84
3115.26
3016.59
2325.58
1860.47
2333.72
3344.48
4201.68
4975.12
4901.96
4807.69
4618.94
4504.5
4938.27
5181.35
5089.06
4683.84
3125
2721.09
3472.22
4115.23
4524.89
4629.63
4514.67
4255.32
3571.43
3289.47
2594.03
2512.56
3533.57
4454.34
4819.28
4901.96
5089.06
5050.51
4750.59
4728.13
5012.53
4524.89
4415.01
4672.9
4672.9
4545.45
4376.37
4640.37
4796.16
5025.13
4819.28
4166.67
3875.97
4184.1
4597.7
4683.84
4784.69
4545.45
4329
4555.81
4878.05
4975.12
5000
4672.9
4065.04
4065.04
4555.81
4950.5
5194.8
5319.15
4618.94
4255.32
4618.94
4796.16
4566.21
4739.34
4901.96
4938.27
721.501
658.111
2512.56
3442.34
3044.14
2312.14
2181.03
2141.33
2557.54
2512.56
2747.25
4255.32
4566.21
4750.59
4807.69
4975.12
5221.93
4662
4535.15
4938.27
5089.06
5194.8
4938.27
4246.28
4175.37
4694.84
4784.69
4819.28
4329
4291.85
4926.11
3552.4
2600.78
2638.52
3278.69
2754.82
2288.33
2600.78
3039.51
2617.8
2544.53
3289.47
4032.26
4987.53
4454.34
3992.02
4081.63
4338.39
4672.9
4255.32
3577.82
3816.79
4587.16
4950.5
5089.06
5076.14
5235.6
5319.15
5263.16
5277.04
4761.9
4651.16
5128.21
5319.15
4773.27
3861
3745.32
4016.06
3898.64
3838.77
4192.87
4184.1
4237.29
4761.9
4854.37
4098.36
3565.06
3546.1
3616.64
3816.79
3875.97
3696.86
3389.83
3129.89
3430.53
4264.39
4842.61
5115.09
5141.39
4319.65
4056.8
4566.21
4784.69
3649.64
3448.28
4366.81
4366.81
3937.01
3656.31
3929.27
739.919
720.202
3262.64
3338.9
3139.72
3257.33
3960.4
4158
4366.81
4750.59
4878.05
5050.51
5291.01
5141.39
4555.81
4830.92
5181.35
4228.33
4106.78
4750.59
4576.66
4566.21
4938.27
4705.88
4366.81
4040.4
4175.37
4629.63
5037.78
5479.45
5405.41
4376.37
4184.1
4889.98
4962.78
4914
4504.5
4514.67
5154.64
5361.93
4608.3
3861
3603.6
3795.07
3169.57
2886
3502.63
3546.1
3395.59
3590.66
3861
4008.02
3442.34
3521.13
4504.5
4854.37
4842.61
4395.6
4081.63
4651.16
5633.8
5665.72
5405.41
5141.39
5235.6
5524.86
5586.59
3086.42
2621.23
3968.25
5025.13
5361.93
5405.41
5420.05
5494.51
5494.51
5420.05
4535.15
4282.66
4524.89
4683.84
5208.33
5420.05
5586.59
5681.82
5714.29
5747.13
5797.1
5780.35
5714.29
5154.64
5208.33
5865.1
5934.72
5917.16
5665.72
5649.72
5730.66
5698.01
5730.66
4587.16
3616.64
3016.59
2911.21
3738.32
489.357
480.192
1705.03
1703.58
3565.06
4016.06
4132.23
3831.42
3597.12
3883.49
4640.37
4950.5
5025.13
5235.6
5524.86
5665.72
5390.84
5291
4683.84
4444.44
4938.27
4319.65
3773.59
4008.02
4629.63
5221.93
5405.41
5509.64
5050.51
4987.53
5464.48
5555.56
5649.72
5167.96
4807.69
5115.09
5277.04
5376.34
5434.78
4889.98
5012.53
5586.59
5649.72
5714.29
5698.01
5730.66
5747.13
5813.95
5714.29
4587.16
3484.32
3478.26
3361.34
3267.97
3418.8
3533.57
3952.57
3780.72
4008.02
4705.88
5037.78
4587.16
3780.72
3891.05
4464.29
3891.05
3034.9
3100.78
3824.09
4444.44
981.354
970.874
4395.6
4889.98
4761.9
4504.5
4773.27
4576.66
4807.69
5263.16
5390.84
5540.17
4514.67
4329
4938.27
4618.94
4784.69
5390.84
5649.72
5730.66
5797.1
5813.95
5763.69
5405.41
5479.45
5405.41
5194.8
5509.64
5665.72
5780.35
5449.59
5449.59
5847.95
4705.88
4444.44
4987.53
3906.25
3460.21
3944.77
4016.06
3610.11
3795.07
4434.59
4395.6
3703.7
3577.82
3875.97
3533.57
3824.09
4901.96
5089.06
5089.06
4987.53
5012.53
5420.05
5000
4889.98
5524.86
5698.01
5763.69
3853.56
2820.87
3407.16
4739.34
5235.6
5449.59
5037.78
5194.81
4246.28
3929.27
4385.97
4282.66
4106.78
3883.5
4434.59
4587.16
4301.08
4192.87
3898.64
4395.6
4938.27
4597.7
4683.84
4796.16
4889.98
4329
4385.97
4474.27
3937.01
4405.29
4926.11
4807.69
4914
4395.6
4366.81
4830.92
4830.92
4830.92
4024.14
3683.24
3205.13
2624.67
2971.77
3649.64
3773.58
3590.66
2801.12
3016.59
3053.44
2836.88
3717.47
4545.45
5128.21
5305.04
5361.93
5361.93
4819.28
4024.14
4347.83
4854.37
3802.28
3424.66
4282.66
5000
4705.88
4662
4576.66
4640.37
4739.34
4149.38
4385.97
4545.45
3921.57
3642.99
3436.43
3780.72
4405.29
4566.21
4576.66
4640.37
4750.59
4728.13
4415.01
4464.29
4739.34
4830.92
4901.96
4819.28
4750.59
4282.66
4319.65
4494.38
4228.33
4514.67
4319.65
4474.27
5000
3992.02
3724.39
3552.4
3436.43
3597.12
3527.34
3105.59
3120.12
3703.7
3710.57
3546.1
3577.82
3968.25
4201.68
3745.32
3824.09
4535.15
4158
4098.36
4576.66
4950.5
4385.97
4291.85
4854.37
4192.87
4301.08
4950.5
4237.29
3663
3824.09
4672.9
5128.21
4210.53
4310.34
4926.11
4750.59
4773.27
4854.37
4807.69
4535.15
4629.63
4914
5037.78
3861
3378.38
4158
5012.53
5000
4291.85
3603.6
4048.58
4366.81
4434.59
5167.96
4866.18
4962.78
4842.61
4750.59
4926.11
4914
3610.11
3053.44
2732.24
2325.58
1895.73
1415.43
1508.3
2200.22
2898.55
3636.36
4273.5
3968.25
3861
4454.34
4784.69
4672.9
4672.9
4728.13
4878.05
4950.5
4926.11
4889.98
4484.31
4464.29
4587.16
4424.78
4140.79
4424.78
5012.53
3875.97
3913.89
4728.13
4618.94
4494.38
4089.98
3984.06
4672.9
5249.34
3802.28
3169.57
3960.4
4830.92
4716.98
4444.44
3883.49
3809.52
4597.7
5376.34
4424.78
88.2106
88.3509
3846.15
3407.16
3610.11
3676.47
4115.23
4889.98
4640.37
4672.9
4705.88
3690.04
3344.48
3816.79
3802.28
3669.73
3623.19
3787.88
4264.39
4545.45
3868.47
3067.48
2635.05
2773.93
2444.99
2301.5
2403.85
2134.47
1012.15
906.208
1686.34
2762.43
4535.15
4192.87
4329
4357.3
3992.02
4524.89
4357.3
4310.34
4219.41
4395.6
4830.92
4140.79
4291.85
4385.97
3921.57
4545.45
4796.16
4608.3
4830.92
4705.88
4672.9
4434.59
4464.29
4694.84
4175.37
4098.36
4347.83
4158
4228.33
4608.3
4683.84
4618.94
4158
3875.97
4555.81
5076.14
4830.92
4555.81
4301.08
4040.4
4504.5
3384.09
2770.08
2844.95
2400.96
633.714
637.349
2958.58
3703.7
3395.59
4000
4662
4073.32
4228.33
4338.39
2219.76
1881.47
2754.82
3284.07
3344.48
3072.2
3053.44
3616.64
3960.4
3861
3759.4
3787.88
3590.66
3690.04
3960.4
3466.2
3048.78
3125
3418.8
3649.64
4255.32
4854.37
4219.41
3868.47
3831.42
3795.07
3745.32
4201.68
4889.98
4705.88
4219.41
3913.89
4273.5
3891.05
3350.08
3436.43
3642.99
3597.12
3703.7
4032.26
4032.26
3831.42
3584.23
3262.64
3759.4
4938.27
3577.82
3338.9
4123.71
4597.7
5494.51
5649.72
5730.66
5747.13
5780.35
5780.35
5747.13
5797.1
5830.9
5434.78
5509.64
6006.01
6024.1
6006.01
5988.02
5970.15
5952.38
5934.72
5899.7
5479.45
5524.86
6042.3
3731.34
3189.79
3906.25
3952.57
3861
4246.28
4901.96
4694.84
3906.25
4166.67
4739.34
4514.67
5141.39
5128.21
4830.92
4683.84
4629.63
4796.16
4866.18
4651.16
4987.53
5305.04
4866.18
3838.77
3034.9
3350.08
3906.25
2967.36
1578.53
1538.46
1851.85
1481.48
2053.39
3539.82
3616.64
4149.38
4357.3
4464.29
4662
4282.66
4405.29
4524.89
3802.28
4329
5524.86
5221.93
4210.53
4357.3
4683.84
4566.21
4854.37
4728.13
4514.67
4962.78
5025.13
4694.84
4291.85
3690.04
2433.09
1800.18
2298.85
4056.79
4651.16
3868.47
4040.4
4494.38
4081.63
4273.5
4854.37
4683.84
4149.38
4319.65
4357.3
4210.53
4716.98
643.915
623.83
3616.64
3752.35
4065.04
4166.67
4219.41
4842.61
4728.13
4424.78
4694.84
4629.63
4651.16
4192.87
4008.02
4524.89
4424.78
4739.34
4773.27
4807.69
3696.86
3787.88
5037.78
4901.96
4750.59
4629.63
4728.13
4310.34
4357.3
4962.78
4830.92
4514.67
4962.78
5154.64
4784.69
4889.98
4854.37
4950.5
4376.37
4376.37
4901.96
4545.45
4587.16
3539.82
2074.69
2195.39
3883.5
4750.59
4192.87
3861
3853.56
2460.02
801.925
797.13
2155.17
3338.9
3984.06
3454.23
3278.69
3502.63
4246.28
3944.77
3284.07
3361.34
3496.5
3454.23
3502.63
3766.48
3759.4
3436.43
3129.89
3159.56
3809.52
4640.37
4566.21
4854.37
5524.86
5555.56
5464.48
5479.45
5617.98
5089.06
4784.69
3816.79
1883.24
1996.01
4319.65
5181.35
5376.34
5479.45
4454.34
4056.8
4566.21
4597.7
4761.9
5154.64
4938.27
4938.27
5376.34
5235.6
4514.67
4424.78
4807.69
4889.98
4950.5
4950.5
4651.16
4282.66
4089.98
4484.31
5319.15
5479.45
5434.78
5089.06
4914
5235.6
5089.06
2890.17
2607.56
4048.58
4889.98
5089.06
5102.04
5235.6
5571.03
3787.88
3338.9
4273.5
4016.06
4246.28
4889.98
4672.9
4210.53
4376.37
4866.18
4273.5
4264.39
4192.87
3937.01
4347.83
4705.88
4842.61
4938.27
4291.85
4376.37
5012.53
4728.13
4618.94
4728.13
4464.29
4081.63
3952.57
4444.44
4938.27
4329
4000
4545.45
5390.84
5141.39
4842.61
4056.79
3875.97
2372.48
1607.72
1313.2
1194.03
1148.77
1391.79
2894.36
4008.02
4056.79
4166.67
4264.39
4830.92
4651.16
4192.87
4357.3
4878.05
4694.84
4662
3846.15
3490.4
3514.94
3533.57
3816.79
3824.09
3039.51
3044.14
3710.57
4201.68
4175.37
4255.32
4608.3
4338.39
4640.37
4773.27
4329
4395.6
4310.34
3773.58
4291.85
4338.39
4464.29
4807.69
4854.37
5115.09
4901.96
4773.27
3929.27
3412.97
2617.8
1576.04
1309.76
1755.93
3053.44
4310.34
4040.4
4032.26
4662
4694.84
4694.84
3984.06
2406.74
1857.01
2463.05
3490.4
3816.79
4228.33
3921.57
3766.48
4158
4629.63
4587.16
4651.16
4106.78
3454.23
3367
4140.79
4926.11
4842.61
4329
4444.44
4796.16
4032.26
4175.37
4494.38
4405.29
4434.59
4555.81
4319.65
4329
4962.78
4255.32
3853.56
4282.66
4683.84
4842.61
4640.37
4683.84
4282.66
3656.31
3696.86
3571.43
3717.47
4728.13
5524.86
5665.72
5649.72
4962.78
4739.34
3164.56
2150.54
2409.64
3252.03
3984.06
3937.01
3636.36
4282.66
4524.89
4149.38
4376.37
4301.08
3724.39
4149.38
4901.96
4166.67
4219.41
4376.37
4524.89
3663
2361.27
2600.78
4201.68
4830.92
4796.16
4938.27
4819.28
4796.16
4415.01
4415.01
4728.13
4310.34
4140.79
4405.29
4264.39
4347.83
4640.37
4166.67
4376.37
4535.15
4576.66
4291.85
4246.28
4901.96
5154.64
4524.89
4494.38
4545.45
4210.53
4796.16
2724.8
1800.18
1375.52
1252.35
1790.51
2936.86
3921.57
4219.41
4357.3
4761.9
4255.32
3937.01
4504.5
4555.81
4376.37
4728.13
4282.66
3937.01
3816.79
3502.63
3100.78
2923.98
3311.26
3610.11
3149.61
3062.79
3257.33
3472.22
3527.34
3350.08
2574
1796.95
2120.89
3007.52
2785.52
2758.62
3154.57
3629.76
3407.15
3466.2
3629.76
3636.36
1809.95
695.652
834.028
2721.09
2836.88
3676.47
4535.15
3616.64
3129.89
3418.8
3378.38
3361.34
4115.23
4819.28
4597.7
4750.59
5524.86
5780.35
5813.95
5780.35
4608.3
4545.45
5665.72
5730.66
5681.82
5128.21
5167.96
4319.65
4056.8
5128.21
5479.45
5633.8
5649.72
5698.01
5797.1
5797.1
5333.33
5376.34
5934.72
5970.15
5917.16
5917.16
5952.38
5934.72
5882.35
5747.13
4830.92
3262.64
2460.02
3048.78
4938.27
5420.05
4854.37
3577.82
3169.57
2166.85
1561.28
1454.55
1648.8
2053.39
2496.88
3656.31
4395.6
4282.66
4464.29
4651.16
4618.94
4640.37
4291.85
4338.39
4773.27
4773.27
4819.28
4319.65
4405.29
4854.37
4672.9
4716.98
4705.88
4514.67
4597.7
4357.3
3992.02
4228.33
4535.15
4672.9
4683.84
4210.53
3984.06
4484.3
4132.23
3284.07
3169.57
3724.39
3952.57
3913.89
4494.38
4975.12
4219.41
4024.14
4773.27
4728.13
4089.98
4024.14
4329
3913.89
3205.13
2998.5
3012.05
3246.75
3448.28
3418.8
3603.6
3703.7
3787.88
3861
4405.29
4385.97
2994.01
2447.98
2656.04
3546.1
3717.47
3738.32
4662
4219.41
3875.97
4464.29
4975.12
4728.13
4773.27
4705.88
4761.9
4728.13
4716.98
5037.78
5063.29
5076.14
1039.5
1014.71
4395.6
4662
4587.16
3898.64
3311.26
3773.58
4535.15
4016.06
3898.64
4301.08
4535.15
4040.4
3787.88
3809.52
3430.53
2816.9
2735.98
2881.84
2518.89
2971.77
3338.9
2695.42
3159.56
644.122
590.667
2244.67
2262.44
2525.25
3389.83
3508.77
3623.19
3273.32
3159.56
3034.9
2463.05
2430.13
3144.65
4219.41
4474.27
4158
4854.37
4694.84
4291.85
3344.48
3159.56
3616.64
3571.43
3642.99
4140.79
3802.28
3610.11
4347.83
4608.3
3629.76
3053.44
2478.31
1994.02
1958.86
2267.57
3120.12
3745.32
3816.79
4255.32
3367
3021.15
3745.32
3072.2
2941.18
3521.13
2344.67
1694.92
1692.05
2352.94
3502.63
4048.58
4796.16
4566.21
4514.67
4434.59
4310.34
4576.66
5050.51
4662
4405.29
4514.67
4158
3316.75
3389.83
4376.37
4618.94
4464.29
4089.98
4255.32
4484.31
4415.01
4854.37
3407.16
3205.13
4444.44
4819.28
4494.38
3838.77
3448.28
3372.68
3389.83
3717.47
4424.78
4484.3
3003
2836.88
3076.92
2600.78
3169.57
4618.94
5102.04
5102.04
5405.41
5602.24
3225.81
2832.86
4149.38
4926.11
5420.05
5128.21
5181.35
5698.01
5747.13
5780.35
5813.95
5847.95
4784.69
3976.14
4081.63
4184.1
3929.27
4166.67
4587.16
4807.69
5333.33
5617.98
5714.29
5747.13
5747.13
5780.35
5333.33
5376.34
5952.38
5970.15
5970.15
5934.72
5917.16
5970.15
5988.02
5952.38
5934.72
5390.84
5115.09
5319.15
5249.34
5291.01
5494.51
5555.56
5586.59
5540.17
5291.01
5319.15
5128.21
5263.16
5917.16
6006.01
5970.15
5698.01
5089.06
4166.67
3853.56
3921.57
3731.34
3484.32
3584.23
4166.67
4608.3
4761.9
1174.4
1061.57
2607.56
2923.98
3273.32
3766.48
4123.71
3809.52
4301.08
4878.05
4264.39
3929.27
1904.76
1752.85
3378.38
3527.34
3533.57
3831.42
3984.06
3780.72
3252.03
3710.58
4310.34
1560.06
1291.99
2325.58
3012.05
3478.26
4264.39
5089.06
4008.02
3597.12
3597.12
3663
3179.65
1327.14
1094.69
2051.28
3252.03
3436.43
3787.88
3200
3262.64
4000
4115.23
4264.39
4866.18
4535.15
4115.23
3968.25
3838.77
3327.79
3174.6
3278.69
3521.13
4115.23
3952.57
4040.4
4504.5
3780.72
3490.4
3683.24
4264.39
4878.05
4975.12
4347.83
4201.68
4694.84
4651.16
4640.37
3669.72
2164.5
1673.64
2096.44
2699.06
2610.97
3086.42
4149.38
3616.64
2469.14
1547.99
1404.49
1594.9
1892.15
2836.88
3766.48
4098.36
4273.5
4716.98
4597.7
4535.15
4246.28
3584.23
3898.64
4494.38
4524.89
4587.16
4514.67
4796.16
5000
5263.16
5390.84
5128.21
3838.77
3407.15
4132.23
4329
4282.66
4504.5
4524.89
4796.16
4761.9
4728.13
4705.88
4310.34
3846.15
4255.32
4962.78
4854.37
4914
4878.05
4301.08
4514.67
5115.09
4716.98
3929.27
3960.4
4608.3
4291.85
4640.37
4889.98
4282.66
4395.6
4000
3898.64
4132.23
2785.52
2518.89
3327.79
3809.52
3514.94
780.64
760.746
2677.38
3081.66
3502.63
3091.19
3174.6
3210.27
3105.59
3623.19
3780.72
3773.59
4158
4237.29
1712.33
1500.38
2336.45
2677.38
3484.32
3710.57
4132.23
4784.69
4255.32
3891.05
3350.08
3521.13
3690.04
3294.89
4032.26
4854.37
4975.12
5141.39
5249.34
4149.38
3838.77
4424.78
3412.97
2797.2
2702.7
2754.82
2812.94
2890.17
3642.99
4201.68
4000
4048.58
4395.6
4555.81
4395.6
4048.58
4228.33
4366.81
3636.36
3521.13
3875.97
4376.37
5194.8
5540.17
5698.01
5221.93
5291
5934.72
5813.95
5714.29
5747.13
5730.66
4683.84
4184.1
4683.84
4830.92
4514.67
4694.84
5277.05
5361.93
5277.04
5128.21
5221.93
5115.09
5115.09
5208.33
5025.13
4728.13
4914
5464.48
5167.96
5291.01
5479.45
5319.15
5319.15
5154.64
4842.61
4761.9
4395.6
4535.15
5141.39
5012.53
3521.13
3115.26
3021.15
2840.91
954.654
782.167
1469.51
1672.24
1477.1
1839.93
2301.5
2522.07
3105.59
2344.67
2398.08
2670.23
3081.66
4329
4115.23
4089.98
4246.28
4132.23
4149.38
4338.39
4640.37
4555.81
4166.67
3921.57
3906.25
4210.53
4830.92
4587.16
4587.16
4761.9
4008.02
4016.06
4175.37
3846.15
3861
3636.36
4098.36
4192.87
3696.86
1890.36
1439.88
1712.33
2098.64
2967.36
3745.32
2777.78
2607.56
3913.89
4098.36
4089.98
4807.69
4773.27
4073.32
4301.08
4854.37
4662
4739.34
4524.89
4535.15
4914
5000
3012.05
2028.4
2466.09
3984.06
4651.16
4672.9
4796.16
4576.66
4587.16
4914
4987.53
4938.27
4975.12
5000
1049.32
1044.39
4329
4065.04
4032.26
4347.83
3968.25
3105.59
2894.36
2020.2
1554
1246.11
1381.22
2152.85
2624.67
3809.52
4494.38
4149.38
4395.6
4210.53
3533.57
3731.34
3891.05
3992.02
4683.84
3883.5
3868.47
4750.59
4444.44
4464.29
4705.88
4201.68
3883.5
4405.29
4640.37
4830.92
4587.16
4464.29
5000
4716.98
4796.16
4878.05
5050.51
4474.27
3322.26
3305.79
3384.09
2949.85
3257.33
4310.34
5089.06
3898.64
3350.08
4255.32
4366.81
4098.36
4175.37
3809.52
3696.86
3034.9
2162.16
1686.34
1506.02
1792.11
2754.82
3642.99
4149.38
4651.16
3952.57
3780.72
4366.81
4454.34
4024.14
3738.32
3759.4
4032.26
4106.78
4132.23
3703.7
3125
3025.72
3472.22
3853.56
3929.27
4246.28
4366.81
4545.45
4608.3
4640.37
4608.3
4132.23
3021.15
2699.06
3179.65
3436.43
3189.79
3508.77
3058.1
1715.27
1906.58
4032.26
4301.08
3831.42
4405.29
4149.38
3252.03
1483.68
1012.15
1168.22
1803.43
3086.42
3407.16
3053.44
3361.34
4123.71
3590.66
3338.9
3731.34
4376.37
4494.38
4819.28
4878.05
4024.14
3676.47
3683.24
3752.35
4175.37
4210.53
4357.3
4255.32
4175.37
4683.84
4694.84
4405.29
4728.13
5063.29
4975.12
4454.34
4040.4
4415.01
3875.97
3294.89
3372.68
4132.23
4454.34
4246.28
4587.16
3372.68
2824.86
3284.07
3921.57
4016.06
3472.22
2747.25
2044.99
2120.89
2659.57
2971.77
3241.49
3284.07
3412.97
3316.75
3514.94
4338.39
4975.12
3527.34
2797.2
3490.4
4048.58
3816.79
3868.47
4048.58
4395.6
4484.3
4866.18
4889.98
4310.34
3992.02
3590.66
3724.39
4024.14
4032.26
3944.77
3597.12
3831.42
4597.7
5000
2469.14
2063.98
3139.72
3418.8
3883.49
5025.13
4301.08
4291.85
5167.96
5263.16
5000
3752.35
3623.19
4149.38
4750.59
4555.81
4494.38
5181.35
3246.75
1982.16
1823.15
2361.28
2724.8
688.942
644.745
1611.6
2004.01
2941.18
3169.57
3663
3906.25
3960.4
4210.53
3937.01
4123.71
4889.98
5025.13
5076.14
2447.98
2061.86
2600.78
2789.4
3527.34
4140.79
4016.06
4032.26
4728.13
4796.16
4750.59
4210.53
4494.38
5102.04
4889.98
4926.11
4651.16
4484.31
4694.84
3696.86
3656.31
4807.69
5063.29
4454.34
3656.31
3738.32
4319.65
3527.34
3194.89
4016.06
4514.67
4140.79
4201.68
4201.68
4264.39
4587.16
4555.81
4629.63
4347.83
3780.72
3412.97
1614.2
1556.42
3044.14
3472.22
3539.82
3514.94
3300.33
3081.66
2773.93
2932.55
3846.15
3552.4
3521.13
3496.5
3752.35
4889.98
4878.05
4830.92
3976.14
3442.34
3490.4
3384.09
3690.04
3968.25
3546.1
3521.13
3780.72
3539.82
3597.12
3044.14
2515.72
1403.51
1192.61
1710.86
2074.69
1790.51
1471.67
1865.67
2954.21
3584.23
3490.4
3853.56
4950.5
4819.28
4115.23
3846.15
4424.78
4938.27
3316.75
2998.5
4140.79
4454.34
4415.01
4149.38
4357.3
4987.53
4201.68
4405.29
2564.1
1828.15
2770.08
3442.34
2861.23
3565.06
4716.98
5089.06
4962.78
4819.28
4889.98
4629.63
4608.3
4854.37
4889.98
4434.59
3558.72
2728.51
2770.08
3521.13
2971.77
2735.98
3717.47
4640.37
4926.11
4282.66
3891.05
4662
5063.29
4597.7
4629.63
5037.78
3184.71
2886
4246.28
3355.7
3215.43
4705.88
5361.93
5333.33
5333.33
5494.51
5633.8
5524.86
5509.64
5571.03
5115.09
4089.98
3853.56
4424.78
4878.05
5076.14
5194.8
4184.1
3937.01
4597.7
4705.88
4901.96
4545.45
4694.84
5405.41
5376.34
5167.96
4310.34
3333.33
3003
3372.68
4357.3
5263.16
3703.7
3731.34
5698.01
5780.35
5665.72
5665.72
5698.01
5730.66
5847.95
5830.9
5714.29
5235.6
5181.35
5449.59
4484.3
4246.28
4878.05
4866.18
4889.98
5012.53
5037.78
4608.3
4566.21
5076.14
5076.14
5050.51
4454.34
4089.98
4056.79
4264.39
4901.96
4662
4424.78
4494.38
4651.16
4310.34
4098.36
4545.45
4728.13
4484.31
4672.9
5347.59
5449.59
5076.14
5221.93
4914
4535.15
4705.88
5000
5524.86
5434.78
5479.45
5698.01
5747.13
5333.33
5390.84
5934.72
5934.72
5917.16
5952.38
5988.02
5970.15
5952.38
5952.38
5917.16
5464.48
5509.64
5970.15
5988.02
5988.02
5899.71
5524.86
4192.87
3766.48
4454.34
5181.35
5235.6
5449.59
6006.01
6006.01
5813.95
5830.9
6006.01
5797.1
5649.72
4854.37
3724.39
2433.09
1636.66
1489.2
1427.55
1874.41
3442.34
3861
4273.5
4608.3
4914
4454.34
4444.44
4291.85
4444.44
5102.04
4830.92
4773.27
4175.37
4319.65
