2.70424
16.8905
18.5477
20.8468
17.5208
14.1438
16.4034
21.0781
20.488
19.9253
20.0906
20.3009
20.5389
20.5704
19.9041
20.2108
20.528
20.0317
19.2273
19.154
20.1863
19.9714
19.3435
19.7523
19.1391
18.758
19.7143
20.0445
20.3112
20.6137
19.9473
19.7213
20.0266
19.8446
19.4231
19.7887
20.7033
20.577
19.3168
18.6164
19.4562
20.2239
19.7476
19.5339
19.91
19.6061
18.0603
16.7789
17.6188
18.0545
16.9175
16.948
18.7762
19.6916
18.8558
19.311
19.8356
17.4948
17.3082
19.7541
20.1471
19.7804
19.2834
19.5536
20.0124
19.8991
19.3729
19.3729
19.8924
19.1988
19.0369
19.3267
19.5542
20.0409
19.3336
19.3611
19.2173
18.6398
19.0523
19.4624
19.9346
19.4097
18.7931
19.4348
20.0602
19.802
19.2808
19.5948
20.0731
19.513
18.5623
18.7059
19.6444
19.5374
19.0454
19.1426
19.5873
19.5055
19.7017
19.9926
20.0789
19.9469
19.1955
19.3143
20.0327
19.5318
18.5706
18.8239
19.6746
19.5496
19.0228
18.9921
19.4562
19.6616
19.0794
18.6095
19.339
19.5061
18.504
18.877
19.474
18.5905
18.7289
19.5076
19.613
18.9914
18.7545
19.2606
19.5238
18.8042
18.1683
18.7795
19.0614
18.3584
18.2815
19.0152
19.2702
18.8608
18.1496
18.5813
19.2378
18.5364
18.6192
19.4611
19.1077
18.0567
18.0781
18.8927
18.7749
18.4264
18.3955
18.8083
18.2495
17.5892
18.2764
18.5274
18.051
18.426
18.8893
18.9878
18.4517
18.0507
18.7945
18.8299
18.2043
18.0721
18.4333
18.5213
18.1141
18.1754
18.256
17.671
17.1942
17.9803
18.7519
18.3326
17.7355
17.7005
18.4669
18.2355
17.9237
18.3236
18.5775
17.8501
17.6828
18.4096
18.5995
17.7669
17.0886
16.9667
16.8791
16.0078
15.8651
16.4376
15.5121
16.3883
18.1186
17.483
17.3969
17.7715
17.8618
17.3385
17.4254
18.262
17.9041
16.6358
16.3853
17.4859
17.6426
17.303
17.7835
18.123
17.6362
17.4721
17.9237
18.1538
17.1725
17.1696
18.0323
17.6543
16.6254
17.1145
18.0649
16.3228
16.0729
17.5177
17.683
17.4537
17.1466
17.1603
17.1809
17.2694
17.5274
17.5586
16.9696
16.7273
17.3276
16.8405
16.9182
17.627
17.1883
16.5102
16.7932
17.0435
16.4694
16.2684
16.4528
15.6879
14.8756
14.7437
15.7686
16.951
17.0048
17.4195
16.9515
17.1151
17.7787
17.1226
16.4214
16.3944
16.7569
16.6335
16.8257
17.5148
17.4525
16.8414
16.8288
17.0632
16.4807
16.3693
16.7356
17.2301
16.5659
16.021
16.9387
16.8674
16.5715
16.8251
16.786
16.5664
16.5515
16.7784
16.5345
16.4705
16.7653
16.4577
16.3567
16.5004
16.6781
16.3469
15.9663
16.438
16.4619
15.7959
16.0823
16.9258
16.6428
16.0218
16.3536
16.7621
16.5304
16.5166
16.2065
15.8092
16.1815
16.6985
16.0529
15.5743
16.2118
16.0331
15.7147
16.2705
16.5225
15.8062
15.8733
16.6373
16.4297
15.9588
16.4692
16.7515
15.4982
14.5833
13.6682
12.9764
12.9902
13.6191
14.66
15.7403
16.231
16.3834
16.4768
16.5579
16.0578
15.7325
16.2069
15.748
15.7658
15.7674
15.7228
15.5017
15.5572
16.3112
15.4971
15.3355
15.9779
15.7439
15.5589
15.6831
15.514
15.6697
16.0688
15.5762
15.6935
16.0146
15.8865
15.3961
15.534
16.1169
15.583
15.4955
15.6913
15.2861
15.2767
15.9895
16.0945
15.7157
15.8452
16.0055
15.6204
15.0675
15.2687
15.817
15.7908
15.815
15.5116
15.3028
15.742
15.6914
15.0401
15.2788
15.9114
15.3943
15.2417
15.6465
14.6681
14.664
15.8518
15.3094
14.2575
14.7431
15.4371
15.1898
15.3384
15.2603
15.2672
15.2857
14.6772
14.6972
15.2258
14.6934
14.392
15.404
16.0675
15.0803
15.0231
15.7178
15.2253
14.728
14.8166
13.957
13.5126
13.6957
13.4412
14.3318
15.0262
13.9524
14.2804
15.5735
14.752
14.6677
15.514
15.3452
15.0873
15.4102
14.9273
14.4043
14.7791
14.9098
14.935
14.4406
14.0152
14.6219
15.3606
15.28
15.1184
15.2812
15.085
14.6898
14.4375
14.5275
14.6765
14.6532
14.0612
13.7431
14.3314
14.4286
14.8999
15.4221
14.5733
14.4907
15.1846
14.9337
14.2851
14.7229
14.9691
14.4859
14.7005
14.8238
14.4389
14.4138
14.6404
14.7563
15.096
14.9398
13.9449
14.0308
15.2387
14.8442
14.5133
15.3965
14.8572
14.4606
14.7507
14.3255
14.1163
13.6475
12.4679
12.0441
12.2997
12.9562
14.2873
14.3963
14.0389
14.5086
14.2628
14.2238
14.6997
14.2478
13.745
14.3575
14.2491
13.9908
14.5397
13.9244
13.8791
14.288
13.8673
13.9535
14.4506
14.0383
13.9277
13.9333
13.5522
13.9832
13.8643
13.6542
14.0865
14.4237
14.6197
14.5377
14.0698
13.6638
14.1026
13.9438
14.1249
14.4892
14.0572
13.9106
14.1143
13.5171
13.5008
14.0051
13.6028
14.1559
14.2361
13.9312
14.4545
14.0026
13.3251
13.7633
13.4878
13.4959
14.2903
14.2961
14.3426
14.3237
13.7451
13.8595
14.0827
12.244
11.4149
11.7271
11.9947
13.3092
13.805
13.6101
14.2479
14.0222
13.8496
14.3113
13.9448
13.7878
13.9562
13.8165
14.0072
13.9458
13.4886
13.7255
14.0797
13.5417
13.5082
13.7491
13.8588
13.9486
13.4913
13.7051
14.1983
13.3439
13.4295
14.3748
13.3628
13.0076
13.5525
13.3955
13.4151
13.4584
13.2518
13.391
13.3129
13.3626
13.3027
13.1222
13.7638
13.3601
12.9222
13.6039
13.1113
12.9668
13.9476
13.5489
12.8486
13.175
13.157
13.0773
13.1934
13.2238
13.267
13.0807
13.1455
13.2897
13.1882
13.2355
13.7923
13.3202
13.1588
13.3983
13.091
13.5179
13.1912
12.4899
12.7845
13.3083
13.4844
12.1663
11.6204
12.0682
11.4593
11.5701
12.3135
12.3498
12.8635
13.1299
12.84
13.0504
12.7264
12.6605
13.0278
13.1042
13.2725
13.263
13.4669
13.6386
13.0841
12.9481
13.0966
12.8251
12.9271
12.393
12.4927
13.4265
12.6003
12.6003
12.9906
12.9288
13.2418
12.8499
12.5943
13.1185
12.7792
12.8802
13.2885
12.5029
12.9077
12.8689
12.6941
12.9132
12.2907
12.7879
13.2313
12.7627
12.7196
12.5207
12.5213
12.8815
12.3179
12.3437
12.6601
12.451
12.7867
11.2857
10.5199
10.4149
10.6252
11.7788
12.3744
12.8157
12.0846
12.1423
12.8338
12.9904
12.738
12.1232
12.6252
13.3253
12.3757
11.9421
12.101
12.3648
12.9024
12.5201
12.556
12.486
12.603
12.6764
11.75
11.9312
12.1072
11.8025
12.2621
11.754
11.7351
12.7268
12.6606
12.6729
12.4947
11.9652
12.5213
12.8401
12.2314
11.9418
12.4418
12.6781
11.9653
12.075
12.2566
12.2867
12.754
12.4452
12.3923
12.3861
11.8508
12.0881
12.2205
11.8446
11.2904
10.9478
10.9488
10.5801
10.5069
11.1323
11.784
12.0378
12.5381
12.4268
12.0093
12.2664
12.0514
12.1681
12.5207
11.6315
11.2674
12.0344
12.2328
12.0773
11.949
11.7058
11.5502
11.9833
12.404
11.922
12.3881
12.4482
11.958
12.2341
11.2571
11.1628
12.3326
12.0151
11.877
11.6443
11.2269
11.0046
11.623
12.4668
11.5877
11.8055
11.7455
11.5817
11.8785
10.9888
11.5154
12.0463
11.793
11.8813
11.9511
12.3622
11.4574
11.1798
11.368
10.8876
10.9739
11.3425
11.8926
11.9273
12.0953
12.1294
11.4884
11.584
11.7725
12.0969
11.2236
10.9133
11.3915
11.084
11.6653
11.6127
11.5267
11.9952
11.6654
11.4241
11.4004
11.6508
11.7504
11.5475
11.5302
11.4011
11.678
11.5056
11.4686
11.3635
11.1923
11.7461
11.4594
11.7308
11.641
11.0536
10.9131
11.0472
11.4075
11.5404
11.9453
11.8449
11.8048
11.5489
10.9278
11.3911
11.1485
10.9855
10.924
10.4909
10.4739
10.4206
9.9458
10.4739
11.7156
11.3742
11.6613
10.9905
10.3095
10.7115
11.4563
11.6
11.3547
11.3718
10.9555
11.2012
11.5266
11.0608
10.9639
11.4207
11.4709
10.8261
10.8167
11.0245
11.2628
10.9223
9.7444
9.42854
9.4205
9.55
10.4164
11.1148
11.0072
11.3671
10.897
10.738
11.2475
11.056
11.2879
11.2438
11.3196
11.3807
11.3633
11.2686
10.9943
11.3584
11.1133
10.879
10.7278
10.9646
11.2204
10.5424
10.0814
10.7138
11.5748
10.9937
10.8648
10.7402
10.6759
10.5191
10.2719
10.5012
10.4647
10.6441
10.584
10.8048
11.0747
10.7951
10.5714
11.0267
10.9632
10.4291
10.6954
10.6942
11.2016
11.3724
10.7711
10.505
11.1506
11.568
10.8673
10.8571
9.73421
8.97545
9.16817
9.46284
10.3557
11.2
10.9415
10.6978
10.6775
10.9019
10.4052
10.1731
10.5961
10.7951
10.9324
10.6226
10.5896
10.6769
11.0102
10.6266
10.7756
10.6907
10.3816
10.5933
10.4921
10.0764
10.0464
10.7179
10.7335
10.0403
9.93537
9.90908
10.0148
10.8988
10.7285
10.7253
10.8855
10.5033
10.0825
10.3093
10.9932
10.7236
10.7599
10.656
10.5918
10.5763
10.267
10.0177
10.1281
9.91385
10.2302
10.7757
10.4908
9.81875
9.57744
9.74099
10.197
10.4704
9.52571
8.9767
9.14813
9.36444
9.89315
10.3146
10.3315
10.5352
10.5478
10.8506
10.252
9.89565
10.2107
10.4778
10.4179
10.253
10.1324
10.2016
10.4167
10.28
10.395
10.6415
10.3518
9.97476
10.4116
10.239
9.83719
9.82888
10.1504
10.3481
10.3156
10.4932
10.431
10.2898
10.1166
9.56503
9.54012
10.1119
10.1035
9.71326
9.85498
10.2133
10.3361
10.6454
10.4102
10.21
9.55443
9.01319
8.57718
8.89795
10.1262
10.2226
9.68842
9.97153
10.6078
10.2065
9.92334
9.97292
9.83637
10.0745
10.0405
9.73876
10.1113
10.4289
10.1099
10.0819
10.0546
9.59265
9.60449
10.0663
10.0485
9.77059
9.58731
9.85222
10.276
10.228
9.97292
9.81658
9.73558
9.32375
8.33354
8.36624
8.95355
9.4353
9.8633
9.6645
9.69692
9.69716
9.95233
10.3232
9.57295
8.88123
9.3576
9.91822
9.25879
9.14353
9.73421
9.78531
9.94985
9.82304
9.66095
9.90506
9.88733
10.0693
9.92694
9.63373
9.53103
9.91464
9.91301
9.7061
10.3325
10.0155
9.55301
8.36806
7.987
9.3067
10.0403
9.09703
9.23451
9.48016
9.12434
9.37849
9.88792
9.903
9.82415
9.62089
9.34693
9.34283
9.51461
9.69612
9.69645
10.0259
9.50688
8.74902
9.11885
9.85314
9.90609
9.80926
9.95178
9.75853
9.42396
9.70765
9.76157
9.7777
9.86247
8.43455
7.70558
8.21264
9.25935
9.65223
9.55311
9.49505
9.50905
8.99159
8.8248
9.66081
9.57011
9.53871
9.1784
8.93563
8.92622
9.38487
9.72049
9.2798
9.14537
9.42321
9.79744
9.76505
9.82704
9.86446
9.35664
9.4798
9.72914
9.67375
9.55251
9.43321
9.56133
9.43378
9.12488
9.41225
9.45792
9.30856
9.52798
9.51475
8.99896
8.65816
8.47688
8.2199
8.47616
9.11141
9.52472
9.28393
9.40482
9.49429
9.49478
9.6432
9.6547
9.68274
9.66688
9.2199
9.08893
9.40849
9.54741
9.28453
9.42147
9.65829
9.31793
8.44652
8.63237
9.18809
9.3482
9.08484
8.76682
8.98598
8.49816
8.04839
7.71751
7.88494
8.65801
8.83228
8.84693
8.71889
8.64088
8.70966
8.71448
8.496
8.36572
9.07104
9.17339
8.87422
8.88838
8.78179
8.58211
8.74684
8.61278
7.60384
7.5765
7.9484
8.26098
8.63662
8.49466
8.44491
8.67939
8.91142
8.4046
8.22554
8.46081
8.32518
8.63424
9.20789
9.15919
9.02051
9.12746
9.10569
8.8572
8.44559
8.57537
8.62318
8.39937
8.87682
8.75649
8.77536
8.4772
8.29569
8.90476
8.81986
8.6067
8.65554
8.56803
8.39867
8.66176
8.83139
8.80902
8.71931
7.9103
7.69761
7.71078
8.12628
8.83041
8.70856
8.75948
8.53355
8.00695
8.01211
8.33976
8.60659
8.84126
9.14114
9.24206
9.17734
9.08727
8.98876
8.42414
8.27643
8.54584
8.95768
9.10353
8.94891
8.7558
8.77285
8.90563
8.73008
9.03408
8.52282
8.18511
7.54239
7.01314
8.13835
8.82087
8.44851
8.36638
8.08738
8.56759
8.66994
8.63867
8.70087
8.55985
8.79616
8.44006
7.94284
8.14926
8.53865
8.53268
8.71539
8.57019
8.42584
8.71547
8.73977
8.57137
8.69225
8.67754
8.41538
8.14196
8.24294
8.56271
8.21997
8.07722
8.55011
8.70496
8.6083
8.64416
8.11494
7.74662
7.80527
8.41815
8.63815
8.34665
8.53042
8.48464
8.54055
8.46948
8.60796
7.99255
7.57252
8.30548
8.49405
8.36838
8.15189
8.11405
8.62102
8.42939
8.22439
8.55085
8.76612
8.44128
8.227
8.16057
8.17321
8.07093
7.54936
7.35251
7.81574
8.38455
8.5427
8.21402
8.33382
8.48911
8.1614
8.36827
8.32518
8.5876
8.37062
8.32438
8.80038
8.29277
8.04237
7.93745
7.86779
8.15671
8.51785
8.65733
8.45323
8.26566
7.96229
7.96394
8.08672
8.16053
8.33715
7.35302
6.78274
7.21649
7.87848
8.03933
8.19672
8.48522
8.33479
8.05059
7.91816
8.20341
8.17424
8.00141
7.91549
8.07067
8.13428
8.22071
8.28627
7.92795
8.25815
8.67261
8.2544
8.33556
8.53548
8.54482
8.31324
7.73138
7.4919
7.26427
7.7444
8.65936
8.68561
8.6491
8.57008
8.59941
8.26696
8.02845
8.27458
8.43946
8.53461
8.46135
8.23608
8.04855
8.2961
8.11017
7.73156
8.09048
8.08672
7.8311
7.99549
7.90383
8.29521
8.32369
7.90842
7.56991
7.46999
7.8782
8.02098
7.90701
8.07174
7.85
7.87963
8.1637
8.10458
8.466
8.15844
7.9839
8.27085
7.99392
7.87157
7.98965
8.13855
8.00932
7.46753
7.71924
7.95691
7.81742
8.10593
8.32276
8.33677
8.14969
7.47588
7.30116
7.06814
6.95749
7.58394
7.93774
8.21568
8.33875
7.96372
8.09133
8.07125
7.78883
7.74102
7.70158
7.87659
8.0513
8.15086
8.46575
8.40435
8.15089
8.17745
8.08669
8.01481
7.9401
7.96946
7.77369
7.48234
7.20487
6.66736
6.86766
7.94042
7.99571
7.85225
7.86386
7.66936
7.97655
7.9419
7.74452
7.61345
7.42677
7.51526
7.53341
7.41331
7.47717
7.1438
6.97306
7.53299
7.73395
7.72487
