8.11043
199.641
162.628
182.882
275.634
238.351
219.635
122.22
117.44
189.591
230.548
299.446
275.52
203.687
153.292
158.203
209.864
122.594
95.6114
138.466
218.914
281.373
194.42
135.768
151.206
240.24
294.638
296.692
276.51
278.629
298.107
279.955
235.877
155.28
125.07
180.979
231.508
174.459
112.975
122.22
188.041
129.099
153.633
267.809
123.862
108.79
195.065
289.771
260.044
260.79
323.258
335.345
253.936
242.571
219.13
172.102
209.03
227.144
227.635
271.444
290.698
316.156
265.217
263.331
340.599
320.616
252.94
168.449
128.824
159.681
258.031
253.421
250.313
213.904
220.216
277.2
288.06
341.355
314.465
246.64
263.054
351.37
391.696
375.164
314.515
320.513
376.577
396.511
401.687
278.707
260.451
346.081
73.4214
72.9368
168.577
167.392
281.77
256.213
263.713
302.893
356.952
329.218
327.547
335.683
343.525
383.803
401.204
345.841
315.259
358.873
402.091
404.613
394.166
325.68
322.113
396.589
422.744
432.432
414.336
344.531
338.753
400.32
421.408
423.101
366.771
319.489
343.702
388.802
410.593
365.497
322.789
316.256
339.963
392.157
355.809
342.583
396.04
284.293
237.107
294.247
328.138
346.861
386.698
336.814
323.887
369.004
362.516
356.633
301.25
297.177
357.334
358.551
341.472
311.867
329.381
395.335
397.219
387.072
364.1
348.675
301.114
299.85
364.166
330.142
322.997
322.477
328.623
370.302
329.598
340.657
409.333
371.678
351.927
353.982
359.195
383.804
397.772
372.301
308.594
324.254
381.679
356.379
354.484
301.114
274.65
326.744
380.373
402.739
322.165
301.386
370.096
388.5
366.3
350.508
328.677
343.879
388.425
410.678
356.062
341.588
304.878
287.15
300.616
304.785
374.462
362.647
300.888
283.768
302.755
312.207
309.454
275.482
281.096
353.544
384.689
395.335
306.044
296.912
371.885
393.933
363.901
306.279
310.994
338.238
352.983
339.674
306.326
321.027
365.163
396.747
415.973
363.769
341.705
324.834
320.873
357.079
325.045
342.524
405.597
360.295
343.938
325.309
321.027
378.501
416.233
357.526
303.951
348.493
382.995
361.206
376.435
310.222
296.384
373.343
392.619
398.168
331.565
282.765
310.318
355.872
363.835
348.736
317.058
318.624
361.729
336.814
324.992
374.532
321.595
307.125
319.489
328.192
403.47
320.256
291.206
320.77
313.922
344.412
385.208
338.696
305.67
321.234
298.686
212.089
220.775
335.683
376.506
388.274
305.857
293.169
379.579
410.088
361.402
280.544
261.438
296.604
329.761
317.813
318.674
337.211
355.556
383.509
338.352
323.206
355.177
322.217
312.695
323.468
329.218
361.206
346.021
341.355
342.759
362.056
396.983
362.582
358.873
313.627
310.318
360.36
364.764
369.686
320.976
326.371
394.011
411.523
381.679
328.785
314.218
339.847
376.293
366.771
329.435
349.284
346.681
329.544
355.809
335.233
320
318.725
313.185
273.86
282.406
351.37
372.37
348.189
246.214
246.67
327.011
350.939
287.728
294.377
387.072
401.768
413.394
322.789
299.401
357.59
395.257
410.593
335.965
293.729
324.097
379.651
402.334
338.352
293.126
285.837
316.907
327.118
308.737
347.645
388.576
381.17
355.177
325.68
342.994
390.854
325.574
277.047
317.058
381.316
350.939
321.13
295.902
314.465
383.142
390.016
375.587
309.167
309.645
388.274
423.191
408.33
332.557
283.286
319.693
377.786
351.432
309.645
331.73
343.053
331.345
351.309
322.841
319.642
316.556
323.05
284.131
275.976
327.976
319.132
300.888
291.715
308.547
326.904
351.124
319.285
308.737
355.872
377.145
396.04
314.021
297.398
370.989
402.901
394.477
330.033
297.619
322.009
370.165
412.967
359.518
344.531
333
306.748
284.414
298.24
366.099
376.861
342.407
292.056
310.366
369.14
370.576
321.13
293.643
322.425
370.782
377.786
374.672
299.222
297.708
397.062
422.744
419.815
351.432
317.612
348.432
381.971
398.406
342.524
301.978
327.708
366.972
395.961
347.041
336.53
355.051
355.556
395.257
339.271
329.598
388.651
360.685
351.989
357.782
351
337.952
327.815
314.367
276.51
294.291
299.985
271.334
269.433
274.01
305.67
349.895
328.893
307.787
348.797
371.885
374.322
378
353.107
328.731
333.111
372.024
225.708
208.746
334.672
378.86
367.647
341.53
350.017
333.167
307.361
296.077
303.628
346.741
382.044
364.964
309.071
320.718
376.152
385.282
308.499
285.429
337.154
367.107
391.236
376.152
304.229
303.628
370.989
389.029
366.099
335.796
311.187
329.652
386.026
381.971
347.524
322.165
329.707
362.056
333.278
335.177
368.121
333.5
325.362
325.574
333
358.102
319.846
269.288
277.008
343.23
349.101
253.55
235.905
308.642
372.856
374.322
352.237
298.775
314.12
380.807
370.302
329.056
333.723
333.222
335.177
387.222
352.361
341.18
349.773
331.675
358.166
332.779
324.149
372.995
346.741
342.818
341.705
334.001
355.619
372.995
346.5
288.85
288.143
325.68
364.232
376.648
292.569
275.028
345.901
395.883
354.988
303.214
336.247
384.541
385.877
378.072
360.166
320.051
322.373
382.775
336.247
310.029
342.7
330.797
342.524
339.732
345.483
394.711
349.467
329.652
329.001
339.905
390.472
411.946
372.926
272.035
242.66
212.247
187.705
250.125
363.967
405.433
423.191
268.673
255.591
385.208
401.929
371.333
333.556
306.044
327.6
391.619
414.336
350.263
337.154
317.46
314.515
369.208
347.645
348.979
338.295
339.559
391.619
340.716
341.588
410.678
397.852
319.03
292.056
332.834
361.076
387.447
297.354
272.405
343.348
352.237
362.253
338.639
345.304
418.06
351.556
322.061
336.7
313.038
335.064
368.936
394.011
346.5
324.465
341.18
353.92
390.016
343.171
345.483
402.414
364.897
349.101
371.333
344.709
346.56
394.789
355.619
290.36
314.07
390.854
396.589
395.257
291.418
265.957
352.361
383.142
395.805
314.317
263.748
308.642
366.636
351
222.792
225.555
370.714
396.589
342.759
348.554
356.379
342.114
369.891
326.158
310.607
322.165
329.272
335.289
319.795
347.222
389.408
352.547
306.513
332.392
395.57
401.849
386.997
320.564
305.204
370.989
403.145
386.922
336.361
296.296
314.911
371.126
377.43
336.191
325.468
356.316
378.072
385.208
275.71
271.85
333
304.785
327.708
343.702
357.526
343.525
325.627
330.469
321.595
354.233
406.421
365.965
317.763
321.234
348.432
352.175
372.648
321.647
288.434
352.609
351.803
312.695
242.365
238.72
312.256
351.185
337.154
292.869
317.965
365.364
385.728
330.797
321.647
309.598
306.56
344.353
337.041
375.305
351.989
324.939
315.657
315.259
369.481
412.201
365.364
309.119
330.36
395.961
393.468
376.648
312.891
299.94
354.296
383.509
378.931
324.149
309.071
348.432
372.232
375.094
323.52
289.352
306.607
329.11
346.38
306.185
300.12
313.578
319.183
282.566
279.759
348.553
330.688
299.625
310.994
354.799
381.898
361.468
330.633
311.478
318.725
334.225
345.363
270.015
256.772
331.345
344.887
316.957
313.873
333.167
304.599
305.111
310.607
283.809
312.256
350.385
301.386
307.692
337.838
305.998
322.061
313.627
313.381
364.365
348.797
295.77
283.166
313.972
359.066
366.972
298.686
306.654
380.59
381.534
384.025
309.933
298.507
375.94
399.68
389.864
352.609
318.37
334.28
383.877
411.862
361.598
300.165
323.468
392.773
413.565
379.363
352.299
318.624
322.997
378.072
347.584
323.782
366.3
343.584
329.652
317.965
304.46
301.796
287.811
312.402
326.052
303.076
307.314
329.924
283.206
288.309
354.988
392.388
379.795
295.377
297.974
370.576
382.629
388.727
314.515
289.31
342.642
320.307
276.702
308.88
329.327
326.744
379.795
271.998
246.275
306.326
310.8
312.354
320.154
333.667
322.009
314.911
306.748
319.642
366.435
389.029
301.887
290.065
356.888
376.719
404.449
301.477
290.487
380.807
394.477
391.007
355.619
302.16
314.663
364.232
368.664
341.297
337.952
339.156
333.834
371.885
339.616
322.321
347.887
337.041
355.366
332.447
330.142
398.327
262.398
200.723
269.578
369.549
356.443
308.309
296.604
355.114
404.367
416.58
392.542
322.269
326.052
373.274
370.851
348.25
304.09
307.882
347.766
350.754
276.587
249.563
270.161
319.03
282.406
261.267
282.167
292.783
290.867
278.125
334.952
339.271
299.895
306.091
350.017
358.23
361.141
316.907
300.752
326.584
328.407
354.736
318.979
313.775
369.004
381.025
389.94
310.174
283.447
346.62
396.118
397.535
339.732
312.549
258.799
274.348
342.7
344.947
385.431
354.108
343.23
321.802
332.557
411.353
435.35
375.023
308.024
300.03
326.531
356.824
328.569
293.902
312.598
359.389
384.541
377.074
290.192
289.478
378.644
394.089
392.234
331.126
272.851
303.813
374.252
341.413
278.59
263.262
315.159
373.972
320.154
271.739
264.445
278.435
270.966
275.596
301.114
321.234
308.499
312.549
354.233
368.528
337.382
294.204
328.407
363.108
371.955
373.622
316.206
326.797
399.92
426.803
366.636
318.016
307.882
332.834
388.651
389.94
330.033
289.143
319.795
368.46
346.5
327.869
348.129
331.675
334.504
313.627
308.833
378.143
393.701
347.102
296.956
317.46
359.324
361.86
334.84
297.354
332.281
380.3
375.094
361.533
301.75
307.031
359.777
375.516
388.123
349.223
282.845
301.023
395.883
408.58
356.252
298.864
289.981
341.472
334.504
328.138
385.06
354.61
301.023
270.819
315.856
376.577
320.873
285.959
306.466
357.846
361.206
368.732
303.813
288.226
349.223
359.389
341.297
291.163
308.737
388.954
417.362
425.985
354.296
283.086
302.526
378.931
419.992
327.815
294.638
325.733
350.263
385.505
348.432
347.887
390.778
350.263
336.757
319.744
325.839
384.689
358.166
324.939
308.737
326.264
371.126
396.983
349.345
317.763
361.794
408.747
412.116
391.773
329.489
321.802
364.764
385.951
415.887
384.246
327.6
337.553
387.072
405.844
388.727
347.464
310.222
301.887
321.906
317.108
327.869
362.384
356.633
339.732
311.915
327.118
389.864
408.831
363.108
310.414
324.834
353.92
376.011
391.85
305.437
310.318
398.804
410.088
389.257
301.705
302.435
372.995
384.615
407.249
338.009
281.889
304.229
339.213
315.06
307.977
326.797
353.669
399.6
407.415
342.759
315.607
301.841
310.126
322.841
324.307
378.788
392.388
360.36
305.81
313.381
349.589
361.076
347.524
310.511
344.768
390.016
395.726
389.484
296.78
299.446
395.023
398.883
395.023
354.484
295.159
317.965
390.854
418.498
365.564
335.064
330.797
344.234
362.516
314.911
328.03
371.195
342.583
250.501
260.247
377.858
416.58
364.033
257.301
264.831
350.816
386.25
407.914
279.525
270.819
387.522
390.092
254.323
248.201
377.858
404.94
398.089
354.296
323.729
346.26
359.26
370.028
350.631
325.309
298.641
291.46
323.992
300.481
291.758
324.359
358.616
347.645
333.389
376.293
416.753
212.947
172.518
269.07
364.166
379.363
306.326
305.204
366.502
313.873
274.085
305.951
370.782
402.253
414.336
364.564
298.909
307.55
369.822
394.166
330.743
317.864
329.544
328.785
372.578
355.809
350.693
367.242
327.439
339.386
346.741
308.833
310.029
305.764
272.035
278.164
322.009
356.379
330.852
291.545
322.113
378.358
401.043
387.447
329.218
328.677
382.995
410.425
390.092
343.289
327.923
351.494
380.228
393.701
369.072
347.705
329.381
326.371
337.268
320.77
339.616
387.597
350.263
312.012
274.763
283.046
356.952
344.947
313.676
333.056
362.056
377.287
372.301
259.572
261.335
385.431
416.32
394.711
324.675
311.381
362.582
402.334
429
365.764
304.09
334.336
397.535
417.449
389.94
325.68
300.616
324.097
362.056
339.156
336.361
382.409
342.29
328.839
312.402
272.405
311.042
341.705
303.674
306.984
302.984
284.172
237.023
247.494
321.079
297.885
305.018
312.354
327.815
394.867
416.32
420.964
326.797
286.369
340.02
380.3
373.413
321.543
282.048
307.361
365.364
361.141
324.781
331.84
333.5
336.304
335.121
342.759
387.147
388.576
321.285
270.161
288.06
332.779
330.907
297.221
310.318
361.468
381.898
384.025
296.648
274.876
314.12
338.066
383.068
359.454
310.126
321.44
381.752
412.626
360.166
350.754
356.062
350.57
388.35
374.813
351.124
356.125
331.126
342.348
349.711
341.064
369.276
381.607
338.295
290.951
296.384
320.873
310.174
238.265
249.128
354.296
398.565
381.825
296.165
307.409
395.023
351.927
321.182
281.69
291.8
377.003
400.08
351.247
323.834
320.873
336.587
386.1
375.869
349.223
360.036
342.877
349.834
342.642
327.976
374.742
412.116
400.4
350.508
310.559
319.898
370.782
399.202
300.571
279.564
357.143
361.272
338.009
307.409
312.598
368.528
402.495
406.256
371.885
305.67
