8.14511
174.064
186.22
189.699
148.644
150.886
184.01
185.151
173.385
174.902
155.836
126.326
88.0592
62.7983
88.0398
183.117
144.823
117.007
139.538
181.012
155.739
125.66
62.6606
66.68
152.718
120.46
130.174
187.371
131.044
96.251
123.862
197.922
182.282
186.776
202.224
206.612
216.076
203.874
214.087
196.194
173.175
203.666
206.292
183.942
205.444
178.795
172.191
200.481
200.682
163.132
151.252
189.233
212.269
211.506
216.614
223.09
213.607
213.516
219.322
206.59
201.369
220.434
215.889
206.548
221.902
232.504
212.721
210.438
233.019
220.143
214.938
230.07
212.382
202.675
63.0716
63.0815
203.832
211.82
224.719
168.152
157.48
174.368
165.59
185.151
203.874
205.613
222.173
200.743
182.899
209.446
209.183
209.314
212.224
193.405
204.332
220.337
210.682
216.029
216.357
187.459
196.638
207.879
184.383
197.083
229.885
218.293
213.151
232.423
212.743
189.97
205.191
205.846
194.685
201.898
211.439
206.377
196.309
204.645
226.912
208.703
176.087
176.523
125.921
124.054
159.63
163.119
179.26
181.851
206.505
200.401
187.741
206.334
209.556
209.424
210.482
206.548
222.519
213.197
196.734
212.653
220.629
204.729
205.065
195.16
184.723
207.34
223.04
203.728
202.163
205.783
206.058
213.333
211.887
218.699
218.771
210.726
216.779
236.77
224.77
187.424
171.954
153.551
173.656
201.654
163.653
158.957
172.102
194.723
228.389
220.97
219.66
215.936
199.243
216.216
215.61
201.329
216.029
225.581
197.239
193.648
217.675
198.946
196.56
222.123
205.825
204.562
228.859
219.25
207.879
225.53
218.531
211.506
211.416
204.834
218.436
219.853
210.659
218.198
237.954
224.215
217.675
227.221
212.902
200.06
217.652
244.26
170.853
162.219
197.141
191.699
215.983
201.248
189.952
219.322
204.918
196.541
207.9
195.523
213.083
222.568
205.761
218.221
233.918
201.471
202.245
239.149
235.018
213.767
212.337
207.018
193.424
213.767
213.288
205.402
197.18
190.114
209.952
214.961
205.867
224.366
243.784
192.068
192.548
214.5
188.111
206.59
199.045
178.11
208.008
239.464
198.906
186.776
206.804
204.813
203.397
185.839
185.96
198.708
194.363
208.572
231.321
213.174
213.174
241.371
195.008
182.782
227.324
246.64
210.837
194.345
199.621
197.902
220.459
218.675
215.61
220.556
198.177
196.04
197.375
175.994
194.818
235.46
203.211
203.542
231.911
188.2
191.004
245.369
197.668
176.975
207.9
204.897
196.406
214.846
211.573
203.293
189
196.252
216.943
200.924
205.086
216.099
194.628
196.406
222.618
197.609
198.847
232.585
233.973
215.424
211.573
219.877
199.144
202.757
209.556
211.752
216.076
189.699
186.012
199.581
189.412
201.715
231.428
180.067
181.439
241.167
209.688
200.924
224.871
192.623
193.33
149.477
141.353
191.553
199.88
206.377
205.107
191.259
190.985
201.837
208.768
217.723
197.589
204.311
232.748
207.771
193.648
217.439
226.989
210.371
208.073
208.16
204.708
210.704
219.539
219.949
207.857
214.202
215.726
213.995
217.155
206.975
222.247
221.582
196.194
189.771
158.153
169.736
220.167
224.517
194.382
189.304
204.981
195.293
158.253
151.194
186.968
183.251
192.641
203.978
193.125
216.169
215.401
202.327
218.818
235.1
199.104
193.032
213.356
184.757
191.975
223.639
212.902
215.936
230.097
213.151
196.657
195.81
196.136
206.782
200.28
203.252
208.095
186.047
205.867
243.043
208.529
199.422
224.24
228.102
215.193
209.118
180.668
163.492
174.566
185.787
206.186
186.55
186.637
223.289
188.822
186.15
227.583
187.371
184.945
231.723
200.803
200.803
235.211
226.629
203.874
207.426
214.777
186.672
193.48
208.659
193.013
202.265
214.362
215.866
215.471
201.572
214.8
223.989
200.602
200.803
227.169
201.288
198.689
237.869
239.378
216.896
215.216
222.247
202.47
212.789
191.022
184.963
212.585
172.073
163.199
184.689
197.707
218.055
190.096
181.127
212.089
204.186
212.45
233.891
223.789
202.061
209.314
215.796
202.532
221.902
221.117
220.046
203.832
185.374
207.297
215.308
193.855
209.008
232.072
187.776
187.003
232.153
203.998
194.799
222.296
218.579
211.327
223.14
204.29
184.247
197.025
187.705
181.967
151
151.596
188.768
179.937
196.194
201.694
197.006
220.897
232.207
200.823
201.654
223.789
206.398
204.29
220.24
206.505
180.424
170.068
192.976
219.37
200.682
211.416
219.949
188.875
201.633
216.896
189.322
201.126
233.645
204.876
195.561
225.149
223.239
206.59
215.913
207.965
190.967
207.383
216.029
187.758
186.15
181.984
170.025
178.237
193.667
179.905
171.6
206.932
225.861
195.389
196.947
227.221
202.984
200.08
228.493
200.14
195.084
208.333
204.394
209.205
197.981
207.189
229.043
206.164
199.322
225.479
167.154
149.566
191.443
200.924
210.948
240.298
226.809
210.128
213.379
193.199
191.351
217.368
212.54
181.901
176.71
205.592
208.921
177.069
193.498
235.849
177.573
173.853
214.179
187.108
193.742
235.294
231
211.551
220.143
217.77
206.954
227.144
219.515
205.656
217.132
222.816
217.179
209.754
201.755
216.802
233.945
205.91
201.147
231.134
205.444
192.808
200.965
211.439
208.312
212.202
219.226
208.812
224.921
199.9
198.985
182.815
165.728
204.478
188.555
184.4
225.555
185.701
185.943
236.044
204.52
193.648
220.751
223.414
201.613
203.335
201.898
187.512
208.464
217.273
206.569
212.022
208.529
202.984
204.604
196.329
204.478
221.631
199.681
203.915
239.149
206.143
195.027
217.984
220.459
208.247
191.479
186.029
196.078
221.141
203.625
184.027
176.46
187.354
206.975
176.975
183.587
191.461
157.518
175.392
182.665
186.202
214.707
180.18
183.217
218.508
209.644
189.771
188.253
200.702
201.147
188.661
197.961
203.252
201.329
220.629
234.907
190.621
175.346
205.571
197.433
204.374
239.751
236.044
205.297
199.74
196.04
187.705
207.275
196.367
185.408
206.782
186.898
174.383
185.065
190.621
176.757
165.824
199.9
228.128
195.446
195.389
229.885
212.857
211.595
232.964
210.615
194.951
208.551
205.91
186.012
192.271
210.194
222.841
216.732
198.689
204.061
192.771
197.239
232.423
229.41
198.787
198.629
219.106
203.273
209.271
240.125
200.622
191.424
215.262
212.562
211.126
224.165
216.661
197.064
194.269
174.49
165.248
174.095
193.63
217.912
199.82
205.804
235.073
211.349
190.913
182.05
179.598
203.149
212.404
211.439
207.104
172.043
180.766
196.367
183.993
173.22
141.153
139.043
162.946
178.364
193.648
182.749
189.988
196.002
174.581
191.241
214.754
211.349
196.252
188.466
205.529
205.952
197.006
179.019
157.418
168.265
199.72
188.324
197.902
202.778
187.829
192.308
189.376
165.057
172.013
186.881
174.353
199.86
188.84
189.717
198.531
186.776
201.41
165.865
147.135
183.824
174.993
162.906
205.402
207.62
205.804
210.815
198.827
193.274
184.315
178.571
158.541
170.416
181.868
164.717
180.229
162.694
170.271
228.128
167.842
166.708
212.766
205.318
213.995
210.106
209.93
206.633
215.494
218.508
211.037
223.739
223.614
226.219
229.384
218.866
224.215
235.877
219.467
219.563
234.549
191.663
162.022
181.406
198.708
201.167
217.439
210.194
205.719
221.508
227.454
229.991
226.937
204.897
210.77
221.019
210.726
220.921
229.885
204.981
204.394
209.358
167.35
174.871
227.92
196.002
180.897
214.938
212.608
188.253
192.289
210.416
213.652
212.857
216.099
223.564
212.63
199.005
204.394
195.58
201.227
229.859
214.018
203.211
230.123
236.742
226.193
199.7
159.783
170.111
222.643
217.984
213.493
206.186
191.736
210.416
215.239
196.502
197.394
203.853
199.223
217.297
242.512
208.921
184.843
206.122
230.814
217.155
220.361
198.354
164.217
171.086
189.054
197.746
201.43
215.054
222.05
197.902
198.314
211.752
196.812
206.207
242.512
214.225
197.726
223.664
238.209
208.659
200.521
209.666
194.932
197.726
207.404
197.668
199.124
203.853
211.932
213.402
190.367
183.891
190.731
198.452
216.24
225.989
190.15
181.901
194.571
184.077
184.349
182.266
181.242
197.844
189.018
181.752
179.34
191.608
211.082
201.918
212.63
225.963
159.719
143.513
178.142
201.106
224.77
233.019
206.654
199.84
212.698
198.138
197.141
210.438
215.68
215.008
212.947
217.32
200.682
187.301
212.044
240.848
216.006
203.087
220.119
194.269
192.901
222.37
209.336
189.179
204.792
206.016
175.316
187.213
197.902
194.288
216.474
183.587
178.38
203.542
203.48
219.732
198.216
194.269
226.732
201.147
194.704
230.044
236.658
218.079
217.179
231.294
206.782
199.164
226.963
211.909
189.394
207.361
214.133
207.684
212.562
206.505
209.6
195.791
197.278
235.516
231.508
201.715
205.002
217.179
182.815
191.791
207.275
169.262
183.284
200.622
191.077
202.143
193.087
195.982
214.339
212.089
219.226
212.427
195.886
203.397
214.385
203.998
210.062
224.215
205.086
213.995
229.621
204.457
189.699
202.778
196.85
194.005
205.613
209.052
221.656
209.578
210.571
231.83
210.327
203.438
230.521
240.125
191.681
184.179
217.865
189.573
192.883
218.603
181.258
180.75
199.025
197.239
205.698
192.827
201.369
222.792
207.814
202.47
205.381
201.552
217.912
236.1
198
195.065
214.431
215.169
220.946
227.402
218.174
204.541
214.156
201.106
207.727
223.065
205.973
220.702
222.37
206.654
220.459
234.604
204.457
197.531
229.911
200.22
191.902
221.558
217.132
179.501
179.791
195.848
194.894
187.424
184.264
195.313
180.131
195.714
209.754
191.975
205.191
224.719
199.88
202
235.211
207.835
202.757
233.236
239.722
230.627
231.027
213.812
182.665
198.255
221.877
221.729
215.193
198.906
205.002
213.767
204.082
197.824
212.157
204.729
205.444
237.023
221.976
208.834
224.517
231.08
209.139
178.731
173.581
192.234
180.115
171.043
190.894
200.521
205.571
227.946
219.202
197.297
208.746
201.654
188.822
193.667
164.474
178.396
242.014
236.827
197.55
201.025
217.817
199.92
213.333
219.925
202.122
200.02
194.118
208.29
220.97
193.705
199.104
216.567
194.42
192.123
196.348
193.255
220.921
240.096
209.534
199.561
186.324
188.697
216.24
200.823
210.018
226.937
184.655
177.069
199.94
185.219
187.723
186.707
165.194
183.301
190.331
194.382
228.807
229.016
212.45
199.442
191.479
168.89
175.439
198.531
183.15
159.783
182.832
202.45
175.716
189.789
166.987
169.248
223.364
189.663
184.196
221.117
231.965
214.247
210.859
200.12
181.357
194.761
188.005
188.111
219.106
216.755
178.063
163.385
176.491
188.129
184.638
204.29
226.475
197.278
202.593
233.427
218.914
208.725
222.296
207.62
192.123
207.061
215.378
198.079
191.022
196.175
216.638
231.16
204.96
210.615
223.09
200.985
213.22
239.234
198.491
190.84
226.655
217.817
215.82
241.517
220.361
194.363
204.311
209.293
207.275
208.16
191.608
200.924
214.247
192.53
197.414
173.01
174.201
214.293
188.147
196.406
233.073
235.211
221.117
222.717
242.248
194.951
185.322
215.008
215.193
212.157
206.484
211.595
226.219
208.355
189.268
203.314
198.906
205.149
238.72
200.401
180.668
209.798
229.806
214.156
212.675
208.398
183.167
197.902
217.699
219.106
216.967
189.107
198.039
210.283
182.648
187.301
207.469
196.021
210.859
228.859
197.981
207.018
234.274
190.749
184.689
223.714
211.864
195.906
210.46
219.154
208.247
213.151
203.211
201.227
202.347
185.117
207.318
209.358
202.02
230.707
232.693
204.96
208.008
228.102
202.347
195.046
193.836
187.178
204.666
207.082
212.947
217.581
193.087
186.602
181.34
173.958
193.255
165.248
151.446
193.648
193.968
198.236
233.891
219.635
204.687
223.04
202.45
184.451
202.901
205.825
202.368
214.684
216.006
218.675
219.635
206.143
214.938
215.633
204.186
218.317
234.467
202.184
198.807
224.039
216.497
216.661
233.182
222.941
202.45
210.261
205.044
195.58
217.865
215.517
216.708
216.567
182.498
174.277
167.616
162.496
179.565
186.393
195.81
222.593
210.548
206.122
230.441
207.168
180.196
199.661
213.47
197.453
202.511
202.368
204.834
207.771
196.773
215.355
220.483
196.85
213.675
229.358
182.249
183.402
232.045
221.263
214.707
229.674
192.049
178.923
201.633
212.292
201.694
171.659
187.935
215.726
199.322
185.77
184.451
194.894
186.724
163.961
175.623
204.876
203.087
211.864
211.216
188.644
180.343
192.252
200.985
193.817
187.688
202.758
213.904
191.626
194.288
220.994
196.387
190.186
208.225
188.164
188.893
218.914
215.216
204.061
209.886
194.951
186.672
207.555
212.427
198.177
189.233
200.26
210.194
193.705
198.098
214.385
177.983
170.561
195.829
177.069
180.636
208.312
