7.98059
297.708
352.671
405.597
413.223
451.875
426.348
425.441
438.693
411.523
397.931
438.116
496.401
492.732
461.042
273.448
265.957
424.899
431.22
457.247
313.185
297.221
456.1
184.655
175.824
390.244
430.942
481.58
489.356
436.967
406.174
430.57
443.361
461.255
490.557
289.687
168.549
214.431
428.633
404.776
401.687
322.113
296.604
271.961
298.329
447.928
431.779
387.447
403.796
439.947
360.425
360.685
427.807
425.622
344.59
350.877
454.856
363.372
262.743
167.588
197.57
394.4
341.764
338.926
331.29
365.364
456.934
360.62
284.091
312.695
383.509
378.788
384.689
103.284
100.553
385.802
424.088
415.282
301.659
276.129
383.877
418.673
211.73
196.271
367.242
449.539
408.831
258.131
276.817
467.836
489.956
526.177
334.504
281.611
390.396
483.325
518.538
523.013
226.989
191.81
359.777
494.805
336.417
334.448
499.376
450.045
414.25
472.144
268.998
256.18
468.165
515.066
467.29
295.858
293.643
445.534
422.565
423.549
232.315
237.051
546.747
574.053
592.417
591.716
438.885
402.334
509.814
560.067
569.314
559.91
547.196
452.694
417.362
432.713
417.885
466.2
543.626
286.574
251.984
297
311.042
410.762
191.773
183.368
415.455
382.775
375.799
519.076
520.833
459.77
239.751
65.5372
76.0572
464.253
436.777
541.712
606.428
635.728
643.501
643.501
649.562
483.559
427.442
478.813
516.929
593.472
631.712
638.978
587.889
454.442
475.398
615.953
563.539
503.271
521.105
592.417
565.291
520.698
571.592
605.51
615.953
569.314
522.876
573.066
557.258
514.933
568.99
637.349
654.664
657.462
658.328
571.592
478.698
462.856
515.464
585.138
610.874
634.921
665.336
672.495
606.612
443.656
444.346
596.659
652.742
666.889
671.817
640.41
552.181
463.822
459.77
540.979
595.061
606.612
635.324
655.953
662.91
557.258
500.751
517.732
484.966
476.417
495.295
528.123
505.561
491.884
569.476
636.335
581.395
509.295
387.747
304.136
355.492
488.998
554.939
496.894
491.521
605.144
496.155
462.963
587.89
638.162
621.891
595.415
521.376
489.956
505.945
532.623
598.086
627.353
630.12
635.728
621.311
611.434
531.491
439.174
438.308
454.752
473.485
470.699
492.247
443.262
442.184
584.454
609.013
620.155
643.294
649.562
643.501
532.623
474.834
467.181
429.369
459.031
550.055
603.136
493.097
467.617
565.611
536.337
462.963
473.821
567.859
585.652
492.854
382.482
389.484
445.831
441.891
504.159
471.587
470.478
541.272
542.741
566.572
535.332
498.38
444.148
445.335
537.924
600.42
613.685
627.156
633.312
584.112
427.625
417.101
557.569
602.773
607.903
619.963
586.166
551.724
446.329
418.235
507.614
560.538
601.323
609.942
610.128
537.634
484.731
510.074
512.164
525.762
582.411
608.273
619.963
525.762
488.401
574.548
549.753
409.165
396.825
498.008
401.768
361.402
437.828
473.597
452.386
460.087
417.449
430.2
585.995
621.504
597.55
595.593
523.972
439.754
429.185
473.709
525.901
549.3
590.145
643.915
648.088
431.779
393.391
533.333
591.541
621.504
611.995
576.868
571.755
278.164
235.766
388.878
445.732
377.003
387.297
498.505
577.701
604.778
631.512
616.713
612.557
499.501
463.607
568.99
390.016
363.174
530.645
592.242
511.64
488.878
576.037
551.572
422.565
420.698
512.821
475.851
502.513
599.52
536.193
522.876
525.21
434.499
382.263
445.931
555.401
571.102
601.685
608.273
633.112
452.08
400.16
509.554
584.112
625
626.37
578.369
560.381
505.433
433.651
457.98
498.256
548.396
625.978
653.808
633.312
607.533
559.597
473.597
463.714
538.503
540.249
532.481
481.58
475.964
575.043
567.376
508.906
527.148
514.668
421.053
375.305
382.263
441.599
445.831
435.066
421.053
409.668
510.465
571.592
568.828
609.57
506.201
416.06
435.256
523.697
577.701
579.206
609.199
634.115
631.912
426.621
386.175
491.763
553.097
631.512
626.37
606.796
619.387
558.972
475.059
483.91
561.167
620.155
619.387
606.612
625.782
553.403
521.921
494.193
437.063
433.182
473.597
533.76
480.423
475.737
579.878
589.275
551.42
555.864
589.275
593.12
475.172
462.214
548.998
544.07
449.135
416.406
421.941
426.076
491.763
577.367
628.931
633.914
452.489
273.486
311.672
535.475
585.652
620.54
622.278
610.501
481.696
439.174
542.446
623.053
640.82
648.088
604.595
556.638
491.159
414.336
423.998
476.304
509.554
572.574
618.238
539.229
466.2
453.001
487.567
536.481
559.128
572.082
552.639
425.985
412.456
451.671
425.985
462.428
465.549
385.877
362.188
406.174
462.642
532.623
584.795
565.131
449.741
469.153
583.26
600.962
609.57
606.796
252.143
238.095
503.651
535.332
561.167
615.195
464.576
361.468
415.8
536.625
608.643
607.718
569.638
532.34
483.91
437.733
443.754
517.598
583.601
618.812
636.943
518.403
456.83
438.597
454.649
556.483
592.944
561.482
522.739
474.947
515.198
574.878
481.464
455.477
527.426
571.102
463.07
468.165
599.7
624.025
558.503
499.501
536.625
544.07
483.91
504.668
572.082
590.145
570.125
513.215
441.989
382.482
405.351
515.331
615.574
659.413
651.466
646.831
459.664
412.712
554.017
613.874
618.238
652.529
615.953
611.247
566.091
449.236
473.934
570.451
610.314
646.412
573.23
556.793
482.742
422.208
498.505
594.177
638.57
649.984
638.366
521.376
394.244
412.712
493.097
455.892
448.129
489.117
445.931
455.892
556.483
599.7
514.801
443.656
450.45
395.101
381.098
408.747
381.607
301.705
250.25
332.005
554.324
616.333
643.708
645.786
496.155
369.891
425.08
585.48
550.964
536.337
574.383
602.228
463.392
384.025
444.444
523.149
594.53
474.947
439.657
474.158
450.755
490.196
538.068
597.907
617.475
612.182
597.907
513.875
502.892
512.558
488.52
521.921
580.552
623.441
564.175
500.877
544.07
636.537
588.755
523.834
547.795
583.942
500.25
455.685
528.541
602.773
622.471
596.837
502.513
499.625
442.282
415.024
524.934
552.486
565.131
610.128
599.341
453.412
420.787
488.998
464.684
427.899
468.055
557.414
416.84
395.101
527.844
558.971
590.842
626.174
623.636
557.103
486.263
472.925
492.489
540.687
595.948
610.687
598.086
501.379
476.531
552.334
452.182
436.777
550.661
546.896
441.306
428.266
515.73
573.23
569.963
563.698
605.327
595.77
500.877
492.854
573.559
616.713
625.782
582.072
491.039
424.809
412.116
448.833
524.797
603.318
634.921
620.925
468.055
356.697
408.747
496.524
486.5
508.259
483.442
355.366
362.122
504.159
551.42
573.888
607.165
607.718
511.902
433.839
423.28
426.439
460.511
539.229
595.061
419.287
394.555
489.237
483.209
519.886
554.477
525.762
415.8
420.08
547.645
539.811
444.84
458.505
518.807
474.834
503.398
611.621
646.204
647.878
517.866
456.309
405.927
415.282
502.892
525.762
569.801
597.015
523.013
411.607
450.958
606.796
645.369
603.865
551.42
564.493
595.415
447.327
422.476
553.25
615.195
635.122
644.745
656.814
619.963
502.892
431.034
482.625
592.242
647.04
652.742
624.025
643.708
542.741
476.985
550.812
463.822
414.852
483.325
501.253
412.456
418.848
543.331
611.808
600.601
567.215
600.42
559.597
470.367
515.198
637.959
655.308
654.879
509.295
445.434
476.19
488.759
515.198
567.376
628.141
619.195
616.713
522.057
346.32
314.713
387.072
399.92
442.674
450.653
403.959
259.875
231.054
291.673
350.324
449.944
459.77
522.193
516.796
509.554
480.538
453.001
473.709
436.967
455.892
557.724
628.536
589.275
484.496
439.947
459.242
450.958
461.467
529.381
473.149
458.716
551.42
568.343
571.265
598.623
533.191
385.505
381.025
493.949
565.451
603.5
562.114
572.246
521.784
413.394
465.224
618.812
648.508
629.921
582.411
597.193
656.168
444.642
361.272
461.361
590.667
642.467
652.103
636.335
504.541
442.576
449.741
481.232
569.152
619.579
623.247
582.581
465.333
475.737
517.598
485.555
540.248
595.238
625.587
560.067
490.557
524.659
582.072
606.061
490.677
446.728
496.032
415.714
405.104
487.448
540.249
566.412
547.196
536.625
470.921
432.994
495.909
584.966
629.327
638.57
480.077
381.098
442.674
498.878
441.014
450.857
542.152
613.497
415.196
373.343
515.996
591.191
603.5
523.013
359.648
320.564
381.388
471.921
592.944
630.915
628.338
544.662
461.68
512.033
488.878
441.404
522.33
573.23
537.201
465.658
496.524
619.003
636.335
513.743
462.642
543.922
494.56
467.29
565.131
623.441
648.719
613.309
357.974
301.069
414.766
550.964
621.504
641.026
642.261
596.837
441.794
397.772
489.836
587.027
627.944
592.066
576.701
562.114
417.275
429
601.323
625.195
623.83
648.929
659.196
610.314
491.28
445.335
463.822
512.689
606.612
581.903
562.114
565.771
493.827
430.942
395.57
441.989
571.919
645.578
626.37
485.909
475.398
595.061
512.558
461.042
523.834
521.105
418.673
407
464.037
498.008
564.175
599.161
609.942
523.697
460.936
519.211
586.51
629.129
635.93
625.978
536.625
375.446
413.223
604.778
542.594
428.082
449.843
572.246
437.063
375.164
474.046
494.56
438.02
445.236
389.636
391.466
470.699
515.464
589.102
592.944
602.773
512.821
452.796
537.924
531.208
459.77
463.822
522.466
531.491
478.24
520.427
617.856
645.161
524.384
444.346
496.278
485.084
489.356
591.191
616.143
596.659
601.685
540.103
464.9
456.83
466.527
504.668
567.376
591.366
588.928
535.332
320.924
336.474
492.247
467.946
528.262
578.871
436.015
394.011
505.306
570.613
615.195
648.088
643.501
635.93
487.924
411.269
473.485
544.959
574.713
569.801
578.035
542.152
508.13
545.703
557.88
505.817
501.128
556.793
579.374
500.626
478.583
547.945
583.601
514.668
486.618
555.247
534.616
491.28
536.337
587.199
577.701
582.581
422.744
316.656
354.359
430.293
501.882
579.542
540.248
505.306
405.268
398.963
514.007
568.182
465.658
412.286
349.223
350.877
494.193
559.441
608.828
653.381
660.939
404.613
366.838
465.224
472.59
530.082
539.665
541.126
386.399
368.256
419.815
419.375
502.386
522.193
472.255
429.83
482.509
583.771
538.503
489.117
516.662
506.971
454.339
489.476
574.053
590.667
608.273
523.423
488.4
472.925
450.45
510.204
544.959
560.381
589.449
606.98
508.776
423.28
488.043
607.718
608.458
584.624
581.734
589.449
546.448
453.515
453.104
513.611
555.247
592.066
600.42
606.612
495.05
428.816
455.789
512.426
583.431
613.309
602.228
577.034
491.401
507.485
500.626
460.087
538.358
606.796
642.467
534.902
468.274
527.565
608.643
569.476
494.805
526.316
594.177
478.126
448.732
539.957
579.542
587.717
518.807
514.536
512.164
476.644
494.438
538.938
608.458
631.313
590.667
482.859
385.356
412.456
520.156
535.189
515.597
531.773
527.704
369.072
354.17
476.19
527.565
554.017
580.215
397.931
316.406
403.633
533.76
578.871
598.623
635.728
451.162
407.083
460.193
445.633
513.347
563.38
573.394
465.983
444.642
532.623
547.795
490.557
443.853
477.327
482.975
493.583
554.17
585.995
578.035
519.616
465.658
449.64
459.982
494.927
558.503
584.112
579.374
577.534
494.071
410.256
467.946
608.273
611.247
580.889
594.53
642.467
640
482.859
448.43
552.639
622.084
649.773
649.562
644.953
620.54
483.91
419.815
487.092
542.005
571.265
591.366
621.697
666.667
516.396
502.386
517.866
453.515
510.986
606.98
648.298
506.457
458.716
574.218
664.231
687.285
524.521
446.329
515.863
483.559
480.654
571.265
599.341
594.354
475.059
440.626
447.127
457.352
530.223
591.716
634.921
625.978
611.995
492.005
414.852
476.985
572.738
597.193
586.338
608.458
646.204
631.313
340.368
303.122
396.589
400.962
473.373
484.731
472.702
423.549
439.078
571.755
615.385
610.314
591.366
526.039
541.126
634.719
538.503
347.162
315.906
327.279
364.564
491.28
487.805
458.085
482.509
474.158
463.285
535.475
560.224
540.833
592.944
585.48
458.4
384.32
421.496
539.665
623.83
642.88
637.959
506.714
398.248
447.427
584.112
632.711
588.235
565.771
576.868
544.811
416.06
398.724
524.384
605.877
598.444
582.581
603.136
592.944
596.303
542.741
495.172
567.376
589.971
530.223
554.939
507.099
474.271
496.771
475.511
530.645
599.161
618.238
632.511
501.505
482.509
572.246
612.37
516.262
470.035
533.618
492.49
474.834
563.698
630.716
611.06
599.88
523.149
480.192
451.06
453.309
538.213
590.145
625
644.538
632.511
500
428.082
505.306
624.805
642.88
612.933
620.54
635.526
621.891
437.733
415.282
565.771
595.593
623.83
646.204
643.087
632.311
587.717
571.919
507.743
416.753
425.804
490.196
563.857
451.671
404.204
354.296
303.49
346.56
353.857
393.468
479.272
