4.33576
46.8538
45.404
46.277
35.1444
29.4122
33.8908
39.3476
38.8538
34.6093
39.0938
44.612
34.6608
37.3162
47.0511
31.2783
33.4286
53.396
54.3242
53.3319
53.5146
52.5528
48.9105
49.9226
51.9022
48.5484
47.1887
47.3339
49.1485
53.042
53.8083
52.378
49.7896
50.4859
53.4174
52.7899
50.5766
50.8531
50.5651
50.9931
51.5424
50.7756
53.6092
54.9405
52.4976
50.8893
49.8554
49.2975
51.8242
54.155
52.3821
52.4384
53.936
52.4549
53.4545
54.5345
51.0647
46.5224
46.7924
51.6929
54.8501
53.8112
52.8891
52.0657
50.7653
52.4315
53.6049
52.4686
51.6569
50.5638
50.2487
51.7237
48.506
48.2917
52.9689
52.2139
51.9669
53.2014
50.035
47.3698
48.5555
51.1941
52.2371
51.3637
52.5334
53.749
51.8645
50.7576
49.6463
47.8217
49.6746
51.6689
52.7969
52.7051
50.3335
51.6049
53.1604
51.9764
47.6179
46.0151
47.5217
46.9219
45.8484
47.3732
48.2742
45.3896
45.5042
45.2919
42.6476
45.2315
47.8423
45.7917
44.2184
44.8712
46.934
45.8295
47.0522
49.889
48.6464
49.2308
52.2261
47.784
47.6838
53.0828
52.0725
53.2325
54.4647
52.3697
49.8132
48.0931
48.479
51.6742
52.9017
53.4988
53.8967
51.6529
51.2873
52.9213
53.5074
54.1184
49.5221
48.5708
52.021
51.3005
52.2958
52.9031
52.744
51.3255
51.8336
50.9983
51.0882
51.2111
49.6266
50.5102
51.5796
51.6209
51.2321
52.9731
52.9241
53.5418
53.3276
51.4284
48.3162
47.0002
49.4633
51.8162
52.203
51.8834
52.6843
52.644
52.3245
52.4013
47.8343
45.6527
49.3255
51.917
51.6943
50.4426
50.158
50.3969
51.9009
53.0405
53.1096
51.5783
49.4035
50.4987
52.8639
52.5997
53.3689
54.9375
54.0292
52.0725
50.7975
50.3791
50.3297
51.083
49.2078
50.01
51.4218
50.3664
51.5451
50.958
50.6714
51.4575
48.3407
49.4474
50.647
50.6316
54.0584
53.4231
53.4202
54.4218
55.517
53.7707
50.6201
50.3956
50.5868
49.2126
50.0338
51.1967
51.2505
52.0386
52.7134
53.6308
50.1404
47.5421
48.8723
51.2085
52.9843
52.2739
50.3031
50.293
51.9049
52.0373
53.0448
52.5458
47.9363
47.832
51.8108
53.3703
52.5707
52.9577
54.6851
51.4946
50.7717
50.7885
49.6327
50.4732
51.4787
51.492
51.5092
52.8136
52.51
52.6496
52.7524
52.6954
50.4401
47.2579
48.4849
50.1806
51.1823
52.751
52.459
53.7043
53.7504
51.9238
52.188
52.0494
47.9317
48.3664
50.7048
52.0278
55.1724
52.4095
52.0278
52.0318
48.2439
50.6265
50.8427
47.9593
51.3308
52.0237
52.4123
53.6942
53.1138
51.6489
51.0165
50.804
49.7735
48.1858
48.1696
51.6236
53.2127
53.904
53.4859
52.9675
54.1888
54.8201
53.7071
52.3944
49.2999
48.7781
52.203
54.1638
51.9575
49.4401
51.3268
52.5293
53.0068
53.6452
52.8388
49.3024
45.3648
48.0008
50.0588
49.807
50.3512
47.9065
47.498
48.4308
49.3133
45.4825
41.1336
44.1999
48.4133
42.461
39.4205
43.7656
46.5322
45.1427
43.1211
43.1686
47.8469
53.4117
52.8849
50.8893
51.5066
52.4576
52.9521
53.5375
51.3888
49.6155
50.1882
51.5039
52.2698
52.5928
53.4245
52.9815
51.0803
51.8417
54.0847
49.7451
48.631
53.1448
52.8667
52.7579
54.4573
52.4576
51.5291
51.8094
52.4866
50.9048
46.966
48.3887
49.8766
47.3956
49.5872
52.3259
52.1227
53.1463
52.5238
49.4719
47.0157
49.9538
54.2388
51.1352
47.6474
47.3821
49.0497
52.8835
53.5891
52.481
46.594
43.9705
49.6303
54.2652
54.9164
54.8005
53.5232
53.1491
54.3508
53.0673
51.4907
50.104
49.6475
51.5052
45.0958
43.6557
51.9251
54.9904
54.9677
53.7663
51.1169
51.079
50.1203
49.2829
51.9899
52.615
50.8984
51.6502
51.6222
50.822
53.2751
53.4331
52.3396
51.3242
50.2841
51.0035
52.3725
51.202
51.5424
54.5479
53.8054
54.2211
53.8025
49.8629
50.2955
49.4878
49.9775
50.4503
48.5861
51.5623
52.0725
51.2321
47.0821
42.6776
43.3285
46.5484
51.5411
54.2505
53.6279
54.4618
53.5346
52.6371
54.1023
52.1567
49.4768
49.1328
51.0843
52.4356
52.3588
51.9238
51.9481
53.6538
51.7639
51.6182
52.6205
48.4109
48.9644
51.4549
51.917
53.1364
52.4095
51.8363
52.9717
51.3677
50.1555
49.9077
49.9962
50.2096
49.4328
51.6983
52.6205
50.9437
50.8091
51.569
51.9548
52.3656
46.7202
45.0025
50.119
52.4054
53.4988
51.6529
51.1457
52.4783
51.9332
52.5845
51.3084
49.5258
51.843
53.9185
51.7464
50.8156
51.8766
52.2098
50.5229
49.1087
50.4592
46.5138
46.4619
52.4439
50.7717
50.9788
53.7389
53.6452
53.268
52.712
51.9751
50.1404
48.3606
49.7946
52.6579
53.3575
52.4219
52.8485
53.0546
52.9283
53.3874
52.3834
51.113
44.3154
44.2351
51.265
53.1039
54.8125
54.5613
53.0068
53.5963
54.5152
52.2848
48.0169
46.6364
49.434
51.2952
51.5119
52.8136
53.2127
50.9424
51.443
53.6942
52.9759
52.6385
46.9274
45.1396
48.0584
46.4048
43.7742
47.8847
53.9724
50.2917
47.5353
42.1328
41.6207
46.8647
45.7593
47.9962
52.6565
52.6912
53.5475
52.9255
49.9027
48.6535
50.0275
52.7065
55.622
53.6999
50.1618
51.0686
53.0969
52.8751
52.4838
49.505
49.0473
52.0603
51.6956
51.7304
53.7692
51.7612
49.7389
48.7829
49.9064
51.7625
49.729
50.6586
53.3917
53.1025
52.8765
54.4529
54.8576
53.285
52.4054
53.0251
50.6022
48.98
50.2513
50.8195
51.7451
53.1519
54.9496
56.0507
53.0223
51.4271
52.2521
50.3056
48.5625
48.0284
49.8977
53.1957
53.3618
52.7301
52.3478
51.5823
52.319
52.5472
50.3107
47.9789
48.98
51.7759
52.7635
52.4508
51.6556
52.356
52.3382
52.1975
52.5693
48.9584
48.526
51.4655
51.4086
51.5783
49.7117
49.4071
51.4509
51.705
52.8779
52.8374
48.3465
48.4109
50.9801
51.439
53.582
52.9297
51.8699
53.7678
52.9451
51.5889
52.0156
48.5661
49.1195
51.9265
51.0856
51.784
52.0508
52.5403
52.6565
51.0934
51.4814
51.5796
48.4649
49.2587
52.3972
52.7454
51.9197
50.6868
52.2548
52.7162
51.7491
53.5733
49.7488
47.6894
51.9184
53.4631
53.4988
52.3601
50.5459
50.7911
52.3546
53.7475
51.9063
49.3657
48.0619
48.384
50.6047
52.2261
53.5934
54.2476
53.4674
52.7607
53.1717
50.0463
46.4814
47.6383
50.9359
52.8751
52.8653
53.3532
53.6898
53.4245
53.9476
51.2794
49.1872
50.7924
52.0413
52.0535
52.6357
51.4721
51.2965
52.3766
52.021
52.4673
48.8257
45.2049
45.7153
47.0799
43.5644
44.196
50.4439
51.202
49.2296
49.0184
46.5409
47.5263
49.6574
48.771
46.3768
43.3595
48.796
53.7115
53.904
54.2711
50.7975
39.7757
40.2406
52.3382
53.5906
51.439
51.5159
51.0178
51.496
52.4797
52.04
50.4528
49.802
51.1653
51.3163
52.233
51.2387
51.1339
52.4411
51.7585
51.4999
50.5676
49.0701
48.572
49.2332
51.5544
54.1419
53.8561
52.2261
51.4152
52.51
52.8318
49.9476
47.5071
48.8532
50.6457
52.5279
53.7432
52.2521
52.4453
51.143
49.2211
50.4719
48.8198
47.0157
49.5516
52.4219
52.651
52.2425
52.5804
53.674
53.4788
51.9022
51.5663
49.2756
50.5574
53.1703
51.5956
50.6163
50.197
50.7524
51.8511
51.5265
49.7426
48.9081
50.8893
52.6094
53.0969
52.4879
50.163
50.0864
51.3795
52.4136
51.5677
50.8518
49.4218
49.6475
52.2452
52.0711
52.561
52.1336
50.5102
52.3999
54.1257
52.3067
50.1983
49.6623
50.197
51.5265
53.3661
52.3711
52.5058
53.5561
52.6357
52.1118
50.8324
47.1598
46.594
49.0328
50.6457
51.6209
52.6801
54.019
51.7344
50.2955
51.01
49.3206
49.3072
50.5804
51.4007
50.7859
49.1075
50.6419
53.2538
52.9423
52.2521
48.1487
48.3162
54.4647
54.3331
53.5805
51.6076
48.9896
50.9736
52.6053
52.4934
51.4099
49.8865
49.2199
50.7937
53.6956
52.8849
52.7301
53.9462
52.3505
51.0582
50.7576
47.8675
48.8615
51.5477
51.48
52.7482
52.9928
53.2552
55.3756
53.5504
51.2413
52.0643
51.2479
50.9593
51.6796
52.4755
53.3575
50.6047
47.4777
49.1739
52.7023
53.2694
51.3097
49.4022
50.5089
50.6419
51.4615
53.7216
53.7418
51.6382
50.5919
51.6783
52.4742
51.8672
49.1002
49.6771
52.3958
52.2807
52.6621
54.1126
52.5914
51.9764
52.086
50.0902
46.3564
44.7968
48.0839
50.9178
52.0549
53.1971
53.312
54.3803
53.0814
51.7826
51.2834
50.1995
48.84
48.7377
49.1364
50.6201
53.3604
51.8108
52.4769
53.6956
52.3327
50.8014
50.6727
52.248
54.1785
51.096
48.9476
51.0217
51.492
52.7273
48.8711
45.8442
47.7943
48.0019
45.7018
48.4872
51.4575
49.3024
50.4286
50.764
50.5331
49.5675
47.8824
50.0701
52.8206
50.4999
49.7141
47.6372
43.6215
44.9792
49.022
46.0554
44.1365
44.4198
44.7938
45.4401
44.9216
49.3523
52.7691
53.4017
51.7451
50.1567
47.7008
47.23
50.8001
52.1322
52.481
52.9872
53.6064
53.0617
53.0152
53.1802
52.0318
50.25
49.238
45.8884
47.1631
52.8276
53.0673
52.7649
53.7432
52.5735
52.5003
51.9994
49.3206
51.6089
53.234
50.8984
49.99
50.7138
52.9297
52.0983
51.4734
52.3588
51.9669
51.2007
51.0191
52.7357
52.4191
52.3793
53.0434
53.0279
52.4425
51.9494
51.9211
51.5903
51.1522
50.7112
50.4566
51.9859
52.356
52.2589
52.7245
51.1666
52.8625
54.4336
49.7525
48.962
51.2821
51.0895
52.4576
53.0617
52.2016
52.9241
53.5003
54.2255
52.9745
44.3695
43.5256
50.3943
53.5375
54.7765
52.5362
50.3398
51.9859
52.481
51.9926
52.0725
49.2927
46.6429
48.0977
51.5929
53.7678
53.1943
50.9658
51.4443
52.7496
52.6898
50.9191
50.0964
49.0798
45.1651
47.9904
52.3752
51.8497
52.4755
50.746
52.8164
54.3345
52.082
50.674
47.4372
49.1944
53.6769
52.1526
50.9489
52.2016
53.0166
52.9185
53.7678
50.4579
47.2914
47.9823
49.7896
51.8753
51.1208
51.7344
51.6076
49.5602
50.6483
52.0278
50.7872
50.583
49.9301
50.3398
52.9535
52.0996
52.5804
53.5232
51.8968
50.9217
51.4165
51.48
52.5638
54.6329
54.3139
54.2491
53.5762
51.6462
50.9658
52.2685
52.2071
53.4474
52.8192
48.6654
48.7579
50.1794
51.8323
53.4416
52.6122
51.8632
51.6489
51.365
50.9385
49.04
48.4484
50.9684
52.6954
52.6704
54.2388
53.4331
51.9683
52.4549
52.7051
52.1254
49.9376
49.838
52.0156
52.222
50.7035
51.1457
52.6025
54.3493
55.9394
54.6299
50.01
47.7566
49.2538
51.697
53.2071
52.2685
50.923
51.721
52.0427
52.3273
53.6524
52.1145
50.2803
51.0895
51.5504
52.7858
55.2517
53.5203
52.6302
55.1101
53.8387
51.5305
51.4126
49.4817
50.3474
53.3917
52.7357
50.9996
52.0237
52.4301
52.1241
54.038
52.7593
43.2704
43.4084
49.5062
47.4721
47.7772
49.812
48.5131
46.135
46.4803
47.1387
46.9329
43.6157
43.7015
47.0035
46.4048
45.8768
49.9825
52.1812
50.7808
51.0856
47.5082
48.2672
52.9185
52.6136
52.1744
51.1574
50.9009
52.437
52.2739
52.2848
47.4327
45.7655
50.822
51.5743
51.6769
52.1703
51.8282
53.8401
55.4816
54.6433
53.3035
51.1221
46.6135
46.9803
48.8651
49.4633
51.4417
52.0549
52.8109
53.4274
52.4508
51.3505
50.0839
49.2659
50.8466
50.9957
51.4549
52.8388
52.5721
51.7277
52.8611
53.4374
49.7587
45.1152
47.325
53.3291
52.9689
51.9521
52.2603
49.3876
50.407
53.0026
53.1279
53.6783
49.7463
49.6069
51.3637
51.1548
52.8891
53.5733
52.1989
50.2727
50.945
50.3221
47.7464
48.771
50.5204
51.3097
52.6136
52.7037
52.1322
52.9647
54.0497
54.742
49.6069
47.0002
50.2475
52.0616
54.1052
53.7071
52.7343
53.9055
53.4102
53.0912
54.8246
52.3451
50.1756
48.2323
47.533
51.6302
53.2382
52.063
52.2111
53.7591
52.7649
51.5929
49.3766
49.0978
53.5318
52.5445
48.1649
49.9763
51.8686
51.1823
54.1096
53.2439
50.6855
49.4768
50.0438
52.3807
52.9773
52.3204
51.0882
51.1078
52.8793
55.2853
52.0549
48.3933
50.3069
52.4246
52.783
53.406
53.1364
50.844
50.7627
53.7851
55.0509
53.8257
50.574
50.3081
53.4231
53.0462
53.0265
52.615
50.551
51.9332
54.3095
52.694
49.4927
48.486
49.99
52.8025
52.356
51.6316
52.9241
51.5677
50.8634
49.8505
51.2926
52.0766
48.7555
50.4796
51.7304
50.6047
52.3423
54.076
52.9787
49.445
47.824
50.8854
52.6136
49.8505
49.4743
52.6579
53.0012
51.7679
51.439
52.1825
52.6191
53.7187
55.6143
48.7936
48.8544
51.6009
50.8984
52.5389
52.836
54.1111
52.55
51.9413
52.2207
51.0738
49.9002
51.2308
51.9292
53.312
55.0403
52.0143
51.7451
53.0814
52.1866
52.0779
52.0589
48.4484
49.1075
51.8753
51.6783
51.9265
49.1232
49.4597
52.4109
53.3006
52.7273
52.6053
47.4203
47.3238
51.8753
51.3954
52.9843
53.8866
52.7106
51.7947
49.8132
50.7164
49.2235
47.627
51.7264
52.0766
52.3013
53.3604
51.784
52.5362
52.7524
52.2972
50.3664
49.4682
52.5403
54.3272
55.1892
52.5679
51.2033
52.1268
52.3684
53.9243
54.1712
51.2466
46.6266
46.6146
51.5291
54.4811
52.9353
50.6714
52.0766
52.4631
52.0454
52.7148
50.3931
48.9261
44.605
45.1998
50.4337
51.0582
53.0856
51.557
52.1703
50.0238
44.6239
45.2039
47.0444
46.1542
45.4866
44.2693
43.8702
44.1686
44.1716
44.5891
42.574
42.0177
45.8989
51.7424
51.9588
50.0764
46.2353
45.4835
49.884
50.5983
50.0889
50.6163
51.9386
52.6843
52.4274
53.0701
53.406
51.1614
51.4761
52.3656
47.1154
45.6454
49.7611
52.4687
52.4343
50.6034
51.3505
54.227
50.8233
49.2138
51.0061
41.963
40.8772
