11.4915
285.388
400.802
702.247
751.597
628.338
495.54
600.601
863.185
902.12
928.936
965.251
721.241
643.087
838.926
960.154
962.464
931.966
896.861
872.981
856.898
512.558
330.469
428.266
768.935
784.006
734.484
671.817
741.84
792.393
784.006
771.01
559.441
549.904
690.846
733.407
788.955
820.681
825.764
862.813
869.565
349.773
288.559
563.539
925.069
953.743
952.835
955.11
927.644
909.091
631.512
479.501
377.145
458.505
847.458
801.925
711.238
516.796
404.285
449.337
413.822
481.696
772.201
748.223
770.713
797.13
875.274
751.597
520.291
506.714
676.361
618.429
618.62
825.764
917.852
967.586
959.233
505.306
464.253
796.495
921.659
904.159
878.349
861.698
530.223
544.662
772.499
501.505
540.249
884.173
969.462
975.61
955.566
953.289
613.874
574.878
826.446
530.082
414.594
604.412
925.497
948.767
957.396
987.654
984.737
984.252
998.004
965.251
815.661
737.463
821.355
919.118
921.234
945.626
986.193
950.119
917.011
925.497
919.118
931.966
976.563
936.33
884.956
819.672
815.328
871.84
888.494
907.029
932.401
976.563
1004.52
995.025
1019.89
1070.66
1038.42
911.577
881.834
998.004
1081.08
930.233
882.223
980.392
985.707
968.992
949.668
915.332
916.17
959.233
925.069
819.001
824.402
912.825
965.251
994.53
897.263
830.22
821.355
827.13
900.495
942.951
887.705
819.336
807.102
877.578
958.313
991.08
1009.59
980.392
970.403
864.678
807.428
880.669
954.654
926.784
838.574
796.813
836.47
907.441
924.642
941.176
959.693
956.938
943.841
962.927
816.327
761.905
481.696
468.933
797.13
853.971
886.525
897.263
891.266
873.362
835.073
715.563
207.598
215.123
851.789
948.767
1058.2
1103.75
1139.6
1113.59
966.651
889.68
880.669
746.269
724.375
837.521
899.281
957.396
1010.1
1015.23
1000
991.572
954.654
896.057
843.526
854.336
884.564
892.857
919.963
948.317
986.68
973.236
923.361
915.751
921.659
938.086
926.355
936.33
981.354
979.912
902.935
877.578
919.118
962.001
937.647
812.678
794.913
868.056
918.695
887.705
830.565
837.521
842.46
839.278
896.459
966.184
994.53
914.077
836.12
888.889
962.927
966.651
904.568
826.105
845.666
928.936
974.659
974.659
946.97
937.207
938.526
815.661
816.66
947.867
932.401
885.348
861.326
917.852
970.874
941.176
894.454
911.577
959.233
903.342
869.187
893.256
753.864
489.836
524.384
829.875
913.242
915.332
878.349
672.495
664.011
809.061
807.754
406.918
332.06
569.476
874.508
964.785
972.29
896.057
876.808
369.959
205.867
294.768
654.664
598.265
643.501
475.737
479.386
756.716
621.697
428.174
514.271
860.215
888.494
871.46
293.298
281.294
738.825
437.924
229.279
293.47
701.508
670.017
744.602
946.97
1110.49
1181.33
1165.5
1085.19
888.099
358.551
351.989
690.608
767.165
969.462
1048.22
1086.96
1098.3
1079.91
1083.42
514.139
468.274
812.678
308.69
302.572
542.299
385.654
447.327
77.6187
79.3808
878.349
830.22
858.001
942.063
919.963
817.661
788.955
848.897
925.926
924.642
912.409
936.33
886.525
789.266
795.545
917.431
1029.87
1035.2
1020.93
1028.81
1037.34
928.074
882.613
932.836
958.773
1004.02
970.874
835.422
828.157
1011.63
1170.96
1208.46
1221.75
1210.65
1117.32
1006.54
926.355
902.12
890.869
971.817
1067.24
955.566
835.073
894.855
1079.33
1139.6
1170.96
1168.22
1164.14
1162.79
1134.43
1186.24
1207
1186.94
1138.95
812.018
577.868
682.594
1036.81
1106.81
1126.76
1181.33
1184.13
1158.75
1135.07
1038.96
989.12
974.659
999.5
541.859
491.039
853.971
1016.78
1035.73
1046.57
1084.6
1070.66
995.52
981.354
1001
956.938
616.143
539.374
750.188
792.707
805.153
961.538
1003.01
794.597
684.229
722.805
815.661
670.466
622.665
865.426
954.654
946.97
833.681
832.64
1003.01
1027.22
1058.2
1070.66
1019.89
991.572
811.03
644.33
734.484
964.785
1006.54
964.785
955.566
580.889
484.731
713.267
941.62
863.558
763.068
841.751
961.538
1010.1
1015.74
968.523
954.654
992.063
976.563
970.874
1025.12
1042.75
983.768
880.669
822.368
865.801
888.889
827.815
793.021
555.864
448.531
588.755
364.631
376.011
939.408
967.586
966.651
950.57
922.509
906.618
887.705
851.064
861.326
149.209
148.787
883.783
877.963
863.558
903.751
887.311
889.68
988.142
1061.01
1042.21
1015.23
1046.57
1042.75
1029.87
1059.88
1070.66
966.184
893.256
956.023
1055.41
1042.75
927.644
837.521
827.815
866.927
940.291
979.912
998.004
993.049
681.431
647.878
863.185
948.317
923.788
888.889
974.184
872.981
821.018
962.001
1046.57
1013.68
970.403
880.669
832.639
911.577
997.009
1011.12
1048.77
1044.39
979.912
1030.4
949.668
844.238
871.84
926.355
871.84
689.893
666.889
826.105
908.265
908.678
829.875
806.127
943.841
1006.04
996.512
511.902
442.576
748.783
961.538
1027.22
1047.67
997.506
1021.45
1037.34
1041.67
1069.52
1075.85
1090.51
688.705
611.434
862.069
1028.81
1126.76
1119.82
1098.9
1124.86
1156.07
1049.87
984.252
1070.09
1137.01
1132.5
1049.32
752.729
664.673
788.644
579.71
587.199
665.115
670.017
977.04
1115.45
1164.14
976.563
828.157
922.509
1135.72
1123.6
1094.69
972.29
934.579
1097.69
1156.74
1164.82
1172.33
1168.22
1148.11
1143.51
1136.36
895.255
846.024
967.118
979.432
1024.07
1079.33
1138.95
1163.47
968.523
928.074
1102.54
1178.55
1191.9
1172.33
1136.36
888.494
868.432
1118.57
1166.18
1164.82
1175.78
1142.86
1130.58
1132.5
1123.6
956.48
904.159
1075.27
1143.51
1124.23
868.432
808.081
1017.81
1112.97
1135.07
1169.59
1151.41
1116.69
1142.86
1184.13
1171.65
1108.65
991.08
705.716
662.471
809.389
928.074
1088.73
1151.41
1131.22
1112.97
1013.68
687.994
636.74
783.699
812.018
559.91
549.602
866.927
1012.66
1025.64
1006.54
1036.81
1074.11
1054.85
1006.54
1010.61
990.099
916.17
695.894
656.383
822.368
941.176
1049.87
1146.79
1196.89
1194.74
1171.65
1139.6
1106.19
1112.97
1115.45
1131.22
1154.07
916.17
805.153
938.086
1082.25
1116.07
877.193
757.289
942.507
1134.43
1148.11
1133.14
1121.7
1121.7
1145.48
1029.34
798.403
871.08
1133.14
1146.13
1172.33
1146.13
1103.14
1103.75
953.743
896.459
1028.28
1089.92
1064.96
1066.67
923.788
855.432
960.615
1093.49
1123.6
1146.79
1166.18
1150.09
1190.48
1179.94
1046.03
862.069
886.132
1025.12
912.409
735.565
827.472
1123.6
1156.07
1158.75
1147.45
1160.09
1199.76
1141.55
1152.07
1153.4
1150.09
1185.54
977.517
657.03
662.691
948.317
1106.81
1141.55
1149.43
1170.28
1154.73
1170.28
1182.03
1133.14
1120.45
1177.16
1197.6
1173.02
1072.39
771.01
707.965
919.963
1117.94
1171.65
1122.33
1038.42
980.392
1033.59
1140.9
1162.79
1150.75
1147.45
1160.77
1058.76
971.345
1025.64
948.317
920.81
1107.42
1150.09
1133.14
1185.54
1169.59
1170.96
1183.43
1162.79
1140.25
1134.43
1118.57
849.979
819.672
1052.08
1064.4
1051.52
960.615
884.564
960.615
1055.97
1119.82
1147.45
1166.86
1176.47
1152.07
946.97
814.001
938.527
1120.45
1164.82
1077.59
1030.4
1097.09
1152.07
962.001
894.855
1091.11
1186.24
1125.49
1137.66
1101.93
923.361
928.505
1092.9
1173.71
1166.18
1131.22
1148.11
1186.24
1176.47
1180.64
903.751
825.082
1023.02
1134.43
943.841
781.555
914.077
1130.58
1153.4
1171.65
1191.19
1186.24
1158.75
1137.01
1134.43
1123.6
1140.25
1143.51
784.929
524.109
604.778
986.68
1058.2
1031.46
990.099
981.836
1075.85
1063.26
1074.11
1071.24
1095.29
1179.94
480.077
420.964
729.661
795.229
880.282
933.271
959.233
1074.11
1164.82
989.609
806.452
710.985
778.816
864.304
892.061
1048.77
1050.97
1029.87
1072.39
1116.07
1146.79
1134.43
1146.13
1083.42
1079.33
1040.04
912.825
844.238
914.495
1084.6
1135.72
967.118
831.947
859.845
936.768
1015.23
1023.02
1031.46
682.128
465.008
585.138
912.825
980.392
999.001
871.08
846.024
871.08
919.54
1010.61
1080.5
1059.32
851.789
786.782
908.678
1035.2
980.873
948.767
1019.89
1084.6
1052.63
1018.33
754.432
691.324
862.069
719.942
717.618
931.099
1043.3
1135.72
1118.57
1075.85
1071.81
1121.7
1104.36
1052.63
1076.43
861.326
732.601
730.46
835.771
1040.04
1105.58
1157.41
1182.03
1029.87
999.001
1103.14
1140.9
1084.6
1061.57
1189.77
1154.73
984.252
695.894
710.227
994.53
1065.53
1061.01
957.854
955.566
1092.9
1095.29
1046.03
1106.19
952.381
872.981
782.473
737.463
924.642
882.223
843.526
881.057
793.651
782.167
896.057
1036.27
1087.55
1112.35
925.069
474.947
487.329
931.966
910.332
950.119
1116.07
1084.01
985.222
960.615
974.659
1006.04
873.362
769.527
931.966
1133.14
1170.96
1190.48
1084.01
1040.04
845.666
710.227
862.813
1081.08
1095.89
1121.71
1011.63
809.389
803.859
968.054
1033.59
1060.45
1131.22
1093.49
1086.96
1091.7
1031.99
799.361
762.195
966.184
994.53
908.265
916.17
987.167
1026.69
1105.58
1118.57
1050.97
1081.67
1150.09
1204.82
1184.83
1156.74
1048.22
859.476
678.656
644.122
742.39
802.89
847.458
953.289
1064.96
1030.4
1011.63
1041.12
1039.5
1016.26
485.909
461.148
836.12
888.494
883.783
871.46
915.751
1007.05
1078.17
1108.65
1031.46
1030.4
701.017
636.74
755.572
786.473
1015.74
1100.11
1120.45
1170.28
1156.74
1124.86
1121.7
1122.96
1087.55
1001.5
742.115
729.395
930.665
812.678
753.012
820.681
823.384
896.057
1047.67
1078.75
1082.84
1115.45
1043.84
823.384
805.802
979.912
1116.69
1167.54
1118.57
1044.93
846.74
831.947
1008.57
1055.97
1044.93
1077.59
1056.52
793.966
759.013
914.913
994.53
1091.11
1146.79
1108.03
1088.73
1142.2
1067.81
855.432
861.326
1026.17
728.067
629.723
807.754
943.841
962.464
935.454
976.086
989.609
976.086
1008.06
1069.52
1037.34
1046.57
1088.73
802.89
754.432
957.854
1070.66
1090.51
1043.3
1006.54
1086.96
1162.12
1139.6
1144.82
1152.74
1170.28
1143.51
888.889
658.979
671.817
852.515
979.912
968.992
951.928
1038.42
1079.91
1095.29
1060.45
976.086
1030.4
1018.33
883.002
900.495
1048.77
914.495
840.689
1000
1090.51
1120.45
1099.51
1037.88
1040.58
1112.97
1075.27
1002.51
919.118
896.861
983.768
928.074
795.545
840.689
1013.17
1138.95
1175.78
1140.9
1164.14
462.321
335.177
521.241
743.218
741.84
838.574
788.333
760.746
1019.89
1066.67
1019.37
942.063
772.499
806.452
1008.06
1106.19
1106.19
1116.69
1141.55
1106.19
986.193
993.049
835.073
777.303
961.076
946.074
723.851
747.943
889.284
859.107
971.817
1131.86
1168.91
1139.6
1168.91
1067.81
965.717
817.996
699.79
730.193
782.167
876.04
1014.71
971.345
987.654
1113.59
1063.26
1072.96
1101.32
1085.78
1070.66
929.8
766.871
652.529
668.896
781.25
842.46
900.495
979.912
1031.99
1064.96
1099.51
1028.81
1034.13
1111.11
785.238
739.645
907.03
830.565
890.472
1087.55
1105.58
944.733
781.861
731.797
794.913
872.22
585.138
594.707
971.817
902.527
904.568
968.523
839.631
864.678
1035.2
1113.59
1094.09
1053.74
1062.13
982.801
749.906
793.651
1070.66
1043.3
891.266
797.13
801.925
830.22
869.565
947.867
994.53
973.71
943.841
856.164
883.002
1058.2
1142.86
1141.55
1142.86
1154.07
1176.47
1173.71
1124.23
921.659
793.336
908.678
876.808
804.829
917.852
1040.04
1124.23
1082.25
1062.13
1045.48
1046.03
1035.2
986.193
1043.3
1132.5
1014.71
638.162
585.652
815.993
959.693
1012.66
923.361
892.061
1021.97
866.551
778.21
886.525
930.665
637.349
587.027
785.855
907.853
952.835
968.054
1094.09
1105.58
1087.55
1079.91
1072.96
1089.92
978.953
757.863
718.649
886.918
814.996
704.722
802.246
927.644
985.707
1000
1026.69
1079.91
1078.17
1088.14
1020.41
822.707
841.043
1015.74
1019.37
1037.88
911.162
843.882
955.11
1096.49
1137.66
1119.82
1112.97
1065.53
994.53
883.783
890.869
1008.06
1101.32
1104.36
1081.08
1104.97
944.287
841.043
939.408
1092.9
1078.75
1027.22
985.222
889.284
884.564
1016.78
953.743
816.327
869.565
969.932
1001
1051.52
950.57
785.546
857.633
974.184
774.593
761.035
984.252
1140.9
1142.86
1052.08
1067.81
1121.08
1070.09
996.512
987.167
1053.19
983.768
829.876
762.486
833.681
1004.02
1108.65
1080.5
1014.2
1050.97
1082.84
1059.88
1115.45
1134.43
1062.7
1001
1033.06
930.233
614.628
654.022
988.631
815.661
706.464
801.282
953.289
1066.67
1101.93
1091.7
1072.39
1045.48
747.105
738.007
924.214
856.164
881.834
994.036
1061.01
1119.82
1063.26
828.844
727.802
804.505
606.98
551.116
788.022
1024.59
983.284
751.597
798.722
1030.4
1037.34
988.142
982.318
1025.64
1035.2
829.876
771.605
956.023
1082.84
1084.6
1040.58
949.668
804.505
858.369
1121.08
1131.86
1067.24
1016.26
946.522
847.817
821.693
962.001
1035.2
990.099
1020.93
1079.91
1098.3
1052.63
1010.61
449.236
409.082
778.513
896.459
918.695
1019.37
1085.19
1074.11
1101.32
1124.23
1062.7
1017.29
1030.4
966.65
842.815
749.344
860.956
1117.32
1170.28
1131.22
1020.41
978.474
1038.42
1083.42
1117.32
1128.67
1092.9
1028.28
1056.52
970.403
524.797
558.971
1044.39
1026.69
1084.6
1133.14
1024.59
984.737
1086.37
1134.43
1029.87
979.912
942.063
879.894
910.747
1037.88
1061.57
974.659
992.556
975.134
991.572
1104.97
1098.3
1047.12
1035.2
1058.76
1063.83
998.502
936.768
985.707
1109.26
1104.97
1082.25
943.841
729.395
746.826
928.074
1003.51
1007.05
1018.85
962.927
794.281
821.018
1006.04
1043.3
1064.4
1071.24
1062.13
978.953
843.882
874.126
1059.88
1098.3
1027.75
862.441
770.416
809.062
900.495
1028.81
1093.49
1109.26
1067.81
1026.69
1006.54
941.62
894.454
946.97
993.542
888.494
873.744
954.199
978.953
898.473
900.495
1016.78
1014.2
1028.28
1070.66
1053.19
1006.54
999.5
865.426
743.494
772.201
874.891
997.506
1082.25
1048.22
1036.81
967.118
951.928
1070.09
1065.53
1066.1
1122.96
1079.33
616.143
580.72
942.951
1098.9
1170.96
1174.4
1015.23
870.322
800.32
790.826
877.963
920.81
902.527
919.54
909.504
847.817
857.633
991.572
1046.03
1049.87
1085.78
1047.67
859.107
766.871
833.681
667.334
612.182
803.536
980.873
852.878
765.99
924.642
1088.14
1088.73
1035.2
1079.33
1129.31
1137.01
745.712
669.12
948.767
1100.72
1087.55
1082.84
1144.82
1100.72
845.666
782.167
961.538
1071.24
1032.52
947.867
813.67
801.603
911.577
998.004
1070.66
1106.19
1072.96
1064.4
1106.81
869.565
808.407
1049.87
1050.97
780.031
753.296
970.403
1070.09
1068.95
1060.45
1081.67
1110.49
1109.26
1083.42
1063.83
1141.55
1152.07
872.981
666.889
734.754
940.734
985.222
974.659
927.214
954.654
1079.33
1119.82
1128.67
1096.49
1054.3
1082.25
1068.38
1033.06
988.631
870.322
910.332
1109.88
1148.77
1100.72
1074.69
1107.42
1191.9
1116.07
1090.51
1156.74
1146.79
1169.59
1150.09
821.018
695.41
707.714
762.486
917.431
889.68
897.263
1011.63
991.572
940.734
968.523
992.556
707.214
670.017
961.538
1071.24
988.631
973.236
1050.97
1068.95
1036.27
1053.19
1080.5
1055.41
979.912
945.18
934.143
879.121
930.665
1070.66
1027.22
989.12
1082.25
1128.03
842.815
686.106
805.477
1005.53
1058.2
883.002
704.473
801.282
1075.85
1154.73
1074.11
1009.59
1069.52
1122.33
947.867
824.063
916.17
1004.52
984.252
832.293
780.031
924.214
1070.66
1111.73
1098.9
1046.03
1029.87
1061.01
1015.23
1035.2
1097.69
827.815
775.194
794.597
762.486
935.891
1105.58
1047.12
995.52
1047.12
1059.32
1084.01
999.001
895.255
889.68
921.659
920.81
817.996
801.282
906.208
1014.71
1088.14
1079.91
1033.59
1013.17
1015.74
1085.19
1174.4
1191.19
1212.86
1228.5
906.618
788.022
814.996
750.751
758.725
757.002
842.46
994.53
1043.3
1085.78
1130.58
1128.03
1074.11
681.896
525.624
683.995
835.073
665.779
660.284
818.331
880.669
915.751
942.951
902.935
869.565
841.751
872.22
907.03
922.084
983.768
959.233
739.919
750.469
903.342
874.508
854.336
877.963
911.577
908.678
927.214
964.32
1040.58
1078.75
1039.5
986.193
1018.85
1023.54
883.783
886.525
989.609
958.313
909.504
903.342
954.199
1057.08
1124.23
1075.85
1021.45
1004.52
979.912
1006.54
1082.25
780.64
639.795
703.235
754.717
856.898
904.977
884.173
860.215
785.238
869.943
1082.25
1090.51
1006.04
938.086
710.985
604.047
697.107
815.994
893.655
971.345
1029.34
1044.93
1058.2
974.659
984.252
1122.96
1097.09
972.763
915.332
977.04
1045.48
879.121
839.631
997.009
1067.24
1063.26
1067.81
1130.58
1172.33
1102.54
1066.1
835.422
752.445
878.735
932.401
1044.39
864.304
768.64
885.74
852.515
858.738
859.845
884.956
724.638
657.895
838.926
917.852
962.001
1025.64
869.943
777.303
849.257
965.717
935.891
832.986
627.746
598.982
828.5
956.023
999.001
1023.54
1059.32
1117.32
1162.12
1186.24
1067.24
725.426
670.241
735.565
785.546
1003.51
1083.42
1121.7
1156.74
1126.13
1111.73
1121.08
1084.6
1070.66
1135.07
1170.28
933.707
714.541
716.846
812.678
876.424
964.32
981.836
1036.81
1101.93
1078.75
1094.69
1107.42
1101.93
1027.22
1004.02
760.456
