8.00955
91.191
92.1574
97.371
92.3958
86.9716
91.8147
98.6729
102.485
102.03
105.081
106.157
103.799
88.739
69.2953
73.014
48.9404
48.1024
63.6882
61.3158
68.975
71.5052
76.8994
67.3333
61.4251
65.0999
73.711
88.6171
100.908
90.8389
92.383
90.0414
91.1826
104.232
102.785
101.112
32.0605
31.5492
96.0799
94.7643
94.9127
99.9001
103.413
96.9791
90.9877
101.802
106.912
104.324
102.828
100.669
102.981
106.349
108.231
107.267
107.98
100.939
91.5416
92.0387
95.813
95.2109
99.4135
111.031
114.567
109.529
110.059
111.807
113.033
115.634
112.918
113.392
111.508
109.782
108.95
108.956
107.308
107.986
108.501
111.396
106.627
100.251
95.4517
97.4137
109.206
99.8104
102.712
107.302
104.02
114.989
104.811
98.6972
108.161
109.027
105.569
103.509
102.912
101.688
107.643
107.741
103.493
103.066
100.402
98.4397
99.4431
101.729
101.502
108.354
101.24
91.7979
95.1294
95.7121
95.4836
101.994
107.273
108.95
106.855
107.533
106.304
100.796
107.556
104.701
102.912
104.254
102.464
97.5753
98.8728
104.216
98.0729
105.186
107.933
103.418
105.831
102.062
104.559
106.225
105.546
106.935
104.987
106.191
94.3352
94.069
103.778
100.085
92.5412
86.6852
93.3358
96.6604
86.2813
86.9603
96.782
98.4543
98.8142
94.6342
95.0074
103.939
99.8153
93.6023
92.4813
92.9411
92.2509
92.3958
91.4997
94.697
91.617
89.3655
97.2432
99.8602
89.5095
90.7853
101.999
93.6242
87.6578
91.27
97.1157
96.637
95.0525
103.226
103.853
102.067
110.394
104.97
101.415
102.192
100.381
102.37
105.938
103.439
96.567
96.8007
102.987
103.402
104.433
106.491
105.943
107.486
108.225
104.45
107.544
109.643
105.541
111.957
108.666
105.714
109.745
110.199
100.771
101.792
101.461
74.5212
72.5847
92.6398
99.5966
99.3937
102.575
106.775
106.724
102.564
107.308
111.025
112.303
116.564
108.678
107.187
111.626
112.145
109.866
105.213
97.078
101.046
100.286
96.8007
96.782
96.7867
101.611
102.791
105.641
105.949
102.77
103.311
101.942
99.4777
106.963
107.411
106.474
104.085
104.172
103.821
102.833
106.05
98.9413
96.796
100.321
99.985
99.0197
101.673
106.101
103.573
106.929
108.879
103.804
106.185
103.242
101.368
110.181
110.699
104.368
106.309
106.028
102.459
109.469
107.921
101.869
106.746
100.341
95.4745
100.341
103.077
101.667
107.429
106.298
100.241
107.377
105.258
100.04
103.638
104.482
104.855
105.357
106.496
103.589
105.119
107.677
100.913
105.042
100.69
94.8857
99.5818
103.611
105.591
100.381
107.701
112.41
105.296
102.743
100.619
105.291
103.756
102.527
102.208
106.016
104.102
88.3431
88.8612
104.031
98.1547
92.5241
100.397
98.7849
97.7565
102.648
107.411
106.769
110.773
107.602
98.7216
107.4
105.664
99.6661
100.751
104.822
108.225
110.394
107.049
98.4785
107.342
101.755
96.1862
98.0777
98.7118
105.775
101.755
105.369
110.011
108.992
106.855
99.99
101.538
105.048
107.107
103.258
106.718
106.18
97.4184
104.335
110.534
113.578
104.915
101.817
95.9325
91.4411
104.937
105.675
100.873
101.476
102.764
106.4
105.932
103.541
105.943
105.169
100.045
99.7158
106.878
106.689
103.638
108.395
106.485
99.1179
101.363
100.115
96.0292
106.033
106.94
95.388
101.051
104.756
100.898
107.072
112.303
108.772
103.072
103.056
107.078
113.591
106.242
102.438
105.335
92.3233
91.2118
94.7777
97.5134
103.348
95.7029
101.812
104.188
97.0214
106.815
106.889
102.944
110.583
105.446
99.686
101.076
96.0108
92.383
97.3568
106.355
106.883
105.02
106.213
101.554
98.6193
99.4876
102.359
102.733
107.51
112.032
108.442
109.481
107.77
102.859
103.794
109.914
105.921
102.176
104.575
107.666
106.769
101.616
101.786
104.384
105.235
93.3053
89.5576
100.801
100.817
102.433
111.025
106.94
105.859
105.352
104.772
107.377
102.68
99.7656
105.563
111.657
110.724
112.53
106.479
103.772
108.231
110.199
104.718
96.8054
103.875
99.369
95.6709
105.994
105.053
106.655
102.239
101.859
108.366
108.525
101.843
95.7029
104.652
109.535
112.499
107.44
102.239
112.899
115.447
102.654
100.2
106.53
95.4335
93.5891
105.899
103.274
101.476
104.635
104.324
102.902
109.17
106.309
98.6631
101.678
104.75
88.8099
91.4578
108.956
101.209
106.056
112.202
104.167
107.29
105.652
94.6074
91.3034
94.6522
97.833
100.883
107.279
108.266
104.559
99.557
93.8306
96.0984
102.633
100.125
102.077
104.417
103.654
101.451
99.7059
107.84
105.341
100.025
101.709
91.4077
89.7022
99.0148
103.509
106
101.745
104.888
107.296
107.498
114.436
108.237
105.927
107.147
109.481
111.334
110.528
103.343
105.213
107.608
102.95
108.108
104.286
98.3671
95.1837
97.1723
107.921
104.33
104.27
106.101
106.298
108.844
101.23
103.386
106.758
106.513
105.641
108.654
105.697
97.2668
98.3719
105.507
113.54
105.053
98.9071
98.8631
98.6485
100.236
96.2974
103.745
103.579
99.6016
109.224
107.927
106.112
109.182
112.007
106.084
101.518
103.675
103.627
108.149
108.554
102.575
108.814
102.575
95.6389
95.9785
101.482
103.04
97.7708
105.994
109.607
108.755
98.7606
95.3971
102.585
104.646
106.752
104.102
109.751
107.747
106.633
114.266
103.988
104.838
104.603
102.506
89.5736
86.4155
103.413
89.1266
82.3893
100.085
108.079
103.961
104.69
108.69
107.061
103.627
106.028
103.751
106.09
105.191
101.543
105.971
102.971
97.7565
89.4694
94.9127
105.224
99.9201
104.657
111.006
105.966
103.37
104.406
105.208
108.208
105.731
102.727
107.267
105.893
107.152
114.214
105.186
93.9761
98.6485
109.111
99.7705
99.3246
93.8438
86.2255
96.5904
107.371
104.734
103.713
107.759
108.383
105.07
104.384
108.073
106.65
111.694
113.785
112.708
107.417
100.452
107.98
101.978
94.0601
92.7859
98.7947
102.067
96.9603
103.514
107.458
104.01
103.141
103.999
104.004
106.389
110.017
105.563
107.233
112.309
104.01
102.585
103.584
105.463
105.175
96.782
96.1123
94.9442
99.9101
109.296
106.011
106.434
102.375
98.5513
102.244
100.065
93.2314
92.9584
98.7411
98.8435
98.8875
95.0661
87.5848
86.6551
85.5761
86.5015
75.6115
76.8374
97.561
95.6984
89.3017
90.0171
88.9047
91.9033
92.2679
85.0304
86.1438
99.6463
105.059
99.4926
89.2937
89.1742
88.9245
83.8328
91.7684
96.9133
99.3098
107.112
106.929
98.6145
98.3961
96.1908
97.7804
100.619
93.2879
92.4044
98.0104
97.2384
97.4089
99.7506
101.266
105.419
104.477
103.724
103.945
97.8569
97.7565
109.302
104.422
100.543
101.435
100.867
105.714
101.719
103.509
104.521
105.469
107.991
100.959
97.7135
103.525
108.761
101.973
103.536
110.144
101.554
94.0203
96.7773
97.1487
103.29
107.591
104.199
106.638
109.248
108.196
110.644
108.731
102.27
107.388
104.362
97.078
101.399
100.477
100.964
106.462
106.287
102.69
104.248
101.958
97.0497
97.8474
97.3425
98.6291
94.6522
94.9668
107.637
106.118
100.296
109.445
105.932
103.354
105.13
104.772
108.161
104.161
91.8569
88.9086
103.407
114.227
105.742
101.838
99.6165
101.662
107.25
101.921
99.3345
104.264
106.564
105.787
108.021
104.86
103.167
107.227
106.525
100.457
101.163
108.038
103.966
107.991
110.387
92.4642
89.3815
97.1865
101.698
100.306
99.6214
103.923
104.761
107.152
107.747
105.882
108.044
105.446
105.882
109.896
109.308
100.954
99.8004
103.268
100.518
103.488
104.899
103.622
104.844
97.3994
97.3425
106.918
107.596
103.584
107.66
114.377
103.718
101.771
101.02
101.786
104.679
105.983
104.718
105.68
107.956
103.434
107.331
101.523
100.386
103.418
96.0661
91.0747
93.8703
106.106
104.439
100.796
108.366
106.843
101.22
103.837
102.244
99.2753
106.866
109.999
101.554
102.854
109.535
103.018
103.659
105.419
103.988
98.8924
95.3652
100.236
100.69
106.479
110.711
105.38
105.949
106.661
103.708
103.794
106.011
100.654
86.1846
89.6097
105.775
103.284
104.772
108.266
104.767
101.895
99.8951
93.9585
95.7579
102.886
106.293
110.613
106.101
100.185
103.999
101.89
100.832
107.619
101.75
96.3206
104.286
110.193
102.475
106.792
106.056
101.066
106.417
109.631
101.559
90.371
83.4585
91.4495
105.031
107.342
108.707
107.313
107.348
106.276
104.346
106.872
110.951
108.98
108.56
106.678
106.724
105.955
100.497
101.415
105.48
104.042
97.2384
96.1862
102.506
99.1326
103.498
110.15
104.932
101.061
102.971
107.481
101.989
102.02
101.302
100.226
106.633
107.325
104.433
103.141
103.226
100.356
108.366
105.831
96.2232
87.0322
86.9716
98.4591
100.321
105.037
108.643
105.169
107.619
108.272
107.823
105.91
101.755
101.353
95.1203
94.7553
101.138
105.759
106.895
105.291
108.272
109.769
98.8777
89.0393
96.4692
106.849
101.937
104.504
105.048
93.576
95.4153
106.94
108.66
110.047
107.296
98.8093
98.9511
106.101
97.642
98.0488
109.8
110.327
112.183
98.6291
87.5618
95.2064
101.061
99.3147
102.02
111.688
106.781
100.974
108.507
104.866
103.236
110.546
107.078
99.2113
100.639
108.184
104.4
100.806
104.57
100.583
95.8359
95.9601
94.3085
97.2526
102.15
103.977
101.616
106.98
107.852
99.7258
109.969
109.999
99.4085
102.454
107.515
102.733
105.781
109.01
105.38
107.619
104.428
100.01
98.9169
101.23
95.3425
93.1359
106.849
105.208
105.202
110.687
102.208
100.893
102.706
101.507
101.745
100.867
101.688
102.981
102.722
105.235
104.723
108.838
106.746
103.332
101.256
84.5809
85.3315
96.3577
105.524
105.452
97.6753
104.981
103.81
104.199
112.518
114.273
106.912
106.225
102.659
99.7208
111.309
98.8728
95.0525
110.693
112.215
103.231
99.7805
85.6274
82.9359
98.7996
101.89
100.898
99.3197
98.7459
102.464
107.91
109.123
108.921
105.731
104.849
107.193
104.499
100.827
98.6096
101.595
103.493
99.4678
101.626
98.3236
101.015
107.945
102.606
107.498
108.595
100.72
98.7996
102.617
107.44
113.882
103.306
98.1065
110.442
104.987
101.698
108.719
92.1659
90.4118
93.2792
88.4252
91.1993
89.9928
89.1345
89.0988
92.687
97.7708
96.2881
93.5016
98.6436
90.0942
86.0548
90.2201
92.0683
93.2401
92.3574
96.7539
87.2106
83.3264
84.7781
80.5023
81.4697
86.103
90.0252
88.1795
90.4691
94.3174
96.595
103.52
101.647
106.553
106.667
93.6067
99.7307
106.315
103.799
98.9805
104.188
98.8973
92.1829
109.649
105.059
100.422
106.355
104.302
101.843
100.11
105.23
89.7062
86.2106
107.701
107.492
101.389
104.608
108.684
105.843
100.015
77.7454
75.2842
95.1249
103.157
109.788
108.108
108.061
107.423
103.918
102.401
108.254
105.114
98.561
109.613
104.668
100.447
106.998
106.536
104.646
104.86
106.44
106.855
96.4925
97.5419
100.528
91.9075
92.8678
99.8303
106.992
108.944
107.198
102.976
104.531
103.157
108.885
106.769
94.8542
103.445
105.502
103.003
103.815
105.43
103.74
94.5001
105.059
103.568
93.1966
98.6047
97.0403
95.7075
96.5158
104.943
105.859
104.75
112.347
103.045
102.119
108.067
109.343
107.596
106.394
107.325
109.745
111.751
97.5087
85.237
96.1908
106.14
100.301
104.237
105.731
102.213
108.631
107.788
101.451
107.637
106.855
102.338
106.763
110.914
105.075
102.611
98.1836
96.9885
106.242
100.99
95.3925
96.2649
98.4543
102.564
101.22
101.056
105.742
106.332
107.724
110.76
112.164
109.427
103.745
107.308
108.483
103.708
93.4579
96.2603
105.927
105.859
104.047
94.9938
91.8695
102.459
106.963
102.712
102.328
107.302
107.446
105.658
108.69
102.359
101.461
102.077
104.57
108.442
105.764
99.7059
99.3197
107.846
110.065
108.085
99.94
98.7849
101.281
96.0154
94.688
98.0488
100.432
103.627
106.078
107.846
106.746
103.53
107.823
107.118
103.306
102.155
107.009
108.992
112.284
111.638
106.638
104.921
99.3888
93.1532
96.2094
105.988
104.652
104.221
109.152
105.68
106.855
109.188
106.095
103.74
98.1595
102.15
108.956
110.571
105.904
107.898
114.286
110.017
105.302
98.561
91.7642
91.7852
95.0796
98.6096
98.912
106.712
114.025
109.099
107.567
101.338
101.869
104.362
99.8602
102.386
111.272
104.341
99.0295
104.292
96.6837
96.8758
112.41
108.98
98.2946
88.1251
88.6486
93.188
97.3947
111.154
107.898
105.474
112.524
112.089
102.265
88.6407
87.2068
98.3865
105.893
113.199
106.219
99.2063
107.089
104.188
99.0688
93.6549
96.7539
104.504
109.523
110.327
103.05
109.643
106.394
99.935
104.15
103.589
99.8153
103.993
102.685
103.018
96.5065
95.0932
102.291
100.381
102.464
104.466
94.1531
90.2649
104.482
102.754
100.908
105.092
101.333
103.279
107.371
107.107
105.302
110.748
109.769
109.794
116.557
101.41
101.143
108.067
105.092
104.734
105.971
95.288
91.2992
106.672
107.677
103.622
100.588
98.2029
102.365
107.084
109.236
106.667
110.467
111.272
112.045
