3.20353
21.7448
17.3847
16.4931
20.0052
23.0439
22.5741
16.4947
18.2655
25.466
25.8425
26.0998
23.7724
24.1701
25.7549
25.6509
25.6384
24.2515
24.009
25.4165
26.2757
26.8478
26.02
24.8506
24.7531
25.0859
25.3749
24.6093
24.6378
23.5727
23.7578
25.739
24.7289
24.4906
25.5745
25.22
24.8367
25.1683
24.6518
25.1689
25.5984
26.0136
26.2017
24.8013
24.6749
24.5468
23.0707
22.1747
21.0331
21.8457
24.0252
22.8553
22.8917
22.2861
22.3474
25.0963
26.0014
25.2822
24.6527
24.4864
25.1512
26.14
25.4398
24.4337
24.4296
25.114
25.5144
25.3739
24.7611
24.929
25.4252
25.3942
25.3492
24.0683
23.397
24.6965
25.3428
24.0145
22.6786
23.896
25.1883
25.0347
25.2379
23.6899
23.1723
24.273
25.1991
25.8241
25.3402
25.0106
24.5444
24.5818
24.7927
24.2618
24.4526
24.8305
24.9094
24.7565
24.0301
23.4494
24.1409
25.0219
23.9532
23.1249
23.6038
24.4717
25.7291
25.9131
24.3896
23.304
23.593
24.5275
24.825
24.9299
23.6072
23.6214
24.6914
24.258
24.3007
23.9518
23.3225
23.8772
24.1631
24.0466
23.0984
23.0638
23.9693
23.8581
24.14
22.7601
23.0123
24.6012
25.0078
25.3113
24.3748
23.771
24.3061
24.8142
24.5002
23.9163
23.6619
23.6667
24.2122
24.9156
23.936
23.6908
24.2839
24.6932
24.8521
23.8274
23.1011
23.6798
24.8821
24.7632
23.5253
22.7536
21.7495
21.5487
21.2323
20.483
21.8699
22.1793
21.6085
22.5571
23.6942
24.1996
23.965
23.9817
23.8892
23.6169
23.6776
23.7708
23.8282
22.0344
21.958
23.7012
24.1686
23.7603
22.4464
23.4758
24.5613
23.8683
23.8783
23.1211
23.3348
24.1423
23.9066
23.9745
22.2356
22.0289
24.1066
24.2695
23.3989
22.5818
23.1342
23.9992
23.9854
22.9205
22.8225
23.7801
23.9455
24.2827
23.4577
23.3713
23.3634
23.4019
24.0211
23.6824
23.7375
24.0206
24.1598
24.1348
23.2019
23.1233
23.9719
23.9607
23.7874
22.7741
23.1857
24.4326
23.5363
22.8373
22.8822
23.3068
23.9366
24.0523
23.5266
23.663
23.7778
23.8322
23.9794
23.4593
23.3141
24.0036
24.9094
24.2548
23.4132
23.8217
24.1496
23.9719
23.878
23.6602
23.134
22.9901
22.9024
23.6231
23.6086
22.9171
23.197
23.4745
23.6005
22.606
22.3177
22.8386
22.8048
23.1648
23.1107
22.8582
23.5037
23.8061
23.2645
23.0007
22.7783
23.1299
24.099
23.0564
22.7206
22.6652
22.1749
22.993
22.1168
21.8885
22.6642
22.9661
23.663
22.763
22.5461
23.5516
23.5355
23.3263
22.1356
22.1082
22.023
20.2446
19.7293
20.1928
20.6785
20.7691
20.9028
21.0797
22.4823
23.5749
23.3798
22.6765
22.2926
22.9938
23.4976
23.8342
22.9851
22.8123
23.7572
23.8325
23.3233
22.4112
22.582
23.3787
23.7223
23.91
22.5792
22.6201
23.5802
23.3825
21.5962
20.5343
22.765
23.7214
23.1903
21.9582
21.7379
23.1984
22.993
23.1949
22.909
22.5874
23.6136
23.6728
23.6992
22.6829
21.8584
23.1147
23.8786
23.0107
21.7538
22.0809
23.5062
23.1975
23.0784
22.8943
22.4583
22.9911
23.0221
22.8535
22.4633
22.3879
22.2732
22.2437
22.3234
22.4653
23.304
22.8535
22.505
22.2067
22.2682
23.3601
23.1
22.0512
21.9532
22.4603
22.1998
22.4982
22.7136
22.6219
23.164
23.2981
23.0158
22.0141
22.1034
22.7436
23.0468
23.566
22.0712
21.8412
23.1096
21.645
21.3693
22.866
22.5624
22.8898
23.7787
23.0784
21.0735
21.445
23.3899
23.3973
21.8479
21.3065
22.8788
23.1046
22.7871
22.1166
21.8955
22.9163
23.0704
21.4443
21.4943
23.3858
23.3405
22.7221
21.6102
21.0075
20.8162
19.8612
17.6613
17.5511
19.2738
19.7734
19.781
19.3362
21.044
23.4574
22.7733
21.519
22.1212
22.9632
22.9856
21.5295
20.814
22.2482
22.8982
22.0719
21.4834
21.8663
22.3929
22.8616
21.7668
21.7588
22.9674
22.6175
22.3481
21.9356
22.0172
23.1243
23.0362
22.8027
22.0473
21.9015
23.3106
23.0566
21.634
21.8457
23.1769
23.007
22.6444
20.9604
20.7553
21.8718
21.344
21.1716
21.2253
21.7922
22.4987
23.0052
22.1936
21.5822
21.7346
22.5991
22.8537
21.6481
21.9541
22.5956
22.7718
21.3858
20.2829
20.4792
21.0826
21.9775
21.0157
20.8461
22.3476
22.872
21.3554
20.8015
22.2963
22.9237
22.1926
21.1707
21.8093
22.6583
22.1887
21.8279
21.4112
21.6696
22.5706
22.9142
21.7929
21.5782
21.8821
22.2467
22.3514
20.7245
20.536
21.811
22.168
21.7108
21.5313
21.9845
22.4389
22.1481
21.5227
21.0593
21.0991
21.4078
20.9404
21.0657
21.6682
21.6913
21.0442
20.2372
19.2022
20.219
20.2267
19.9424
21.8231
21.8555
21.9479
20.2088
19.7083
20.2897
20.5696
19.5781
18.8249
20.751
21.7342
21.498
21.7172
21.83
19.7246
20.1402
22.0267
21.8539
22.0032
21.3986
20.9499
21.3449
21.7068
21.895
21.8522
20.4082
20.8533
22.4283
22.3202
21.6931
20.7475
21.4273
22.2
21.7493
21.4411
21.684
21.8749
21.7337
20.1582
20.2862
21.1276
20.6016
20.6007
20.4771
21.4399
22.0459
21.6657
21.1486
21.3215
21.5813
21.6022
21.112
20.9251
21.3067
21.2316
20.6105
20.2257
20.9319
21.742
21.8345
20.8958
20.8538
21.1011
20.839
20.4482
20.1159
21.0939
21.9887
21.8694
20.8203
20.7437
21.602
21.712
21.0491
21.1669
21.7557
21.7264
21.479
21.0984
21.6598
22.263
21.4394
20.7648
20.7213
20.8945
21.5283
20.245
20.0042
21.6469
21.4684
20.6122
20.8672
21.5051
21.4208
21.5529
21.0188
20.8535
21.4064
21.7929
21.6293
20.832
21.0679
21.4222
21.3936
19.9324
19.6211
20.9734
21.1084
20.4355
20.9063
22.1435
21.235
20.9409
20.8381
20.5668
21.3693
21.8241
20.9205
20.319
21.2479
21.8785
21.9763
20.8764
19.7233
19.0357
18.2742
17.7502
17.5208
17.9714
19.7869
20.6573
19.8417
20.852
21.5373
20.2679
20.0282
20.7825
20.7564
20.8047
18.3453
18.7073
21.4319
21.0846
20.0576
20.13
20.6518
20.1521
20.4409
20.7202
21.3689
21.3858
20.2883
20.3138
21.4192
21.3936
21.1578
20.9736
20.9824
21.3188
21.2303
20.8422
21.1867
21.3395
21.0526
20.1664
19.6188
20.2302
20.8971
20.0932
19.1905
20.5095
21.2377
21.0243
20.622
20.5569
20.8045
20.725
20.8901
20.5383
20.4857
20.8338
20.9043
20.7237
20.7665
20.9013
20.8622
20.2439
20.279
20.8472
20.7284
20.0407
20.1988
21.2037
21.2186
19.3397
18.5259
19.0474
19.5731
18.3389
17.7896
19.3534
18.902
18.4432
19.9505
20.9144
20.7915
19.3536
19.2782
20.9492
21.3131
20.6954
19.894
20.5265
21.2168
20.6834
19.8861
20.1365
20.9961
20.6183
19.65
20.1001
20.6954
20.8192
20.4497
20.5766
21.0179
20.3996
19.7775
20.1631
21.1716
20.7961
19.8417
19.8732
20.7818
21.1551
20.2538
19.8397
20.5318
20.7314
20.0614
20.3465
21.0735
21.0117
20.8316
18.8583
19.4028
20.6047
19.5236
19.4326
20.0596
20.4177
20.4652
19.8356
19.5402
20.7323
20.6996
19.6052
19.516
20.5486
20.3942
19.2611
19.5808
20.8749
20.6241
19.9836
19.6856
20.213
20.508
19.3566
19.0685
19.1214
19.6709
19.8314
18.9836
19.396
20.0711
20.1088
19.7904
20.3337
21.0356
19.8997
18.943
18.103
17.4711
16.9581
15.726
16.1267
18.8005
19.6132
19.076
20.0351
20.1841
18.9204
19.1615
20.3656
19.9858
19.4179
19.8362
20.483
20.2655
18.9793
19.0026
20.0349
20.6356
20.4929
19.3607
19.1135
19.9784
20.199
19.8086
19.9698
20.4819
20.1835
19.6591
19.7369
20.1877
20.3409
19.943
20.3649
20.6317
20.4357
19.3209
18.7961
19.7363
20.3488
18.5345
18.4572
20.1258
19.7529
18.8963
19.4169
20.4509
20.633
19.6932
19.1721
20.1264
20.3378
19.3082
19.6323
20.3718
19.9114
19.5802
19.9412
20.4736
20.5461
19.327
18.6823
20.2634
20.798
19.4403
19.0683
20.0088
20.1005
19.9354
19.6568
20.1735
20.3463
19.8314
19.9223
20.3882
20.3124
19.5454
19.3695
20.1088
20.3353
19.1694
19.1869
19.7044
19.0494
17.9688
16.8923
16.6795
16.8243
16.3011
17.1578
19.2981
19.8436
19.0993
19.4386
20.3362
19.3071
18.8425
19.937
19.261
18.9097
19.2208
19.1375
19.8143
19.989
19.0944
18.7961
20.009
20.4351
19.1981
18.9608
19.4862
20.2249
19.1821
18.7612
19.7079
20.0038
18.7547
18.4228
19.5192
19.2953
18.1855
18.5283
20.1841
19.5204
18.5882
18.8507
19.561
19.6246
19.1635
19.3571
20.178
19.8932
19.5557
19.7804
20.0282
20.1369
19.5477
18.4405
18.8612
19.9316
19.3656
18.6152
18.4682
19.4714
18.8087
18.1343
19.345
19.8564
19.9179
19.4024
19.2452
19.7556
19.1106
18.9018
19.2302
18.9022
17.8603
18.0154
19.5126
19.7941
19.3986
19.056
19.0989
19.3708
19.2565
19.3074
19.7979
19.7196
18.0067
17.7492
19.2819
19.8961
19.2226
18.7665
19.1564
19.1966
19.0035
18.6967
19.2393
19.6562
19.1974
19.6614
20.1084
19.2708
18.672
18.507
19.204
19.9031
18.8551
18.7222
19.1441
18.715
17.1136
17.1532
18.5723
17.05
16.4528
18.0889
19.5206
19.4594
19.6421
19.8352
19.3418
18.8954
18.9554
19.0761
19.357
18.7543
18.6981
20.0172
19.4776
18.2625
18.7068
19.0643
18.6161
18.4332
18.132
19.01
19.4738
18.5965
19.1294
19.8206
19.1617
18.0073
18.3714
19.7313
19.7519
18.7262
18.2723
19.0953
19.5651
18.8911
18.1495
18.4966
18.4266
16.389
17.0174
19.3568
18.1235
17.8626
19.0765
19.524
18.831
19.0337
19.2384
19.0763
18.5636
18.4973
19.4079
19.628
17.6691
17.7535
19.1487
18.7364
18.5625
18.8461
19.0862
19.3099
18.924
18.5341
19.0734
18.7598
18.3771
18.8509
19.7752
18.966
18.0504
18.5768
19.0483
18.4821
17.8159
18.2399
19.1077
19.2719
18.9773
19.1417
18.882
18.4047
17.9756
17.9984
18.45
18.4526
18.829
19.1011
19.685
18.1023
17.7841
19.1926
18.2914
17.8974
18.7521
19.076
18.8939
17.9324
17.8899
18.4519
16.4751
15.4844
15.8538
16.9015
17.9369
18.1324
19.1569
19.0909
17.8169
17.6816
18.6015
18.0448
18.1306
18.5254
18.2901
18.3812
18.4274
18.4155
18.5033
17.8749
18.2106
18.8179
17.8976
18.2625
19.0556
18.8567
18.0904
17.8637
18.0242
18.1605
17.5265
17.9175
19.1452
18.1802
17.1182
18.1871
18.7675
18.1874
18.1937
18.3397
18.2445
18.1133
18.281
18.6545
18.1848
17.4876
17.5497
18.5993
19.084
17.4487
17.5259
18.6844
19.2282
17.5208
17.0939
18.3857
18.0442
16.7681
17.1383
18.6651
18.2784
18.2433
18.5233
18.34
17.0246
17.369
18.6258
18.1826
18.1306
18.1699
18.9277
18.8523
17.8504
18.2692
19.2521
17.5203
16.9352
18.7219
18.7327
17.5078
17.8696
18.5932
17.5394
17.3117
17.4195
16.7897
15.7122
16.4633
17.5818
16.3094
16.891
18.044
18.1898
18.3673
17.8217
18.3869
18.7549
17.7677
17.7573
18.6553
18.0869
17.5651
18.2259
18.5183
18.2209
17.4873
17.6337
18.4023
18.0474
17.6541
18.3185
19.0333
18.0891
17.7587
18.556
18.2625
17.1267
17.3331
17.6163
17.7789
17.5101
16.8553
18.2523
18.3071
17.5526
17.7987
17.8562
17.3632
17.2515
17.5223
17.806
17.958
18.4013
18.4527
17.2913
17.2264
17.7289
17.9432
17.8835
17.4286
17.8992
18.5487
17.8277
17.8191
18.7145
18.5767
17.698
17.4889
17.5065
17.7647
18.0713
18.0793
17.6666
16.5463
17.1174
18.2123
16.9913
16.7881
18.167
18.5444
17.5369
17.4589
18.175
17.1877
15.166
15.6215
16.5607
16.2147
16.7513
17.6083
16.9578
16.651
18.0024
17.9654
17.5738
17.9295
18.536
17.6538
16.7342
17.2147
17.4598
17.261
17.7299
18.494
17.9767
17.6886
17.9842
17.665
16.6624
16.9545
18.0845
17.4889
17.5385
17.973
18.239
17.9429
17.7566
18.161
18.562
17.7041
17.1849
18.1381
17.9176
16.3967
16.7588
18.1742
17.2107
17.2732
17.6585
17.2457
17.4465
18.025
18.1256
18.319
18.0256
17.7212
18.1393
18.1048
17.6636
17.5162
17.8344
17.5891
17.6939
17.7656
17.5472
17.0917
16.8645
17.6072
17.9228
17.019
17.3327
18.3599
17.8979
18.1455
18.3673
17.9509
17.8107
17.673
17.6717
18.0352
17.9345
17.2761
17.4295
17.4365
17.0356
17.731
18.7755
17.7713
16.8047
17.3971
18.1307
17.7341
17.321
17.8808
17.4382
16.0661
16.9991
18.2872
17.0055
17.0348
17.8047
17.8696
17.2429
17.0439
17.7044
18.3525
17.2809
16.7066
17.492
17.1468
16.7242
17.1186
17.8298
17.1636
16.9063
17.8776
17.5145
16.6254
17.4134
18.1132
16.9706
17.0278
17.8347
18.0822
16.9146
16.8177
17.8666
16.9195
16.9599
17.566
17.6379
17.1218
17.3455
17.822
17.2644
17.325
17.3933
17.3572
16.6868
17.1023
18.4527
17.796
15.9525
15.3713
15.9667
14.4982
14.8518
17.0258
17.5127
17.8174
17.5302
17.6893
17.2566
16.8474
17.3779
17.7568
17.448
17.3674
17.7186
17.6644
17.4928
17.8266
18.0214
17.2006
16.9263
17.5392
17.6389
16.9173
17.2114
17.9766
16.9263
17.2042
17.977
17.6344
17.6148
17.5266
17.7648
17.8904
17.3449
17.0996
17.2825
16.8105
16.6722
17.1948
17.7783
16.2168
15.8592
17.4455
16.8945
16.8995
17.5105
16.9345
16.5222
17.0873
17.6269
17.1855
16.9447
17.7565
17.6639
16.2371
16.3815
16.951
16.1006
16.67
17.7847
17.6608
16.9668
17.4345
18.0959
16.8722
16.8654
17.4087
17.2973
16.3148
16.4084
17.8656
17.6174
17.2607
17.2126
16.8959
16.6083
17.0298
17.4657
17.6813
17.144
16.9251
17.475
16.6647
16.5556
17.651
17.6939
16.9691
17.2444
17.644
17.324
16.4853
15.9139
16.5785
17.2008
17.1571
17.1929
17.296
17.1437
17.1762
17.686
