6.13395
123.229
126.751
127.429
110.516
74.7133
76.6842
96.6604
101.942
89.8553
84.8716
104.091
98.0008
91.5709
91.8358
85.0847
87.9894
75.6258
69.9374
102.422
121.3
107.239
108.998
111.019
125.802
127.283
125.141
78.7557
54.4722
75.0441
112.48
111.713
132.433
137.608
138.265
148.071
145.412
143.524
138.495
137.137
139.723
133.502
136.528
129.752
51.6823
54.0001
130.77
136.78
139.159
139.169
149.846
139.743
129.383
128.107
139.024
116.904
119.268
131.562
132.083
136.827
136.268
144.791
139.509
133.636
131.674
137.542
142.592
131.268
129.291
137.741
135.934
134.662
141.403
136.064
135.713
144.02
136.911
142.207
140.292
127.462
118.483
131.57
115.48
118.378
137.893
133.129
136.575
140.066
151.918
144.103
142.949
138.399
133.289
135.208
140.519
146.811
142.42
145.433
133.708
130.83
142.501
143.308
141.663
129.955
129.651
132.67
132.732
129.997
132.004
135.071
123.885
113.257
125.786
142.288
141.463
135.805
133.351
141.473
141.403
132.996
131.787
137.95
141.353
135.208
135.621
136.575
140.637
137.836
136.23
146.327
139.353
138.85
139.528
134.354
138.744
144.98
145.423
129.441
127.202
131.848
119.503
121.736
131.588
130.395
132.864
138.87
132.301
137.014
141.313
140.875
140.351
144.896
141.723
140.262
144.061
142.888
133.236
125.747
115.314
106.445
129.668
146.886
130.993
123.885
138.629
134.309
125.628
122.257
128.858
144.917
140.154
131.709
128.568
132.926
133.467
136.949
139.402
138.074
143.812
138.812
135.236
136.846
141.854
142.288
140.548
142.959
140.282
142.653
141.844
134.508
123.107
130.753
142.776
127.804
118.399
137.391
144.196
131.234
131.01
135.685
133.147
133.556
135.163
130.548
128.057
131.458
140.489
144.655
133.797
137.146
140.292
133.138
139.889
143.359
142.847
132.293
130.327
136.017
140.974
147.82
138.093
137.363
133.094
128.304
124.611
117.103
126.662
138.093
142.643
138.055
130.582
129.5
139.538
135.63
136.203
143.761
142.562
146.21
141.623
138.947
142.369
139.072
134.853
139.383
148.677
133.538
132.661
140.954
142.623
135.704
127.081
121.168
121.832
139.997
135.648
140.449
140.125
133.842
132.837
136.958
137.419
141.293
145.254
134.635
134.608
134.916
136.547
138.093
139.831
139.392
130.745
130.967
128.717
131.122
135.593
138.198
140.558
133.815
127.138
117.709
123.198
131.475
139.558
139.899
142.015
137.893
134.49
143.957
146.983
146.316
142.278
138.026
132.846
134.998
107.446
105.28
130.864
137.988
144.509
147.362
155.412
155.775
155.075
149.276
133.467
130.438
126.056
122.73
126.687
138.485
144.718
134.626
121.073
119.503
131.978
140.905
133.28
131.631
135.676
135.768
141.463
139.694
140.944
145.127
145.975
145.518
139.938
134.935
136.379
145.773
140.302
136.045
139.792
137.448
137.864
138.591
129.752
127.527
131.7
139.577
133.032
126.63
143.01
153.022
141.965
106.82
102.02
118.022
115.949
126.318
141.193
134.354
125.739
134.608
148.06
144.092
143.709
131.952
121.345
128.123
136.799
125.329
114.09
102.323
110.406
125.203
122.549
130.497
133.351
126.43
124.813
126.831
125.384
131.761
127.429
120.788
120.999
124.146
128.098
123.732
123.916
121.271
119.403
121.264
119.574
121.551
112.454
118.029
117.557
88.4956
96.5717
128.775
121.625
112.854
115.835
115.307
120.956
122.572
119.424
131.579
140.588
141.945
137.96
142.44
145.402
147.21
140.105
136.93
138.131
139.373
146.972
143.864
145.127
137.476
128.791
109.981
109.475
130.293
141.233
134.998
133.209
128.883
128.899
120.207
115.861
133.77
123.808
129.71
137.969
137.798
144.802
144.415
135.144
131.891
137.599
139.218
143.482
138.131
130.276
132.249
133.77
126.374
119.596
128.304
134.427
121.884
128.016
135.19
134.075
140.865
137.96
137.363
150.955
144.404
136.342
135.87
137.466
144.844
148.732
140.459
128.8
132.793
139.597
142.694
140.954
132.363
128.816
134.237
149.042
130.31
121.381
129.517
131.363
126.928
126.382
134.291
129.938
132.802
136.036
145.826
147.395
143.761
137.656
138.055
145.921
145.296
143.451
141.463
143.4
136.575
127.081
131.259
137.608
146.52
140.815
137.391
131.935
120.163
134.12
113.007
109.272
137.268
133.708
127.259
130.124
131.036
142.066
137.372
134.671
144.394
142.025
140.558
141.113
135.455
133.735
139.227
137.137
139.179
138.562
136.818
130.933
132.608
147.852
133.788
126.183
144.206
138.427
123.678
133.645
127.162
123.077
144.896
130.412
131.683
132.547
131.761
138.995
138.764
143.041
144.865
147.08
142.227
142.592
138.227
136.986
144.665
138.313
141.593
144.331
131.926
121.352
128.675
149.6
154.571
125.865
123.457
127.348
127.787
114.123
102.791
132.935
141.483
141.293
138.552
130.625
137.061
147.254
145.826
140.835
143.606
141.965
140.193
139.577
133.985
141.824
138.899
137.722
137.665
137.836
151.642
150.421
138.274
129.735
127.372
125.36
133.005
132.705
130.455
135.007
140.331
150.342
146.563
144.498
146.22
136.184
131.122
136.883
137.165
139.305
146.499
137.476
138.36
137.278
131.926
141.333
135.934
135.455
150.455
154.571
124.727
122.205
125.109
115.915
127.738
129.107
137.627
140.528
145.613
142.207
136.491
139.14
140.262
132.214
123.648
127.332
132.591
142.167
142.278
140.617
138.735
140.499
148.721
134.753
134.264
147.232
150.512
132.952
118.245
115.44
115.015
130.183
138.552
146.488
136.575
133.351
138.198
140.351
149.142
148.489
144.571
140.282
140.42
137.675
138.918
138.533
134.544
137.618
131.83
136.054
135.86
130.54
143.895
149.12
136.333
126.159
135.364
146.167
138.141
127.267
127.486
133.476
142.116
153.61
139.266
134.626
146.039
142.369
134.907
138.966
138.427
139.024
142.511
136.37
140.066
137.826
140.598
152.23
138.908
132.092
147.254
152.765
130.48
116.151
126.976
148.445
113.014
97.7804
127.364
129.946
124.463
137.184
143.369
141.844
146.563
138.456
135.062
137.325
140.203
151.642
145.317
144.624
140.193
133.449
130.762
125.07
136.5
155.316
155.376
134.291
132.758
127.706
122.76
129.584
127.235
142.481
137.108
139.889
140.954
126.438
134.066
150.342
139.919
135.612
146.767
138.677
140.786
145.603
136.64
143.771
145.307
144.509
134.871
123.51
133.932
148.028
135.208
130.472
145.096
142.674
142.399
129.408
128.75
144.175
126.831
129.049
139.373
139.237
147.907
146.574
138.764
140.746
148.214
145.73
147.776
143.802
135.814
138.227
133.627
139.938
139.034
134.174
152.253
155.86
127.943
124.766
142.878
141.743
143.297
129.257
127.251
130.523
129.207
134.165
137.137
147.016
148.887
148.258
147.048
148.006
144.342
139.958
143.709
141.403
135.163
134.608
137.391
145.148
134.427
129.291
144.29
145.89
136.11
138.571
136.528
135.117
143.021
136.603
141.894
143.719
127.787
115.969
122.557
128.733
127.608
124.177
133.502
142.674
135.768
127.494
113.882
116.029
120.409
129.87
112.158
109.625
128.386
112.133
113.669
112.108
97.2479
102.38
118.008
126.127
110.43
101.921
125.905
123.115
119.739
126.92
118.378
121.411
129.634
120.999
105.686
108.442
126.952
129.534
129.912
143.792
145.603
135.492
134.409
145.953
142.43
141.064
140.027
138.217
137.855
122.534
120.934
130.804
139.315
140.835
139.014
142.136
141.563
131.709
135.327
146.167
137.817
142.959
143.709
135.208
119.947
124.262
151.711
152.602
149.869
142.969
142.227
147.471
144.928
140.302
131.07
136.203
148.987
148.677
126.454
115.115
114.561
128.949
149.298
143.699
136.193
134.49
138.591
138.169
136.958
145.624
143.236
142.929
144.259
144.02
143.277
136.314
143.781
144.311
147.124
141.423
138.677
139.538
138.677
149.488
134.589
127.073
128.659
134.201
129.149
132.328
132.485
130.993
141.683
139.792
144.624
142.714
141.143
142.379
141.663
145.975
146.263
147.275
145.529
146.22
153.445
136.977
128.46
132.127
136.091
144.791
142.318
142.959
133.449
134.68
135.062
120.511
113.033
118.977
135.953
146.188
132.908
131.079
133.994
127.17
143.771
139.324
138.889
136.939
134.925
136.175
139.958
149.712
140.252
132.38
134.219
106.36
107.475
133.717
116.591
128.304
137.998
132.688
128.139
127.967
128.411
130.89
139.412
138.389
145.338
134.998
136.631
143.565
143.431
152.323
140.776
135.814
137.353
138.198
146.531
150.58
146.413
137.788
138.475
141.733
132.231
127.641
140.578
152.8
137.893
135.172
118.497
119.969
148.81
139.441
125.047
120.598
130.124
136.949
147.145
132.696
131.251
135.713
133.842
138.064
142.552
150.387
143.947
140.036
131.208
131.044
143.719
148.423
149.622
135.713
133.663
136.351
133.12
135.126
131.822
130.489
128.584
128.156
135.602
141.313
134.445
137.779
139.665
136.649
130.796
129.099
144.196
140.017
137.826
141.084
141.804
136.37
134.156
139.772
141.794
150.184
139.499
137.344
140.528
136.649
139.489
127.202
114.982
132.582
136.23
131.588
129.291
124.922
134.544
138.198
140.835
148.787
142.339
142.776
140.046
124.961
131.251
148.291
142.268
126.199
129.895
140.135
137.665
126.807
132.935
135.254
134.798
138.427
137.58
133.404
127.486
120.853
119.19
128.966
133.333
137.599
136.996
139.227
140.796
133.191
142.389
141.794
139.558
146.542
137.627
127.21
102.464
102.685
129.408
137.099
136.874
139.092
126.191
117.883
127.34
131.397
120.409
114.019
120.555
102.601
93.9938
111.105
124.324
129.769
137.779
143.544
144.134
149.009
144.03
145.317
134.825
125.984
136.575
147.82
147.765
131.718
131.935
132.249
134.201
142.592
140.135
145.075
147.265
140.726
128.941
129.149
128.551
125.755
143.565
131.044
126.39
134.834
136.045
138.322
138.055
137.363
139.179
143.781
133.396
127.364
132.153
133.396
117.281
124.572
138.629
142.045
138.466
135.814
144.509
142.318
135.135
137.297
138.485
133.067
136.79
148.511
120.322
110.424
126.775
133.431
128.107
124.193
137.09
140.568
132.494
126.984
138.37
144.707
148.269
138.667
133.752
133.058
136.463
140.766
137.438
125.502
125.36
120.831
124.193
146.381
134.093
136.036
143.565
132.371
117.82
125.762
128.312
128.197
143.513
145.762
136.444
132.652
135.842
138.504
140.677
140.756
132.354
138.687
135.181
131.122
139.85
143.75
144.655
146.007
145.89
140.085
139.47
133.743
134.273
127.738
130.702
129.433
126.847
146.595
143.215
135.639
140.954
140.746
107.637
102.643
132.17
133.316
124.293
128.535
138.102
137.836
143.369
141.753
130.005
125.96
129.895
131.883
137.344
125.834
109.896
112.79
109.451
104.51
117.165
109.86
108.713
125.849
125.266
124.448
114.607
117.137
132.301
127.299
121.914
126.223
140.706
123.793
122.79
147.634
146.445
139.762
131.148
133.967
132.022
130.455
135.768
140.746
130.899
127.51
145.55
126.358
117
135.272
138.313
134.138
129.241
139.266
147.525
152.753
145.001
137.184
134.862
140.538
146.628
137.184
145.001
146.671
137.353
137.334
143.761
130.548
129.166
152.311
149.432
145.592
135.318
131.579
126.072
127.681
133.708
134.78
136.082
127.796
135.318
145.222
147.667
131.165
131.501
146.595
136.156
140.154
144.342
135.483
139.841
148.346
150.489
141.503
143.113
144.186
137.118
135.953
136.342
144.844
138.918
134.725
129.769
129.988
142.167
145.741
146.477
133.923
132.979
143.41
148.247
141.233
134.862
126.863
131.674
153.221
142.653
134.907
141.864
147.254
147.016
143.978
144.04
134.03
136.426
141.573
141.263
152.265
141.814
137.09
135.144
129.433
132.127
129.71
125.102
115.607
110.865
120.055
142.136
147.514
149.813
133.842
133.111
135.391
131.208
140.528
134.535
129.349
137.836
139.597
134.58
145.645
146.124
138.255
143.503
139.46
140.252
145.497
136.977
135.99
146.499
129.803
108.897
116.117
128.526
142.389
137.315
136.027
138.947
139.14
133.726
133.28
154.095
144.613
134.971
141.074
143.051
139.704
138.322
148.06
142.025
138.619
136.733
136.537
139.509
133.218
130.634
140.056
131.441
121.492
126.143
132.109
143.39
139.198
134.853
134.183
131.674
139.86
147.7
145.148
143.205
140.282
129.458
133.253
147.678
138.956
140.805
138.169
133.165
129.853
136.705
157.072
143.524
140.252
140.184
133.111
133.833
123.564
120.562
126.199
133.129
134.012
144.259
145.012
143.906
136.323
126.342
136.949
144.55
142.949
138.246
138.667
134.78
133.851
135.144
133.932
145.56
142.582
143.544
144.123
137.542
136.333
136.407
132.424
134.481
145.56
135.676
135.962
138.523
135.364
134.971
134.318
144.959
138.802
137.259
145.476
136.119
136.249
146.359
147.918
138.322
140.331
142.217
134.517
133.609
141.213
153.48
