12.0314
263.574
354.108
350.508
376.577
581.058
558.036
633.513
667.334
753.864
829.875
827.13
831.601
848.536
822.03
508.13
469.373
503.905
550.812
819.001
804.829
725.689
762.195
874.126
867.679
768.935
712.758
784.314
821.355
678.426
680.272
764.818
753.58
820.345
850.34
560.381
486.145
671.141
832.293
637.552
492.975
592.417
783.699
285.755
286.328
781.25
578.871
464.253
574.053
783.085
579.374
494.682
542.594
622.278
796.178
826.446
722.282
709.471
751.033
725.426
588.755
606.796
798.085
830.91
827.13
813.008
774.893
735.024
742.942
292.569
225.912
238.92
319.03
768.049
502.892
492.368
698.812
704.97
745.99
729.129
695.169
295.159
294.334
729.129
531.35
524.659
514.271
449.944
633.312
436.491
414.336
681.431
730.194
786.782
789.266
810.045
807.754
790.202
765.99
744.325
760.167
783.699
785.546
806.452
839.631
873.362
889.284
870.322
867.679
865.426
794.913
764.526
792.707
778.21
781.861
790.202
782.473
808.081
811.03
793.966
738.552
716.589
768.935
800.641
811.359
816.993
818.331
823.384
812.678
807.428
837.521
847.458
822.03
798.722
802.246
817.327
814.001
795.545
783.085
755.572
739.645
758.15
772.499
794.281
814.332
769.231
729.395
761.615
807.754
796.178
752.445
734.484
736.92
745.156
773.096
772.797
755.572
757.576
772.201
803.536
814.664
808.081
812.678
814.996
809.389
172.265
169.794
759.878
834.376
863.185
883.783
798.722
784.314
860.956
861.326
869.565
866.551
874.891
902.527
897.666
880.669
869.943
871.08
831.255
814.664
840.689
849.618
901.307
897.666
811.03
777.303
747.105
753.012
805.477
775.494
739.645
760.746
806.452
828.157
813.339
821.693
824.742
790.826
781.861
807.428
810.045
776.096
795.229
809.717
783.085
762.195
741.29
779.727
835.422
837.521
821.018
811.03
793.651
762.195
777.605
823.045
838.926
838.574
856.164
891.663
877.578
847.458
850.34
848.536
817.661
818.331
835.422
815.994
798.403
804.505
818.331
847.099
869.187
840.336
802.246
809.062
794.913
788.955
834.725
553.863
393.933
482.16
617.665
531.915
370.096
402.495
686.577
639.182
642.055
694.686
685.166
752.162
768.049
709.723
709.975
819.672
861.326
865.801
859.845
833.681
823.384
833.681
827.472
811.359
252.398
251.921
809.717
827.815
813.67
814.996
838.574
800
745.99
752.445
777.001
790.202
851.064
951.928
994.53
951.475
965.251
1022.49
951.475
798.722
631.912
398.963
411.777
657.462
742.942
215.424
214.385
776.397
741.84
155.642
155.255
32.094
32.2575
674.536
650.618
702.988
724.375
755.858
706.464
749.064
807.102
868.81
910.747
798.403
777.605
906.618
964.785
852.878
771.01
768.64
793.021
843.882
907.441
982.801
980.392
788.955
705.716
790.514
814.996
540.833
532.34
831.601
820.345
822.368
959.693
1028.81
1072.39
1054.3
786.473
688.705
571.429
568.99
814.001
907.029
952.835
917.011
917.431
1013.68
1036.27
1056.52
1050.97
1046.57
960.154
776.699
738.28
828.157
920.387
1000.5
1035.2
1048.77
992.556
924.214
954.654
1012.15
1027.22
929.8
672.721
708.968
981.354
1000.5
1025.12
1046.03
1013.68
945.18
934.579
725.426
668.003
790.202
810.373
834.028
857.265
882.223
903.342
958.313
1047.12
1072.39
1048.77
1010.61
1008.57
1006.04
948.317
779.12
619.195
582.411
746.269
986.193
1008.06
1013.17
1014.2
1052.08
1054.85
1050.97
1054.3
1049.87
761.905
676.133
820.008
792.393
704.473
667.111
724.638
699.301
684.228
793.651
523.834
514.139
792.707
835.073
830.22
634.317
619.387
802.568
787.092
801.603
570.939
558.191
831.947
881.834
848.896
765.404
771.903
852.152
901.307
863.185
858.738
862.069
816.66
811.03
879.894
950.57
950.119
948.317
919.963
801.925
733.676
731.261
803.536
697.107
511.117
588.582
881.057
998.004
1041.12
943.396
892.061
944.733
962.927
997.009
996.512
794.913
677.507
768.64
947.418
942.951
910.747
980.392
1023.54
1031.99
1044.93
1052.08
1046.57
991.08
894.855
830.22
834.028
845.309
904.977
958.313
888.494
800.32
818.331
954.198
677.507
557.103
582.92
620.732
735.835
723.066
787.712
971.345
1029.87
1042.75
1037.34
987.654
948.317
977.995
907.441
843.17
918.695
1020.41
511.378
500.125
994.53
1024.59
967.118
937.207
734.754
608.088
665.336
791.139
905.387
931.532
956.938
1005.03
1029.87
1028.81
1052.08
1069.52
1027.75
983.284
949.217
845.666
793.021
871.84
994.036
997.009
961.076
978.474
993.542
973.236
971.345
955.11
918.695
909.918
765.697
733.407
860.956
905.387
937.646
960.615
953.289
985.707
1009.59
978.474
981.354
980.873
920.81
761.035
771.01
904.977
852.878
875.657
979.432
1030.93
1016.26
1005.03
1006.54
1011.12
1019.37
1014.2
910.332
789.266
805.802
911.577
986.68
1013.68
959.693
908.678
820.345
761.325
813.008
903.342
960.615
702.001
702.494
996.016
1030.93
1028.81
781.555
653.381
771.605
904.159
905.387
874.508
638.978
521.512
613.685
740.741
794.597
893.655
976.086
1003.51
836.12
706.215
751.88
724.9
689.655
790.514
888.099
942.507
922.935
901.307
768.344
670.241
631.912
429
377.929
563.698
803.213
803.213
827.472
875.274
823.384
743.218
761.035
584.966
536.625
591.891
652.529
825.423
824.402
792.079
863.931
913.242
879.507
814.332
575.043
568.182
799.361
900.09
935.016
934.579
911.993
883.392
927.214
878.349
826.788
722.282
687.758
842.815
966.184
969.932
953.743
925.069
910.332
916.59
930.665
974.184
962.001
954.198
769.823
733.676
902.935
930.233
917.431
921.659
944.287
851.426
695.41
755.287
925.926
911.993
657.462
564.334
720.981
918.274
954.199
938.967
964.32
1007.05
914.077
852.515
931.099
972.763
684.463
652.955
905.387
935.454
950.119
863.558
840.336
967.586
1023.54
1047.67
1033.59
1018.33
560.538
496.401
799.041
963.391
923.788
881.057
910.332
913.659
904.568
937.207
936.33
926.784
885.74
774.593
721.761
798.403
909.091
925.497
880.282
836.12
869.565
878.735
914.495
962.464
852.152
693.481
759.878
946.074
968.054
962.464
942.507
931.099
900.495
943.841
987.654
1021.97
1017.81
931.532
768.64
772.499
871.08
900.901
971.345
928.936
641.643
622.665
835.073
906.208
970.403
699.545
611.995
733.407
763.067
769.527
855.798
946.97
948.767
981.836
984.252
948.767
928.505
715.82
666.667
850.34
956.938
916.59
789.889
707.714
722.543
672.721
538.938
508.388
575.871
679.579
843.882
996.512
978.474
919.54
919.963
820.008
704.722
657.246
552.029
615.006
858.738
912.409
938.527
942.951
907.853
770.119
724.638
727.537
745.712
633.312
620.732
797.766
848.536
918.695
981.836
925.069
905.387
953.743
963.855
963.855
977.517
731.529
651.042
792.707
818.666
832.986
664.452
622.859
788.644
874.891
938.086
956.938
894.055
726.216
647.878
742.39
855.066
882.613
907.029
864.304
842.46
809.389
812.018
894.855
731.797
666.445
806.127
881.057
931.099
884.173
821.018
744.602
681.431
635.93
654.664
658.111
639.182
726.216
840.336
936.768
978.474
1017.81
1006.04
1006.54
862.069
823.384
942.951
726.744
637.146
820.681
973.71
982.318
925.497
882.223
909.091
883.783
888.889
898.473
906.618
869.565
657.678
667.334
865.052
934.143
911.162
941.62
1031.46
992.556
987.167
1000.5
991.08
985.222
598.802
531.915
780.64
930.233
962.464
869.187
785.238
843.526
938.967
968.992
987.167
976.563
797.448
683.761
729.927
838.223
957.854
1008.06
1011.63
997.009
1003.01
1002
1004.52
920.387
849.257
695.652
722.022
955.566
859.476
826.446
863.931
628.338
585.309
780.335
905.387
855.066
701.508
660.72
777.303
858.738
897.666
1000.5
1020.93
1004.02
931.966
859.845
868.056
907.853
630.318
623.441
912.825
961.076
936.33
932.401
988.631
977.995
791.766
666.001
733.138
689.655
664.673
827.472
935.454
975.61
861.326
811.688
882.223
865.426
708.717
618.238
375.164
397.298
807.102
888.099
932.401
959.233
961.076
816.66
734.754
840.336
837.872
680.272
625.782
757.002
944.733
950.119
900.09
847.817
871.46
922.509
946.97
931.099
859.476
638.57
637.755
683.995
634.921
784.929
925.926
970.874
1010.1
995.025
991.572
862.069
732.869
722.805
758.15
855.798
920.387
874.126
931.966
1015.74
967.586
957.854
984.737
968.992
905.387
674.764
668.673
884.173
765.111
751.315
879.507
886.525
942.507
982.318
955.566
897.263
867.679
727.537
686.342
818.666
869.565
872.22
871.46
896.861
935.454
747.384
380.228
390.244
730.193
796.813
798.403
807.428
877.193
921.234
927.214
913.659
907.03
957.396
907.441
770.713
802.246
943.396
918.695
891.663
932.401
927.644
906.208
894.055
839.278
852.515
832.293
527.009
526.316
837.872
910.332
839.983
850.34
942.951
978.953
920.81
907.441
959.233
774.593
643.915
605.694
716.076
946.074
911.162
921.234
951.475
969.462
1026.69
1007.56
1000
931.099
720.98
733.138
913.242
956.48
941.62
962.464
1026.69
963.855
933.271
922.935
900.495
881.834
798.722
819.336
934.579
986.68
820.008
801.925
918.695
833.681
784.006
819.001
786.164
710.48
662.91
643.915
725.689
828.157
777.907
782.473
878.735
862.813
677.736
587.027
512.426
585.309
687.049
650.83
797.766
620.732
509.944
658.979
856.164
344.412
301.705
567.215
686.577
824.063
912.409
890.076
879.507
835.422
786.782
688.942
643.915
727.273
750.469
771.01
790.514
736.106
768.344
844.238
820.008
693.722
645.161
702.741
795.862
890.472
955.566
942.951
925.497
848.176
837.872
877.963
786.164
645.369
552.334
552.181
673.854
772.499
765.99
835.073
903.342
871.46
827.472
800.961
769.231
799.361
866.551
881.446
847.458
826.446
803.536
760.456
781.555
784.621
712.758
743.218
847.817
895.255
841.043
744.602
785.546
874.891
625.195
571.919
687.994
543.774
573.888
826.446
700.28
659.413
687.049
654.664
757.289
882.613
830.22
682.594
707.464
782.473
781.25
881.057
943.396
958.773
929.368
923.788
960.615
889.68
822.707
785.855
812.018
908.678
890.869
860.215
828.844
742.39
434.972
411.438
637.146
709.723
533.618
546.15
815.661
774.293
782.779
919.118
939.85
808.407
753.864
697.837
678.887
781.861
841.043
861.326
774.893
779.727
781.25
803.536
977.04
690.131
539.374
673.401
842.105
619.387
577.701
764.234
868.056
885.74
890.472
775.494
666.223
637.959
652.316
712.251
763.359
837.17
911.162
875.274
859.476
929.8
959.693
774.593
602.41
611.995
764.818
804.505
796.813
739.372
736.92
828.157
760.456
810.373
436.015
356.506
581.564
739.645
770.416
790.826
753.012
801.282
844.595
733.407
714.796
772.797
750.188
757.863
806.127
825.423
832.64
877.578
913.659
933.271
759.59
655.953
677.507
723.327
870.322
938.086
944.287
953.743
947.418
905.387
809.062
853.242
858.001
762.777
771.307
859.107
945.626
832.293
773.994
835.422
843.17
723.327
713.012
629.525
581.395
648.929
678.196
798.722
862.069
849.979
907.029
931.966
920.81
951.475
999.001
878.735
758.15
801.603
892.459
922.935
931.532
969.462
989.12
953.289
784.929
710.985
787.712
803.213
719.424
701.754
788.333
907.853
917.011
906.208
949.217
979.912
852.878
810.045
681.663
442.576
500.25
832.986
907.441
927.214
931.966
929.8
876.424
858.738
901.713
937.646
814.332
724.113
834.028
936.768
950.57
914.077
921.234
965.717
963.855
942.507
899.685
884.173
878.735
775.194
716.846
724.638
800.32
956.48
957.396
927.644
914.495
934.579
1004.52
978.953
953.289
835.422
732.064
803.536
922.935
989.12
953.743
858.738
797.13
837.521
946.522
978.953
951.022
945.18
681.896
672.495
932.401
931.099
699.301
651.466
835.771
900.901
877.193
888.889
879.507
690.369
582.242
657.246
777.303
864.678
951.928
975.61
972.763
877.963
733.945
699.301
736.106
745.434
709.22
697.35
753.579
793.336
866.551
971.345
955.11
937.207
966.65
971.817
869.565
674.082
504.923
522.33
700.035
749.064
782.779
827.13
831.947
919.54
528.123
485.555
804.829
926.355
882.223
765.111
797.766
780.945
706.464
744.879
780.64
575.871
530.504
724.375
838.574
855.066
874.508
882.613
911.577
882.613
769.231
658.545
652.529
765.697
890.869
944.733
953.289
939.85
934.579
980.873
941.176
929.368
971.345
889.68
827.13
836.82
917.011
884.956
875.274
951.928
829.876
740.467
767.46
836.47
911.993
880.282
707.965
646.412
770.416
935.891
920.387
870.322
906.618
891.663
886.918
931.966
937.207
926.355
794.913
752.729
859.107
869.943
759.59
760.746
879.894
937.207
965.717
943.396
811.688
683.293
579.878
614.251
783.699
890.472
919.963
917.431
925.069
976.563
1004.02
918.695
906.618
966.65
947.418
720.202
723.851
921.659
