7.65035
97.7708
83.619
87.4164
97.7852
97.2432
93.7119
83.5492
95.4517
109.033
97.5467
72.9581
66.9075
90.3383
101.061
86.6551
79.8594
75.3636
48.0989
49.2393
92.0387
105.955
97.9816
102.197
118.427
112.07
107.112
112.651
120.214
121.544
118.043
115.028
70.3359
70.7539
99.8552
100.045
120.315
117.461
117.827
114.482
107.038
116.891
119.854
24.9931
25.2038
118.835
115.788
120.605
121.877
122.767
115.062
104.526
108.654
114.443
115.254
115.48
104.351
104.188
113.804
104.521
98.5756
98.7021
98.0729
109.236
114.943
107.521
112.79
109.776
105.904
107.112
108.096
112.543
117.158
107.562
107.365
119.732
118.147
116.171
117.178
113.385
107.672
111
110.779
109.661
102.569
106.644
107.342
101.43
109.045
109.601
112.841
106.621
100.11
103.983
104.581
107.152
102.449
106.485
115.64
118.329
108.879
102.77
112.841
117.343
115.761
114.949
101.792
96.0984
105.474
100.155
98.4882
111.851
117.661
119.133
121.007
100
86.9792
95.429
100.634
98.0056
108.648
115.274
109.469
106.366
105.882
100.959
93.4536
98.7167
103.199
106.735
112.12
104.335
94.697
95.1792
104.954
104.026
100.02
94.7194
99.1818
117.53
109.242
102.328
112.676
115.168
107.614
105.865
108.243
113.193
108.986
102.955
107.084
105.703
96.6557
98.8826
107.933
108.507
111.371
109.075
97.4754
104.194
118.864
116.299
113.129
105.103
110.54
107.342
99.0688
97.6753
104.156
117.24
120.366
113.882
97.3283
97.078
103.482
103.595
95.4654
101.281
112.657
105.955
105.837
109.397
115.161
114.045
114.41
106.445
103.375
113.908
114.725
107.026
110.284
116.557
114.045
115.935
105.731
95.1928
102.638
102.611
97.8665
111.794
115.148
110.626
117.034
111.601
109.92
113.321
107.141
107.857
107.724
107.887
112.841
115.996
106.157
107.095
114.837
113.617
104.297
96.5577
102.454
112.682
118.008
113.72
115.915
122.003
118.673
109.022
110.193
114.025
109.601
113.084
115.507
102.155
106.163
116.891
106.98
106.82
115.467
120.875
118.751
111.501
105.787
101.926
107.939
100.669
96.6557
109.745
116.009
114.045
104.395
107.706
113.347
113.379
111.093
106.485
107.527
113.302
120.525
107.683
101.482
108.962
113.546
106.701
104.613
109.099
105.669
114.038
101.585
90.5838
106.883
112.892
109.751
111.253
106.033
107.233
108.767
108.413
102.077
104.674
115.194
110.656
111.919
111.588
110.442
109.89
102.391
102.182
103.616
103.279
101.291
102.386
108.483
113.999
118.519
115.902
107.631
106.355
117.151
113.85
107.811
115.267
116.939
115.949
119.083
114.012
116.747
114.22
102.517
99.3246
97.6276
105.103
114.032
113.289
106.536
111.801
117.33
110.675
110.552
110.632
114.071
115.955
114.751
115.814
108.19
106.276
116.632
112.714
110.846
108.601
99.7108
103.327
106.918
100.715
107.677
115.52
104.15
104.899
116.414
114.784
114.969
115.148
104.102
99.96
100.412
92.1616
95.735
104.33
102.775
110.883
103.258
93.0146
84.6597
75.2927
90.371
97.1015
91.0954
94.7059
97.1912
97.6086
96.0753
98.6631
90.629
97.9576
110.29
105.385
105.831
113.366
117.385
105.68
105.854
114.495
105.302
110.09
104.292
88.2301
99.1572
112.651
93.9099
85.4263
101.333
114.633
109.248
101.174
98.464
107.77
119.062
112.233
112.372
115.727
105.446
112.07
119.026
111.851
100.095
97.078
93.3707
100.1
113.103
111.179
117.827
110.797
107.492
113.623
111.105
109.158
104.395
107.805
121.729
121.286
116.652
109.308
102.391
110.571
107.857
101.932
114.771
113.314
107.567
110.613
102.775
105.302
117.048
108.366
108.143
111.019
108.525
114.397
118.294
105.574
106.508
115.055
105.558
107.782
108.501
109.487
115.553
113.928
108.237
103.552
105.921
100.99
96.0753
107.475
121.581
116.891
114.62
111.626
103.864
113.033
116.638
102.286
105.491
116.056
117.55
121.477
106.078
107.124
116.435
110.412
107.556
102.601
104.08
109.86
111.57
99.0688
102.47
108.79
107.078
111.377
107.371
109.158
115.028
105.854
105.235
111.638
110.742
112.594
110.509
108.95
112.841
112.911
103.627
102.386
101.199
100.21
112.126
92.383
84.6561
108.36
108.231
102.391
106.129
108.589
110.479
107.279
106.53
108.637
116.016
113.392
105.848
90.5018
91.7473
114.155
116.516
113.302
111.607
110.296
109.302
108.572
108.767
108.909
111.701
105.108
103.88
117.158
114.764
111.136
112.328
107.939
113.514
115.915
107.666
110.638
110.223
100.573
106.786
117.378
99.3641
98.912
113.546
101.502
101.143
109.679
109.111
110.84
113.746
109.272
109.075
118.05
122.557
108.607
99.95
108.838
114.824
116.693
108.796
98.8729
108.167
118.05
104.368
90.51
80.5348
91.4244
103.018
99.0344
107.089
88.6918
85.9771
103.008
107.003
95.3698
90.5223
104.167
107.764
99.1424
95.048
99.5273
93.0622
89.1027
84.9005
83.5003
95.4745
96.0984
99.458
109.529
111.539
116.117
108.213
100.685
108.613
114.012
106.406
110.816
119.147
117.8
120.257
105.58
100.412
106.729
107.101
115.022
102.902
92.1489
108.637
107.562
102.15
101.76
98.3574
106.101
108.713
110.26
110.363
113.456
103.45
101.631
111.284
110.047
113.353
105.625
99.0589
112.007
117.158
113.695
116.421
112.24
108.29
103.477
94.5314
93.1446
109.081
117.98
110.797
114.837
108.507
103.999
115.201
110.387
110.284
105.319
102.187
118.504
123.031
106.485
106.44
116.408
117.931
107.348
101.087
110.108
100.985
101.564
109.099
107.933
111.377
106.786
104.373
110.09
115.154
115.54
109.607
106.129
106.163
115.108
118.05
99.945
104.794
119.367
114.149
116.802
111.123
101.75
107.221
101.564
91.4746
100.644
111.526
109.679
113.611
109.182
108.044
114.633
113.218
106.14
103.697
109.854
115.875
119.574
115.367
114.025
112.568
111.117
105.77
98.174
108.085
114.39
106.621
105.658
104.39
107.695
106.474
102.548
108.395
117.585
117.302
109.589
105.491
108.096
114.784
116.625
100.939
95.5384
108.413
114.09
112.404
98.3478
92.6827
103.279
108.213
107.608
113.218
113.231
104.346
106.101
107.383
108.021
112.473
112.549
101.476
102.606
110.467
113.097
116.043
100
104.8
117.467
110.809
107.336
106.321
106.355
106.366
110.296
105.308
102.464
109.117
116.003
109.691
108.454
121.381
119.998
119.31
106.644
101.828
117.206
116.239
102.891
100.903
109.343
116.618
109.619
107.648
97.1298
100.035
115.407
101.549
108.114
114.764
100.381
101.864
97.6229
90.0617
91.68
89.0789
92.1532
95.8635
103.939
106.349
90.9008
91.6674
98.0729
85.3388
81.676
93.3925
100.18
101.59
95.5566
100.518
114.791
107.921
106.547
112.6
110.846
115.314
110.308
105.669
116.232
116.326
117.612
111.483
101.507
104.21
107.654
102.056
106.417
109.278
106.022
106.975
104.657
108.749
116.442
118.751
108.313
101.833
104.833
108.536
112.252
97.5705
93.8438
114.019
110.773
105.009
103.477
102.135
101.235
100.791
107.533
106.542
106.872
110.693
115.055
106.067
101.828
114.188
108.009
103.729
115.929
116.993
112.822
114.26
106.479
108.737
118.603
110.351
108.383
110.613
108.643
106.332
106.468
98.8582
104.613
117.185
106.661
111.272
116.137
116.205
118.217
114.064
109.655
109.655
113.85
116.816
105.854
107.951
122.865
116.435
118.913
122.707
105.882
104.346
114.495
104.232
97.9672
103.697
115.861
119.246
113.237
111.882
109.152
115.714
112.606
105.731
116.652
113.72
106.832
111.019
105.324
110.871
114.006
104.477
110.902
113.289
111.626
118.941
115.808
104.302
104.444
108.584
113.656
103.381
98.7313
111.888
114.574
111.669
107.216
107.061
112.001
114.331
109.993
107.625
113.682
114.521
119.097
108.038
102.082
117.24
110.871
90.2323
98.1402
117.055
113.941
107.492
101.476
110.248
114.482
113.058
115.294
98.7313
96.8758
114.469
113.733
106.315
109.86
111.576
111.006
116.775
112.524
114.019
101.678
89.7585
93.5891
102.801
107.118
106.095
108.143
106.451
108.342
117.24
121.087
108.915
107.643
113.999
118.127
118.147
119.367
121.669
115.201
110.767
113.733
108.897
105.966
109.721
95.152
99.6611
106.135
102.37
117.945
117
109.673
110.589
110.193
106.678
102.633
105.736
109.757
112.296
118.603
111.719
107.325
117.647
116.925
99.5173
105.003
120.533
112.95
111.807
99.5818
93.1836
109.505
107.458
94.8632
99.0295
96.8195
97.0591
96.3716
101.066
106.729
96.4692
96.4088
100.065
101.9
102.585
98.6436
93.4536
98.2077
104.341
88.7272
89.8311
111.031
114.43
114.103
111.198
96.8617
101.133
120.598
112.499
106.706
113.98
116.945
116.666
103.199
97.8569
110.12
111.464
102.056
108.038
109.957
108.336
107.158
97.4896
101.297
112.682
117.44
98.527
93.6856
108.696
109.415
112.88
99.7755
94.1265
109.535
112.937
110.072
114.136
112.682
105.07
107.747
101.817
100.508
107.021
104.107
109.884
116.245
104.069
107.331
111.876
97.924
102.955
116.72
106.718
108.719
114.764
109.818
113.96
115.088
109.463
107.98
112.6
118.984
106.798
101.379
114.045
111.97
105.747
104.123
102.654
107.21
113.707
108.932
113.225
112.88
111.284
123.168
108.172
107.233
119.225
114.168
109.26
108.29
112.057
118.673
116.952
112.309
108.448
100.105
97.9384
101.235
105.424
113.824
118.892
120.084
117.178
105.787
106.011
113.598
111.297
116.836
123.047
116.097
113.424
116.898
113.656
109.854
111.807
111.894
104.871
100.533
106.638
110.92
111.645
109.963
105.313
109.123
118.963
104.597
101.031
113.34
114.162
118.113
105.899
100.538
110.558
114.502
110.902
108.378
112.278
118.434
112.74
99.7606
101.642
108.838
107.452
89.7666
91.112
108.867
105.519
105.608
108.126
113.863
112.02
105.53
115.574
114.956
110.693
108.389
106.661
108.702
111.713
116.374
116.469
105.037
100.766
106.775
109.457
113.109
108.672
108.513
113.469
117.612
109.601
109.248
118.322
113.869
115.68
118.043
107.939
108.178
113.353
109.517
103.21
102.197
111.464
111.938
105.591
107.602
101.358
101.138
105.396
103.81
110.528
115.207
118.161
115.848
108.436
107.049
116.618
104.499
100.025
117.096
119.318
114.201
118.694
110.865
107.602
114.142
113.327
108.885
100.15
100.74
112.152
120.569
107.643
105.396
112.082
116.652
110.09
104.27
115.453
116.178
117.523
121.367
105.092
107.377
114.916
108.131
117.316
110.577
106.593
119.09
103.956
105.753
116.212
106.553
102.223
94.9082
98.256
111.136
115.989
95.1203
91.4871
95.0841
84.9005
87.6962
91.1535
99.3147
100.903
88.9284
89.5015
99.1031
91.245
78.1219
79.4502
94.0999
114.534
108.861
107.463
121.278
120.475
118.483
115.647
115.022
110.314
106.667
108.572
107.492
111.495
114.489
109.775
109.541
116.408
116.212
116.741
117.938
101.999
102.971
112.461
95.4927
99.935
116.36
112.051
117.075
119.104
106.309
106.129
110.534
109.039
112.613
117.021
122.167
122.699
116.171
109.625
113.148
120.912
122.504
117.11
114.456
112.189
114.188
114.423
113.334
110.241
102.197
109.391
107.107
102.543
117.599
118.92
111.284
114.051
101.507
103.268
121.036
111.551
110.902
114.548
111.303
117.502
117.751
103.842
100.614
108.015
114.489
103.595
101.092
114.91
117.702
119.282
112.727
105.363
114.077
117.123
108.354
111.744
115.533
117.689
122.257
107.997
109.319
117.185
112.962
107.043
101.74
103.231
109.914
110.485
96.8711
103.21
115.32
113.501
110.132
107.141
111.826
116.645
115.654
110.418
101.626
100.888
113.565
117.987
98.0104
100.578
114.064
104.833
101.75
100.644
102.333
110.785
114.058
111.794
112.057
105.803
106.889
116.625
113.052
113.398
119.282
115.467
113.559
113.084
118.941
115.687
109.367
112.252
112.423
115.841
117.192
102.881
106.655
107.331
101.781
116.57
112.701
104.97
111.297
113.72
113.167
117
117.13
120.802
122.903
116.36
109.89
108.213
115.34
115.387
109.01
111.826
117.938
119.847
115.194
103.767
100.276
103.024
105.58
103.875
101.23
110.345
116.686
117.751
109.242
92.9195
96.2974
100.467
100.664
97.4469
94.8902
108.737
105.385
89.1027
84.8176
93.5148
97.8043
100.685
100.175
99.6165
95.1928
96.2047
113.843
109.625
100.949
107.98
113.398
114.58
118.666
110.467
111.173
116.003
112.86
108.413
107.73
116.822
115.741
109.739
103.648
101.143
104.281
111.365
107.579
103.616
116.822
120.963
114.045
111.477
105.296
111.508
119.524
115.042
107.216
103.407
106.735
106.775
104.531
98.1788
104.778
114.181
105.675
104.603
110.932
117.848
109.776
103.157
105.602
105.18
109.511
110.939
105.714
106.712
118.659
121.662
114.548
107.049
105.77
112.797
118.413
113.565
115.821
118.927
116.543
118.582
116.401
100.115
98.256
111.111
111.982
111.545
117.737
121.721
114.613
115.075
113.636
