7.4334
62.5626
69.6112
80.1796
80.8146
59.952
57.4102
70.1582
45.8012
48.8472
67.3061
59.8408
61.8984
46.8483
51.8793
49.0509
44.1979
65.047
53.6898
45.6986
44.155
53.2056
64.6287
65.7117
86.0289
89.4294
81.281
18.7334
19.1316
88.9798
83.0289
80.4991
82.1423
78.7092
76.555
74.4518
73.8035
77.3485
81.4133
76.1905
68.4205
72.9102
73.4592
73.5429
86.2962
84.4096
78.2197
83.1635
85.9697
83.6505
86.5239
83.9067
80.5899
82.5798
85.7523
78.125
68.9703
74.3937
84.7853
80.6159
79.3021
84.6238
86.1215
84.1609
83.2362
86.5988
83.8856
83.2085
85.8996
84.9907
81.7361
79.0389
80.2311
77.1516
76.3242
80.0416
84.0513
82.1321
83.0944
86.1215
81.5528
81.3405
84.7422
87.1004
85.1281
84.0265
85.9291
80.9291
79.0139
84.0407
80.5218
77.694
80.8702
77.2082
74.4297
82.5423
86.6213
84.0583
83.6785
82.1963
80.0064
84.2886
86.8734
86.6626
81.4034
82.7575
79.1954
71.7231
76.7548
83.6715
88.1251
83.4516
84.2637
86.2292
81.6893
80.9029
82.2166
81.9941
84.9185
85.8259
83.4481
77.1218
76.4584
83.2085
78.5484
74.1757
80.3955
84.886
75.0356
75.6201
81.2678
76.7018
78.4252
82.713
82.498
84.0548
82.4538
79.3053
80.0256
80.2536
78.0457
73.3218
77.8059
88.6328
86.5539
79.7544
81.0012
83.0703
82.203
86.2813
87.0057
85.8295
81.3504
80.525
80.7983
76.7077
80.4699
85.2551
78.7619
77.7242
83.675
77.0149
77.5344
88.5818
87.6309
79.4534
79.4155
85.5286
81.1162
82.6378
88.2729
82.4402
79.1108
79.0701
80.2278
78.2503
82.8844
87.6578
85.9734
81.5727
78.5824
85.1607
82.9462
83.375
91.3492
81.0373
72.2491
72.6348
73.7083
74.2032
67.7231
69.9276
73.7898
68.9299
72.0721
75.3409
73.2386
68.816
70.2001
73.6214
69.0799
72.6216
83.1428
80.8016
72.9448
75.2615
74.3909
70.1631
79.3871
82.2571
76.7342
78.2167
82.6446
85.5249
85.6714
84.0619
80.4894
77.8725
80.1539
80.5639
77.1456
79.3871
84.2922
84.6991
83.0496
83.5457
83.0875
81.8197
83.0323
86.3968
88.0011
84.8716
84.8428
86.9906
82.7198
81.483
83.3715
82.0917
77.9484
79.4597
87.6847
82.447
79.1734
86.8885
87.4432
76.9764
77.5946
81.9773
83.2362
85.5432
84.9582
85.11
83.675
81.8632
80.048
79.8658
77.0179
77.6428
81.4034
83.1152
85.6494
83.668
78.5762
79.5071
82.5185
77.6217
78.8612
86.4902
82.4844
81.2579
84.6489
80.6907
75.8409
78.456
80.6679
80.1635
82.8192
84.9654
80.9651
79.7353
86.5276
82.4776
80.8277
83.3021
83.5352
74.402
71.8262
81.2678
73.1101
68.6012
70.4002
69.684
75.9129
82.3316
81.7327
83.4725
84.9329
80.0608
78.9546
84.0089
86.5951
83.9913
82.8603
84.1397
84.0407
73.1449
73.4322
83.661
81.7862
80
81.88
84.8752
82.122
81.0603
80.9225
79.9105
82.7027
85.9365
88.7981
83.7451
81.8364
78.2075
74.5462
77.5014
77.8604
76.5638
77.5615
78.3269
69.8202
68.1686
74.2473
76.1064
72.3353
72.6111
68.3737
65.757
71.5666
63.7735
62.106
68.8871
70.5542
74.2143
76.0572
77.7786
83.1428
85.3497
80.3826
78.376
82.0378
82.0546
80.125
80.6127
73.0727
73.9372
84.9907
85.6898
77.3724
75.1456
82.4606
77.3126
76.9556
84.1503
80.8473
79.5134
80.3794
82.6344
78.8986
75.6916
74.9429
79.9297
69.6379
66.5624
81.8532
81.7962
78.5053
78.456
77.8968
78.6875
84.168
83.4968
85.11
86.0104
83.3646
82.0715
79.9201
77.5946
75.171
79.466
83.7767
81.6727
79.6052
82.5117
78.5299
77.6578
86.2106
85.5359
81.646
82.6993
84.5666
78.3822
80.8244
84.8069
79.0077
75.7777
78.7247
83.0668
80.3471
82.3215
86.9074
83.4167
79.4092
80.2536
79.4155
77.7605
82.2673
86.6213
86.0696
78.0305
78.5978
79.2267
75.7576
82.149
88.3705
86.5576
85.5322
88.4877
82.1052
80.2118
81.2447
83.1497
78.2105
76.7371
82.8089
78.9733
81.2876
84.6346
81.1985
80.1764
78.7216
78.496
78.8955
80.4635
86.9754
84.674
79.3493
80.4182
75.4888
72.6454
79.3084
80.5704
77.1426
79.406
79.6305
80.9815
79.2111
74.4685
77.6729
77.2439
79.7448
81.666
77.7575
83.0358
89.0551
90.2527
81.5761
80.064
84.5845
85.8701
85.8811
80.0576
75.5801
73.6757
79.1703
78.1189
76.8905
86.1549
90.2242
83.0772
80.2118
84.2602
84.5702
86.0622
88.4173
88.57
84.2566
80.4246
80.0993
76.2108
75.9417
81.7695
84.4987
80.5997
80.3277
87.0587
83.6785
84.2993
88.6054
77.2827
67.4582
63.4196
65.6254
77.6036
77.8059
66.7267
66.1748
69.2545
67.838
69.3698
73.9044
71.6307
77.5555
89.8957
85.6128
82.3418
85.5725
89.4174
84.8968
82.9669
87.3591
82.2368
76.6577
80.8505
83.1324
76.7607
77.8301
85.5835
79.466
76.7666
81.6727
80.6062
78.5669
81.636
88.4604
88.0514
82.203
78.3484
76.4175
73.9071
79.8435
84.3348
85.408
86.7227
87.6079
89.0274
82.7198
82.8809
86.0659
86.2404
87.6347
88.3978
89.4614
86.0178
81.9236
77.1813
77.5976
83.1152
84.8069
85.4774
82.6139
81.5162
82.3995
83.6155
86.9943
87.777
90.0252
87.858
84.2247
85.5103
83.717
82.0984
84.317
83.091
78.3883
81.324
83.5666
83.9595
87.2562
87.0663
88.2613
80.8931
78.9765
87.6501
86.8432
82.6685
79.5323
81.3306
85.3716
81.5461
78.9671
81.1952
83.8856
85.7082
81.8364
83.2258
87.9933
82.7917
81.3107
86.4416
89.5135
85.5652
80.6322
82.3011
80.7461
81.9135
85.6054
83.9032
73.5213
74.898
87.0853
75.9792
73.0487
82.8466
84.3277
80.0929
82.6139
86.2218
87.3744
88.2223
86.2776
88.5622
85.9624
82.0647
80.8048
75.4916
77.2111
83.2189
86.6476
84.7278
83.2639
87.4623
86.9414
88.0165
92.9714
91.0581
83.6785
82.247
84.0195
83.6295
84.122
85.3497
84.2673
78.0762
78.7247
82.7678
79.6622
81.7929
86.4192
88.39
79.7257
78.855
89.5055
89.9847
87.108
86.2329
88.129
80.5023
79.6622
84.3775
77.0268
78.376
83.9983
85.4044
82.5457
82.2199
83.1117
74.0466
70.7014
75.188
75.0525
69.7691
69.5241
69.2665
67.7048
75.5258
71.8184
68.8065
77.6247
72.3406
76.9675
87.3782
83.647
82.0513
86.003
83.9278
81.937
86.8734
90.6659
86.2292
78.7619
79.9616
73.3353
67.8311
77.3844
85.1136
76.3417
80.3762
89.4935
88.2068
85.2333
83.8399
85.7376
81.182
81.3405
83.2258
81.3107
84.1255
85.7523
84.2566
81.314
80.9553
85.9254
81.8632
80.8048
89.5937
90.1591
82.9944
83.462
86.6138
82.5287
82.9084
85.0883
85.0268
83.654
80.6744
81.5661
83.8434
79.4344
77.2738
82.8844
81.5096
81.7361
86.5951
85.7265
84.9943
87.1384
90.7688
84.4452
83.9772
89.7505
86.5614
86.7905
87.2676
85.5945
80.3148
78.0275
79.2801
77.3994
81.2942
87.3897
88.5269
82.8603
81.4598
85.237
81.3372
81.3901
89.658
86.4155
82.905
87.2829
88.8218
80.186
76.0225
82.6241
82.2978
79.8977
84.463
84.0548
82.6583
86.0289
86.8546
82.8878
77.6518
82.5253
81.4564
77.9423
80.8898
78.284
72.3197
73.1475
79.384
81.6727
83.9842
83.9208
84.3989
81.9403
81.9202
84.2744
81.3901
83.875
91.0374
91.3534
82.8157
80.8179
86.0363
79.0858
76.4994
86.5876
88.8533
80.8505
80.3988
86.5988
88.1834
84.9509
82.7643
82.3927
80.2923
83.2397
90.8307
84.3455
81.8029
87.7462
87.5159
78.1953
79.3305
83.5457
76.0977
78.1342
77.6518
81.4067
83.4376
80.5899
84.9077
85.0774
81.666
81.3968
86.8583
80.2826
74.3799
75.9417
79.6242
75.4859
76.8817
81.8364
76.932
72.9421
71.8856
79.7353
85.9476
78.6782
80.9356
83.9419
72.8969
77.0268
88.1213
76.0225
70.9572
76.555
69.8959
72.8996
79.2079
72.2074
71.7334
77.0475
78.0732
70.082
70.8692
78.1433
77.1248
77.4264
82.8844
85.1861
79.3336
81.8063
82.8432
76.1441
78.3269
84.8644
82.352
79.5957
86.0104
89.9281
83.1532
78.6627
83.0806
83.129
85.081
89.9928
85.2079
75.7633
75.9647
83.3229
84.5523
84.5559
86.8659
90.0901
83.5841
82.1625
87.7424
82.3927
81.7996
87.5542
88.0941
80.6257
80.4149
88.3041
83.0737
75.5201
77.8968
83.4864
81.0701
84.463
88.9482
81.3405
81.0668
87.8349
88.3158
85.9734
85.503
86.1512
82.3181
82.5934
89.9402
89.3735
79.3934
77.991
83.2293
81.5395
81.1359
87.0549
82.3181
81.7361
87.9237
86.4715
81.2645
81.88
85.4957
83.689
87.4202
91.0498
87.2943
79.0764
78.9484
85.0485
79.564
75.985
82.5832
85.2624
80.2278
77.6729
80.2375
79.7416
80.2214
85.7633
86.4865
84.3882
84.1609
76.8138
71.5845
76.9408
84.4345
79.7162
79.4376
87.8464
88.269
82.9187
80.3794
84.5666
83.868
84.1114
87.4126
87.2448
85.4336
83.0565
84.9077
78.7619
75.5401
81.0274
83.3715
79.1296
79.2801
85.8111
85.9697
84.85
84.9545
85.8664
80.7298
81.6393
89.7022
84.3597
80.4085
81.7461
82.8432
80.064
82.4131
88.8691
83.868
83.1808
88.8928
90.9794
83.3056
80.6224
80.0352
68.2734
71.3725
79.8339
76.0225
73.408
67.7645
64.4434
67.2427
71.319
67.1163
69.9815
74.1235
72.6691
75.523
70.0697
71.7618
80.952
83.2328
81.1392
80.331
83.5073
76.3942
70.99
77.5555
74.6324
73.5213
82.498
80.7233
76.1093
77.3635
82.5048
82.0917
82.1693
80.7657
83.4063
82.1355
78.6813
76.365
74.0192
79.7512
82.0345
80.331
82.2808
84.9726
77.7907
77.5224
82.3893
84.7889
82.3554
80.9487
86.5951
86.6438
86.2664
80.7265
79.1703
83.022
83.2882
84.2815
80.8931
81.357
84.4844
84.1645
80.1507
80.6777
85.197
79.4849
80.0544
86.4641
87.5964
84.1786
79.0795
76.6842
73.616
76.2631
85.0774
88.1057
82.2538
81.8934
81.2414
80.2182
83.4202
85.6164
80.289
81.2183
88.4682
79.2959
77.9636
80.3148
76.7342
75.5572
78.8924
87.3973
84.6489
82.4606
85.8664
80.6419
74.599
76.6724
79.6718
80.3277
82.5798
83.1705
78.3638
75.5972
75.5772
68.9299
68.8089
76.1992
78.7185
78.6566
80.9946
81.636
82.0008
84.3206
79.4849
75.8927
80.6257
82.7096
80.9291
78.0244
74.7049
75.5487
76.6959
79.2142
83.7731
78.4283
79.3588
84.4987
83.2813
80.8081
79.9424
79.2048
78.064
83.605
84.5201
82.7027
80.8734
80.9192
81.2183
81.1952
85.5945
84.5666
80.4959
82.2741
85.3898
78.1342
78.7929
88.0902
86.9263
68.4135
68.3037
76.1847
68.2477
71.4771
79.1452
70.604
66.2954
73.5835
73.8171
76.9053
81.5561
77.688
76.4818
81.8967
82.8603
80.2118
82.3282
85.4044
81.8431
82.7541
81.2084
74.7692
75.8581
80.7918
80.4699
77.3425
80.9192
80.5932
81.2942
84.5559
80.9815
75.3864
76.8403
81.7762
79.9105
78.064
83.4794
78.5731
62.7687
66.778
80.2923
81.0077
82.7609
80.6127
76.799
77.8271
80.6484
85.1281
81.9236
77.6789
79.7289
75.3892
79.2016
86.949
76.3854
71.1187
80.1378
79.6115
76.6812
82.5968
83.1739
81.3405
82.3486
86.4454
84.7206
81.7461
85.237
81.2216
78.9048
86.6101
85.4737
78.1311
76.8138
82.2571
80.2472
80.1314
86.3632
86.7641
78.9858
78.4252
84.317
79.6305
80.4538
87.777
90.5182
87.4355
86.6889
84.8788
74.73
77.3485
85.7633
81.2876
77.9302
80.4538
81.5927
79.5798
84.7278
83.8926
77.7696
80.8669
86.0474
80.1571
76.7254
79.8882
75.8121
78.7991
79.3179
73.2467
78.6844
83.5457
84.0407
81.0668
79.4281
85.0774
77.4353
71.0909
80.8571
81.9773
74.8727
76.8374
81.3405
79.8977
78.8892
76.4146
77.0891
80.2085
79.2424
78.638
80.6062
86.1141
87.4011
86.0956
78.3024
78.2503
82.3859
81.5627
85.503
84.9221
75.7346
72.4716
79.2833
81.0143
79.7289
82.0546
87.5887
86.4603
82.4368
81.9068
77.8968
79.9424
85.7486
88.3626
86.285
82.5662
82.9256
73.193
71.2124
80.8473
85.5395
82.672
79.8722
81.9504
80.2246
77.5464
77.5524
73.252
71.8262
73.2252
71.9994
69.3481
69.0608
66.0415
64.255
70.7864
71.6461
70.8592
72.2439
75.9763
83.1393
86.1215
84.4666
80.6712
81.9303
83.9842
84.7961
84.2851
78.5268
74.8587
73.4241
75.9936
75.5886
77.4503
84.8824
83.2293
77.824
78.376
80.8898
77.7424
78.0701
84.0654
86.479
82.9428
79.3871
80.17
79.3588
74.8727
73.5592
78.7991
83.8891
85.918
81.8096
80.1089
82.2978
79.9808
80.7787
82.3011
87.9275
83.956
79.1578
85.063
79.7289
76.3767
78.5361
83.9736
83.2848
80.5153
82.8329
78.33
79.4534
86.6401
89.4214
84.717
81.2843
83.8118
81.937
81.1853
85.1172
81.1688
77.8877
76.4263
76.5609
79.2676
82.9807
86.3185
85.6274
79.3777
80.0256
79.8563
77.3545
83.7591
89.2658
84.4702
81.716
84.886
78.5268
74.1977
76.5931
81.9504
81.324
81.0833
84.6561
76.4965
76.6724
85.6458
79.8945
75.5944
84.0583
84.4844
81.0274
80.0961
76.5521
71.3903
71.0429
78.064
71.4107
70.7564
75.3012
74.8727
82.9979
85.9476
83.6085
84.317
83.9208
77.9029
75.0638
82.1288
81.1129
71.9606
74.3273
80.6387
82.9703
81.616
82.6822
84.2247
82.464
85.6861
87.4088
84.2922
77.8877
78.2748
83.4272
84.016
85.1644
82.1625
76.0109
75.1428
78.8364
77.691
76.932
83.0599
85.4044
80.3245
80.1057
85.4372
77.9363
78.6844
88.1213
83.949
71.2428
69.7374
73.6892
67.0444
70.2099
80.5315
75.3977
68.8065
71.6255
72.0331
68.1408
71.5589
75.1484
70.8065
66.558
72.0046
73.2869
70.2568
77.0594
85.1535
85.0557
76.558
79.3871
87.3935
82.4878
80.3955
86.5614
82.2673
79.9584
84.2673
85.1426
74.5323
72.9607
81.9639
65.8848
66.5491
80.3568
76.5843
