12.8517
254.453
309.358
366.636
363.636
397.614
416.406
417.101
328.192
339.905
451.264
452.899
451.264
420.256
398.963
402.172
413.479
440.432
457.143
460.723
455.892
424.178
286.328
248.231
174.459
154.571
260.451
203.936
201.613
350.631
334.728
220.337
186.133
264.655
327.869
317.36
205.761
187.143
198.452
213.061
336.474
266.631
262.158
398.486
383.656
330.196
194.704
210.305
435.066
256.739
240.125
372.509
349.65
362.647
323.468
327.547
431.22
439.754
427.442
322.113
319.438
398.804
409.92
412.541
366.3
344.116
390.701
444.543
438.885
418.498
344.59
349.101
444.247
474.271
470.035
472.478
195.141
182.465
386.175
238.039
244.409
459.982
449.64
452.08
331.84
220.629
253.775
378.86
282.287
260.01
259.067
255.526
242.984
232.396
323.782
390.549
273.224
251.857
326.958
339.156
254.777
278.125
425.17
429.553
422.833
328.623
305.53
392.927
428.449
377.287
260.01
280.781
438.982
450.755
454.752
451.06
400.481
403.796
405.844
411.438
491.28
510.725
344.471
331.345
481.928
501.127
503.145
507.614
419.111
409.752
490.918
493.218
455.373
398.963
347.766
344.709
422.297
499.501
503.778
504.923
441.112
396.668
443.951
484.379
471.921
484.731
501.505
417.188
404.285
484.379
506.073
504.032
477.213
168.081
164.785
428.266
374.532
337.211
394.4
461.467
468.933
32.0051
30.8342
279.135
403.063
454.236
482.859
380.373
370.508
472.367
500.751
489.476
487.092
450.653
399.042
316.957
325.892
447.628
485.909
338.295
301.523
402.334
448.229
399.84
340.252
363.702
446.528
465.658
457.561
469.704
474.496
443.656
452.796
497.636
445.633
369.891
312.842
327.761
425.894
473.261
446.229
457.038
436.967
384.098
400.962
436.11
462.642
474.721
482.393
400.882
386.922
477.441
495.786
481.116
472.367
441.209
423.46
438.596
461.255
486.145
474.496
471.809
421.407
363.24
407.914
485.673
444.939
437.254
435.445
436.395
470.367
474.608
417.624
401.687
315.159
298.151
408.08
457.771
469.704
416.493
362.516
397.931
412.286
404.694
461.148
322.425
286.779
392.927
456.934
457.98
443.951
299.043
279.447
327.118
324.359
283.607
262.778
344.649
435.92
470.478
391.543
319.898
290.782
322.373
309.55
292.398
368.189
432.152
432.059
411.607
373.692
324.044
356.506
429
402.658
322.009
313.824
356.379
400.4
445.434
415.024
393.468
431.872
460.936
462.642
401.687
371.402
370.028
392.311
459.031
458.926
291.163
283.126
396.511
338.066
350.939
435.066
369.617
364.365
445.831
465.983
491.039
500
430.2
404.204
442.968
427.442
329.11
302.847
326.158
323.887
308.309
297.929
324.728
401.123
487.686
494.315
501.253
499.127
474.608
389.408
367.444
401.687
414.164
368.936
312.012
306.419
305.67
353.045
337.268
267.773
296.296
365.03
401.043
346.801
351.865
445.633
432.152
294.247
285.103
328.947
294.898
300.165
356.189
368.936
373.622
460.087
479.042
475.398
465.766
432.339
435.256
482.276
453.515
417.973
382.336
332.171
357.846
449.64
474.158
470.256
482.625
436.777
397.931
417.275
455.996
435.825
428.174
436.015
426.167
393.933
357.207
379.507
438.982
381.316
342.818
408.831
462.749
452.386
449.64
405.104
410.931
446.03
430.942
448.33
465.224
420.433
317.712
327.493
418.235
455.477
433.088
343.879
361.272
424.719
428.266
462.535
454.752
411.269
424.088
443.164
438.5
472.367
438.982
336.474
350.079
455.166
452.489
452.899
456.1
360.815
326.477
400.4
476.531
507.743
417.449
341.53
356.379
405.68
427.533
355.303
303.214
342.466
412.031
360.685
363.57
361.86
351.309
422.833
439.754
421.852
401.929
371.058
403.145
477.783
461.574
457.666
472.367
404.94
372.648
338.926
338.926
338.238
305.064
377.074
470.035
477.897
500.5
475.285
378.501
368.732
339.616
346.861
459.137
444.346
355.303
356.125
376.364
336.757
355.619
358.809
398.248
461.894
452.899
480.423
491.763
378.573
370.302
462.856
459.77
429.646
407.166
373.762
388.425
465.658
482.276
470.81
453.412
353.045
349.101
404.531
386.997
429.185
367.175
343.407
425.351
444.05
437.158
446.628
412.031
382.629
305.157
319.949
463.285
301.159
276.091
406.918
449.944
449.438
240.096
236.072
432.059
436.3
412.116
388.576
364.033
409.752
487.448
494.315
479.271
430.478
404.285
426.803
413.394
417.711
475.172
474.271
428.725
406.009
431.313
469.594
496.155
457.98
395.413
352.113
392.465
458.926
451.264
485.437
414.938
372.787
427.533
426.985
429.369
470.478
374.532
363.967
451.671
369.208
370.165
474.496
385.208
365.297
455.373
489.117
507.743
477.441
388.651
403.47
476.304
457.038
414.766
427.807
419.111
431.22
495.417
478.354
442.674
453.104
454.545
386.997
400.16
481.116
508.388
474.834
405.927
345.483
379.939
466.092
479.846
500.375
472.925
399.84
356.506
358.68
425.804
504.541
508.13
365.03
340.541
441.112
441.794
424.268
443.656
395.57
389.332
395.257
384.468
420.345
362.516
357.334
425.713
434.405
385.877
302.847
306.091
399.202
449.438
462
479.386
468.823
358.166
374.532
498.008
505.945
471.921
453.515
373.134
345.006
377.858
390.244
440.044
428.174
391.389
420.345
449.539
444.05
478.011
489.117
421.941
418.41
479.501
490.076
438.116
415.973
410.678
429.83
477.897
478.813
386.026
364.964
351.309
349.04
436.681
472.367
486.027
460.617
397.931
419.287
451.875
431.313
468.713
495.663
375.728
359.518
441.891
460.936
485.319
440.626
379.507
376.152
426.894
460.193
471.921
489.117
451.773
402.901
419.463
471.476
473.485
470.478
434.499
389.56
369.686
361.206
286.451
288.351
373.204
383.803
428.266
416.927
378
340.368
348.554
400.481
426.712
379.291
353.107
359.131
394.166
488.998
494.805
477.783
464.253
415.887
427.533
484.379
475.964
479.501
440.626
395.101
395.101
442.478
486.027
463.822
462.428
449.438
423.46
338.295
344.175
458.61
485.201
440.044
368.189
408.58
493.583
461.042
435.825
412.201
404.531
437.541
458.085
377.572
347.102
396.589
434.688
479.501
503.778
495.05
443.754
432.059
416.667
419.199
453.823
448.33
468.604
491.159
454.029
434.311
477.783
501.756
492.975
494.071
469.925
377.715
392.619
496.155
453.721
439.56
483.559
425.894
406.835
457.561
486.145
502.892
510.074
508.259
418.585
421.941
463.929
326.052
325.203
382.922
363.636
412.712
406.174
355.366
373.483
349.773
380.156
505.817
504.541
500.877
512.689
432.339
414.422
488.759
432.339
324.834
351.247
369.276
360.685
467.181
498.008
467.946
461.042
409.249
407.664
479.962
479.731
485.909
505.306
463.714
410.509
377.643
370.782
392.311
415.196
386.399
372.301
432.339
490.677
500.5
507.099
507.485
410.172
376.719
424.989
449.135
475.851
487.686
412.116
416.667
372.37
352.299
441.209
461.042
387.372
374.532
428.633
446.329
474.721
481.348
400.32
402.334
483.559
488.759
509.165
499.875
419.815
367.715
414.336
495.172
508.906
469.925
450.349
354.799
350.754
462.856
485.201
506.457
514.668
399.361
373.483
447.828
390.854
317.46
315.756
331.4
383.215
383.436
337.895
319.795
350.693
448.934
483.559
457.666
458.085
367.444
343.643
448.531
478.24
490.798
239.722
209.974
346.38
413.394
466.527
431.686
373.902
415.887
479.962
481.812
495.663
493.462
419.111
350.631
384.172
460.511
493.462
488.639
372.648
358.166
362.976
354.296
450.349
416.233
343.879
390.244
475.398
484.144
487.329
416.927
382.117
408.33
413.65
440.723
426.621
405.433
407.997
421.23
459.876
481
484.731
478.354
392.542
403.063
513.875
497.265
471.698
372.578
330.306
407.332
497.265
452.284
439.464
494.193
412.201
363.504
359.777
379.363
436.586
381.388
349.467
414.25
485.084
495.786
499.501
517.063
428.174
402.253
385.356
341.006
404.449
445.137
298.998
301.614
446.828
455.996
465.333
350.447
345.423
421.585
336.757
368.256
422.922
385.728
403.633
436.872
464.36
426.439
341.064
350.693
451.773
489.237
496.155
490.196
447.728
362.713
369.822
442.87
447.928
413.565
379.003
421.941
485.909
358.744
347.887
477.897
432.246
365.698
400.882
470.146
499.501
502.008
415.11
405.762
473.261
497.018
437.254
405.186
445.931
440.141
431.406
463.392
462.214
473.373
437.828
332.281
358.166
479.731
496.894
472.367
462.856
409.333
393.623
460.936
484.731
491.28
461.361
421.496
376.861
322.945
358.873
474.721
498.38
419.375
374.672
418.585
323.939
325.839
438.885
402.658
415.282
453.104
485.791
498.132
486.736
364.697
324.939
411.269
485.673
426.985
322.737
317.965
413.822
424.989
390.016
418.235
362.911
383.068
502.892
509.035
459.982
435.54
308.166
295.116
390.016
426.985
487.448
449.135
359.324
379.939
492.126
498.38
486.5
395.101
372.648
454.959
494.56
489.956
494.438
500.125
430.849
409.752
445.732
356.443
364.166
469.263
361.729
356.952
465.116
476.985
477.327
488.639
417.014
398.645
424.809
434.028
485.437
471.698
312.549
311.139
461.894
479.501
459.137
429.461
386.623
407.664
464.792
484.144
501.128
492.247
474.834
442.576
452.386
474.834
453.618
461.681
427.259
379.075
426.621
392.773
372.926
451.264
481.928
390.93
340.252
411.438
485.437
491.884
482.625
410.678
420.875
425.532
393.778
316.807
286.451
354.045
424.358
478.698
408.247
343.879
325.839
386.175
474.608
456.1
424.899
410.509
402.577
423.819
478.354
486.973
491.763
482.625
429.738
354.484
363.372
349.773
368.936
435.256
381.607
408.998
430.756
395.257
369.072
299.267
311.867
342.231
365.965
454.959
373.622
339.789
347.162
312.061
339.098
383.951
414.508
443.459
369.481
343.348
327.869
363.372
463.607
409.584
401.768
353.732
298.24
370.028
387.372
332.226
360.231
387.822
393.701
432.713
483.442
483.559
466.201
395.648
333.278
291.63
337.781
473.037
439.464
377.358
389.257
447.828
397.456
322.841
309.645
375.516
410.593
376.861
386.026
315.209
298.82
310.897
282.406
272.368
296.868
322.477
329.815
296.824
322.841
437.828
432.059
448.934
467.508
451.671
360.425
354.862
433.369
446.828
422.208
405.022
390.549
419.199
492.126
499.75
492.854
483.676
402.982
373.622
431.965
462.642
478.011
491.763
365.43
349.895
438.116
444.741
390.244
382.922
381.752
371.471
444.642
494.071
498.008
500.626
419.024
417.362
495.786
481.58
466.853
377.074
323.102
391.773
461.467
462.963
497.884
472.032
412.031
359.131
395.101
472.367
483.91
495.786
493.583
417.275
411.015
474.046
424.448
384.911
351.494
349.04
415.541
374.462
374.883
449.337
369.891
374.181
468.713
483.793
426.985
386.473
367.985
363.769
395.101
444.543
492.49
456.725
220.046
180.375
295.946
338.696
342.114
429.277
428.816
434.405
451.162
402.01
335.514
369.004
450.146
460.299
445.633
411.269
395.57
394.711
415.714
479.846
516.129
417.362
378.143
442.87
481.928
479.616
466.744
400
402.495
467.727
454.133
426.894
441.794
465.875
403.145
382.19
425.622
462.642
464.468
438.02
412.116
439.657
495.417
506.329
508.776
425.804
361.664
386.698
402.901
416.06
459.348
463.929
402.658
336.134
374.181
469.043
490.316
435.54
359.971
385.505
464.145
489.956
493.462
485.201
392.927
361.533
420.61
383.142
366.771
432.432
401.204
387.072
443.853
458.295
480.307
478.583
351.803
336.022
434.499
467.181
489.476
515.597
371.955
323.729
393.391
412.371
400.16
298.063
317.108
483.092
483.676
482.509
492.489
430.293
351.432
400.24
479.501
457.561
476.077
449.236
402.091
358.551
379.867
465.549
502.513
497.018
385.134
359.002
424.628
468.604
452.182
398.963
396.668
439.657
484.144
453.618
416.493
438.404
450.552
456.309
486.381
484.144
476.531
388.576
297.619
346.021
484.261
476.077
433.557
453.206
422.297
400.481
458.716
488.878
485.437
474.383
431.965
336.587
367.242
489.836
500.751
484.027
456.204
389.484
391.926
425.804
438.212
503.271
452.182
389.332
419.992
471.921
486.145
492.126
443.164
407
416.58
453.412
478.583
382.117
389.105
412.541
342.114
381.025
457.875
473.709
483.092
372.232
325.521
362.779
388.727
432.059
345.423
316.656
378.358
435.825
473.597
457.352
372.093
369.822
465.658
481.928
459.559
448.129
400.561
409.752
486.736
463.929
453.104
476.758
448.029
391.926
407.914
388.5
405.68
495.417
463.285
425.713
450.45
495.909
470.81
465.224
494.071
412.797
367.85
416.58
478.469
463.177
361.729
300.842
357.718
472.59
467.727
435.161
434.972
400.08
394.555
469.373
490.076
485.319
489.956
398.248
382.995
468.823
488.52
493.097
502.765
498.878
443.754
434.594
386.847
392.311
501.505
505.178
413.052
369.481
414.25
