9.56133
283.286
467.508
1048.77
1006.54
1072.39
908.678
1101.32
1823.15
2840.91
4338.39
4728.13
4728.13
5115.09
5479.45
5681.82
4987.53
3937.01
3378.38
3766.48
4807.69
5347.59
5464.48
3824.09
3034.9
3883.49
3992.02
3577.82
4566.21
5524.86
5025.13
4273.5
4166.67
4273.5
4366.81
3976.14
3853.56
3338.9
2386.63
1998
1734.61
703.73
601.685
1372.68
3395.59
3053.44
2604.17
2597.4
2136.75
1867.41
2171.55
3338.9
4149.38
3868.47
3149.61
3169.57
3875.97
3194.89
2886
2816.9
3067.48
2777.78
2509.41
2971.77
2766.25
2985.07
2989.54
2635.05
2853.07
3372.68
3490.4
3139.72
3205.13
3603.6
3710.57
2597.4
2249.72
1012.66
894.055
1978.24
3401.36
3159.56
3016.59
3597.12
4175.37
5319.15
3710.57
3367
4024.14
2869.44
2610.97
3496.5
3676.47
3384.09
4158
4524.89
3629.76
3565.06
3846.15
4016.06
4608.3
1209.92
1036.27
2312.14
3418.8
5249.34
5464.48
5617.98
5830.9
6042.3
6230.53
6211.18
6134.97
5524.86
5524.86
6116.21
6172.84
6191.95
6250
2873.56
1014.71
932.836
1389.85
1614.2
2478.31
3968.25
5181.35
5665.72
5649.72
5571.03
5479.45
5479.45
5617.98
5714.29
5347.59
4264.39
4395.6
5665.72
6042.3
6134.97
6060.61
4524.89
2127.66
1210.65
1370.8
2673.8
3824.09
4347.83
4705.88
5181.35
5970.15
6230.53
6349.21
6410.26
6430.87
6451.61
6369.43
5633.8
5571.03
6172.84
6230.53
6191.95
6153.85
6230.53
6289.31
6329.11
6430.87
6430.87
5899.7
5934.72
6493.51
6472.49
4608.3
407.664
411.692
4914
5780.35
415.887
400.481
2197.8
2036.66
2717.39
3717.47
2352.94
1657
1622.06
1811.59
683.761
689.893
2793.3
3649.64
4106.78
4310.34
4175.37
4123.71
3952.57
2378.12
2358.49
4000
4338.39
4140.79
4219.41
3289.47
2607.56
2652.52
2604.17
3169.57
4140.79
4282.66
3913.89
3597.12
2886
2506.27
2670.23
3252.03
3984.06
3149.61
2808.99
2906.98
2936.86
3062.79
3012.05
2985.07
3044.14
3012.05
3816.79
5479.45
3571.43
670.916
692.521
3003
2758.62
2597.4
2985.07
3091.19
2493.77
2663.12
3316.75
4454.34
5509.64
5390.84
5434.78
3546.1
3058.1
3738.32
4016.06
3144.65
1779.36
2024.29
2898.55
3048.78
4237.29
3466.2
3508.77
4115.23
3831.42
2270.15
1769.91
2123.14
2958.58
4175.37
2861.23
286.944
286.082
2457
2617.8
2735.98
3086.42
2706.36
2695.42
2475.25
1598.72
1956.95
1116.07
959.233
2270.15
2547.77
2610.97
3105.59
3095.98
3215.43
1699.24
914.077
1057.64
1689.19
1897.53
2139.04
3012.05
4395.6
2911.21
2580.65
3436.43
4514.67
5277.05
5847.95
1976.28
1706.48
3278.69
3584.23
3552.4
1760.56
1666.67
3003
3696.86
3636.36
3669.72
4889.98
5347.59
5154.64
5494.51
5934.72
5988.02
6134.97
6116.21
6191.95
6329.11
6289.31
6097.56
5952.38
5291.01
5390.84
6269.59
6472.49
6557.38
6578.95
6535.95
5714.29
5524.86
5763.69
5847.95
5633.8
4032.26
3484.32
4024.14
4158
4115.23
4310.34
3766.48
3683.24
3944.77
4494.38
4319.65
3372.68
3502.63
3976.14
3590.66
3816.79
4514.67
4576.66
5050.51
5494.51
5115.09
5128.21
5602.24
4773.27
3003
2881.84
4347.83
5405.41
5730.66
5221.93
5194.81
5181.35
4938.27
5390.84
5917.16
6116.21
6134.97
6134.97
6153.85
6230.53
6211.18
6289.31
5830.9
5813.95
6451.61
6557.38
6472.49
6369.43
6451.61
6535.95
5540.17
5037.78
5509.64
5277.04
5449.59
5899.71
5847.95
5934.72
5988.02
5730.66
4219.41
3025.72
3034.9
4210.53
5063.29
3846.15
3389.83
3745.32
4319.65
5050.51
5141.39
5263.16
5494.51
4962.78
4555.81
5037.78
5633.8
5830.9
6079.03
5952.38
5115.09
4987.53
5449.59
5797.1
6172.84
5665.72
5714.29
6369.43
4950.5
4672.9
5571.03
5602.24
5665.72
5882.35
4048.58
3649.64
4291.85
4587.16
5524.86
5917.16
6230.53
6472.49
6535.95
6557.38
6514.66
6451.61
6451.61
5882.35
5952.38
6557.38
6535.95
6600.66
6622.52
6622.52
6644.52
6666.67
6578.95
6514.66
5952.38
5830.9
6410.26
6600.66
6622.52
6622.52
6578.95
6535.95
6578.95
6622.52
6578.95
5882.35
5730.66
5882.35
5714.29
6097.56
6097.56
4854.37
4514.67
4914
4950.5
4385.97
4424.78
4866.18
4914
4040.4
3846.15
5050.51
5780.35
6042.3
4975.12
4175.37
3944.77
3795.07
3472.22
3766.48
4854.37
5291.01
5555.56
5617.98
5681.82
5698.01
4987.53
4576.66
4914
5102.04
5361.93
5899.71
5494.51
5154.64
546.299
530.926
1435.75
1327.14
2631.58
3241.49
4175.37
3816.79
3703.7
3616.64
3669.73
4040.4
3968.25
4464.29
3355.7
2928.26
3430.53
4338.39
4098.36
3766.48
4672.9
2869.44
2285.71
3273.32
4219.41
1743.68
1769.91
4464.29
3992.02
4048.58
4739.34
5102.04
5494.51
4576.66
4376.37
4901.96
4694.84
5154.64
4672.9
4672.9
5830.9
5730.66
5449.59
5405.41
5586.59
5571.03
4716.98
4434.59
5434.78
6349.21
5141.39
4514.67
4555.81
4415.01
4889.98
5405.41
5730.66
6172.84
4629.63
4347.83
5405.41
5730.66
4651.16
4291.85
4878.05
4914
5376.34
5797.1
5208.33
4640.37
5037.78
5865.1
6211.18
6211.18
6172.84
6172.84
6024.1
5934.72
5830.9
5602.24
4662
4640.37
5649.72
5813.95
4524.89
3629.76
3717.47
3984.06
2967.36
3044.14
3039.51
3086.42
3012.05
2551.02
2906.98
2777.78
3389.83
4854.37
5333.33
5747.13
5063.29
4566.21
267.094
158.328
340.948
1805.05
1913.88
2721.09
2915.45
2945.51
4016.06
4819.28
4694.84
4975.12
5988.02
6116.21
6116.21
6153.85
6134.97
5952.38
5449.59
4123.71
3696.86
4032.26
4273.5
4889.98
4576.66
4228.33
4830.92
4728.13
4576.66
5167.96
5780.35
5899.7
5154.64
5194.81
5970.15
6134.97
6153.85
6153.85
6024.1
6060.61
6289.31
6269.59
5698.01
5730.66
6309.15
6269.59
6211.18
6172.84
6116.21
6079.03
5899.7
5813.95
6079.03
4629.63
4192.87
4192.87
3703.7
3333.33
3508.77
4132.23
4210.53
3338.9
3424.66
4514.67
3766.48
3616.64
4024.14
4016.06
4474.27
4975.12
5154.64
5602.24
4587.16
3898.64
4566.21
3816.79
3174.6
3663
4210.53
4878.05
5181.35
5141.39
5167.96
5181.35
4830.92
4166.67
3571.43
4065.04
5494.51
5347.59
4140.79
3883.5
3875.97
3795.07
3095.98
3016.59
3745.32
3508.77
2666.67
2747.25
171.16
169.119
2436.05
3194.89
4140.79
3466.2
3663
3717.47
3717.47
4784.69
5714.29
6250
6389.78
6451.61
4132.23
3710.57
5154.64
5540.17
5141.39
4819.28
4192.87
4291.85
4576.66
4587.16
4514.67
4651.16
4651.16
4149.38
4319.65
4192.87
3289.47
1816.53
1926.78
3898.64
4158
4149.38
4796.16
5347.59
5076.14
4750.59
4651.16
4175.37
4424.78
5277.04
5633.8
5617.98
5649.72
5714.29
5899.71
6172.84
6230.53
5208.33
4950.5
5524.86
5037.78
4376.37
4444.44
5102.04
4694.84
4405.29
5154.64
5540.17
4444.44
4494.38
5390.84
5524.86
4842.61
4716.98
5714.29
5988.02
6211.18
6369.43
5681.82
5586.59
6191.95
6172.84
6211.18
6289.31
6191.95
6329.11
6578.95
6042.3
5934.72
5917.16
5988.02
6666.67
6825.94
6802.72
5194.8
4587.16
5221.93
5376.34
5390.84
5524.86
4662
4662
5000
4016.06
3921.57
4640.37
164.055
118.05
337.382
1040.58
1635.32
3703.7
2557.54
2673.8
3311.26
2604.17
2936.86
2915.45
2652.52
3552.4
3816.79
3795.07
3395.59
1545.59
1609.01
3703.7
5063.29
4273.5
3816.79
4115.23
4464.29
5000
4694.84
4926.11
5586.59
5479.45
5479.45
5449.59
5405.41
5012.53
5115.09
4494.38
4310.34
4106.78
3809.52
4291.85
4024.14
3663
3710.58
4597.7
5747.13
4694.84
4123.71
3891.05
3875.97
4065.04
4683.84
5319.15
4914
5154.64
5167.96
4376.37
3891.05
3139.72
2732.24
3139.72
3690.04
3816.79
3802.28
4504.5
5555.56
5934.72
6116.21
6230.53
6329.11
6349.21
5665.72
5617.98
6153.85
6060.61
6153.85
5830.9
5665.72
5970.15
5988.02
5952.38
6042.3
5698.01
5847.95
6557.38
6644.52
6557.38
6349.21
5235.6
4854.37
5479.45
5797.1
5333.33
5076.14
5319.15
5405.41
5479.45
5571.03
5115.09
4576.66
4866.18
233.372
229.095
3220.61
3095.98
2699.06
843.882
780.031
2265.01
2853.07
2617.8
2314.81
2129.93
2249.72
1888.57
1112.97
823.045
1199.76
2624.67
2631.58
1597.44
732.064
865.426
1883.24
1780.94
2103.05
2092.05
2244.67
2673.8
2789.4
2463.05
2418.38
2747.25
2717.39
2547.77
2503.13
2314.81
1972.39
2185.79
1072.96
820.681
1100.72
1668.06
3120.12
2554.28
2522.07
2412.55
2325.58
2008.03
2127.66
2358.49
2380.95
3636.36
3906.25
4106.78
4662
4640.37
4566.21
5235.6
5970.15
5249.34
5076.14
5235.6
5208.33
5633.8
5813.95
5917.16
5830.9
5076.14
5050.51
5847.95
6211.18
6410.26
6389.78
5434.78
5000
5434.78
5063.29
4901.96
4842.61
5115.09
5813.95
5847.95
6042.3
6134.97
6230.53
6369.43
6097.56
4926.11
4228.33
4008.02
4184.1
4555.81
4987.53
5586.59
5847.95
5899.71
5464.48
5698.01
925.069
888.494
163.8
161.812
2812.94
3656.31
3913.89
3809.52
4246.28
4962.78
5649.72
3846.15
720.98
657.895
1605.14
1888.57
2439.02
3262.64
4987.53
5586.59
5714.29
5813.95
4773.27
4184.1
4866.18
5449.59
5763.69
6211.18
5420.05
5102.04
5571.03
5813.95
5934.72
6006.01
5555.56
5665.72
6369.43
6349.21
6369.43
6389.78
5361.93
4504.5
4338.39
4474.27
5012.53
5115.09
4819.28
4842.61
3952.57
3816.79
4310.34
2828.85
2415.46
2747.25
3649.64
5633.8
5037.78
5115.09
4830.92
4694.84
5076.14
4000
3883.49
4728.13
5464.48
4683.84
3703.7
4056.79
4694.84
4807.69
4773.27
4889.98
5390.84
5509.64
5617.98
5602.24
5012.53
4008.02
4237.29
5115.09
5167.96
5361.93
5464.48
5291.01
5141.39
4566.21
4464.29
5089.06
5037.78
4889.98
5449.59
6116.21
6211.18
6309.15
6349.21
6329.11
6329.11
6309.15
6250
5494.51
5449.59
5988.02
106.078
105.502
3861
4474.27
4705.88
4683.84
4914
5000
4514.67
4618.94
5141.39
4938.27
5012.53
5181.35
5291
5319.15
5194.8
5115.09
5128.21
4694.84
5000
5747.13
5633.8
5555.56
5390.84
5420.05
5555.56
4962.78
4854.37
5012.53
5319.15
6191.95
6349.21
6389.78
6410.26
6410.26
6389.78
6410.26
6389.78
6269.59
5602.24
5698.01
6451.61
6472.49
6451.61
6349.21
5319.15
4640.37
4962.78
5390.84
5420.05
4914
5115.09
6006.01
6269.59
6451.61
6493.51
6451.61
6514.66
6535.95
6451.61
6309.15
5540.17
5633.8
6493.51
6535.95
6578.95
6578.95
6557.38
6557.38
5434.78
4819.28
4434.59
4008.02
3883.5
4255.32
5076.14
5089.06
4464.29
4555.81
5194.8
5319.15
5434.78
5000
5128.21
5555.56
5555.56
5586.59
5089.06
4889.98
5154.64
5347.59
5305.04
5277.04
4842.61
5089.06
5847.95
5763.69
5763.69
5763.69
440.529
433.182
4587.16
5449.59
5714.29
3552.4
3344.48
5263.16
5847.95
3929.27
3649.64
4773.27
2832.86
1519.76
408.163
447.227
2886
3809.52
4514.67
4807.69
4866.18
5089.06
5434.78
5464.48
5479.45
5333.33
5141.39
26.972
26.9422
4132.23
5235.6
5797.1
6060.61
6116.21
6060.61
5988.02
5633.8
5333.33
5747.13
6269.59
4175.37
3246.75
3603.6
3508.77
3656.31
4329
4201.68
3284.07
2710.03
2971.77
2976.19
3395.59
4950.5
4376.37
3929.27
4123.71
4016.06
4008.02
4464.29
4424.78
4629.63
5249.34
5194.81
5540.17
6006.01
6172.84
6172.84
6060.61
6060.61
5780.35
5780.35
6269.59
5847.95
5050.51
5037.78
4878.05
5000
5617.98
5263.16
5449.59
5617.98
5681.82
6269.59
6329.11
6389.78
6430.87
6269.59
6289.31
6389.78
6060.61
6024.1
5633.8
5602.24
4784.69
4000
4807.69
4705.88
4705.88
5361.93
5089.06
5141.39
5141.39
4651.16
4716.98
5249.34
5141.39
5063.29
5115.09
5263.16
5012.53
4901.96
5102.04
5102.04
4773.27
4273.5
4796.16
5540.17
5167.96
5194.81
5128.21
4987.53
5037.78
4878.05
4073.32
2649.01
2096.44
2304.15
3115.26
4056.8
4032.26
3139.72
3322.26
4474.27
4264.39
3868.47
3868.47
4184.1
4395.6
5235.6
6191.95
6309.15
6289.31
6309.15
6211.18
5555.56
5167.96
5698.01
6211.18
6172.84
6269.59
6230.53
6116.21
6042.3
6042.3
6116.21
5797.1
5115.09
5305.04
6024.1
6116.21
6134.97
5221.93
4938.27
4255.32
3215.43
3448.28
4210.53
4048.58
4376.37
4761.9
4819.28
5291
5050.51
5063.29
5333.33
5181.35
5449.59
5050.51
4098.36
3984.06
4683.84
5277.04
5479.45
5698.01
4914
4651.16
4705.88
4651.16
4716.98
4115.23
3690.04
2758.62
2673.8
3597.12
3316.75
3424.66
4184.1
4237.29
4338.39
2466.09
871.46
1015.74
3898.64
3752.35
4246.28
4228.33
2976.19
3289.47
4237.29
3731.34
4065.04
5050.51
4662
4866.18
4830.92
4878.05
5586.59
4228.33
4357.3
5420.05
5319.15
4926.11
4854.37
5305.04
4329
4535.15
5747.13
5076.14
5037.78
5305.04
5361.93
5221.93
4291.85
4597.7
5633.8
5319.15
4608.29
4040.4
4807.69
5714.29
5434.78
5361.93
4524.89
3960.4
4608.3
5509.64
3496.5
2911.21
3669.72
2894.36
2400.96
3333.33
3300.33
3062.79
4073.32
4444.44
5000
5361.93
5390.84
5509.64
4524.89
3992.02
4773.27
5347.59
4705.88
4750.59
4597.7
4842.61
5277.04
5141.39
5899.71
5571.03
4950.5
5076.14
5154.64
4237.29
4514.67
5586.59
5277.04
5221.93
5208.33
5115.09
5208.33
4739.34
4830.92
5479.45
4889.98
4962.78
5449.59
5376.34
5249.34
5249.34
5434.78
5305.04
5291.01
5361.93
4597.7
3802.28
940.292
956.48
2812.94
2538.07
1077.59
780.64
1444.04
3076.92
3472.22
3174.6
3514.94
3546.1
3355.7
4273.5
5194.8
5361.93
5076.14
5221.93
4484.3
4705.88
5305.04
5115.09
5479.45
4842.61
4651.16
4819.28
4474.27
4319.65
4761.9
4566.21
4524.89
5208.33
4555.81
4761.9
5524.86
5208.33
5128.21
5141.39
4514.67
4016.06
4210.53
5063.29
5263.16
5012.53
4494.38
3724.39
4395.6
5405.41
4535.15
4773.27
5617.98
5277.05
5115.09
4889.98
5115.09
5571.03
4672.9
3766.48
2645.5
2812.94
4089.98
4149.38
4106.78
3236.25
3316.75
4282.66
3546.1
3539.82
4962.78
5952.38
5586.59
4474.27
4555.81
5633.8
5555.56
5464.48
5249.34
5277.05
5361.93
5319.15
5037.78
4761.9
5347.59
5633.8
5305.04
4166.67
4016.06
5115.09
5089.06
5025.13
5405.41
5221.93
5333.33
5221.93
5102.04
4987.53
4705.88
5063.29
5277.05
5277.05
4962.78
4415.01
4395.6
4938.27
5420.05
5181.35
5102.04
4255.32
4454.34
5665.72
5698.01
4819.28
4819.28
5602.24
5420.05
5714.29
6269.59
5333.33
3952.57
3960.4
4132.23
4444.44
5494.51
4524.89
3571.43
3717.47
3552.4
3367
3636.36
3466.2
3395.59
3565.06
3891.05
4132.23
4201.68
4184.1
4158
4329
4819.28
4807.69
4854.37
5797.1
5102.04
4728.13
5249.34
5291.01
5063.29
5050.51
5434.78
4975.12
4597.7
5025.13
4629.63
4854.37
5780.35
4672.9
4089.98
4728.13
5405.41
5376.34
5390.84
4878.05
4228.33
4705.88
5586.59
4683.84
4842.61
5333.33
5194.8
5665.72
5249.34
5076.14
5050.51
5347.59
6042.3
5934.72
5865.1
5899.71
5988.02
5952.38
5847.95
5882.35
5988.02
5376.34
5333.33
5988.02
6153.85
5617.98
5405.41
5602.24
5102.04
5141.39
4597.7
4000
4694.84
5464.48
5479.45
5571.03
5633.8
5089.06
5063.29
5555.56
791.452
568.505
1261.83
2985.07
3738.32
3898.64
3676.47
3430.53
3921.57
4761.9
4048.58
3262.64
3584.23
3802.28
3929.27
4106.78
4140.79
4830.92
5434.78
4618.94
4819.28
5617.98
5249.34
4629.63
4395.6
4576.66
4938.27
5333.33
4608.3
4878.05
5780.35
5479.45
5194.81
4514.67
4878.05
5291
5154.64
5390.84
5305.04
5405.41
5208.33
4545.45
2710.03
1336.9
1057.64
1589.83
2309.47
2886
5063.29
4987.53
5025.13
4950.5
4474.27
4282.66
4854.37
5390.84
4329
4504.5
5405.41
5154.64
5333.33
5141.39
5115.09
5115.09
5141.39
5333.33
5167.96
4819.28
5102.04
5347.59
5263.16
5420.05
4651.16
4301.08
4819.28
4975.12
5208.33
4750.59
4545.45
4618.94
4545.45
4866.18
5208.33
4830.92
3527.34
3448.28
4081.63
4219.41
3976.14
3766.48
4566.21
4773.27
4514.67
5154.64
5050.51
4424.78
4819.28
5524.86
4434.59
3913.89
4291.85
3115.26
1863.93
1627.34
1379.31
1643.39
3418.8
4830.92
5347.59
5141.39
4773.27
4914
5376.34
5249.34
5154.64
5208.33
5194.8
5194.8
4484.31
3731.34
3367
3623.19
4842.61
5141.39
4385.97
4651.16
4705.88
4784.69
5494.51
5333.33
4566.21
4819.28
5319.15
5154.64
5361.93
4576.66
3030.3
2743.48
2016.13
2040.82
3081.66
3174.6
4301.08
4651.16
4555.81
5167.96
4566.21
4739.34
5434.78
5167.96
5076.14
5050.51
4454.34
3663
2136.75
1336.9
1209.92
1748.25
3395.59
4140.79
3344.48
3053.44
3590.66
4385.97
4545.45
4555.81
5128.21
5037.78
5102.04
4576.66
4784.69
5698.01
4683.84
4264.39
4246.28
3984.06
3745.32
4405.29
4484.3
4366.81
4683.84
4184.1
4728.13
5037.78
4357.3
4201.68
4576.66
4484.3
5000
5847.95
4750.59
4950.5
5847.95
5540.17
5347.59
5263.16
4524.89
3717.47
3490.4
3656.31
4672.9
5494.51
5263.16
4608.3
4854.37
5037.78
4310.34
4975.12
4149.38
2886
1885.01
1426.53
1272.26
1715.27
3305.79
3690.04
4132.23
4878.05
5154.64
4640.37
4347.83
4889.98
5571.03
5305.04
5305.04
5128.21
5115.09
5263.16
4246.28
4210.53
4889.98
5319.15
4842.61
4089.98
4184.1
4750.59
5405.41
5319.15
5221.93
4914
4728.13
4494.38
4987.53
5012.53
4474.27
4761.9
4504.5
4405.29
4962.78
5025.13
4444.44
4089.98
4773.27
5633.8
5305.04
5208.33
5167.96
5208.33
5333.33
4608.3
4889.98
5865.1
5154.64
5221.93
5586.59
5434.78
5263.16
3401.36
3115.26
813.67
558.971
1076.43
2412.55
3508.77
4796.16
5479.45
5305.04
5050.51
5154.64
5154.64
5102.04
5221.93
5194.81
5000
4866.18
4434.59
4975.12
5952.38
5154.64
5235.6
5464.48
4524.89
4830.92
5730.66
4444.44
4672.9
5714.29
5208.33
1049.32
1022.49
4819.28
5540.17
4555.81
4819.28
5037.78
4587.16
4819.28
4914
4629.63
5025.13
5813.95
5194.8
4415.01
3514.94
3584.23
4694.84
4854.37
5076.14
5555.56
5141.39
4705.88
4484.31
5050.51
5797.1
5633.8
5763.69
6329.11
5479.45
4750.59
4115.23
4123.71
4962.78
5617.98
6230.53
6451.61
6493.51
6514.66
6309.15
5780.35
6060.61
6472.49
6472.49
6756.76
6756.76
6756.76
3846.15
3350.08
4987.53
5128.21
4773.27
5025.13
5235.6
5181.35
4545.45
4830.92
5571.03
4587.16
4192.87
4237.29
3300.33
3355.7
4819.28
5263.16
5128.21
5154.64
4566.21
4310.34
5063.29
5524.86
4608.29
4385.96
3745.32
3067.48
3436.43
3649.64
3407.16
4073.32
4672.9
4535.15
3367
1601.28
1117.32
1368.93
1467.35
1524.39
2844.95
3527.34
3412.97
4291.85
4784.69
5361.93
5277.05
3787.88
3194.89
2777.78
2352.94
2166.85
2496.88
3418.8
3846.15
2320.19
2042.9
2684.56
3003
3333.33
3745.32
4608.3
4784.69
5221.93
4842.61
4796.16
4796.16
4750.59
4750.59
5102.04
5899.71
5291.01
5115.09
5747.13
6153.85
6349.21
6389.78
6250
6211.18
5865.1
6024.1
6756.76
6802.72
4192.87
3316.75
4166.67
4056.79
3766.48
3220.61
3418.8
4158
3200
3478.26
4366.81
4830.92
5347.59
5390.84
5865.1
6172.84
6369.43
6410.26
5540.17
5571.03
5102.04
4651.16
5277.04
5208.33
5063.29
5167.96
5291.01
5167.96
5194.81
4889.98
4073.32
3937.01
4032.26
4040.4
4830.92
5698.01
4739.34
4784.69
5571.03
5167.96
4376.37
4716.98
5649.72
5747.13
6134.97
6191.95
6369.43
6289.31
4535.15
3129.89
3164.56
4210.53
4842.61
4962.78
5420.05
4739.34
4878.05
6042.3
5797.1
4683.84
4878.05
5405.41
5235.6
5665.72
5509.64
5319.15
4474.27
3824.09
3220.61
3502.63
4282.66
3906.25
1748.25
1304.63
1829.83
2173.91
2844.95
4065.04
3539.82
3072.2
3642.99
3952.57
4192.87
5000
3944.77
4347.83
4424.78
4385.96
5249.34
4878.05
5128.21
5376.34
4514.67
4310.34
4524.89
4926.11
5333.33
5319.15
4444.44
4338.39
5235.6
5221.93
5050.51
5141.39
4830.92
4347.83
4750.59
5479.45
5291.01
5208.33
5291.01
5333.33
5333.33
5102.04
5141.39
4987.53
5076.14
5586.59
4716.98
4901.96
5763.69
5464.48
4728.13
4830.92
5649.72
5479.45
3669.72
3215.43
2816.9
2610.97
3759.4
3252.03
2954.21
3412.97
2320.19
2120.89
2427.18
2610.97
3921.57
4950.5
4376.37
4773.27
5333.33
5333.33
5167.96
5167.96
4651.16
4796.16
4514.67
4008.02
4192.87
4192.87
4987.53
4842.61
4184.1
4310.34
4415.01
4926.11
5361.93
4854.37
4842.61
5249.34
5263.16
4597.7
4901.96
5747.13
5333.33
5347.59
5291.01
4854.37
5000
4640.37
4301.08
4926.11
5681.82
4854.37
4773.27
5555.56
4962.78
4319.65
3134.8
3154.57
4597.7
5602.24
5970.15
6116.21
6250
5361.93
4255.32
3189.79
3095.98
3273.32
3436.43
3929.27
3929.27
3603.6
3663
4514.67
4608.3
4273.5
4842.61
5633.8
4761.9
4784.69
4889.98
4555.81
5221.93
5847.95
5494.51
5141.39
5681.82
5865.1
4694.84
4184.1
4796.16
5405.41
5141.39
4474.27
3490.4
3210.27
3663
4640.37
5050.51
4140.79
4106.78
5050.51
5524.86
5291
5141.39
5128.21
5194.8
5221.93
5305.04
5263.16
4282.66
4618.94
5797.1
5249.34
5249.34
5347.59
5319.15
5405.41
4651.16
4842.61
5830.9
4705.88
4662
5405.41
5361.93
5347.59
4357.3
4385.96
4474.27
3584.23
2336.45
2030.46
1512.86
1173.02
1569.86
2721.09
4237.29
5012.53
5167.96
5154.64
5050.51
5089.06
5154.64
4807.69
4750.59
5208.33
5221.93
4555.81
4329
5115.09
5633.8
5405.41
5235.6
5249.34
4310.34
4545.45
5571.03
5263.16
5464.48
4651.16
4319.65
5089.06
5449.59
5235.6
4651.16
4662
5305.04
5263.16
5141.39
5249.34
5249.34
5063.29
5464.48
4032.26
4016.06
5063.29
4184.1
4662
5479.45
5617.98
4854.37
4662
5405.41
5277.04
5128.21
5154.64
4854.37
4329
4024.14
3424.66
1808.32
1391.79
1705.03
1932.37
2628.12
4504.5
5089.06
4914
4866.18
5235.6
5291.01
5194.81
4484.31
4166.67
4597.7
5167.96
5333.33
5263.16
4415.01
4608.3
5602.24
5115.09
4514.67
4866.18
5649.72
5494.51
4672.9
4854.37
5347.59
5235.6
4683.84
4032.26
4040.4
3795.07
4357.3
4629.63
4819.28
4926.11
4784.69
5115.09
5102.04
5420.05
5291.01
4608.3
4938.27
5899.71
5376.34
5305.04
5319.15
5277.04
4878.05
4975.12
4807.69
5000
5830.9
5291.01
957.854
915.751
1883.24
1518.6
2541.3
4464.29
4784.69
5208.33
5813.95
5698.01
4716.98
4454.34
2902.76
2444.99
2239.64
2424.24
3565.06
3992.02
4301.08
4319.65
4716.98
5000
5221.93
5076.14
5181.35
5154.64
5291.01
5076.14
5063.29
4705.88
4950.5
5797.1
5333.33
4640.37
4366.81
5208.33
4866.18
4166.67
4219.41
4672.9
4608.29
4705.88
5665.72
5434.78
5277.05
5277.05
4405.29
3921.57
4514.67
5449.59
4784.69
4854.37
5797.1
4728.13
3984.06
2590.67
2490.66
3442.34
3724.39
3787.88
3898.64
4329
4123.71
3929.27
4618.94
5865.1
6060.61
5988.02
5747.13
5698.01
5420.05
4444.44
4444.44
5291.01
5649.72
6024.1
6269.59
4950.5
4866.18
5420.05
5586.59
5952.38
5988.02
6430.87
6557.38
6825.94
6557.38
6269.59
6309.15
6211.18
6211.18
5780.35
5333.33
5681.82
6191.95
6250
6329.11
6600.66
6688.96
6734.01
6734.01
6734.01
6211.18
6250
6920.42
6920.42
6849.31
6472.49
6329.11
6666.67
6849.31
6849.31
6849.31
6289.31
6309.15
6968.64
6968.64
6944.44
6920.42
6896.55
6920.42
6896.55
6872.85
6896.55
6329.11
6329.11
6920.42
6920.42
6688.96
5249.34
4555.81
5235.6
6042.3
6309.15
6430.87
5917.16
4830.92
4301.08
4246.28
4228.33
4301.08
4175.37
4545.45
5361.93
5571.03
5649.72
5154.64
5263.16
5509.64
5479.45
5649.72
5555.56
5681.82
5208.33
4878.05
5291.01
5305.04
5540.17
5797.1
5509.64
5763.69
6191.95
6451.61
6578.95
6644.52
5813.95
5681.82
5649.72
5617.98
6172.84
6211.18
6472.49
6734.01
6802.72
6825.94
6802.72
6756.76
6756.76
6079.03
6097.56
6872.85
6968.64
6944.44
6896.55
6920.42
5847.95
4424.78
4535.15
4750.59
4115.23
4149.38
2754.82
2621.23
2607.56
2531.65
4024.14
4115.23
4415.01
4750.59
4830.92
5089.06
4901.96
4728.13
4901.96
5617.98
4807.69
4395.6
4282.66
4484.3
3424.66
1341.38
1027.22
1334.22
1703.58
2812.94
4273.5
3824.09
3395.59
3194.89
3571.43
3984.06
4454.34
4914
5291.01
4608.3
4830.92
5882.35
5555.56
5291.01
5291.01
4651.16
4901.96
4819.28
4192.87
5141.39
4683.84
4081.63
4854.37
5540.17
4728.13
4319.65
4464.29
4975.12
5181.35
4444.44
5025.13
5899.71
5277.05
4474.27
4192.87
4140.79
4683.84
5434.78
5141.39
4123.71
4158
5479.45
5263.16
5025.13
5305.04
5277.04
4587.16
4319.65
3311.26
2036.66
1447.18
1234.57
1908.4
5128.21
4728.13
4504.5
5540.17
4842.61
4608.29
5449.59
4926.11
5037.78
5602.24
5361.93
4504.5
4618.94
5420.05
5025.13
5025.13
5194.8
5102.04
4796.16
5012.53
4566.21
3937.01
4608.3
5249.34
5305.04
5319.15
4694.84
4310.34
4773.27
5102.04
5025.13
5291
5291
5141.39
5221.93
5665.72
4728.13
4716.98
5763.69
5291.01
4750.59
4975.12
4761.9
4878.05
5714.29
5405.41
5167.96
5141.39
5263.16
5249.34
5194.8
4938.27
5076.14
4728.13
4282.66
5167.96
3921.57
3194.89
3154.57
3076.92
3780.72
4385.97
4329
4132.23
4228.33
4246.28
3906.25
3968.25
4739.34
5730.66
6097.56
6211.18
5405.41
4264.39
4750.59
4878.05
4938.27
5305.04
5000
4728.13
4807.69
5524.86
5405.41
4962.78
5012.53
5333.33
5221.93
5347.59
5249.34
4494.38
4319.65
5167.96
5555.56
4597.7
4228.33
4854.37
5333.33
5277.04
5305.04
5263.16
5208.33
5681.82
5714.29
5194.8
5194.8
4914
5025.13
5464.48
5420.05
5305.04
5305.04
4716.98
4716.98
5089.06
4962.78
5194.81
4291.85
3906.25
4024.14
4115.23
5025.13
5434.78
5167.96
3846.15
611.247
563.222
2042.9
3533.57
4587.16
3937.01
3169.57
3134.8
4255.32
4524.89
4175.37
4889.98
5434.78
4807.69
4761.9
5277.05
5449.59
5277.04
5249.34
5376.34
5194.8
4576.66
5000
5291.01
4115.23
4464.29
5464.48
5181.35
5194.81
5347.59
4807.69
4246.28
4854.37
5730.66
4672.9
4504.5
5361.93
4750.59
4524.89
5319.15
5555.56
5025.13
5194.81
5665.72
4587.16
4246.28
4739.34
5141.39
5319.15
5141.39
5249.34
4662
4192.87
3395.59
1972.39
1631.32
1828.15
1796.95
2290.95
4032.26
4329
4784.69
5509.64
4140.79
3731.34
3831.42
4048.58
4555.81
4914
4338.39
4395.6
4494.38
4576.66
5494.51
5208.33
5235.6
4264.39
4514.67
5181.35
5115.09
5882.35
5540.17
4434.59
4008.02
4683.84
5208.33
4866.18
4807.69
5390.84
4950.5
4535.15
5208.33
5780.35
5154.64
5012.53
4975.12
3514.94
3787.88
4640.37
4761.9
5167.96
4975.12
5449.59
5235.6
5249.34
5319.15
5249.34
