9.75534
160.953
177.904
208.986
181.587
171.512
204.897
224.14
198.452
193.013
222.866
225.989
226.578
228.807
213.858
198.472
174.581
133.932
120.308
145.571
197.278
146.8
134.535
165.426
177.007
206.207
99.8452
78.3116
75.3154
88.7469
182.949
217.344
209.732
194.062
159.413
163.079
153.681
149.009
162.259
155.606
186.689
167.757
149.421
158.391
144.991
133.458
162.999
197.336
180.229
186.393
212.608
154.178
146.617
183.1
194.175
241.488
208.268
206.697
227.144
211.506
222.643
238.55
160.077
150.173
177.038
186.393
229.226
155.581
158.115
183.033
177.022
232.396
188.058
149.757
150.568
163.079
199.203
192.4
188.377
28.7873
28.8955
237.304
225.861
218.675
231.803
209.776
201.776
232.585
241.225
228.337
227.402
218.651
210.504
232.045
248.108
238.294
230.974
233.263
221.729
196.734
210.504
241.342
230.494
232.964
245.64
227.195
216.286
224.543
217.794
183.756
190.367
212.202
206.228
202.737
178.015
187.213
184.502
187.178
222.37
219.949
206.42
214.179
215.983
215.424
230.92
228.128
200.521
197.981
226.886
227.842
230.92
229.753
208.768
212.902
211.104
187.529
204.645
239.837
220.872
208.703
227.066
233.754
234.165
225.479
210.062
173.989
182.582
216.357
206.847
209.49
170.678
150.365
138.821
159.566
166.265
136.715
170.068
193.125
184.094
160.244
169.578
184.519
180.783
223.839
215.726
172.876
166.597
186.881
204.436
206.932
181.901
179.808
188.911
209.886
218.412
179.34
170.474
197.668
202.614
191.608
192.641
178.333
166.472
168.152
192.883
232.883
215.169
209.798
220.751
222.37
238.663
232.585
180.44
182.249
225.378
216.896
214.892
231.669
192.92
190.585
242.689
220.361
197.707
200.723
207.641
222.198
238.493
224.442
194.345
203.252
228.467
213.95
214.408
231.589
214.225
212.067
207.641
195.274
210.704
225.352
221.386
219.202
224.341
218.221
225.479
206.058
178.333
193.05
213.356
199.164
206.911
194.818
169.005
183.857
178.348
181.521
213.015
208.943
217.439
241.022
224.517
198.452
207.254
188.041
192.215
240.935
209.82
210.46
245.549
220.677
153.116
134.499
181.324
223.289
209.776
222.692
210.926
170.242
167.813
153.633
166.168
229.358
221.166
214.247
228.781
224.997
215.216
216.286
213.538
208.79
213.106
202.963
201.329
204.939
194.553
190.06
172.444
162.588
185.615
219.274
219.322
224.744
238.863
201.187
193.293
225.276
209.82
208.899
224.568
214.293
221.19
233.59
230.867
229.621
211.663
183.756
201.41
223.164
206.42
218.508
238.949
211.954
211.887
238.124
208.812
192.567
211.26
212.337
211.282
235.073
230.017
224.845
197.141
191.369
197.316
204.207
213.424
190.767
176.632
170.488
191.718
209.864
194.989
204.939
228.598
221.582
211.977
224.871
203.894
195.37
223.539
194.401
181.868
196.734
216.403
207.987
182.382
195.523
221.508
212.292
211.238
232.315
229.542
200.662
197.648
194.175
198.946
231.857
219.539
205.931
220.24
206.868
192.456
200.08
201.126
189.448
198.039
212.179
219.949
240.211
203.832
196.078
216.263
153.574
148.038
181.127
187.143
213.904
196.502
193.032
222.346
211.327
211.305
233.727
213.151
202.799
224.719
233.563
227.687
210.637
181.472
193.218
224.593
208.921
208.834
225.149
193.686
187.723
223.664
219.635
214.661
230.097
219.804
223.04
226.912
215.796
222.148
192.197
172.013
200.965
209.512
191.81
202.041
218.771
182.399
186.567
236.1
215.1
203.707
224.744
223.864
211.506
219.611
196.56
197.433
234.137
216.849
214.179
236.323
213.356
204.374
195.16
182.332
196.117
218.412
221.533
225.555
229.779
223.464
230.974
211.439
187.424
199.78
216.099
188.448
195.236
230.548
210.172
186.445
199.064
196.348
198.413
227.428
187.564
187.864
226.68
173.476
172.073
177.164
181.686
237.107
200.381
193.968
224.24
209.161
164.163
160.295
195.81
225.2
211.104
208.42
205.023
197.122
222.494
228.859
182.083
185.305
240.5
216.567
191.04
200.844
211.573
208.008
221.288
204.353
202.061
232.612
192.957
173.747
209.622
186.324
186.532
188.857
154.775
181.769
206.548
207.922
217.226
190.621
198.531
233.318
216.591
217.652
234.907
210.726
219.25
241.604
224.896
212.337
145.921
145.275
211.685
229.226
231.992
223.489
215.448
192.66
205.444
225.606
212.993
226.321
245.339
213.858
204.562
227.273
223.314
188.413
193.536
206.186
209.578
245.158
222.692
199.78
190.767
180.538
201.837
195.714
186.15
219.467
235.933
220.507
205.465
222.198
203.666
196.967
232.558
216.661
204.102
224.618
225.403
204.415
206.164
202.716
212.879
242.895
224.417
204.876
217.415
224.039
221.803
223.189
191.004
198.196
241.167
230.415
206.292
212.993
211.104
190.096
203.936
215.866
205.613
215.587
217.439
221.951
226.347
222.767
220.434
201.369
155.69
168.691
225.251
196.329
204.583
237.023
193.63
181.077
213.516
206.016
200.28
220.897
214.615
218.412
238.493
227.946
221.019
196.831
182.548
204.792
230.654
216.053
206.996
223.464
197.122
192.864
227.583
219.322
215.146
233.945
222.965
222.222
225.225
217.462
197.103
203.19
203.583
202.02
235.488
230.68
219.491
226.578
179.372
176.678
233.318
177.588
165.934
205.086
211.082
224.492
228.598
184.417
190.876
230.654
189.555
196.734
237.53
207.232
194.723
209.864
219.274
228.389
231.83
214.408
217.486
220.507
217.202
229.384
205.634
180.002
200.904
233.291
218.89
222.668
243.754
228.754
193.237
200.481
218.771
216.755
222.025
215.054
223.789
235.877
226.065
193.33
199.501
179.614
179.808
238.635
198.413
167.813
186.602
189.376
174.49
172.637
178.923
194.099
202.347
217.344
210.062
196.29
200.421
187.635
186.794
195.982
210.637
229.095
231.187
217.391
197.707
211.73
205.233
158.579
168.791
206.292
195.465
191.755
185.288
187.882
192.994
187.547
191.81
171.718
148.412
137.184
153.87
169.967
172.206
205.044
202.388
170.3
172.458
194.307
194.515
195.944
185.288
188.253
173.295
169.924
166.21
154.404
174.186
195.008
220.143
233.046
200.16
177.211
200.582
224.391
201.43
208.095
215.262
212.902
221.166
208.073
219.925
216.591
193.293
207.082
227.816
210.018
214.846
234.632
230.017
233.263
241.604
240.24
201.248
183.251
194.477
201.066
218.031
217.817
195.351
210.128
223.015
209.798
224.568
235.877
224.065
224.871
235.516
223.414
221.386
219.394
197.981
211.037
239.006
210.926
201.187
209.227
197.589
204.394
229.358
205.994
200.723
232.369
223.589
206.356
216.967
228.05
220.459
205.782
191.81
210.084
221.803
209.161
222.593
240.471
214.454
198.965
221.877
243.043
191.077
187.073
195.446
195.37
233.454
211.126
209.424
193.386
170.068
202.675
245.761
218.388
214.661
234.192
177.368
174.749
228.415
221.19
220.216
234.549
228.232
224.115
231.777
237.53
201.898
195.81
210.482
206.079
222.941
227.505
210.106
213.197
186.55
184.111
228.441
231.294
212.811
222.148
248.201
233.372
228.493
232.234
202.737
204.729
236.435
199.481
195.714
228.076
195.503
171.38
200.904
209.71
206.377
236.827
214.8
197.804
217.581
228.102
204.04
210.948
199.164
197.961
236.435
222.445
208.529
224.643
213.995
193.199
213.174
230.92
220.434
229.016
221.729
212.698
202.265
176.165
192.234
203.666
184.111
208.834
245.67
228.807
227.324
241.633
182.365
164.663
203.874
189.322
191.81
212.247
213.402
187.917
159.49
184.826
201.45
191.791
213.858
235.905
213.607
216.333
233.209
213.63
218.15
226.193
205.656
211.439
236.574
217.32
195.618
212.45
218.579
210.77
198.827
187.178
213.858
244.948
227.221
218.699
211.551
184.298
194.628
230.15
208.485
202.778
234.632
232.046
222.792
229.121
235.349
200.965
191.902
220.946
203.355
184.213
187.336
207.104
206.079
180.473
199.681
236.267
216.286
215.843
240.442
219.684
217.061
242.601
242.043
174.795
173.928
223.514
212.314
213.47
211.305
222.025
234.247
232.019
207.34
195.141
206.079
202.86
216.029
228.964
215.448
222.099
240.298
201.694
198.118
222.717
201.959
213.106
213.197
179.308
192.493
220.921
201.898
213.858
244.141
202.368
204.939
219.106
196.618
198.827
159.872
166.931
225.836
180.473
176.258
223.914
190.731
187.705
231.374
196.522
190.858
228.807
219.877
208.529
222.469
229.674
229.121
217.226
210.128
215.657
223.664
225.938
227.118
240.877
198.906
198.373
244.2
227.635
205.297
218.651
228.05
225.912
243.309
235.46
186.012
176.975
211.327
214.316
213.288
196.58
201.41
243.992
209.556
179.453
199.025
208.79
214.846
225.073
218.484
222.891
234.797
243.635
207.168
193.237
216.544
209.974
205.55
224.997
213.812
218.364
212.585
196.117
207.512
227.041
226.937
230.123
252.239
235.294
226.116
230.867
188.75
193.648
241.429
217.628
216.38
242.072
245.459
230.123
202.204
214.11
211.126
211.06
248.725
230.282
202.634
217.155
233.945
184.077
179.035
193.237
200.06
231.401
215.657
215.494
236.127
201.613
203.874
244.23
220.119
206.164
228.258
220.653
224.719
250.752
164.082
161.983
199.561
155.836
170.867
209.052
214.064
200.642
189.915
164.082
157.468
198.985
192.604
175.07
174.84
186.881
161.681
151.389
171.615
156.9
165.003
171.615
180.636
176.772
159.962
183.284
212.247
198.649
181.653
181.127
179.437
194.704
198.926
208.899
181.653
175.254
202.86
174.627
160.192
175.269
211.551
210.77
208.225
222.916
231.669
230.176
228.807
236.323
200.823
205.149
243.546
216.427
209.864
232.693
229.016
231.481
207.49
192.345
216.779
234.99
233.536
209.424
218.341
213.424
186.672
202.86
200.481
186.951
217.604
213.311
202.901
221.166
206.101
194.043
209.666
201.959
204.248
234.412
221.902
224.09
243.427
249.594
224.719
216.099
205.952
191.902
199.124
206.889
217.652
226.142
221.337
191.516
199.78
240.674
220.167
217.652
241.575
219.394
220.531
246.579
227.816
209.293
213.288
197.006
203.025
244.111
216.849
197.492
222.99
171.512
163.372
221.779
206.164
206.292
238.949
223.564
208.225
228.545
232.531
221.729
187.564
182.598
227.428
242.954
226.347
226.835
242.866
190.512
185.46
228.076
226.219
224.039
235.045
221.607
218.938
234.028
233.318
230.468
215.216
226.04
232.612
229.964
231.965
221.19
226.835
216.92
195.351
198.079
223.464
237.107
203.273
192.715
210.526
230.07
218.699
195.656
184.502
192.623
207.018
211.305
236.967
222.395
219.467
226.886
201.187
207.577
216.685
218.269
227.687
235.988
243.339
229.674
213.015
205.719
194.951
214.408
252.813
220.24
216.567
247.463
221.166
185.305
204.625
222.544
217.273
240.645
240.414
233.236
226.219
233.318
208.333
200.944
226.603
225.708
227.402
226.424
221.656
219.034
207.555
186.393
185.856
208.572
197.219
204.666
247.831
215.123
212.698
206.143
183.066
209.293
215.308
190.676
208.877
245.158
230.494
216.826
224.643
193.78
191.278
224.316
207.039
209.93
228.545
217.297
200.08
212.427
211.439
187.441
193.874
192.215
197.336
230.203
224.719
217.085
230.044
208.986
204.499
217.746
195.906
207.922
207.512
169.019
194.647
234
188.466
189.825
231.16
221.386
219.154
221.117
204.165
184.468
190.73
215.308
230.84
225.708
217.25
236.323
235.377
215.262
225.352
245.188
201.147
185.632
217.746
220.434
212.585
234.522
226.706
205.846
197.472
204.729
231.777
249.314
212.067
207.061
234.302
224.316
230.15
237.84
210.593
187.213
210.194
247.985
206.654
184.894
202.409
191.902
200.16
216.403
201.816
214.362
231.481
227.79
222.272
226.809
210.371
200.461
201.41
209.688
235.433
234.274
213.881
219.467
229.305
201.329
201.086
228.493
219.998
220.848
231.777
209.314
216.873
243.516
238.294
231
201.39
195.791
216.685
226.886
201.187
202.429
244.888
234.824
195.16
206.249
238.351
184.196
185.649
235.655
225.225
229.121
254.356
245.7
244.349
232.045
199.402
202.881
232.099
212.698
211.506
245.218
198.906
156.654
151.711
157.592
169.047
184.502
206.804
222.792
221.656
192.623
155.606
164.69
165.071
164.433
210.993
206.697
160.154
158.491
194.231
198.373
172.369
178.412
206.847
163.066
144.488
164.123
171.925
172.951
173.01
197.804
224.215
186.324
184.587
223.614
215.726
218.007
227.324
220.677
233.046
218.293
206.079
223.589
227.376
203.666
211.864
243.873
237.784
209.93
204.29
218.126
211.484
213.015
230.707
230.15
232.856
244.678
233.809
204.625
200.763
207.598
216.333
224.266
205.74
213.698
236.546
206.569
204.666
205.761
190.186
218.412
241.984
201.369
195.561
213.995
178.253
181.406
211.149
194.951
209.534
241.663
211.573
196.657
156.974
146.628
199.283
218.269
210.15
