2.18693
12.9192
14.4462
11.2785
11.1595
16.3853
16.7604
16.5641
16.433
16.2901
16.4129
15.9132
16.1499
16.6829
16.0463
15.8138
16.1448
15.8233
15.5829
16.3062
16.7449
16.067
15.7644
16.3153
15.8789
15.5384
16.0115
14.9648
14.3556
15.5626
16.1283
16.0586
16.0122
16.0278
15.7193
15.7317
16.2701
16.1391
16.1717
16.4405
15.9549
16.0015
16.5778
16.1937
15.7929
16.2117
16.7158
16.1642
15.4632
15.2874
15.6501
15.9778
16.2001
16.8148
16.4406
15.9758
16.4993
16.573
16.3706
16.4262
15.7356
14.656
14.2176
15.2524
15.6676
15.5021
16.3433
16.4503
16.2966
16.5647
16.7983
16.0211
15.6593
16.2615
16.3638
16.1655
16.5939
16.3595
16.0377
16.246
15.9687
15.1999
15.2936
16.3376
16.0757
15.8612
16.4643
16.0471
15.9407
15.9651
14.8257
14.4712
15.0293
15.7818
15.7887
15.8553
15.9514
14.9284
15.0423
16.2078
16.0359
15.8671
16.3835
16.3415
16.0552
16.0804
16.3768
16.3576
16.0801
16.3818
15.7863
15.5077
16.0168
15.5136
15.4877
16.3449
16.5537
15.7249
15.8014
16.2787
15.7972
15.9
16.5467
15.4173
14.3794
14.3518
13.6658
14.5453
16.0592
15.7623
15.606
16.0104
16.2768
15.9996
16.0489
16.1538
16.1743
16.1509
16.2261
15.9528
15.4132
15.7438
16.0532
15.1589
14.9436
15.5532
15.5879
15.8059
16.4206
15.9997
15.9172
16.2865
15.9532
15.4375
14.745
14.2879
14.0067
14.7843
15.5284
15.3183
15.6463
15.5611
15.5201
16.1076
16.3145
15.7075
15.6742
16.2346
15.9577
15.8645
16.2517
16.248
15.713
15.781
16.0158
15.0491
14.8627
15.362
15.6189
16.0524
16.2591
15.6902
15.1051
14.6211
13.5935
13.7927
15.3274
15.6348
15.5981
15.7614
15.4076
15.1422
15.3525
15.9453
16.0127
15.7741
16.0518
15.9543
15.7792
15.6682
15.3265
15.7124
15.6759
15.5432
15.386
15.4919
15.5678
14.9423
15.0469
15.4583
15.4426
15.4925
15.8213
15.7227
15.7676
16.2227
15.9951
14.3248
13.163
13.6964
14.872
15.2011
15.0649
15.3412
15.7311
15.9501
15.502
15.4975
15.7201
15.289
14.9214
15.1381
15.1307
15.3672
15.9462
15.4534
14.9386
14.8765
15.1076
15.2423
15.5635
15.7254
15.0319
15.0353
15.6889
15.2162
13.8598
13.6715
13.4337
13.8186
14.9889
14.1229
14.2712
15.179
15.2062
15.2932
15.7418
15.3501
14.9269
15.7546
15.4671
15.1698
15.5265
15.2652
15.2675
15.2082
14.8007
14.6935
14.9522
14.8355
14.7006
15.2906
15.2039
14.5745
13.9257
12.8409
13.2388
14.7027
14.8037
14.5214
14.5168
14.3125
14.4234
15.1568
15.2589
14.8896
15.3157
15.4223
15.0209
15.1335
15.1692
14.6707
14.7718
15.4245
14.7337
14.1403
14.7715
14.6748
14.6328
15.0416
14.7261
14.9333
15.069
14.7684
14.9771
14.3424
13.2079
12.7174
13.172
14.0148
14.1849
14.4522
14.6459
14.7663
15.1201
14.4928
14.497
14.9955
14.4278
14.4176
14.8173
14.5471
14.3616
14.4949
14.0424
14.035
14.3399
14.2744
14.5791
14.4835
14.1879
14.5462
14.9892
13.9003
12.9341
12.9712
13.5532
14.463
13.6968
13.3895
14.2936
14.1857
14.1548
14.6484
14.316
14.2528
14.7052
14.4211
14.2249
14.6081
14.5369
14.1785
14.3745
13.7253
13.4353
14.2844
13.9265
13.6533
14.5616
14.4936
13.1522
12.7192
12.1147
12.6735
13.6215
13.4721
13.9874
13.6095
13.5751
14.4035
14.3615
13.8954
14.1443
13.8606
13.8545
14.2273
14.137
14.2804
14.1205
13.6404
13.3969
13.7732
13.6897
13.6075
14.1341
13.8382
13.9035
14.4661
14.2473
14.0695
13.5718
12.3585
12.0833
12.6576
13.1009
13.4006
13.4531
13.9369
14.2017
13.915
13.8551
14.0888
14.1209
13.9674
13.947
13.7011
13.7123
13.1046
12.83
13.5196
13.666
13.6179
13.6733
12.8589
13.1374
13.1107
11.6334
11.6388
12.701
13.5567
13.3958
12.6234
12.7425
13.565
13.4686
13.3724
13.6276
13.9172
14.0252
13.2829
13.1288
13.7786
13.3627
12.9272
13.1402
12.9827
13.1173
13.4962
13.3248
13.3802
13.527
13.1519
13.4783
12.8776
11.6549
12.0969
12.4976
12.4977
12.8079
12.9366
13.2829
13.0918
13.0727
13.1714
12.9389
13.2959
13.0499
12.9112
13.3918
12.912
12.4589
12.682
12.8198
13.0582
13.2671
13.0939
13.4054
12.3946
11.4569
11.0567
11.8375
13.3265
12.2812
12.3384
12.812
12.5582
12.9775
12.9998
13.0889
13.2456
12.8839
12.8555
12.9106
12.8111
12.6739
11.9415
12.2601
12.9452
12.6995
12.9317
12.7756
12.5883
12.8671
12.7135
12.6064
11.5095
10.7023
11.3514
12.0499
12.4194
12.3751
12.6892
13.0374
12.5187
12.4985
12.5423
12.8617
13.3141
12.5698
12.4012
12.1032
11.9767
12.9135
13.0945
12.8636
12.8205
12.4325
12.1611
11.681
11.2056
10.9511
11.1187
11.7965
11.8562
12.0801
12.7057
12.7804
12.8467
12.6161
12.5232
12.833
12.6979
12.6165
12.5574
12.0678
12.1291
11.8806
11.9236
12.8179
12.372
12.2377
11.2424
10.6865
11.8067
12.3648
12.4651
11.9219
11.7239
11.9586
12.0969
12.6445
12.5232
12.4587
12.7045
12.0376
12.2222
12.5957
12.1826
12.0259
11.5171
11.741
12.3197
12.1415
12.2175
11.981
12.0238
11.339
10.647
11.229
11.4899
11.7213
11.6386
11.6563
12.4126
12.2739
11.9839
11.9536
11.9818
12.411
11.9671
11.9488
12.2108
11.6624
11.4701
11.5278
11.9947
11.8486
12.0305
12.8427
12.2372
11.845
11.0426
10.4562
10.9641
10.9668
11.3243
11.6574
11.6785
12.0036
11.9806
12.1945
11.5988
11.5727
12.1779
11.9233
11.8568
11.4749
11.5158
11.8878
11.9531
11.7898
11.8719
11.7482
10.6401
10.2113
10.4368
11.1305
11.3051
11.3856
11.5825
11.7463
12.1819
11.7651
11.7879
11.9685
11.7694
11.9472
11.7011
11.5467
11.3734
11.1838
11.3153
11.4443
11.9896
11.8096
10.8877
10.3031
10.9412
11.6718
11.3854
11.1452
11.1328
11.8013
11.7484
11.3075
11.5393
11.3609
11.5392
11.5869
11.3385
11.3413
11.2088
11.536
11.539
11.4734
11.4795
11.2345
11.6232
11.8292
10.8438
10.06
10.4415
10.7162
10.9421
11.1029
11.1139
11.6576
11.3649
11.2924
11.5814
11.5517
11.5847
11.4424
11.5062
11.0628
11.0344
11.2073
11.297
11.6433
11.0619
10.374
10.0636
10.6313
11.2476
11.3173
10.8622
10.7164
11.2159
11.1387
11.2824
11.405
11.4129
11.1714
11.1414
11.1393
10.9272
10.9839
10.8109
11.045
11.0473
11.0255
11.2915
10.8567
10.487
10.0502
10.4058
10.9832
10.5397
10.4535
10.9361
11.3377
11.2177
11.262
11.0725
10.9679
10.9256
11.0843
11.1879
10.7355
10.6959
10.8558
11.0596
10.8204
10.8004
10.8389
10.6211
9.81181
9.74526
10.3969
10.4462
10.6247
10.7251
11.0234
10.8011
10.8804
11.0383
11.0888
11.3269
10.9693
10.3055
10.3431
11.1094
10.9874
10.6083
10.6241
10.4078
9.39969
9.23826
10.0996
10.4904
10.3486
10.5494
10.8762
10.9012
10.9184
11.0283
11.17
10.8739
10.9732
10.943
10.6602
10.3705
10.6014
10.7248
10.7184
11.1019
10.8295
10.8282
10.4249
9.55676
9.53894
10.2653
10.4485
10.3574
10.6378
10.7647
10.9567
10.814
10.8065
10.7531
10.6274
10.4508
10.0725
9.96423
10.5457
10.6862
10.524
10.8546
10.2842
9.29861
9.31498
10.0307
10.224
10.4665
10.5123
10.6234
10.1499
10.2764
10.5702
10.5298
10.6155
10.3688
10.1094
9.9961
10.3948
10.6472
10.7194
10.1243
9.75967
9.30756
9.622
10.329
10.0076
9.87099
10.1464
10.4389
10.8196
10.8784
10.7177
10.6504
10.5938
10.6848
10.476
10.1985
9.93586
10.3796
10.4629
10.6061
10.6223
10.3914
9.64162
8.70777
9.20293
10.0228
10.2096
10.2392
10.321
10.3233
10.1898
10.2405
10.2801
10.3309
10.4158
9.848
9.91488
10.3872
10.3953
10.3188
10.321
9.58897
8.86289
9.37045
9.78416
9.40623
9.61747
10.1143
10.1769
9.96964
9.98572
10.1648
10.1314
10.0168
9.93285
9.86023
10.0293
10.2501
9.72054
9.84785
9.98572
9.41686
8.77666
9.09587
9.70652
9.74858
9.99176
10.2741
10.411
10.248
10.2683
10.4851
10.096
9.92881
9.62371
9.57547
10.1829
10.1834
10.2002
9.92832
9.35139
9.44332
9.89986
9.78363
9.37453
9.45077
9.88303
10.0062
9.9959
9.85999
9.7693
9.88821
9.80897
9.76324
9.73383
9.68382
9.93868
10.2445
10.0081
9.80556
9.89032
9.36115
8.71676
9.02234
9.56567
9.73283
9.94505
9.98452
9.83163
9.81171
9.81783
9.69664
9.74094
9.5393
9.34973
9.62691
10.0095
10.0341
9.22624
8.86741
9.49934
9.79187
9.78124
9.55046
9.34069
9.88616
9.87957
9.57767
9.60237
9.62302
9.81359
9.83381
9.69857
9.51991
9.50141
9.66006
9.76319
9.76
9.55959
9.31216
8.69539
8.51234
9.00175
9.26488
9.62056
9.66725
9.60758
9.75134
9.72337
9.59817
9.50444
9.02653
9.00455
9.36527
9.61899
9.41141
9.4753
8.92483
8.4836
9.20348
9.46195
9.36422
9.41371
9.08311
9.22556
9.33101
9.38795
9.55397
8.99248
9.03714
9.13288
9.26273
9.60762
9.80008
9.68603
9.74849
9.31107
8.91262
8.30924
8.27345
8.96696
9.36176
9.59937
9.4869
9.59965
9.36435
9.40924
9.72035
9.29748
9.0362
9.16158
9.29584
9.55553
9.17292
8.49019
8.58797
9.14424
9.03779
9.01238
9.06557
9.33864
9.51633
9.30557
9.10448
9.23706
9.28811
8.80115
8.6615
8.84216
9.08488
9.32349
9.54504
9.27541
8.54376
7.65079
7.83831
8.79055
8.95973
9.30726
9.36268
9.27562
9.30129
9.21846
9.05645
8.82021
8.70398
9.01469
9.0721
9.03342
8.62991
7.80631
8.37766
9.08653
8.76555
8.67769
8.91703
8.85881
9.05043
9.26973
9.20048
8.96954
8.96359
8.99018
8.88376
9.07474
8.89917
8.69917
8.91576
8.4483
7.69503
8.43309
8.6485
8.19269
8.55531
8.4763
8.79449
9.05129
8.94738
8.75159
8.70125
8.64824
8.4781
8.93435
8.57747
7.84972
7.91515
8.61067
8.97876
8.54493
8.75983
8.66837
8.64614
9.01063
9.06557
9.08694
8.65745
8.54829
8.35865
8.72433
9.06918
8.88186
8.81978
8.48983
7.9984
8.14336
8.63852
8.19823
8.37977
8.91691
8.93799
8.86537
8.98771
8.91305
8.62355
8.6491
8.6116
8.82227
8.57644
8.34937
7.98365
8.12216
8.79148
8.57957
8.62712
8.78746
8.72734
8.78449
8.97432
8.88186
8.84893
8.90484
8.33907
8.14996
8.1943
8.58653
9.05293
8.97799
8.26562
7.20316
7.78449
8.5533
8.35928
8.58071
8.55041
8.67276
8.65026
8.56439
8.32307
8.08829
8.05701
8.07989
8.59143
8.28669
7.52366
7.81284
8.33108
8.36785
8.29679
8.53337
8.601
8.44003
8.55923
8.45384
8.48155
8.17845
8.19978
8.6479
8.71186
8.80344
7.78707
7.18009
7.797
8.19588
8.11198
7.93818
8.28312
8.59516
8.64872
8.78684
8.77035
8.84944
8.53647
8.19236
8.20897
8.51459
8.53924
8.60419
7.8064
7.63525
8.21264
8.10192
8.41039
8.43761
8.51256
8.62913
8.49513
8.27321
7.86664
7.82549
7.97407
7.91643
8.16153
8.47203
8.44741
7.90783
7.21204
7.60164
8.25719
8.51368
8.52504
8.39768
8.61074
8.51909
8.36323
8.17478
8.158
8.37062
8.62389
8.6317
7.50134
7.35713
8.16313
8.16616
8.12463
8.23265
8.35834
8.4174
8.46085
8.57604
8.41588
8.29414
8.08505
7.92468
8.07187
8.22568
8.54602
7.99549
7.19075
7.33713
7.72884
8.11208
8.13941
8.20796
8.62467
8.37475
8.26248
7.7025
7.41702
7.9437
7.91781
8.19511
7.95504
7.02415
7.41633
7.78728
7.79469
8.00026
8.21781
8.32099
7.91465
8.13723
8.17518
7.66895
7.58579
7.85136
8.26255
8.24277
8.05555
7.25805
7.03955
7.57366
7.71537
8.17909
8.43896
8.1941
7.85373
7.95254
7.9557
7.52629
7.53741
7.83285
8.03177
7.84019
7.41735
7.82699
8.11079
8.00955
7.97636
8.02816
8.27462
8.20247
8.45669
8.43925
7.82341
7.62995
7.59385
7.96578
7.95773
7.69497
7.89036
6.94966
6.86231
7.88964
8.03846
8.02169
8.22355
8.11175
7.97
7.82613
7.52276
7.5555
7.76193
7.99664
7.64324
7.20718
7.70674
7.80942
7.37015
7.52746
7.89493
7.63435
7.61655
7.68743
7.67162
7.66254
7.53977
8.03545
8.15265
8.09399
7.57097
6.8686
7.27768
7.76527
7.43566
7.42322
7.77802
7.80244
7.9552
7.94395
7.49502
7.37235
7.37926
7.52573
7.45707
6.72068
7.00516
7.83963
7.49549
7.34317
7.51097
7.64231
7.96699
7.8195
7.26541
7.53228
7.70948
7.70078
7.99121
7.63458
7.12857
6.82328
7.24249
7.52814
7.41551
7.60711
7.82414
7.91976
7.87095
7.83539
7.73572
7.71031
7.64432
7.51543
7.48618
7.7252
7.27249
6.85817
7.18737
7.47231
7.88295
7.93182
7.74305
7.95298
7.75056
7.41939
7.59691
7.7594
7.87433
7.45473
7.26937
7.54432
6.59439
6.31945
7.36266
7.77082
7.80272
7.83156
7.68725
7.65653
7.5268
7.34665
7.39429
7.7858
7.77587
7.41526
6.97511
7.08318
7.35941
7.36675
7.67207
7.61499
7.43594
7.80899
7.82463
7.34527
7.25203
7.50483
7.55972
7.60792
7.42013
6.84135
7.02183
7.24895
7.12972
7.41501
7.26398
7.33245
7.49482
7.35067
7.1401
7.24969
7.39749
7.34983
6.899
6.59583
7.0281
7.00953
7.0992
7.58317
7.80634
7.58627
7.56564
7.37064
7.13753
7.07059
7.03195
7.2372
7.2915
7.46564
6.66613
6.264
6.6086
7.0991
7.34449
7.07894
7.34055
7.47052
7.67315
7.31997
7.03101
7.3295
7.38599
7.03725
6.45928
6.78242
7.00261
6.99839
7.4065
7.26053
7.04183
7.15763
7.32298
7.18308
7.33501
7.28258
7.25579
6.89097
6.18062
6.28771
6.68932
6.80844
7.25826
7.76162
7.50618
7.2377
7.40239
7.07214
6.71729
7.25329
7.70434
7.46319
6.392
6.33292
6.91032
6.729
6.99996
7.22204
7.06821
7.186
7.34473
7.07722
6.90913
6.90763
6.97766
7.30361
6.88715
6.16956
6.38621
7.195
7.4967
