5.45828
29.1316
30.3398
32.8407
32.5039
26.1063
26.9436
30.9176
32.5256
38.4541
30.9799
31.5597
41.898
41.658
18.7105
19.0947
43.8375
41.4671
38.4165
36.9522
40.1978
43.2386
42.6913
41.1726
42.0433
41.971
38.4386
39.8835
42.0468
41.9446
42.2057
42.545
43.4367
41.3394
40.0585
40.2091
40.3169
42.1781
42.2601
42.7487
42.8229
42.8311
42.2797
39.1305
40.2885
42.2636
43.218
43.1798
42.6403
41.4173
38.8599
39.3747
37.6648
39.0312
42.1408
41.0846
41.3805
41.238
41.045
39.6126
39.0587
41.0501
42.3612
43.0182
41.6901
41.9032
42.9378
40.5351
39.2611
38.5483
40.9601
42.498
41.2252
41.9489
41.295
41.2082
39.7448
38.7755
39.9688
39.4244
39.6644
36.9249
35.1333
36.846
34.9321
35.0982
37.9824
37.6053
38.5327
39.9992
38.7875
39.1543
38.0351
38.6892
42.9249
43.4811
42.7168
41.8918
42.2039
40.7357
38.1468
40.1413
42.9203
43.3623
42.9535
43.501
44.8924
41.6129
40.1421
39.4532
40.8188
41.3104
40.9954
41.7223
40.321
42.1479
42.4692
41.0071
40.2528
42.1044
42.6776
40.3039
41.6649
42.3549
40.2966
40.6918
40.5828
40.6678
42.3648
42.3182
39.4058
38.0105
39.6629
39.5054
37.79
39.5844
40.9819
41.0745
41.806
42.1665
41.1802
40.8147
42.046
40.1486
40.4433
41.289
40.8797
40.3877
39.9513
41.9305
40.6694
38.4978
40.2374
41.8174
42.5044
41.7624
42.4872
39.2904
36.1448
36.3981
36.3478
39.2611
42.8101
44.1716
42.3558
38.6496
37.3951
39.302
40.7631
41.3317
38.9029
35.2976
35.461
36.2838
39.1573
41.6181
39.3709
40.6322
42.4421
42.9129
41.7162
41.3368
43.123
44.1121
42.8798
39.7456
40.9216
42.996
42.7268
41.941
41.7702
42.5351
41.3488
41.2618
40.1824
38.3885
40.338
41.6719
42.1781
42.2753
42.4385
40.1631
37.9463
41.077
41.6571
41.008
42.1124
40.9375
41.1007
40.4981
39.353
39.7725
38.2929
38.0619
39.8843
42.1434
44.1589
41.8078
39.1458
39.2889
41.5032
42.9867
41.0391
40.8923
41.2507
41.8629
41.3044
40.1212
39.9281
39.4353
41.5196
43.0154
42.9516
42.2654
42.5994
42.219
39.5179
40.0192
40.904
37.6435
36.8738
37.6974
35.6869
35.4654
34.6602
34.9284
37.416
39.1114
39.5163
40.1252
40.686
38.6496
37.3615
38.4712
39.2203
39.44
41.072
42.6257
43.0108
41.7624
39.9616
39.3647
40.4825
41.9992
42.4674
40.9828
40.7456
42.7259
42.603
41.013
41.4508
41.2252
41.1743
42.3191
43.163
42.6176
40.5704
40.7606
39.8684
39.5015
41.9322
41.1607
41.5896
42.9636
42.9701
42.0884
41.3087
40.155
39.2303
39.8256
41.1032
41.1717
40.6578
39.5296
38.9841
38.9241
39.9976
40.858
40.3853
42.3128
43.2236
41.8008
39.9003
40
39.1206
39.3105
40.7614
41.4465
41.4611
41.0214
41.1921
40.8697
38.7439
37.8387
38.3149
38.1978
37.2065
36.3742
37.6612
34.3112
33.4079
36.1011
37.919
41.0442
42.1523
42.9258
41.5628
40.1792
38.5951
38.3414
40.8305
40.6438
38.3678
39.0808
40.4891
39.8073
40.3991
41.0855
40.2682
41.1201
42.7478
41.724
42.2244
41.1599
39.6267
39.5148
40.122
42.8256
42.3137
41.1896
41.307
41.0181
40.1477
40.2593
42.1115
41.536
40.2212
41.3326
42.155
42.3066
41.7232
39.8653
38.9393
40.0376
41.9191
41.751
41.0374
41.9138
41.5818
39.5789
39.1481
39.4003
39.5249
39.5148
40.6578
40.1373
39.265
40.9492
39.4252
38.5015
39.767
41.7502
42.4169
40.4752
41.0332
41.8611
41.7423
39.692
40.6967
42.9544
40.4245
40.7183
42.2039
42.0159
40.1792
40.176
40.5614
38.66
38.2066
36.485
35.9939
36.5177
33.6984
33.0333
36.7897
38.3223
36.848
39.8621
41.0644
39.8422
40.2455
37.6918
38.9788
40.3951
37.2835
38.3127
40.7174
41.0004
40.4351
38.9932
38.8893
39.3569
40.024
41.3445
41.1074
40.6083
41.143
41.7982
40.1808
39.2781
41.1777
41.765
42.1416
41.4473
41.8095
41.2609
40.2115
40.3201
38.7454
39.1374
40.4735
40.6116
41.8095
41.9384
41.4002
39.5187
38.5
41.2312
40.8105
39.3569
41.0349
41.7519
40.5211
38.4771
35.8989
36.8976
41.5749
42.2173
40.4106
40.3633
41.8017
42.286
39.5429
38.2395
40.6199
41.5153
40.0224
41.7589
42.5749
40.848
40.899
41.7319
40.2083
37.9954
38.0612
38.4401
36.8473
36.2365
32.7998
32.0873
38.7049
41.6606
39.7306
42.0813
43.3557
40.4703
38.4778
39.3616
40.7141
39.5405
41.993
40.8605
38.8206
39.9106
36.2687
37.8659
42.0999
40.9962
40.1003
37.0769
38.4165
41.0593
38.0026
38.3811
40.1566
39.0839
39.8827
42.4205
41.2856
37.9312
37.9478
38.2504
38.1869
40.9786
40.848
39.2134
40.8363
40.4179
38.8757
39.0206
41.336
42.8284
41.2652
41.2312
41.365
40.6984
39.546
38.9962
39.482
39.6928
39.9776
40.1027
38.9454
38.2453
38.0113
37.7836
39.0099
39.0678
39.7678
39.9624
39.7962
40.7456
38.5423
37.3965
38.9886
39.4726
40.5663
40.8297
38.483
38.4541
37.3566
38.6757
40.8005
41.0341
40.4588
39.9003
41.3839
39.8676
36.6663
35.5391
35.8179
35.0926
36.1357
38.7432
37.8738
37.1168
36.4007
36.0516
38.1847
37.3204
35.6742
37.582
38.2812
38.2592
39.188
38.3046
38.1018
39.0153
40.391
39.8851
38.8765
39.0351
38.8206
39.4695
40.0569
38.8236
39.8438
41.6736
41.0737
38.8644
37.2668
39.1842
40.2026
39.1443
40.8055
40.1212
39.3716
38.4482
38.2665
39.992
39.4081
40.676
41.4921
39.8629
40.6926
40.1445
39.703
40.8188
39.8796
39.5335
39.1206
39.3864
38.9279
39.3082
39.3414
38.9917
40.904
40.4875
41.1167
42.0398
40.2641
40.8806
40.404
38.7574
40.0224
41.077
42.2904
41.232
40.6116
41.671
39.367
38.4423
38.8734
39.1183
40.382
37.3225
34.5459
34.7524
35.7852
35.1395
34.3613
36.0127
38.2636
40.8547
41.7458
41.6008
37.9514
36.7047
38.9257
38.6421
38.7725
39.8018
39.8843
36.9952
36.2871
38.7319
40.3193
41.132
40.6603
40.3291
41.2865
38.7973
36.4717
39.8772
40.6868
40.1849
42.1203
42.3254
41.2797
38.9393
39.6818
40.508
38.6511
40.18
41.5878
40.705
40.6124
41.5783
39.0801
37.4441
39.8708
40.1824
40.2893
40.8255
39.4999
39.0312
39.1443
37.4742
37.9946
37.6655
36.3062
38.8116
40.7864
39.9385
36.7363
36.5283
40.4049
41.9138
40.8655
40.9073
40.526
40.9073
38.0633
36.5979
38.8848
39.0862
40.2609
40.7075
39.6676
40.7872
39.874
37.1437
37.6442
39.0862
40.7714
40.7689
41.0458
40.0641
36.5657
33.8101
31.7617
32.4612
33.9812
33.9887
35.5038
38.4949
39.1543
36.7769
37.4883
39.2272
38.8757
39.9744
39.7962
39.1773
39.1328
38.6339
39.5202
40.5564
41.2541
40.6628
39.093
40.404
40.2002
38.1003
39.5405
40.369
40.7722
42.5044
41.3616
40.0609
38.3017
38.2088
38.9143
39.3957
40.2698
40.6901
41.6753
40.1929
39.2272
38.1738
37.6428
39.2696
40.2804
39.6731
40.2885
38.2892
35.3726
36.2227
37.1506
38.3561
39.4789
39.1359
40.1212
40.9635
41.0939
38.1417
36.2818
39.9114
40.7034
40.0794
40.7997
40.0192
40.3088
38.4971
38.9007
40.3559
39.302
41.307
40.321
38.6742
37.3476
35.6468
31.8132
31.7254
35.9551
36.1428
38.5557
40.5375
39.5836
38.2037
36.931
38.2416
40.2139
39.0984
38.2929
38.1127
37.3469
36.5751
38.415
39.3229
37.7109
39.7425
40.7473
39.3964
38.6974
38.5334
37.0645
38.4749
40.0697
40.4212
40.5894
39.6699
40.8998
39.851
37.3874
37.5397
39.767
40.1123
40.5063
41.0551
40.0344
38.2548
37.9535
38.526
38.7499
40.4793
39.9489
39.447
40.0432
39.3585
36.9686
37.738
38.78
38.8629
38.8515
38.3745
39.0107
38.4431
37.4259
36.6946
37.9889
40.2771
40.7075
39.4143
40.2382
40.6314
40.6364
38.3781
39.1819
41.4929
38.3781
39.2835
40.0962
39.3028
40.2196
38.881
38.8312
40.3902
40.7731
39.7038
37.4371
37.3727
34.7699
31.8
32.6813
33.3929
33.475
34.5453
32.8655
34.9321
36.5597
35.7366
37.5693
36.5364
38.1476
40.1873
38.6212
38.8078
38.3458
38.8448
39.564
39.1803
40.8973
40.1171
39.7693
40.9542
40.1179
38.9932
39.2126
40.2374
39.4493
38.625
40.503
41.8139
39.9696
38.1891
37.358
38.5877
41.3052
42.2279
41.377
39.7765
39.4128
37.2905
36.914
39.3941
39.0579
38.3818
40.0016
38.5319
37.2363
34.7252
33.5289
37.21
40.6182
40.0272
38.7665
38.8146
39.3678
37.8652
36.5117
38.4497
38.8863
38.0387
39.7362
38.7169
37.1243
37.8086
38.249
40.134
38.6817
38.2856
39.7654
36.7782
36.4757
34.7464
33.2414
37.8666
38.3951
37.6088
40.9207
38.2585
34.6362
35.8641
34.6813
32.9685
35.1537
34.7433
32.8947
32.0097
35.3888
40.5852
39.7804
38.6944
38.6742
40.3015
40.1727
38.5267
38.4497
37.9363
38.0967
40.3023
39.7062
39.4197
40.5828
40.3559
38.0055
36.2135
38.5773
39.8478
38.8319
39.2311
38.5416
36.3881
36.2542
38.1177
39.9042
39.9082
39.7306
41.0779
39.0518
38.3017
37.3281
35.9234
36.7606
37.1802
37.1243
37.4855
38.622
38.801
37.1361
36.1893
36.957
39.2303
40.3576
40.8672
41.4534
41.3873
38.959
36.8012
39.4882
39.5938
38.5008
39.976
39.9114
40.4891
41.0551
39.5883
38.66
37.9341
38.3774
38.3281
34.4382
34.2836
35.3744
32.7059
33.5312
35.057
33.4554
35.1921
39.3406
39.2565
37.2308
36.733
37.0316
37.3699
38.7589
40.1397
40.0818
36.0601
34.4418
37.848
39.6896
39.36
40.0826
40.1945
40.1921
38.3693
37.2884
38.5201
38.3127
39.2026
39.2426
38.6645
39.8899
37.1941
36.0724
38.8712
38.0786
37.6556
39.2442
39.2157
39.7947
37.9867
35.4308
38.059
39.4415
37.508
37.9089
38.29
38.2117
36.5143
33.9841
35.2367
37.7558
39.4174
40.1324
38.3127
36.6885
37.7494
39.1834
39.5969
40.2358
41.6155
42.7186
39.4213
38.4874
38.7004
38.3142
39.8907
39.5734
39.2719
36.8033
35.0939
34.9016
32.8693
32.6557
33.2331
33.8415
36.3967
38.6309
38.7582
38.0416
36.7053
37.8136
38.6989
38.1847
39.786
38.6279
37.4848
35.8918
33.8089
36.5591
39.8987
38.8818
38.3656
38.7965
38.8184
38.5758
37.1188
39.2727
40.9996
37.9406
37.9716
39.0755
37.6003
37.1934
38.1003
39.9042
40.1502
40.5852
40.4253
37.9961
38.6332
37.6315
36.2766
38.8319
39.8097
38.8485
38.9226
39.0434
39.9249
37.8508
37.1644
39.6063
39.116
38.9461
38.5446
37.1568
35.877
34.4887
36.3319
37.4841
36.7782
37.255
39.3926
40.3551
36.6341
37.2038
39.2288
39.7978
40.218
40.0625
39.2295
38.2219
39.4353
37.9355
37.3385
39.1512
37.7344
34.0994
33.3189
34.0872
30.6354
30.0815
33.9887
35.0263
34.5298
37.9104
38.4106
34.802
35.2324
37.5947
38.5342
38.5736
38.3583
38.4261
36.6737
35.4296
36.7417
37.2453
37.3525
39.064
38.9219
38.2168
37.0817
35.8173
38.3384
39.0633
37.8494
38.9484
40.0737
39.0854
37.5799
37.0611
38.4549
39.8613
38.3943
38.9719
39.8589
38.4852
38.8712
38.4084
36.8766
37.674
38.1417
39.2341
39.8137
37.7537
37.5277
37.9759
36.8874
36.7742
36.998
37.4287
38.4364
36.6287
35.6646
36.3557
36.624
38.2892
40.3877
39.5265
38.7612
37.1851
36.517
38.2351
38.7567
38.6885
39.3267
40.5047
37.858
32.2435
32.6323
32.5754
31.5457
33.3584
32.5717
34.4727
37.0576
37.3155
38.4298
39.4765
39.6275
39.1458
38.9507
37.4028
37.5827
36.7769
36.7087
37.8308
36.547
37.4448
37.8946
35.6754
35.3613
36.9693
38.7567
38.4371
36.7728
38.6563
38.5045
36.4744
37.7872
37.8609
36.3135
38.5171
39.5593
38.9461
38.1446
35.9699
36.5678
37.3629
37.1154
38.8402
38.9917
38.956
37.2821
35.2038
37.8022
39.2165
37.9054
39.0031
39.0252
36.2398
35.9997
36.3795
36.203
36.3696
36.3346
37.8931
39.5468
35.8378
34.876
37.6903
37.577
38.2015
39.3864
40.3071
39.3817
36.2917
36.4166
36.6993
36.4717
39.3144
39.1819
37.6932
38.5112
37.237
35.7328
36.0933
34.5781
33.5464
33.2198
33.2127
31.4708
31.4653
35.9189
35.6971
33.957
34.9773
37.7287
37.0617
34.8748
36.1906
35.4484
36.0659
38.8734
37.2038
38.0098
38.5922
34.9834
35.7456
38.3568
38.8984
38.3259
37.0755
39.7125
37.3986
34.0148
36.9433
39.0999
38.0974
38.5929
39.1903
38.0452
36.9665
37.2384
37.6371
38.4734
40.2228
39.8859
38.0076
36.2411
35.9738
36.0179
36.293
37.9918
38.3061
37.9694
37.5242
33.2745
33.4079
36.2312
36.8752
37.1368
36.81
37.8122
38.5112
35.2218
34.7929
39.1252
38.8169
37.2363
38.9014
39.9513
37.3881
35.4321
35.9686
37.4679
39.2812
39.4999
39.3445
39.4058
38.7297
34.8262
34.0049
35.6748
35.2653
33.6944
34.2372
34.6596
30.1919
31.1624
35.4447
38.0163
37.456
34.8014
34.7029
33.4208
34.0965
36.324
35.0686
36.1233
38.5371
38.1337
36.957
35.8391
35.4862
35.9732
38.0583
38.8682
38.5215
39.3763
38.2292
36.0581
36.3815
37.5537
38.3377
39.1949
39.3701
38.2951
36.363
36.5437
36.9454
37.7922
38.8289
38.1301
37.3972
38.1563
36.957
34.6699
36.517
36.4471
34.1869
34.6434
36.3815
37.5143
35.1062
35.1179
37.4581
37.9312
38.4786
38.4017
38.9772
37.8996
35.2529
36.2891
38.5587
38.5349
38.5453
38.7875
38.7995
37.2634
36.6603
36.7843
35.7891
33.5655
33.5649
35.1599
32.9213
31.3416
32.3117
32.2139
33.2845
37.7608
38.9143
33.8897
33.3511
36.5123
35.766
36.2325
36.9508
38.0127
38.5297
34.8396
34.5632
37.6563
37.6471
36.2575
37.7629
39.1068
36.3055
36.2568
38.268
37.553
36.785
36.6052
