3.46296
11.6463
13.0155
15.9724
18.6313
20.2988
12.0545
12.1705
21.206
21.0478
20.8479
19.9017
18.9403
17.9751
18.0059
18.9294
19.832
20.7715
20.6528
20.6137
19.6622
19.2053
20.332
20.3656
20.2347
19.9084
20.1652
21.0939
21.042
20.8244
20.2918
20.8651
21.0382
20.0373
20.3333
21.1952
21.1446
20.3025
19.9595
20.2292
20.6254
19.8063
18.8731
19.3562
20.2047
20.668
20.5503
20.4144
20.6286
20.7725
20.2571
20.2628
20.3799
20.5799
19.813
19.3654
19.3463
18.4376
18.1564
18.4746
19.4026
19.4186
19.4791
20.2634
20.3378
20.4198
20.0222
19.9926
20.6056
21.0049
20.7046
20.2581
20.4422
20.5831
20.8566
20.926
20.6113
20.3984
20.2517
19.6711
19.7211
20.0128
19.846
19.891
20.02
20.7183
21.1499
19.994
20.3004
20.6605
20.245
18.4527
17.0756
17.7901
17.9059
18.355
20.055
21.4793
20.779
20.1645
19.3911
19.1558
20.4941
20.3581
19.5082
19.4917
20.277
20.27
20.1827
20.8836
20.4706
19.888
20.1266
20.6518
20.813
20.5956
19.5345
19.7863
20.7363
20.646
19.6392
18.6672
19.7609
20.3188
19.3798
19.7983
20.8986
20.7935
20.2963
20.3285
20.6386
20.9824
20.366
18.9013
18.231
18.1779
17.4526
18.4374
20.0928
20.2478
19.3712
18.5233
19.3381
20.094
20.3326
20.3297
20.3786
20.5901
20.3417
19.3945
19.4001
20.3691
20.5827
19.4966
19.3983
20.2253
20.3147
20.0769
19.581
19.6417
19.813
19.3964
19.8742
20.3811
20.3737
20.4572
20.1706
20.1692
19.9269
20.1035
19.8291
18.0835
17.164
16.7207
17.5406
19.6228
20.1454
18.4657
18.7026
19.8991
19.1742
18.9324
19.2143
20.4945
20.5149
19.7977
19.9908
20.2004
20.4765
20.1104
19.4623
19.7679
20.6128
20.1084
19.3517
19.7543
20.2077
19.7295
19.1999
18.9658
19.1764
19.3149
18.6872
19.3192
20.1379
20.1977
19.5284
18.8482
19.5398
19.9591
19.319
19.4309
19.9966
19.0871
16.5656
16.3046
18.3476
19.1452
18.9317
18.9511
19.6624
19.572
19.5217
19.7951
20.1402
20.7432
19.3469
19.1256
20.4587
20.3722
19.8523
19.7691
20.0817
20.0473
18.8578
18.7275
19.9673
19.6777
18.1846
18.2347
19.396
19.9764
19.7666
19.5333
19.7359
19.5484
19.3823
19.4433
19.4738
19.1523
18.7142
18.083
18.0486
17.6833
18.2999
19.9068
19.874
18.7521
18.6079
19.2602
19.5074
19.6336
19.2164
19.3454
20.0182
19.9722
19.3605
19.5948
19.68
19.6223
19.8128
19.7867
19.8606
19.5027
18.6661
18.7452
18.9484
18.3651
18.9387
19.3224
19.3246
19.6269
19.3407
19.5944
19.3759
18.9183
19.1602
19.1889
17.9248
16.2536
16.4298
18.5444
19.7315
18.6677
18.5818
19.2105
18.7042
18.11
18.9892
19.9019
19.9267
19.1642
18.882
19.5791
18.9802
18.7705
19.5324
19.9031
19.5299
18.7345
18.9245
19.6358
19.1653
18.4475
18.7122
18.8548
18.708
18.1767
18.0492
19.2092
19.4309
18.7723
18.9383
18.9437
18.9602
19.2191
19.1828
18.4539
17.2338
16.0448
15.7975
18.2384
17.8457
17.1583
19.1312
18.6199
18.2319
19.0132
19.5095
19.2508
18.8413
19.1843
19.5396
18.7903
18.4142
18.7457
18.6458
18.4167
18.0651
18.0633
18.442
17.8329
17.5216
18.3712
19.0094
18.8381
18.5098
19.1924
19.7644
18.9737
18.511
18.4269
18.1412
16.5201
16.0119
16.8031
17.673
18.3857
18.6237
18.6967
17.3495
17.4753
18.8388
19.4092
18.8326
18.3035
19.0152
19.2691
18.4284
18.3572
19.0973
19.0502
18.7894
18.5295
18.6398
19.0991
18.2697
17.8164
17.7849
17.7656
17.9483
18.2775
18.576
18.3254
18.5026
19.0516
19.3151
18.3611
17.8675
18.7832
19.082
17.5366
16.1286
15.6723
15.9233
17.1849
17.9232
18.2623
17.8702
17.8037
18.6886
18.8993
18.3753
18.3016
19.3033
19.0893
18.2795
18.311
18.6974
18.2899
18.2912
18.6895
18.3597
17.6738
17.6188
17.985
18.182
18.1
18.2498
18.8044
18.6736
17.6672
17.9056
18.9926
18.2482
17.9252
17.8683
17.4573
16.5453
16.0751
17.2991
17.688
17.0755
17.6375
18.357
17.8209
17.7522
18.3488
18.5201
17.7606
17.8447
18.4761
18.3656
18.2939
18.4182
18.2662
18.1429
17.6535
17.4613
17.9622
16.9726
16.9638
18.1056
18.3382
17.6579
17.7876
18.6145
18.4553
18.1109
16.9345
16.1778
15.6033
15.8535
17.7226
18.6277
18.1058
18.1714
18.2575
17.1179
17.5869
18.5
18.4776
18.3308
17.962
18.5364
18.6794
18.0468
18.1835
18.3788
18.1345
17.9732
17.903
18.2397
18.4272
17.9416
17.3739
17.5974
18.0721
17.4338
17.2305
18.2412
17.9239
17.9081
18.9193
18.3896
17.3348
17.8896
17.6889
16.2284
15.4396
15.2624
16.4902
17.1872
16.7323
17.5942
17.7085
17.0142
17.7582
18.5305
18.1054
17.9053
18.0328
17.8645
17.488
17.6498
18.2648
18.0554
17.5714
17.7241
18.113
16.9258
16.9447
18.4944
18.2227
17.303
17.707
18.3891
18.1158
18.0123
18.0296
17.1914
15.6168
15.4439
16.1841
17.1457
17.7184
17.6359
17.9994
16.996
16.8235
17.1923
17.6396
17.6295
17.4005
18.2891
17.8905
17.6107
18.1422
18.3149
17.4039
17.369
18.0851
17.5727
17.1537
17.5156
17.3006
16.6141
16.7892
17.4863
18.1651
17.2424
17.047
18.1984
18.0247
17.3247
17.6302
17.706
16.2274
15.5252
16.7949
18.2214
17.8356
16.9812
16.9029
17.6261
17.6042
18.0572
18.7712
17.8047
17.8234
18.3463
17.7044
17.1277
17.5203
18.212
18.0188
17.6151
17.7903
18.2557
17.7836
17.1359
17.6316
18.0159
17.1385
17.4462
18.1187
17.678
17.042
16.9361
17.5956
17.7746
17.8904
18.0351
17.3351
16.1011
15.3029
15.2281
15.0522
15.8219
17.7882
17.6267
17.0828
17.7038
17.7525
17.3739
17.6479
17.9874
17.9535
17.8105
17.4558
17.1809
17.0759
17.3406
17.6907
17.7343
16.8973
16.5503
17.3456
17.6108
17.2381
17.0198
17.5127
17.3042
16.6077
17.2117
17.6092
15.0795
14.5007
16.403
16.7191
17.1979
17.3091
16.7433
16.5634
16.6219
17.4972
17.4593
17.1643
17.6236
17.8025
17.1897
17.0842
17.9457
17.4752
16.9834
17.659
18.0416
16.8791
16.8584
17.5231
16.9173
16.6882
17.2024
18.0775
17.7999
17.1531
16.9869
16.481
16.4476
15.912
15.0844
15.3128
16.6185
17.6716
16.8185
16.2446
16.2906
16.8183
16.9231
16.9515
17.7059
17.484
16.9073
17.0606
17.5897
17.1898
16.8852
17.3
17.2856
17.213
17.5914
17.7341
17.0345
16.2951
17.0641
17.1385
16.698
17.4505
17.2292
16.7861
17.1516
17.4636
17.5554
16.89
16.1134
15.7746
14.6482
14.9601
16.6872
16.1145
15.7002
16.5784
17.2021
16.9785
17.0653
17.4101
17.2375
17.3109
17.1535
16.9186
16.6735
17.0427
17.6247
17.3079
16.4898
16.5921
16.3224
15.7833
16.5055
17.1452
16.7479
16.5273
16.9712
17.2104
15.8892
14.7473
14.957
15.1116
15.9811
17.0755
17.1032
16.9934
16.4363
16.3062
16.6261
16.6813
17.0828
17.3079
16.5255
16.7553
17.962
17.1124
16.2884
17.0595
17.3298
16.4033
16.6575
17.5908
16.7129
16.0858
16.3455
16.3177
15.9976
16.3212
17.1926
16.2931
16.0676
16.9745
16.1863
14.9581
15.0464
15.8426
16.6022
17.4054
17.4525
16.2136
15.757
16.7297
16.623
16.5489
16.8768
16.7262
16.5343
16.7677
17.1553
16.4503
16.4131
17.0797
17.249
16.402
16.0386
16.4585
15.9041
15.9047
16.6117
17.1424
16.8596
16.9147
17.2138
16.4963
16.0591
16.645
17.0475
15.4784
14.3466
14.3661
15.0762
16.3157
16.3216
15.6335
16.1401
16.9967
16.3885
16.3066
16.652
16.2681
16.2393
16.7013
17.1095
16.2685
16.4033
16.8986
16.4394
16.0737
15.9905
15.738
15.4701
16.1487
16.8335
16.4374
16.3496
16.8752
16.4832
15.5277
14.4911
13.8881
14.4335
15.797
16.2301
16.3112
15.9527
15.2083
15.2965
16.1129
16.7856
16.3785
16.1473
16.6921
16.0812
16.0035
16.8545
16.6074
16.0138
16.181
16.8292
16.2014
15.7322
15.882
15.8034
15.6017
16.1184
16.9602
15.6276
15.0651
15.9481
15.3909
15.3169
15.2518
14.2132
14.0295
14.5602
15.4014
15.521
15.8233
16.2636
15.8292
16.1447
16.4341
15.9741
15.8977
16.1154
15.8437
15.7801
15.9766
16.3423
15.8194
15.2882
15.5453
15.0283
15.1653
15.9688
15.855
15.7311
16.2546
16.1616
16.1768
15.5594
14.1136
13.9751
14.3941
15.2405
16.0407
15.8239
15.43
15.1379
15.464
16.2752
15.7443
15.4892
16.5431
16.1909
15.8248
16.238
16.1142
15.8695
15.9767
15.6919
15.2468
15.3212
15.3341
15.0018
14.9932
15.7436
16.121
15.7562
15.3875
15.2422
15.4662
15.8726
15.448
14.1449
13.6526
13.5957
14.4817
15.562
14.9816
14.5258
15.4074
16.3193
15.6232
15.6133
16.4077
15.868
15.9327
16.456
15.6568
15.7434
15.981
15.0316
14.956
15.2216
15.2727
15.4105
15.4269
15.8574
14.9535
14.7321
15.4017
14.7808
14.5893
13.8331
12.8474
14.3164
15.9538
14.7233
14.424
15.1379
15.1492
15.3112
16.0017
15.3886
15.4198
16.0768
15.35
15.4464
15.6675
15.5415
15.3044
15.4059
15.5911
14.7589
14.6751
15.2958
15.2306
15.4625
15.9738
15.2723
14.7762
14.1311
12.1775
12.8758
15.1534
15.0651
15.3752
15.5825
14.5356
14.3456
15.5021
15.4171
15.1545
15.4577
15.0564
15.0594
15.5977
15.8913
15.4193
15.0736
15.0359
14.4113
14.7508
14.6652
14.2182
15.2633
15.714
15.246
15.3333
15.8977
15.2496
13.7387
13.0829
13.5583
14.6746
15.6507
15.1484
14.0007
13.9897
14.0633
14.6423
15.5757
15.1722
14.7359
15.1192
14.8882
14.5666
15.0063
14.8054
14.8008
15.5798
15.34
14.5468
14.7883
14.8343
14.669
15.0702
14.9352
14.2297
14.6678
14.7639
14.2399
14.7205
13.5715
12.7546
13.2956
13.4766
14.2398
14.8832
14.7047
14.7931
15.2099
15.0987
14.7767
15.2125
14.6188
14.3655
15.3332
14.9216
14.4305
15.1429
14.2455
13.7386
14.7928
14.7155
15.068
15.6945
14.5493
14.7361
15.522
14.9209
13.2835
12.2846
13.3338
14.3612
14.6321
13.904
13.8152
14.9576
14.5974
14.487
14.9624
14.1694
14.4944
15.4329
14.827
14.9523
15.3321
14.6148
14.4486
14.6935
14.1988
14.151
14.6513
14.6943
14.581
15.0218
15.1019
14.9297
15.2048
14.3118
12.777
12.4408
12.6618
13.193
14.1278
13.839
13.9703
14.6913
14.1949
13.9504
14.5178
14.6983
14.698
14.7472
14.3213
14.0969
13.9561
14.3718
14.3664
14.4375
14.471
14.392
15.1015
14.5952
14.399
14.9166
13.4453
12.6578
13.2356
13.5191
14.0879
14.2966
13.5409
13.6348
14.4135
14.3211
14.6173
14.7012
14.6761
14.9371
14.3983
13.6384
13.9314
14.52
14.1649
14.1405
14.0081
14.1518
14.4451
14.2262
14.7983
14.8686
14.282
14.225
14.5837
13.681
12.5312
12.7066
13.1458
13.7788
14.1567
14.0043
14.05
14.186
14.3433
14.7112
14.7991
14.4891
14.809
14.9495
14.2577
14.0394
14.199
14.4743
13.9128
13.3616
13.6573
14.4068
14.462
13.9706
14.4857
13.8354
12.5816
12.4963
13.2226
14.1276
14.521
13.8128
13.5466
13.7106
13.5469
13.8405
14.3539
14.0697
13.654
14.0492
14.3736
14.3213
14.2993
13.8878
13.8101
13.9355
13.551
13.5751
13.4893
13.7239
14.4527
13.977
13.8121
14.4871
13.1344
12.248
12.1213
12.5098
13.8091
13.4249
12.913
13.3145
13.7107
13.9201
14.4332
14.053
13.6965
14.2215
14.0454
14.105
14.2708
13.7662
13.7985
13.7508
13.3814
13.4364
13.9932
13.904
13.6475
14.1973
13.5635
13.2289
12.9446
11.7768
11.8695
12.7415
12.8914
13.2075
12.9595
13.158
14.1071
13.577
13.783
13.8463
13.2168
13.3348
13.3596
13.6709
14.1737
13.7634
13.315
13.6331
13.5163
13.3249
13.7194
13.5911
13.848
12.9766
11.516
11.7051
12.4168
13.175
13.5635
12.6935
12.9315
13.8356
13.4147
13.4602
13.1479
12.9508
13.8293
13.7399
13.7868
14.3651
13.7986
13.6794
13.7674
12.9708
13.1184
13.8753
13.5181
13.5647
13.6053
13.3363
13.6966
12.646
11.5811
11.639
12.2691
13.1135
13.0535
13.3822
13.8133
13.4135
13.5597
13.8235
13.529
13.7608
14.1012
13.8994
13.9612
13.6572
13.0348
12.9616
13.0614
13.2687
13.7945
13.4667
13.5152
14.0485
12.6067
11.4172
10.98
12.0354
14.0707
13.4224
12.4993
12.7133
13.075
13.4668
13.2912
12.7355
13.0047
13.0393
13.2274
13.6902
13.2164
12.913
13.5627
13.202
12.9278
13.2016
13.6358
14.1539
13.3122
13.2127
13.6934
13.262
12.6208
11.6396
11.1377
12.4329
13.6185
13.1071
13.1795
13.2155
12.9793
13.1835
12.7466
13.246
14.0634
13.0541
12.8761
13.1653
13.1875
13.2848
12.7863
12.6291
13.1563
12.8288
12.7376
12.7964
12.6021
12.6771
11.5004
12.1042
13.4418
12.6867
12.2938
12.1096
12.8287
13.4274
13.0716
13.1399
13.1369
12.7823
12.7802
12.8046
13.1726
13.6189
12.9575
12.6316
12.9232
12.7597
12.8619
13.1105
13.0308
13.1515
12.8548
12.0882
11.046
11.7496
13.0587
12.1645
12.1162
12.8034
12.616
12.8365
13.1477
13.0489
13.4187
13.2937
12.9608
13.1297
12.8531
12.8447
13.1247
12.3755
12.5316
12.7087
12.4322
13.0545
12.8569
11.8479
11.289
11.4479
12.4286
12.6143
12.2332
12.2821
12.4096
12.9579
13.0034
13.1016
13.3517
12.8787
12.9358
12.5573
12.2809
12.8332
12.5196
11.945
12.2497
12.6972
12.8238
12.8494
12.7365
12.9096
13.1444
13.3868
11.6107
10.5258
11.4525
11.1934
11.138
11.9522
12.3846
12.7955
12.4343
12.423
12.8162
13.2051
13.4352
12.8045
12.9567
13.0004
11.964
12.0899
12.6953
12.4351
12.6956
12.2246
11.6318
11.2519
11.1462
12.2965
12.6571
12.6136
12.2114
12.0812
12.53
12.4293
12.5236
13.0147
