12.032
324.465
506.457
1054.85
1091.7
1317.52
1357.77
1080.5
1044.39
1434.72
1546.79
1151.41
1146.13
1518.6
1718.21
1803.43
1765.23
1792.11
1892.15
1923.08
2002
1846.72
1748.25
1776.2
1885.01
1779.36
1388.89
1324.5
1131.22
605.327
678.656
1387.93
1314.06
1328.9
1052.63
946.074
981.354
968.523
1175.78
1011.12
1068.95
1430.62
1502.63
1619.43
1367.05
1281.23
834.725
887.705
1491.42
1515.15
1672.24
1648.8
1526.72
1517.45
1464.13
1356.85
1421.46
1516.3
1466.28
1450.33
1545.6
1441.96
1257.86
543.331
459.559
883.783
1302.93
1331.56
1455.6
1485.88
1468.43
1511.72
1536.1
1198.32
1153.4
1204.82
1144.16
422.922
414.164
954.654
952.835
1206.27
1482.58
1615.51
1666.67
1743.68
1601.28
1571.09
1622.06
1532.57
1542.02
1635.32
1482.58
1283.7
497.018
468.604
1178.55
870.322
764.526
1133.14
1441.96
1609.01
1610.31
1588.56
1597.44
1716.74
1655.63
1700.68
1680.67
771.307
753.012
1582.28
1593.63
1592.36
1659.75
1692.05
1730.1
1647.45
1652.89
1350.44
1231.53
1452.43
1673.64
1721.17
1682.09
1670.84
1676.45
1763.67
1702.13
1485.88
1106.81
964.32
1218.77
1527.88
1518.6
1563.72
1646.09
1531.39
1490.31
1078.17
917.011
1257.07
1266.62
1090.51
1305.48
1226.99
431.127
260.315
389.94
1021.97
1022.49
905.387
998.502
1248.44
1130.58
1055.97
900.901
910.332
1427.55
1677.85
1776.2
1816.53
1648.8
1712.33
1839.93
1725.63
1255.49
1109.88
1328.02
1572.33
1686.34
1716.74
1682.09
1573.56
1675.04
1628.66
1554
1461.99
1394.7
1435.75
1386.96
1390.82
1348.62
1408.45
1581.03
1654.26
1598.72
1657
1740.64
1705.03
1742.16
1749.78
1644.74
1567.4
1737.62
1876.17
1904.76
1568.63
1454.55
1610.31
1610.31
1687.76
1721.17
1716.74
1628.66
1596.17
1602.56
1578.53
1531.39
1495.89
1547.99
1596.17
1619.43
1583.53
1658.37
1661.13
1552.79
1526.72
1593.63
1663.89
1626.02
1684.92
1719.69
1631.32
1533.74
1546.79
1508.3
1457.73
1488.1
1531.39
1597.44
1618.12
1699.24
1725.63
1725.63
1658.37
1626.02
1689.19
1785.71
1865.67
1826.48
1848.43
1725.63
1655.63
1686.34
1739.13
1736.11
1673.64
1651.53
1672.24
1731.6
1669.45
1619.43
1568.63
1511.72
1507.16
1546.79
1527.88
1474.93
1507.16
1557.63
1524.39
1447.18
1491.42
1449.28
1509.43
1607.72
1542.02
1623.38
1642.04
1699.24
1771.48
1731.6
1579.78
1503.76
1546.79
1510.57
1433.69
1500.38
1614.2
1568.63
1213.59
1181.33
1467.35
1497.01
1594.9
1652.89
1601.28
1549.19
1503.76
1562.5
1492.54
1423.49
1549.19
1672.24
1386
1311.48
1500.38
1577.29
1716.74
1749.78
1755.93
1768.35
1757.47
1562.5
1414.43
1485.88
1583.53
1592.36
1543.21
1622.06
1657
1650.17
1371.74
1189.06
1382.17
1586.04
1574.8
1545.6
1581.03
1640.69
1627.34
1537.28
1444.04
1072.96
1057.08
1383.13
1503.76
1577.29
1498.13
1491.42
1547.99
1545.59
1443
1394.7
1437.81
1544.4
1693.48
1638
1597.44
1582.28
1558.85
1545.59
1561.28
1584.79
1594.9
1727.12
1813.24
1879.7
1777.78
1523.23
905.387
755.572
947.867
716.332
723.851
1244.56
1473.84
832.986
691.802
1030.93
1156.07
700.771
728.332
868.056
785.238
1074.11
1394.7
1546.79
1554
1503.76
1532.57
1635.32
464.576
352.547
705.467
1049.87
1045.48
1205.55
1157.41
577.201
611.434
1381.22
1287.83
1315.79
1555.21
1596.17
1453.49
1196.17
1207.73
1246.88
958.773
1082.84
1493.65
1455.6
1635.32
1638
1550.39
1572.33
1651.53
1622.06
1512.86
1509.43
1564.95
1629.99
1615.51
1628.66
1626.02
1547.99
1490.31
1534.92
1686.34
1619.43
1500.38
1483.68
1615.51
1719.69
1721.17
1696.35
1588.56
1539.65
1549.19
416.493
396.668
1144.82
1259.45
1443
1355.93
1427.55
1515.15
1477.1
1332.45
1287.83
505.433
445.236
659.848
419.199
481.348
1048.22
1432.66
830.565
704.473
783.392
517.598
604.595
1267.43
1506.02
1557.63
1610.31
1743.68
1745.2
1707.94
1616.81
1556.42
1474.93
1430.62
1516.3
1636.66
1759.01
1749.78
1709.4
1512.86
1466.28
1410.44
1392.76
1432.66
1436.78
1494.77
1450.33
1518.6
923.788
876.424
1287.83
959.693
1014.2
1447.18
1172.33
934.579
471.254
440.723
687.285
912.409
1593.63
1748.25
1739.13
1751.31
1742.16
1749.78
1715.27
1746.72
1624.7
1589.83
1721.17
1610.31
1272.26
1002.51
1054.85
1288.66
1447.18
416.927
391.926
1225.49
1584.79
1648.8
1628.66
1597.44
1631.32
1707.94
1627.34
1675.04
1679.26
1623.38
1500.38
1519.76
1593.63
1503.76
1545.59
804.505
588.928
864.304
1019.37
1062.13
1121.08
932.401
931.966
977.517
762.777
867.303
1619.43
1739.13
1546.79
918.695
896.057
542.446
495.172
887.705
1059.32
1064.96
515.597
569.638
1235.33
588.062
627.549
1530.22
1616.81
1534.92
1305.48
1285.35
1408.45
1547.99
1614.2
1615.51
1566.17
1500.38
1091.11
1122.96
1793.72
1839.93
1696.35
1516.3
1499.25
1555.21
1456.66
1474.93
1550.39
1574.8
1593.63
1601.28
1578.53
1583.53
1358.7
254.874
191.755
319.132
486.973
1012.66
1226.99
1255.49
30.8314
30.888
1902.95
1851.85
1910.22
2010.05
1956.95
1924.93
1869.16
1853.57
1892.15
1982.16
1877.93
1928.64
2059.73
782.473
751.315
1739.13
1550.39
1427.55
1635.32
1780.94
1798.56
1819.84
1921.23
1828.15
1803.43
1966.57
1960.78
1953.13
1932.37
1917.55
1803.43
1498.13
1389.85
1278.77
1204.09
790.202
808.734
1354.1
1433.69
1602.56
1863.93
1858.74
1524.39
1635.32
1951.22
1958.86
1945.53
1976.28
2000
1888.57
1850.14
1834.86
1949.32
1915.71
1910.22
1988.07
1972.39
1865.67
1512.86
1283.7
1413.43
1672.24
1718.21
1895.73
1851.85
1785.71
1912.05
2002
1996.01
1886.79
1883.24
1930.5
1982.16
1968.5
1845.02
1776.2
1919.39
1838.24
1652.89
1846.72
1955.03
1923.08
1831.5
1771.48
850.34
830.565
1763.67
1953.13
2010.05
1960.78
1980.2
1951.22
1870.91
1816.53
1733.1
1707.94
1869.16
1939.86
1932.37
1901.14
1816.53
1722.65
1655.63
1836.55
1796.95
1703.58
1863.93
1919.39
1504.89
1344.99
1602.56
1694.92
1661.13
1706.48
1724.14
1808.32
1936.11
1976.28
1919.39
1813.24
1716.74
1654.26
1564.95
1724.14
1939.86
1908.4
1951.22
1949.32
1976.28
1809.95
1736.11
1897.53
1928.64
866.551
736.648
1156.07
1540.83
1970.44
1885.01
1787.31
1858.74
1972.39
1928.64
1877.93
1893.94
1867.41
1853.57
1805.05
1795.33
1915.71
1974.33
1923.08
1937.98
1921.23
1926.78
2010.05
1749.78
1353.18
1091.11
1296.18
1881.47
1862.2
1739.13
1824.82
1877.93
1855.29
1960.78
1932.37
1937.98
1823.15
1883.24
2012.07
1836.55
1834.86
1958.86
2016.13
1792.11
1642.04
1564.95
1676.45
1686.34
1273.07
1210.65
1426.53
1557.63
1524.39
1167.54
1015.23
1294.5
1644.74
1771.48
1867.41
1862.2
1737.62
1524.39
1357.77
1328.9
1218.77
1298.7
1793.72
1872.66
1796.95
1253.13
1031.99
1375.52
1826.48
1978.24
1962.71
1960.78
1874.41
1796.95
1823.15
1919.39
2038.74
1872.66
1899.34
1855.29
1893.94
2006.02
1870.91
1760.56
1839.93
1877.93
1862.2
2028.4
1960.78
1821.49
1116.69
1008.57
1501.5
1862.2
1413.43
1058.2
1300.39
1768.35
1883.24
1846.72
1784.12
1906.58
1976.28
1860.47
1816.53
1970.44
1960.78
1739.13
1642.04
1644.74
1644.74
1748.25
1706.48
1280.41
546.597
542.888
1272.26
985.222
517.063
636.132
1485.88
1510.57
1388.89
1459.85
1397.62
1413.43
892.061
569.476
782.473
1522.07
1545.6
1534.92
1654.26
1684.92
1666.67
1662.51
1800.18
1808.32
1816.53
1857.01
1779.36
1792.11
1850.14
1814.88
1727.12
1874.41
1821.49
1785.71
1618.12
1526.72
1737.62
1932.37
2010.05
1892.15
1934.24
1839.93
1872.66
2000
1974.33
1976.28
1962.71
1855.29
1721.17
1690.62
1627.34
1793.72
1848.43
1865.67
1885.01
1795.33
1955.03
1986.1
1879.7
1594.9
1435.75
1429.59
1543.21
1511.72
1544.4
1890.36
1937.98
1850.14
1857.01
1876.17
1895.73
1986.1
1966.57
1956.95
1974.33
1795.33
1839.93
1955.03
1972.39
1990.05
1867.41
1895.73
2008.03
1939.86
1823.15
1414.43
1096.49
1277.96
1742.16
1912.05
1828.15
1863.93
1883.24
1892.15
2051.28
1893.94
1805.05
1883.24
1968.5
1941.75
1846.72
1633.99
1734.61
1976.28
1816.53
1160.77
1098.9
1736.11
1768.35
1154.73
1120.45
1467.35
1538.46
1733.1
1883.24
1787.31
1913.88
1872.66
1803.43
1904.76
1949.32
1906.58
1913.88
2022.24
1853.57
1895.73
1839.93
1816.53
1934.24
1934.24
1972.39
1874.41
1947.42
1642.04
736.92
643.915
1146.79
1739.13
1928.64
1912.05
1953.13
2036.66
1936.11
1958.86
1962.71
1947.42
1958.86
1976.28
1974.33
1974.33
1974.33
1893.94
1945.53
1915.71
1906.58
1902.95
1769.91
1204.82
1041.67
1254.71
1532.57
1821.49
1787.31
1885.01
1945.53
1915.71
1811.59
1710.86
726.744
744.879
1928.64
1814.88
1895.73
1870.91
1886.79
1964.64
1955.03
1984.13
1888.57
1316.66
1253.92
1689.19
1826.48
1949.32
1936.11
1857.01
1819.84
1848.43
1437.81
1352.27
1663.89
1385.04
1317.52
1657
1834.86
1838.24
1818.18
1766.78
1874.41
1913.88
1841.62
1908.4
1376.46
1085.19
1306.34
1549.19
1612.9
1876.17
1906.58
1828.15
1941.75
1955.03
1951.22
1964.64
1953.13
1937.98
1796.95
1870.91
1970.44
1874.41
1917.55
2014.1
1970.44
1886.79
1828.15
1934.24
1998
1583.53
1150.75
1186.24
1648.8
1910.22
1865.67
1823.15
1895.73
1921.23
1865.67
1956.95
1990.05
2002
1988.07
1955.03
1986.1
2018.16
1912.05
1908.4
1982.16
1867.41
1964.64
1921.23
1843.32
1838.24
1388.89
1057.64
1063.26
1420.45
1924.93
1862.2
1901.14
2057.61
1949.32
1877.93
1928.64
1910.22
1874.41
1886.79
1912.05
2002
1865.67
1769.91
1919.39
1962.71
1865.67
1857.01
1930.5
1945.53
1407.46
710.732
760.456
1347.71
1567.4
1970.44
1910.22
1806.68
1631.32
1588.56
1752.85
1932.37
1913.88
1843.32
1828.15
1924.93
2028.4
1860.47
1829.83
1943.63
2008.03
1978.24
1962.71
1951.22
1792.11
1126.13
1000
1441.96
1784.12
1892.15
1910.22
1926.78
1857.01
1921.23
2020.2
1982.16
1978.24
1970.44
2034.59
1892.15
1919.39
1996.01
1986.1
1984.13
1962.71
1992.03
2020.2
2010.05
2006.02
2068.25
1899.34
1597.44
1127.4
1276.32
1982.16
1757.47
1120.45
1070.66
1587.3
1785.71
1739.13
1675.04
1846.72
1785.71
1551.59
1503.76
1614.2
1731.6
1782.53
1798.56
1754.39
1785.71
1700.68
1074.69
1029.34
1600
1718.21
1614.2
1567.4
1703.58
1841.62
1784.12
1733.1
1576.04
1609.01
1748.25
1771.48
1734.61
1828.15
1829.83
1855.29
1976.28
1851.85
1774.62
1736.11
1843.32
1845.02
1594.9
1460.92
1618.12
1760.56
1862.2
1883.24
1885.01
2014.1
1955.03
1980.2
1953.13
1966.57
1885.01
1919.39
1964.64
1932.37
1937.98
1943.63
1990.05
1915.71
1947.42
1874.41
1838.24
1771.48
1699.24
1654.26
1512.86
1451.38
1578.53
1733.1
1751.31
1792.11
1703.58
1805.05
1863.93
1899.34
2004.01
1921.23
1754.39
1623.38
1679.26
1725.63
1818.18
1782.53
1746.72
859.107
785.546
1483.68
1603.85
816.327
816.66
1516.3
1644.74
1913.88
1881.47
1858.74
1908.4
1913.88
1881.47
1923.08
2000
1945.53
2016.13
1722.65
1612.9
1724.14
1855.29
1885.01
1890.36
1725.63
1572.33
1659.75
1573.56
1480.38
1531.39
1623.38
1754.39
1926.78
1943.63
1951.22
1892.15
1867.41
1912.05
1836.55
1788.91
1773.05
1908.4
1890.36
1851.85
1932.37
1951.22
1862.2
1841.62
1904.76
1913.88
1990.05
1912.05
1818.18
1631.32
1543.21
1600
1666.67
1757.47
1219.51
1180.64
1702.13
1795.33
1798.56
1780.94
1754.39
1785.71
1818.18
1834.86
1790.51
1795.33
1662.51
1279.59
1290.32
1619.43
1737.62
1705.03
834.028
809.717
1522.07
1631.32
1788.91
1771.48
1845.02
1955.03
1901.14
1964.64
1833.18
1885.01
1928.64
1888.57
1974.33
1874.41
1932.37
2059.73
2068.25
1874.41
1836.55
1906.58
1941.75
1860.47
1391.79
1075.85
1262.63
1620.75
1725.63
1941.75
1888.57
1917.55
1939.86
1992.03
1980.2
1964.64
1980.2
1996.01
1902.95
1901.14
1996.01
1899.34
1966.57
1990.05
1966.57
1877.93
1923.08
2044.99
1885.01
1782.53
1425.52
999.001
1175.09
1960.78
1910.22
1883.24
1930.5
1943.63
1949.32
1962.71
1982.16
1980.2
1988.07
1779.36
1648.8
1118.57
1027.22
1491.42
1828.15
1897.53
1934.24
1956.95
1982.16
1441.96
935.016
1091.11
1591.09
1635.32
1716.74
1833.18
1915.71
1877.93
1841.62
1881.47
2018.16
1960.78
1990.05
1976.28
1953.13
1870.91
1926.78
1941.75
1897.53
1968.5
2036.66
2066.12
1893.94
1728.61
1646.09
1675.04
1459.85
1540.83
1885.01
1926.78
1951.22
1960.78
2012.07
1964.64
2018.16
2024.29
2006.02
1986.1
1962.71
1953.13
1877.93
1829.83
1763.67
1853.57
1945.53
1937.98
1947.42
1892.15
1476.01
1416.43
1005.03
787.712
1162.12
1805.05
1930.5
1774.62
1821.49
1980.2
1865.67
1863.93
1986.1
1984.13
1865.67
1893.94
2000
1934.24
1921.23
1926.78
1913.88
2032.52
2004.01
1937.98
1921.23
1998
669.12
547.645
1097.09
1503.76
1696.35
1879.7
1919.39
1939.86
1892.15
1670.84
1712.33
1937.98
1869.16
1845.02
1838.24
1730.1
1699.24
1872.66
1943.63
1857.01
1858.74
1858.74
1682.09
1471.67
1516.3
1782.53
777.605
778.513
1974.33
1874.41
1819.84
1788.91
1857.01
1921.23
1897.53
1968.5
1846.72
1874.41
1910.22
1901.14
1863.93
1769.91
1846.72
1970.44
1872.66
1319.26
1116.07
1333.33
1724.14
1915.71
1928.64
1872.66
1932.37
1945.53
1910.22
1492.54
975.134
1016.26
1399.58
1506.02
1226.24
1277.14
1648.8
1780.94
1976.28
1986.1
1323.63
900.495
1107.42
1547.99
1587.3
1836.55
1934.24
1883.24
1829.83
1912.05
1988.07
1855.29
1901.14
1862.2
1614.2
1710.86
1342.28
1186.24
1138.3
1116.07
1374.57
714.541
654.879
1261.03
1648.8
1809.95
1951.22
1939.86
1805.05
1755.93
1788.91
1883.24
1984.13
1879.7
1915.71
2057.61
1960.78
1998
1984.13
1540.83
1209.19
1309.76
1558.85
1093.49
887.705
1161.44
1493.65
1523.23
1792.11
1958.86
1930.5
1962.71
1976.28
1895.73
1841.62
1890.36
1949.32
2010.05
1857.01
1921.23
2022.24
1988.07
1897.53
1888.57
1913.88
1917.55
1869.16
1813.24
1725.63
1551.59
1561.28
1633.99
1858.74
1970.44
1966.57
1960.78
1838.24
1757.47
1769.91
1912.05
1921.23
1912.05
1893.94
1828.15
1800.18
1913.88
1988.07
1970.44
1881.47
1923.08
2087.68
2010.05
2020.2
1945.53
1901.14
1654.26
1579.78
1718.21
1824.82
1924.93
1947.42
2024.29
1966.57
1996.01
1890.36
1926.78
1928.64
1923.08
1912.05
1928.64
2055.5
2008.03
2066.12
2038.74
2063.98
2040.82
2020.2
2004.01
1913.88
1904.76
1968.5
1869.16
1044.93
1067.24
1888.57
2018.16
2008.03
1466.28
953.743
1030.4
1544.4
1684.92
1828.15
1939.86
1949.32
1945.53
1998
1970.44
1998
2010.05
1970.44
1926.78
1936.11
1976.28
2002
1834.86
931.532
798.085
1137.66
1543.21
1923.08
1958.86
1923.08
1953.13
1904.76
1902.95
2057.61
1964.64
1990.05
1986.1
1990.05
1986.1
1863.93
1906.58
2028.4
1800.18
1713.8
1746.72
1788.91
1407.46
1085.19
1291.99
1544.4
1614.2
1833.18
1926.78
1936.11
1865.67
1956.95
1998
1980.2
1824.82
1360.54
1082.84
1305.48
1838.24
1936.11
1858.74
1883.24
2040.82
1976.28
1996.01
1865.67
1209.19
956.48
1261.83
1623.38
1596.17
1697.79
1862.2
1932.37
1890.36
1885.01
1728.61
1841.62
1865.67
1853.57
1956.95
1941.75
1792.11
1784.12
1949.32
1936.11
2004.01
1897.53
1936.11
2002
1759.01
1364.26
1311.48
1614.21
1813.24
1968.5
1915.71
1930.5
1974.33
1845.02
1860.47
1836.55
1751.31
1805.05
1899.34
1966.57
1892.15
1870.91
1908.4
1823.15
1928.64
1988.07
1793.72
1805.05
1851.85
1763.67
1468.43
1101.93
1287.83
1874.41
1895.73
1906.58
1919.39
1937.98
1763.67
1622.06
1639.34
1843.32
2002
1930.5
1970.44
1968.5
1865.67
1924.93
2028.4
1953.13
1970.44
1974.33
1899.34
1860.47
1910.22
1870.91
913.242
843.526
1406.47
1515.15
1594.9
1843.32
1982.16
1966.57
2010.05
1953.13
1974.33
1958.86
1968.5
1972.39
1962.71
1976.28
1980.2
1780.94
1639.34
1684.92
1643.39
1673.64
1542.02
1168.91
1001
1128.03
1323.63
1489.2
1672.24
1697.79
1593.63
1529.05
1654.26
1731.6
1710.86
1631.32
1639.34
1707.94
1798.56
1857.01
1845.02
1892.15
1858.74
1883.24
1801.8
1736.11
1004.52
838.223
1241.46
1699.24
1845.02
1834.86
1829.83
1328.02
1320.13
1692.05
1413.43
1246.88
1389.85
1636.66
1823.15
1857.01
1846.72
1888.57
1843.32
1841.62
1721.17
1531.39
1495.89
1552.79
1581.03
1584.79
1600
1724.14
1870.91
1818.18
1858.74
1848.43
1841.62
1826.48
1798.56
1846.72
1737.62
1529.05
1491.42
1479.29
943.396
928.936
1451.38
1562.5
1416.43
1476.01
1665.28
1562.5
1501.5
1343.18
1372.68
1586.04
1622.06
1693.48
1622.06
1654.26
1869.16
1792.11
1814.88
1800.18
1790.51
1926.78
1839.93
1765.23
1759.01
1869.16
1654.26
1312.34
1319.26
1498.13
1544.4
1686.34
1719.69
1713.8
1785.71
1663.89
1592.36
1647.45
1722.65
1686.34
1602.56
1430.62
1456.66
1771.48
1730.1
1571.09
1012.66
870.701
1070.66
1283.7
1542.02
1495.89
1344.09
1209.19
1271.46
1558.85
1796.95
1862.2
1994.02
2008.03
2014.1
2016.13
1978.24
1941.75
1964.64
2081.17
2057.61
2028.4
1970.44
1958.86
1968.5
2036.66
1962.71
1745.2
1602.56
1215.81
1222.49
1697.79
1795.33
1715.27
1721.17
1740.64
1760.56
1766.78
1853.57
1848.43
1838.24
1867.41
1917.55
2061.86
1951.22
1939.86
2036.66
2002
1996.01
2020.2
2042.9
2040.82
1386
968.054
1214.33
1803.43
1700.68
1718.21
