8.50109
64.7836
85.1136
115.888
97.9576
100.437
138.303
157.53
58.4932
46.8878
84.1184
130.472
145.826
137.043
110.877
96.7961
106.287
122.108
120.366
132.811
114.738
109.794
149.165
92.6355
85.9033
143.4
105.714
88.9957
119.674
144.613
161.865
179.63
173.853
167.785
166.072
171.6
148.61
146.349
169.707
140.845
123.274
138.85
171.984
172.741
161.264
166.5
180.034
193.106
182.966
149.276
146.983
175.639
182.349
180.44
176.85
170.242
175.562
26.188
25.2391
147.71
189.843
184.877
184.502
184.162
175.886
172.028
142.98
139.519
148.71
154.5
166.306
153.034
161.238
178.142
186.202
176.072
176.694
181.835
178.126
185.443
155.727
157.903
175.824
165.563
172.369
156.409
158.341
160.772
164.042
181.324
179.549
185.014
175.039
167.532
148.954
142.602
164.339
176.103
160.051
146.049
150.932
143.051
155.533
176.01
169.047
172.325
163.439
153.022
152.451
172.652
171.394
171.116
192.771
157.841
145.127
159.834
170.14
177.069
164.352
172.876
162.272
156.213
169.105
173.792
192.678
176.305
164.258
149.187
152.474
165.645
170.43
153.539
153.339
165.59
138.648
148.489
142.888
145.751
172.073
160.436
155.581
162.18
179.244
173.792
163.279
171.851
168.138
165.071
156.924
164.366
167.168
165.755
166.154
161.956
163.586
143.906
159.084
177.857
165.782
150.229
158.228
160.359
158.003
169.823
162.022
176.991
165.453
156.617
167.954
157.196
160.927
165.344
154.19
153.941
169.808
156.262
152.509
182.133
170.372
163.666
156.091
157.22
178.923
180.408
184.468
175.269
168.933
179.42
182.782
162.999
151.722
169.736
172.191
163.385
162.973
167.588
178.38
160.992
158.73
171.777
169.148
164.921
156.863
159.528
161.956
167.546
181.422
174.216
156.752
154.44
168.89
173.702
176.585
182.116
179.501
188.164
187.073
159.872
166.681
170.634
159.566
166.403
163.894
173.265
172.607
171.91
177.541
180.343
189.502
180.652
182.199
167.224
145.476
157.654
177.384
175.932
163.975
137.523
135.254
161.838
165.317
176.632
195.484
152.625
117.082
130.642
160.836
160.077
164.772
153.822
160.256
137.033
122.843
139.014
158.516
171.424
159.91
129.971
126.056
140.885
142.918
133.779
121.677
121.751
117.994
129.912
158.718
170.387
162.259
158.003
168.492
168.294
168.606
186.254
164.528
165.714
186.881
174.398
176.85
167.884
168.833
181.604
157.679
154.524
163.066
170.634
170.14
172.533
163.814
157.754
171.63
164.19
176.351
182.815
168.294
149.254
143.678
163.653
139.616
133.896
145.054
148.931
161.773
169.276
173.792
168.791
178.524
158.265
153.351
151.423
155.063
164.677
167.001
175.608
167.126
155.436
140.617
151.114
168.52
176.476
160.321
154.799
171.292
147.07
148.071
165.975
172.414
181.209
172.087
168.279
151.378
152.103
154.859
150.943
146.199
139.15
142.227
158.265
180.424
169.147
172.25
162.14
157.245
168.663
170.619
172.058
173.4
184.826
186.968
174.84
172.429
176.01
179.808
179.565
173.702
174.993
153.21
154.381
171.292
174.963
190.694
179.614
170.94
167.616
147.449
150.5
169.52
160.527
159.949
157.617
151.252
169.348
176.96
182.432
184.757
174.642
182.116
183.688
154.751
155.461
171.836
167.378
165.796
159.223
158.491
171.453
179.195
167.084
172.921
176.46
175.024
185.288
153.657
150.534
167.827
171.174
188.253
145.719
137.061
162.219
174.414
160.449
149.454
164.487
167.406
160.617
160.836
177.857
162.522
152.73
152.59
160.875
178.555
165.481
173.385
167.968
167.42
186.707
179.34
159.439
145.858
165.536
177.952
174.474
157.245
151.183
178.571
167.631
165.879
171.527
169.391
167.448
143.431
138.966
150.421
164.109
172.444
177.968
153.057
148.423
175.731
176.429
173.837
175.223
182.648
190.186
167.588
156.055
159.732
172.756
183.857
166.003
161.212
162.18
170.547
181.094
178.955
185.014
179.614
166.016
145.307
154.619
181.686
174.611
179.035
183.016
172.936
168.336
165.92
176.134
156.287
151.757
173.22
152.59
132.749
141.373
173.28
169.65
172.965
171.748
140.994
138.055
165.631
188.218
175.147
161.577
163.132
168.606
153.175
158.705
186.689
182.216
182.232
175.608
169.362
179.695
175.994
170.955
170.126
139.15
140.469
173.22
163.319
146.778
158.856
163.345
158.529
150.523
152.66
181.604
179.244
175.485
175.085
178.859
182.299
178.715
161.799
153.894
173.883
179.565
171.718
160.81
153.48
165.057
161.812
164.474
185.477
187.811
179.244
169.707
156.961
161.812
168.947
168.634
172.831
159.63
148.71
155.388
160.449
169.52
178.46
165.194
157.035
144.959
154.631
161.734
154.919
176.382
168.848
156.482
162.219
168.237
172.533
179.356
193.949
177.778
170.794
154.381
154.595
186.359
170.867
163.934
178.19
166.237
171.174
171.866
169.938
181.62
184.826
196.657
182.498
155.921
141.955
145.117
149.533
165.317
184.383
159.808
158.529
159.757
162.641
171.189
172.102
186.689
183.993
164.853
143.875
158.466
168.449
171.527
165.481
138.889
159.312
149.6
142.42
154.955
153.046
144.854
139.227
142.258
137.278
146.585
161.381
130.361
131.683
146.274
134.255
135.538
131.51
141.693
137.363
129.383
146.456
135.153
127.405
137.108
148.721
162.721
157.171
153.186
142.318
148.39
164.069
171.748
166.722
173.28
167.532
160.798
173.13
161.538
164.15
171.306
176.087
157.878
157.319
143.895
135.19
176.429
168.89
166.168
179.549
165.125
131.492
140.815
182.899
173.235
154.202
148.688
144.175
143.812
167.898
174.246
173.37
180.278
167.084
172.756
169.779
161.303
177.794
165.975
163.385
170.314
160.668
164.799
168.577
172.995
167.14
171.674
159.591
149.577
166.32
174.734
177.968
173.958
185.718
195.733
159.363
158.932
176.507
176.803
187.336
173.792
157.257
154.012
169.062
173.521
179.067
195.637
183.385
180.554
184.98
164.298
167.602
170.94
173.01
173.958
150.636
156.067
171.424
177.683
159.312
156.311
172.906
176.398
168.648
148.038
160.901
172.622
167.28
175.716
167.912
164.325
167.997
178.063
180.294
179.953
180.734
174.125
184.894
145.381
140.076
177.085
176.289
168.791
151.206
162.232
178.253
175.994
180.31
170.387
176.507
185.667
177.399
167.182
165.071
173.822
175.855
176.18
159.847
152.975
169.765
158.078
162.694
170.75
172.726
193.798
180.002
153.74
149.265
173.16
194.062
189.681
175.932
154.991
164.123
181.472
171.336
179.099
178.731
165.741
174.84
163.586
163.706
175.239
169.448
175.116
181.34
167.771
153.633
172.117
182.698
176.897
179.856
179.986
176.991
133.609
134.201
158.768
158.529
162.707
154.107
158.579
158.215
168.237
175.701
171.999
176.01
178.253
164.474
157.332
169.549
173.43
178.651
188.733
157.493
155.521
180.457
173.626
180.538
184.01
182.498
167.448
158.165
152.045
154.238
182.199
176.398
176.897
196.909
148.071
125.707
137.466
162.588
168.393
148.028
151.458
159.413
146.306
154.787
177.179
176.056
188.218
167.842
163.867
178.635
170.169
176.554
165.235
164.352
164.596
151.183
167.94
164.177
165.262
174.52
175.608
150.274
153.28
195.676
180.668
167.42
172.176
168.591
171.277
155.111
144.928
157.208
165.139
162.232
157.171
158.278
161.031
179.888
181.67
182.133
176.01
174.718
186.237
162.641
164.406
165.741
164.772
189.753
179.678
156.789
156.728
177.62
183.368
177.352
178.158
177.857
185.667
182.548
163.239
170.43
173.506
159.439
159.885
156.593
161.629
161.121
160.051
165.057
173.581
163.693
163.814
174.611
155.958
169.391
177.636
178.476
182.548
158.19
156.617
160.94
171.497
188.094
175.024
181.736
160.578
132.039
140.627
157.085
149.198
146.391
135.842
147.809
191.132
180.75
178.827
158.003
128.386
111
127.008
158.491
159.21
139.295
127.453
128.634
121.521
135.943
162.193
159.096
162.153
150.807
142.217
145.391
142.096
161.421
179.501
158.341
152.138
179.469
175.085
172.622
178.428
182.999
173.536
157.928
173.145
179.228
181.012
180.734
156.998
143.462
147.373
168.62
182.866
172.28
178.715
186.585
167.476
159.872
165.085
170.678
173.4
183.976
165.344
162.259
183.773
169.664
172.771
178.811
181.159
192.548
164.096
141.955
150.466
176.975
178.795
177.888
192.845
135.731
122.227
154.416
175.516
178.827
156.128
154.691
154.404
127.299
138.629
180.963
174.703
177.022
178.031
169.276
183.033
175.948
169.463
166.362
172.458
186.48
170.926
161.983
157.691
170.488
190.259
180.685
143.73
139.519
168.194
177.904
182.832
191.755
189.107
183.722
168.095
151.046
167.056
175.608
174.368
180.229
154.631
154.643
162.84
163.68
164.096
155.727
152.695
160.115
150.864
145.783
164.231
172.414
180.489
167.196
150.071
155.123
171.733
176.85
170.882
174.125
172.965
177.478
167.322
152.022
167.813
173.415
173.958
182.282
160.953
158.09
166.903
174.368
165.549
162.84
179.324
166.072
147.059
139.247
157.072
168.025
158.617
156.875
169.578
181.11
171.777
177.022
172.488
167.056
174.292
164.582
152.707
156.949
168.89
173.596
178.19
171.541
161.329
174.398
177.746
177.117
178.428
170.227
181.653
181.637
155.376
160.707
175.902
171.659
167.21
174.262
169.635
156.85
168.748
159.451
161.29
172.577
174.718
188.715
162.946
153.917
168.194
179.228
185.254
173.476
158.504
157.629
172.816
173.34
179.099
190.042
179.921
167.043
156.043
171.145
197.394
178.508
163.787
170.054
169.851
177.431
184.196
180.766
176.305
168.011
176.741
182.116
172.265
155.473
154.643
179.759
172.369
151.745
146.156
159.91
172.816
168.634
184.264
183.419
174.201
167.406
173.4
188.679
170.853
168.89
167.659
170.926
173.762
134.463
137.231
174.81
177.778
174.322
164.596
161.316
172.058
172.786
162.575
167.056
168.11
171.807
185.649
169.391
155.873
158.629
167.518
149.276
152.753
183.638
161.421
154.56
155.328
161.421
177.683
174.004
164.109
159.732
176.678
179.678
168.535
177.968
178.683
176.382
158.667
159.058
184.963
170.721
174.978
176.897
152.742
150.659
165.221
181.291
179.517
173.943
180.083
173.943
162.774
157.754
151.734
143.349
158.529
165.989
154.691
155.666
155.473
164.826
171.984
178.587
179.856
175.902
155.376
155.497
185.202
174.642
171.189
166.514
156.974
163.706
164.19
175.546
172.756
167.252
185.357
184.4
167.813
156.104
171.866
188.253
181.209
177.085
160.655
169.148
173.868
152.847
168.11
154.667
151.366
165.508
157.555
164.976
169.506
176.929
171.497
168.039
152.451
156.801
174.657
171.174
180.196
182.232
180.62
177.054
152.288
144.123
159.974
166.5
156.165
141.673
140.38
164.785
176.087
170.459
180.018
158.73
159.541
143.431
135.566
136.893
137.988
144.342
125.023
123.556
147.809
148.39
142.929
158.428
152.323
154.012
154.943
148.843
154.357
151.469
137.495
144.321
147.265
150.24
158.667
153.516
141.955
148.346
151.103
158.667
177.289
174.642
177.054
159.834
166.196
177.651
173.717
177.825
172.936
171.277
143.143
130.924
145.529
165.975
171.306
172.384
187.846
136.129
128.783
165.81
172.951
180.18
164.285
159.808
161.668
167.294
177.164
177.494
178.285
169.607
168.976
165.098
168.506
171.321
178.079
186.55
159.719
156.055
174.672
170.94
172.295
172.325
156.617
148.544
151.16
149.959
163.412
157.418
156.128
187.266
182.749
181.884
159.604
155.051
181.11
167.827
171.482
180.881
168.435
178.555
170.896
167.94
177.936
179.501
178.651
175.778
175.3
148.688
157.319
176.336
161.225
173.055
164.352
165.276
173.974
167.504
183.587
177.494
172.726
162.483
161.407
152.509
149.231
182.166
182.899
175.3
162.655
150.943
163.452
174.338
174.171
171.984
176.554
179.937
176.897
166.003
158.554
171.571
171.394
167.336
172.577
157.109
156.556
167.001
176.289
186.341
174.322
182.332
185.874
154.571
154
165.317
174.277
176.103
145.741
142.076
166.085
158.24
156.9
176.507
174.49
168.081
150.909
158.341
169.492
164.096
177.007
182.932
168.691
156.116
168.138
185.391
177.794
181.143
181.406
177.62
183.722
149.466
150.705
168.308
168.933
171.969
156.544
165.769
174.734
177.667
181.127
184.196
171.541
153.894
138.303
137.779
158.328
169.305
182.765
189.484
166.903
163.653
158.053
160.979
175.762
170.169
180.034
161.212
150.67
165.112
178.285
181.884
170.969
153.858
149.633
169.678
172.161
169.033
181.406
183.959
169.635
163.827
169.88
153.976
159.413
173.13
164.894
120.605
106.729
142.177
168.776
178.827
165.071
159.668
160.733
153.775
166.196
175.824
181.472
171.88
163.319
168.634
167.378
173.085
176.165
172.28
157.011
161.277
187.213
165.125
163.132
167.546
171.145
191.736
172.697
156.031
152.08
159.502
143.688
150.207
178.763
160.269
160.398
150.207
156.826
166.445
170.794
181.077
155.267
164.163
172.891
173.641
176.429
154.238
159.604
178.555
183.436
165.645
169.005
183.587
170.838
175.731
165.125
167.336
176.103
154.631
156.666
165.125
172.682
177.968
181.373
171.043
144.917
156.801
164.123
161.825
154.943
150.568
162.615
170.619
178.126
170.256
176.134
180.963
163.68
147.297
157.023
179.26
170.054
169.578
147.776
146.017
167.266
171.954
191.058
174.14
166.653
171.718
149.031
156.152
156.544
153.468
135.962
124.649
137.165
152.66
165.837
149.466
156.986
177.636
135.676
121.161
150.116
155.376
159.096
160.154
165.989
169.837
171.35
178.031
153.704
155.147
182.832
186.047
142.898
142.066
170.955
175.562
180.93
155.642
158.869
167.42
153.74
165.153
181.868
182.582
173.581
143.154
141.123
167.56
139.841
127.763
136.305
138.313
150.15
170.256
168.919
166.03
187.038
162.827
148.821
159.388
172.951
172.265
171.792
166.237
157.456
174.322
168.748
166.736
187.283
171.218
147.842
148.082
152.579
149.757
168.194
190.06
175.948
168.251
139.256
133.494
149.757
160.115
153.233
154.775
126.879
121.581
154.775
165.385
172.712
164.312
171.807
159.35
164.285
157.729
134.12
133.681
151.103
156.986
164.352
178.253
164.298
169.535
160.436
150.173
155.4
161.668
179.84
179.501
178.54
183.655
178.715
157.431
152.219
178.253
168.152
166.542
172.682
157.109
146.231
143.658
159.49
165.467
174.125
180.505
179.003
152.718
145.773
177.321
176.46
171.925
172.786
170.227
178.412
177.258
178.508
185.357
178.827
181.209
175.223
160.527
165.536
171.807
179.067
179.986
172.444
162.747
161.303
182.648
182.232
173.989
170.01
165.934
173.853
155.666
154.931
168.919
166.127
168.18
174.84
169.794
158.14
165.289
167.406
177.195
190.006
174.932
175.516
181.439
151.229
152.057
171.057
178.158
176.476
157.518
161.381
166.003
168.606
175.254
178.699
182.365
176.289
179.791
165.714
165.098
166.736
164.096
176.725
151.596
144.655
155.594
165.194
159.604
164.501
176.243
163.854
155.255
151.343
169.248
171.6
173.19
174.993
157.159
168.025
167.588
166.044
178.158
176.6
185.995
185.684
165.18
156.079
168.506
177.73
174.216
178.795
167.448
154.691
165.453
174.749
176.382
161.057
164.474
156.213
150.966
170.532
156.116
155.97
162.747
155.581
142.47
157.729
181.061
178.492
187.021
177.699
152.497
143.792
149.399
148.743
164.42
186.168
177.667
147.973
131.113
151.619
170.401
172.25
159.885
154.739
171.394
157.542
166.279
165.508
157.928
167.926
158.115
168.805
162.694
160.064
177.478
172.013
155.039
156.018
181.868
158.391
153.61
165.276
166.417
181.917
167.631
166.639
168.776
165.248
169.794
161.264
162.88
166.806
166.403
157.097
164.813
173.868
175.147
189.952
146.113
145.677
174.14
169.837
172.726
168.166
179.517
169.808
137.202
133.076
160.966
174.611
167.42
176.336
159.63
155.642
160.09
164.677
176.118
179.019
182.866
177.069
169.592
152.73
157.048
183.587
177.557
155.97
145.507
163.867
190.603
177.73
167.098
170.794
179.083
173.989
162.694
157.023
150.478
153.186
161.629
173.777
164.84
155.448
173.235
177.038
183.184
178.047
178.364
192.753
155.015
155.424
176.757
173.656
187.67
140.105
136.342
163.747
164.568
173.07
176.85
190.494
182.017
180.946
168.905
143.143
152.905
173.16
147.536
129.921
136.11
147.569
133.174
126.135
141.864
140.223
124.285
138.466
158.065
156.043
153.198
130.685
123.625
146.52
154.655
133.976
151.791
151.837
148.467
157.356
144.907
150.218
160.953
149.813
157.456
147.427
144.165
156.986
140.43
141.804
148.798
169.535
168.62
156.201
141.804
137.438
152.648
163.252
165.248
174.642
183.251
163.079
152.416
145.412
152.555
163.372
169.592
187.441
172.637
143.678
138.102
164.029
163.975
164.501
170.911
164.271
158.453
140.41
157.816
161.891
163.787
177.952
166.708
177.936
169.19
170.707
176.227
142.248
142.847
152.393
128.684
139.063
166.681
167.687
179.42
154.907
150.512
167.07
167.588
181.538
181.143
177.101
174.338
171.984
153.586
151.619
167.154
166.987
179.228
181.505
166.362
171.999
