12.9448
236.63
240.819
263.505
267.13
245.038
221.19
218.986
251.731
272.146
281.215
264.901
253.614
280.623
162.456
162.655
297.929
295.946
175.285
167.14
249.345
272.368
299.895
278.319
243.279
226.193
220.264
174.84
197.394
296.956
235.128
187.354
112.328
124.44
264.306
255.689
261.609
188.964
173.853
250.752
280.387
271.518
198.787
178.158
224.19
224.568
184.655
125.07
118.343
179.131
245.549
146.338
146.007
245.429
260.858
274.763
210.327
78.3699
84.7601
258.231
258.799
194.326
175.377
234.769
231.428
219.563
255.167
229.911
234.357
231.214
220.337
264.831
259
147.449
147.601
223.389
222.222
232.558
144.77
153.87
227.946
229.885
262.089
239.55
259.37
266.17
273.373
316.056
323.677
240.125
221.019
281.334
284.414
180.554
187.213
306.326
276.51
276.205
317.662
325.15
270.234
25.9098
26.2798
317.007
284.374
261.097
293.083
318.421
318.827
303.536
297.398
317.864
333.389
338.524
293.988
287.604
328.353
291.63
262.605
286.328
314.317
323.572
291.843
276.129
310.27
335.796
333.778
292.398
289.226
286.41
278.94
279.916
289.981
329.87
329.707
294.247
290.149
314.961
311.575
313.332
298.24
298.374
273.635
223.914
233.945
254.81
231.589
211.707
231.777
256.213
255.395
240.703
256.246
310.945
299.76
300.707
323.625
330.36
324.675
309.31
311.672
329.707
325.574
279.135
274.801
313.431
294.377
230.362
243.132
309.023
307.692
282.366
283.93
312.598
299.088
295.072
310.126
261.849
233.727
212.269
234.494
316.456
315.259
286.533
283.889
266.17
269.978
274.612
272.517
268.312
242.483
257.5
289.897
302.435
308.452
295.29
287.853
298.374
242.395
229.674
285.47
321.337
289.603
224.669
233.781
290.698
209.446
204.04
277.354
276.625
247.893
218.508
223.164
228.363
252.972
310.849
298.998
276.663
284.374
305.904
263.366
229.332
268.745
323.572
312.159
279.994
282.965
289.394
287.977
290.402
280.387
277.855
292.483
298.73
254.907
265.745
302.893
276.549
292.569
310.366
304.414
291.886
283.006
309.645
262.261
229.568
271.37
319.846
316.356
281.254
258.498
285.51
299.67
257.367
275.444
322.529
257.334
211.797
225.759
280.348
270.088
233.563
271.628
296.868
264.061
273.973
260.756
268.312
304.646
262.847
267.809
305.67
287.77
291.206
291.8
293.083
303.628
310.704
317.864
301.705
296.165
267.344
279.135
307.882
306.326
268.42
264.936
293.772
296.033
278.435
256.706
256.049
262.709
267.13
268.889
303.582
328.246
298.018
291.758
321.958
318.066
292.526
299.985
296.384
257.433
235.849
260.213
318.725
336.87
283.688
278.435
326.958
292.697
256.213
189.699
197.511
259.841
236.49
271.003
323.625
292.74
283.608
281.215
286.615
305.25
298.418
302.893
264.901
234.907
256.41
296.736
318.725
300.933
262.743
281.294
322.841
321.595
263.713
255.82
287.563
297.929
279.096
260.01
298.018
317.108
304.136
306.091
322.841
303.444
262.055
267.023
255.297
255.754
256.739
263.435
323.258
330.852
299.581
293.686
280.702
253.325
236.967
261.712
331.071
320.41
267.881
269.07
292.184
295.465
297.663
305.064
332.005
284.698
216.638
150.512
152.091
218.938
239.693
263.4
262.158
268.24
325.045
223.214
178.158
203.832
225.352
254.033
284.698
289.059
259.235
253.582
268.637
230.044
181.538
197.902
269.796
259.269
243.309
260.417
268.673
241.809
194.799
214.179
228.807
223.364
272.665
258.498
246.609
252.366
219.178
208.638
222.544
260.926
273.075
271.297
321.595
324.728
278.979
244.529
276.205
314.564
252.175
247.831
254.13
259.437
259
256.18
316.556
330.579
230.84
224.366
307.598
223.964
221.779
318.827
262.95
223.339
265.71
324.412
332.06
300.075
290.994
315.159
300.255
289.059
262.778
251.351
257.732
238.607
257.599
308.452
319.846
287.977
290.107
275.558
278.125
296.121
287.522
309.933
268.817
211.932
219.467
273.261
312.256
295.902
293.126
315.06
285.225
252.589
277.431
330.907
317.813
274.386
267.523
290.951
296.428
268.601
244.978
281.215
321.492
252.43
201.939
225.555
222.074
219.202
280.781
261.506
249.532
295.334
318.776
232.558
198.177
259.067
325.15
274.048
269.978
299.401
305.111
312.354
199.601
204.708
321.44
304.971
254.323
242.866
273.86
262.055
271.407
312.549
329.001
292.141
282.925
301.523
249.004
240.327
291.63
332.723
337.667
281.69
277.316
325.945
335.177
281.373
269.833
298.73
276.434
278.203
266.028
278.629
331.73
314.07
296.78
310.8
283.567
280.978
287.233
262.295
266.347
301.705
252.621
228.938
294.377
295.465
283.246
266.916
247.341
247.005
265.322
278.746
252.461
222.247
235.045
301.568
336.474
296.252
291.29
316.556
295.946
248.602
223.389
258.598
309.837
271.739
253.518
292.783
309.933
286
295.814
332.723
292.056
272.963
299.715
306.56
274.273
236.995
265.569
333.778
310.8
273.187
293.988
333.5
332.281
325.839
231.696
233.236
330.033
301.887
272.851
299.67
305.157
281.373
285.673
308.833
335.458
338.811
309.358
303.076
328.03
264.936
238.237
266.099
269.76
271.924
252.302
270.015
277.047
207.684
232.126
322.217
290.698
267.272
272.22
288.725
290.065
271.444
282.845
309.502
296.516
287.068
295.159
263.713
262.985
288.684
266.596
276.893
317.662
328.515
300.661
281.294
265.781
238.607
249.408
298.552
334.728
337.325
305.577
304.553
302.709
294.855
310.849
308.833
319.693
324.254
288.767
231.294
241.196
299.581
298.82
273.973
275.141
303.214
296.34
278.94
304.229
274.236
227.764
250.815
284.091
303.214
270.599
258.498
312.744
332.116
254.227
244.529
309.454
262.571
223.989
246.792
297.841
327.493
273.523
266.702
309.167
315.01
281.136
224.972
243.843
316.506
285.063
276.817
307.645
291.46
268.492
284.779
323.834
332.779
325.256
286.779
247.158
270.307
288.184
272.035
283.527
301.023
308.737
268.168
271.813
310.174
314.218
274.65
278.746
300.842
295.639
273.373
271.555
323.102
323.154
253.743
259.336
316.857
313.136
265.252
261.917
317.209
273.785
227.247
260.824
320.616
296.692
263.887
277.316
288.309
293.858
203.231
183.773
248.047
248.139
257.4
283.206
305.297
269.143
245.972
255.395
259.403
248.88
233.019
264.62
264.236
256.115
297.663
319.387
294.898
297.398
316.256
307.598
267.344
252.972
287.811
311.867
304.183
278.784
286.369
311.818
280.741
278.242
322.009
329.218
324.886
273.299
221.068
244.439
288.517
286.821
311.333
334.113
326.371
290.107
284.252
313.775
277.469
235.073
266.134
318.269
316.156
285.103
262.812
288.06
325.15
308.88
280.938
297.221
277.277
252.876
241.575
249.314
304.136
283.246
273.112
312.549
325.309
288.934
277.701
265.569
264.725
285.225
276.663
299.356
325.309
293.945
260.281
283.889
316.456
310.366
296.472
300.03
277.701
279.33
245.188
247.525
333.278
298.641
262.778
290.782
329.815
319.387
282.845
257.699
270.015
306.138
271.334
263.435
321.234
336.191
303.905
300.752
308.024
301.887
321.182
308.928
281.215
298.641
286.328
268.637
270.234
275.065
312.989
270.307
264.725
312.159
251.604
230.548
263.262
288.809
298.82
250.313
254.033
318.319
307.74
276.587
294.377
293.298
278.94
291.078
304.46
261.643
246.033
267.487
285.063
323.468
300.571
256.148
270.416
314.663
317.561
249.097
246.944
315.358
318.776
269.578
275.71
305.437
303.813
303.951
299.715
319.234
329.164
320.718
302.343
283.487
230.123
210.349
251.636
304.044
293.169
226.526
222.866
225.048
209.03
211.282
198.985
216.521
254.194
201.633
192.493
257.632
262.467
233.263
226.937
233.019
267.523
241.809
237.135
275.179
268.276
290.613
300.436
242.366
228.571
245.369
261.986
266.028
223.14
226.04
236.463
255.2
251.004
245.61
258.031
214.731
210.615
252.717
246.853
218.055
250.689
325.468
283.166
240.906
215.031
222.42
255.624
250.501
247.862
226.321
235.71
277.162
283.407
292.355
297.53
244.618
214.156
251.572
300.797
298.686
215.1
207.147
273.299
262.433
265.604
261.097
265.111
277.393
266.099
287.068
286.944
269.614
289.813
313.038
310.945
312.061
255.069
246.518
281.889
277.162
263.992
262.605
283.206
284.495
299.491
332.116
299.985
237.332
249.501
278.396
281.492
285.266
273.748
291.8
304.507
278.28
276.052
307.929
275.52
246.761
261.883
276.97
289.813
288.226
284.212
313.087
328.839
316.857
290.867
280.859
258.031
258.665
216.357
197.726
225.479
197.981
226.321
312.012
284.981
262.674
253.872
278.474
261.267
219.082
255.037
291.715
260.247
261.986
293.212
284.414
278.668
299.805
291.8
271.924
269.324
288.642
316.656
323.363
273
269.833
303.905
287.687
258.532
268.42
299.985
305.577
262.536
236.155
278.629
314.614
268.348
265.64
291.63
287.646
283.326
290.023
271.113
248.633
260.044
282.446
309.071
312.207
291.121
289.268
315.358
331.236
292.099
281.69
323.206
332.613
321.647
285.388
272.777
301.296
318.725
270.709
273.299
299.222
268.384
272.146
243.191
246.093
270.38
261.54
291.843
320.564
296.516
281.294
311.187
322.165
313.873
296.736
285.959
300.436
322.217
260.349
246.944
306.091
298.597
255.167
276.014
313.676
304.739
287.026
243.576
257.865
298.329
274.16
279.799
309.741
309.837
279.135
258.632
287.604
316.156
294.811
299.446
314.663
271.297
237.586
268.998
320.102
320.461
290.655
241.342
261.986
312.451
280.544
252.717
263.227
285.388
265.111
250.282
277.624
273.373
238.039
263.609
288.809
296.692
306.326
304.414
277.354
265.745
243.013
252.813
324.781
334.784
301.432
285.47
314.564
321.543
245.278
238.436
307.834
322.737
295.508
274.461
280.269
302.435
305.437
277.971
299.043
332.945
306.89
275.255
247.127
264.655
300.752
272.109
276.243
308.785
318.878
288.351
263.957
287.356
257.798
237.614
264.515
297.885
315.358
283.648
298.998
335.965
309.885
290.107
308.119
316.656
312.061
272.257
252.813
265.64
243.487
229.911
265.64
319.591
328.03
279.525
260.62
250.815
254.227
254.421
265.322
307.22
303.26
296.165
295.029
319.183
335.402
302.893
296.736
317.058
294.724
240.877
255.167
325.468
323.939
304.507
257.4
265.076
323.782
330.196
302.801
299.222
258.866
257.5
276.702
279.096
313.185
315.806
295.377
296.78
314.961
295.508
284.86
303.122
273.187
268.745
245.068
241.721
309.119
321.543
301.205
293.341
298.775
304.044
313.775
276.932
279.877
324.097
312.695
251.604
265.076
305.111
278.358
255.656
257.202
290.909
260.213
232.91
274.085
308.119
295.029
256.509
258.398
308.356
293.556
280.741
285.919
301.614
246.914
235.988
288.684
300.165
285.959
277.354
308.547
329.381
283.286
273.299
309.981
304.646
247.586
232.91
242.807
263.713
275.824
271.076
308.452
318.421
302.069
306.279
319.489
317.46
309.645
238.152
216.638
241.575
249.906
280.899
314.515
325.945
300.978
245.61
266.064
325.627
302.847
286.164
246.975
252.366
266.383
251.636
290.867
324.728
286.082
257.467
243.754
266.489
269.906
267.881
311.672
314.465
274.085
273.187
324.517
319.591
249.938
246.033
294.334
285.388
254.712
248.973
289.813
309.789
271.555
277.932
279.838
271.776
295.639
304.507
290.909
282.406
255.46
260.79
318.471
323.625
298.998
287.977
300.21
309.598
294.074
300.752
335.683
315.657
306.466
247.739
226.989
282.207
299.805
277.739
275.558
304.09
290.107
271.924
261.063
269.505
301.932
266.489
274.16
285.429
267.094
268.853
273.038
269.36
250.219
246.579
263.609
279.838
243.25
251.604
317.46
305.297
262.02
272.517
311.042
317.511
268.312
250.627
298.196
297.486
248.293
257.301
310.463
322.321
293.083
273.71
295.639
324.939
314.218
301.614
309.837
266.596
258.164
278.087
288.725
323.468
327.761
273.56
267.666
309.406
315.706
251.099
247.77
320.718
328.138
289.101
288.06
327.439
331.29
314.317
307.929
321.595
319.744
298.998
287.77
303.26
260.688
227.816
223.914
258.465
295.116
241.313
261.438
325.733
327.118
217.297
209.644
302.663
314.564
267.917
255.135
296.121
323.206
309.262
306.56
337.041
345.961
311.769
289.478
266.951
261.37
305.53
283.889
274.499
300.436
286.328
272.257
286
275.293
279.955
275.368
259.774
296.252
318.827
302.572
308.024
323.102
290.698
282.805
312.5
318.421
311.284
321.854
258.598
257.367
323.625
296.296
264.375
286.821
312.695
299.625
261.301
246.944
225.428
201.959
253.55
299.536
293.772
269.505
255.493
295.639
319.744
280.899
250.878
227.998
181.455
212.811
281.334
265.781
239.034
246.063
283.889
255.265
262.778
251.13
255.951
198.531
185.46
279.799
251.857
232.666
249.657
250.532
274.801
289.478
