1.09972e-311
inf
12.7154
118.12
125.478
134.057
134.4
132.591
131.044
130.685
130.642
132.591
135.713
130.302
124.425
123.274
115.035
115.989
121.81
125.644
127.992
126.558
132.512
114.521
105.803
112.854
111.526
109.367
91.32
94.7777
116.932
119.296
127.51
128.775
127.291
135.474
126.04
123.115
124.626
126.638
133.86
105.402
92.0344
106.039
113.876
122.093
133.842
130.676
129.349
130.208
125.905
79.5418
67.1073
77.8331
98.6777
108.26
97.2195
85.7376
91.0208
26.0098
26.164
131.087
131.441
126.374
126.847
136.193
146.252
142.827
131.019
133.369
140.696
137.941
138.629
141.393
143.379
137.41
131.397
128.312
124.262
123.931
133.316
136.705
138.408
127.397
124.17
127.812
129.938
138.351
139.159
132.538
128.049
134.725
136.939
138.38
138.86
136.977
139.276
143.503
107.498
104.91
131.191
128.041
126.719
108.313
116.428
137.391
138.889
143.833
144.103
146.789
145.921
153.092
151.412
148.17
146.52
141.703
135.144
138.908
139.528
134.898
134.953
140.262
144.29
142.837
145.762
149.02
145.794
147.743
144.865
138.399
137.146
139.968
127.129
125.471
126.912
128.477
146.081
130.438
130.907
145.486
142.542
143.885
149.768
144.227
137.571
140.174
145.507
149.41
149.287
149.51
144.248
140.805
147.678
152.952
146.962
148.909
152.195
148.39
148.787
151.252
146.52
139.121
142.714
148.577
136.93
135.318
141.103
142.025
156.067
150.184
142.857
144.03
140.984
138.985
143.308
146.789
148.81
149.443
143.771
142.066
145.826
142.898
144.812
148.401
147.438
148.148
143.338
147.286
153.468
145.222
149.622
161.121
124.254
117.89
143.524
143.225
150.421
165.399
148.522
145.455
146.778
140.875
146.832
156.421
157.816
156.678
157.667
146.531
145.847
158.078
156.629
146.821
152.929
150.432
151.286
159.439
154.787
154.297
158.907
146.638
138.064
138.629
137.779
138.562
148.269
139.821
131.796
142.704
152.964
148.017
137.438
142.847
153.905
163.079
152.404
147.33
146.445
152.253
155.739
147.951
151.229
155.364
155.328
153.128
157.555
156.531
138.802
134.635
128.477
136.286
143.916
140.815
157.06
143.812
135.934
137.922
133.245
141.723
150.478
146.821
145.264
142.714
145.085
151.069
156.568
161.044
154.931
152.3
154.44
150.659
148.28
154.226
156.311
162.153
164.989
163.559
163.599
158.743
146.06
152.474
171.072
157.953
153.669
152.3
144.624
138.141
148.346
160.823
147.634
137.184
141.473
154.464
161.044
154.763
152.579
151.964
142.42
151.837
159.502
157.716
159.898
157.953
138.408
140.351
153.057
154.536
169.047
167.645
166.875
150.898
144.749
139.88
144.498
160.655
159.122
154.631
155.123
152.323
137.495
141.935
150.049
152.625
156.495
162.999
160.694
158.403
158.983
150.466
146.585
155.509
164.541
158.529
162.351
160.333
162.193
168.89
168.464
174.11
173.4
171.306
159.744
160.462
175.454
166.847
167.94
172.132
171.925
153.48
151.803
176.445
170.329
170.518
158.642
154.548
146.295
142.511
154.799
163.439
174.505
153.811
156.752
165.412
165.7
175.085
162.774
167.364
164.002
161.134
161.057
154.476
169.09
168.748
168.209
160.966
156.031
169.592
171.999
175.84
173.581
157.505
157.866
173.205
151.194
152.161
170.94
156.458
159.248
155.594
161.434
159.808
155.775
164.623
158.028
168.11
171.13
169.765
170.184
162.206
162.853
161.381
153.74
157.468
168.11
165.934
169.276
158.718
159.236
176.929
163.012
163.975
172.429
175.994
174.322
165.975
174.932
169.348
162.048
158.028
142.491
156.691
168.393
163.961
167.504
162.999
166.362
162.377
166.875
170.823
168.393
173.717
177.462
182.899
167.701
163.747
168.52
160.668
161.018
168.919
172.533
168.591
175.979
178.174
173.596
179.808
174.262
166.959
170.984
172.176
180.31
176.382
166.764
169.736
164.677
164.745
169.448
151
151.435
172.25
166.931
159.071
161.642
165.057
168.421
170.387
175.731
167.029
167.056
178.444
176.041
178.428
177.699
175.871
167.757
155.63
167.294
183.217
179.791
187.319
180.408
161.525
165.645
181.62
188.768
179.888
177.462
179.26
163.265
155.231
166.016
168.251
150.898
145.507
152.87
166.959
180.685
173.686
169.377
171.057
173.205
178.253
174.246
180.391
179.163
169.377
180.457
185.305
176.96
166.154
167.252
185.787
180.62
171.851
176.025
182.183
181.357
176.944
183.066
173.807
172.488
179.372
168.606
157.778
146.177
157.58
157.94
150.966
175.84
163.814
160.501
165.248
166.003
176.538
176.647
188.094
168.308
163.519
173.928
173.807
188.129
190.621
184.792
174.292
172.414
181.719
174.52
175.039
183.942
183.688
167.154
167.884
188.679
196.87
185.117
182.799
185.099
171.497
177.352
167.912
167.898
172.073
161.852
178.269
169.967
168.719
177.699
182
189.466
178.19
184.775
181.406
175.07
183.486
188.484
175.223
168.124
182.266
177.92
169.678
178.428
185.925
182.849
185.426
183.655
183.033
178.444
171.91
187.091
170.692
171.116
194.194
183.368
175.3
185.943
177.825
169.563
170.78
159.642
165.906
171.718
177.746
180.538
180.115
181.851
180.164
191.553
181.703
174.917
185.426
186.689
193.874
192.16
185.839
176.46
174.749
185.426
191.022
187.705
190.767
192.808
189.448
185.718
180.115
185.391
189.394
183.368
185.753
195.427
191.479
181.934
177.762
174.292
176.975
165.248
162.245
177.447
188.911
186.55
175.608
176.96
179.404
187.846
167.084
165.44
194.913
190.894
179.035
182.615
186.15
194.137
175.024
169.105
194.212
193.723
192.548
193.274
180.196
168.734
175.654
188.804
196.889
191.314
192.567
200.582
187.793
177.794
188.271
194.685
172.682
169.319
187.301
173.4
156.213
167.406
179.34
183.57
194.837
192.678
196.155
181.637
179.42
205.086
196.098
190.603
201.227
196.676
196.387
193.349
182.765
181.934
180.799
188.59
200.3
195.676
189.538
198.236
195.848
192.234
172.236
174.856
203.025
197.141
189
194.78
194.799
194.875
203.853
196.986
193.555
180.245
170.678
188.501
170.14
161.603
192.623
195.408
196.078
191.424
184.281
195.752
200
195.236
203.335
202.922
200.04
199.045
179.195
184.826
201.268
193.555
186.133
183.908
189.789
198.847
191.681
179.292
165.467
181.802
214.661
201.776
186.602
188.253
186.081
192.141
202.819
195.198
198.295
200.965
174.642
176.944
196.309
167.771
168.053
181.868
183.469
177.478
182.249
207.361
201.309
192.197
189.394
185.718
180.44
178.174
189.735
205.381
197.025
196.58
202.532
196.059
187.424
179.244
184.094
198.118
196.676
199.82
209.183
198.059
183.318
186.047
186.081
184.997
197.103
194.156
197.083
203.562
184.655
180.554
186.22
170.94
180.326
193.461
187.723
180.914
189.717
207.749
199.223
200.965
209.952
203.562
196.002
189.753
188.466
198.965
209.534
198.689
198.59
204.645
202.224
208.333
210.548
206.313
207.727
188.84
166.196
182.199
202.963
199.283
205.529
201.593
200.642
208.138
206.292
209.358
205.486
187.371
177.038
180.603
196.213
186.951
176.32
203.48
212.789
183.705
174.004
185.718
193.386
210.261
205.846
200.04
204.604
196.213
197.922
209.49
202.881
200.461
211.461
207.104
197.981
201.552
202.696
204.75
215.054
211.037
211.663
218.198
200.924
179.404
195.944
214.569
205.212
208.333
204.96
199.283
209.139
200.06
179.614
180.979
195.16
211.999
192.585
188.733
193.686
187.248
206.101
215.239
201.349
202
213.972
190.694
184.145
191.699
199.601
214.638
207.577
205.613
218.079
208.594
188.129
197.083
211.149
213.288
222.346
217.841
215.494
220.799
214.5
197.064
202.922
207.383
204.771
200.12
193.855
210.15
221.902
206.207
207.318
202.86
175.562
177.368
184.383
191.186
213.972
187.371
185.099
217.723
214.915
208.921
209.358
205.002
202.347
196.29
189.072
191.773
206.377
212.247
206.505
210.283
204.96
196.136
206.911
217.77
212.404
214.156
206.633
200.622
205.846
201.187
204.499
219.611
213.767
211.551
207.857
187.231
195.046
228.728
202.716
196.87
223.614
212.857
208.29
213.493
192.66
200.22
216.123
194.307
180.489
182.216
194.062
207.663
199.025
196.831
203.832
203.48
217.439
225.276
210.815
208.29
197.064
196.58
214.431
215.866
216.826
219.419
223.364
208.008
203.874
210.682
200.884
189.952
201.979
215.843
224.795
223.164
208.312
195.714
205.023
193.93
188.253
208.377
198.649
197.433
214.8
221.239
222.916
222.321
211.394
200.421
210.416
210.327
207.512
224.795
218.198
217.723
215.308
210.349
222.866
230.894
213.995
217.984
229.332
218.627
219.106
220.677
201.898
199.104
222.272
210.859
203.5
213.675
196.021
190.186
217.865
221.852
209.38
209.688
213.652
223.739
223.09
198.985
199.72
220.046
216.263
213.288
218.842
219.78
210.97
199.322
185.977
204.855
231.562
224.467
200.985
207.104
213.789
195.103
183.773
178.923
201.674
222.346
202.388
193.349
210.97
210.504
205.023
213.789
190.44
177.101
197.57
188.519
191.095
194.837
192.4
218.436
202.347
199.78
201.329
187.021
190.603
209.974
207.318
179.115
192.864
176.025
162.509
181.209
191.553
192.734
188.041
202.737
203.583
182.799
186.359
182.266
159.898
147.71
162.509
196.367
196.444
195.122
191.534
190.241
173.989
173.295
191.004
188.271
189.952
203.231
223.015
200.763
179.067
198.157
196.29
189.268
202.901
189.304
183.79
186.029
187.108
180.914
171.482
178.827
181.901
201.471
224.517
206.334
199.342
190.985
188.147
206.676
198.946
152.777
159.172
176.929
171.792
185.96
177.085
179.244
196.194
152.323
155.159
218.317
221.239
219.635
219.66
224.568
233.809
216.614
210.371
228.154
224.871
231.777
235.156
230.415
212.112
213.744
213.95
212.585
239.292
233.781
212.157
211.932
233.946
231.857
226.296
209.93
190.494
212.45
242.63
227.118
221.68
234.769
218.341
189.825
187.003
200.321
184.963
189.018
210.593
218.126
233.536
227.169
215.494
225.632
211.685
213.402
225.836
209.798
224.947
232.019
226.655
222.099
228.258
239.981
211.685
201.755
223.639
224.215
226.886
246.822
203.025
195.179
224.14
218.986
219.998
234.028
233.672
224.417
236.155
216.006
193.686
212.63
243.992
242.248
238.18
228.441
215.193
218.46
216.567
213.493
209.512
190.512
192.79
229.595
236.463
204.834
199.681
219.563
218.699
226.578
238.949
218.986
221.729
227.48
219.853
206.505
210.926
232.288
216.544
216.967
240.442
233.863
232.558
246.944
209.227
202.265
207.533
206.868
218.055
225.378
235.377
224.467
214.018
209.864
225.276
241.313
247.219
229.964
234.604
252.016
236.267
237.445
220.41
211.775
226.372
238.977
243.546
206.462
196.444
198.511
187.935
216.169
255.689
204.729
198.098
235.239
210.482
208.986
235.988
217.912
217.746
236.546
220.167
210.371
222.494
236.714
237.954
240.674
214.8
214.018
229.226
231.696
223.439
220.775
245.128
245.64
247.739
216.779
196.986
225.403
242.16
224.19
227.661
250.407
243.279
225.276
214.133
226.655
223.639
224.694
251.889
230.814
221.828
227.428
234.494
204.082
200.321
242.189
225.149
211.104
212.292
184.894
192.585
241.633
226.732
222.767
248.725
229.305
212.789
227.739
240.442
244.32
244.081
213.038
212.382
232.261
237.079
236.211
231
249.19
243.724
231.669
217.604
206.825
228.833
246.033
228.128
212.224
230.441
247.739
237.614
226.321
219.804
221.729
230.574
221.729
211.864
225.683
239.808
250.973
245.821
202.143
207.447
225.53
203.5
211.595
209.754
199.005
218.293
221.508
227.144
249.439
210.881
210.504
246.002
245.519
234.439
230.68
211.864
206.804
235.544
251.036
233.945
223.065
239.234
241.78
242.748
253.743
237.586
215.332
228.807
253.133
234.797
225.479
223.589
215.843
213.379
218.818
226.937
227.376
240.356
248.047
231.027
235.073
244.021
232.369
231.241
224.871
204.332
210.881
213.652
204.75
224.921
252.685
261.746
224.972
225.81
253.711
235.849
237.501
240.269
221.926
217.155
233.019
238.436
224.82
227.687
242.454
237.248
230.92
246.154
253.036
240.558
244.978
236.911
226.552
245.068
248.632
228.441
226.296
242.748
243.754
228.284
216.053
231.965
247.893
249.159
260.078
231.83
221.41
238.949
247.893
246.427
229.832
235.239
211.104
213.22
244.708
225.428
222.593
239.406
247.647
213.858
216.755
249.439
228.781
222.916
243.043
256.674
248.047
248.942
244.021
216.873
214.202
238.607
246.457
240.096
253.421
261.986
249.252
251.604
231.965
214.362
232.775
254.13
264.445
245.549
249.594
262.674
246.366
242.984
239.091
240.906
236.77
244.678
266.525
257.566
256.246
264.026
258.164
246.033
229.41
243.368
228.363
221.361
250.721
240.703
217.675
225.861
266.17
218.269
206.718
245.459
238.949
232.423
225.479
240.616
249.75
238.18
223.364
214.454
239.808
247.831
236.911
224.341
235.793
238.607
219.635
239.034
238.578
224.115
245.761
262.778
265.569
247.463
242.895
255.428
239.292
229.753
235.045
246.975
248.324
255.951
252.207
226.244
235.905
250.063
248.942
203.687
206.228
266.845
233.563
230.468
260.01
232.964
214.454
237.671
257.533
229.991
233.427
252.876
226.603
209.842
235.71
252.08
250.627
254.972
218.079
213.22
240.211
259.909
255.853
243.665
254.291
265.217
264.866
268.061
261.028
244.588
245.519
260.315
261.131
236.77
247.463
274.839
255.754
239.263
231.027
245.248
241.663
240.414
268.384
257.235
244.23
242.248
254.485
258.665
234.659
242.101
264.62
248.478
242.777
242.984
240.993
251.984
241.488
210.482
205.276
206.932
214.041
225.963
231.669
255.918
240.848
240.211
270.966
240.442
222.321
241.429
259.067
251.13
239.607
250.438
258.264
253.357
249.75
243.932
241.488
252.143
266.987
273.075
217.936
215.866
262.605
248.756
248.663
242.014
243.932
252.43
251.762
251.225
242.454
244.858
246.305
260.315
250.501
241.926
266.738
267.989
243.665
234.632
250.313
249.626
250
266.56
267.881
234.165
234.522
208.877
188.288
231.616
270.783
234.742
213.288
249.594
232.072
223.389
255.428
266.809
247.586
242.043
262.778
266.916
250.282
234.852
247.862
235.821
232.775
268.745
267.666
247.862
253.936
267.809
262.536
256.41
237.614
220.946
227.144
243.339
262.64
261.335
253.421
257.732
271.592
273.486
250.125
252.398
270.124
243.102
232.91
246.7
241.342
237.501
252.94
230.894
215.193
250.941
273.299
210.682
199.461
250.094
201.816
195.141
235.018
201.349
204.771
242.043
246.063
231.187
217.794
220.41
233.809
237.699
250.313
257.931
259.168
273.112
276.893
244.678
232.477
242.512
239.664
248.88
246.975
257.732
258.065
255.037
245.278
234.935
260.552
274.123
278.048
266.596
255.428
270.051
271.444
249.066
257.069
269.651
267.13
260.994
259.605
281.294
261.063
237.812
254.874
271.223
232.531
208.725
243.694
273.299
219.491
213.812
238.322
224.366
243.843
245.278
225.53
245.068
268.276
268.637
264.236
259.235
255.004
263.054
256.377
255.46
276.129
254.972
255.984
270.343
259.605
260.146
240.01
244.559
254.291
233.645
250.815
270.783
244.588
240.964
261.917
268.889
236.072
242.248
282.486
248.416
243.843
254.065
252.589
246.883
242.014
265.111
246.67
235.821
263.609
270.416
263.019
254.68
252.813
270.819
253.936
250.438
226.526
216.216
259.74
270.746
276.358
252.302
249.906
258.833
241.633
250.188
266.028
274.273
264.585
262.571
275.217
280.899
268.348
268.962
281.849
284.455
278.087
265.675
270.416
286.041
259.269
254.647
281.373
271.076
246.002
246.7
272.294
288.475
242.542
240.067
281.69
252.366
233.645
233.918
255.46
263.957
250.689
265.71
229.779
225.2
256.082
254.972
249.688
238.237
255.984
257.732
237.53
233.809
215.703
219.106
249.938
255.656
228.781
239.234
282.048
284.576
249.906
232.45
242.248
224.593
236.211
270.234
263.054
252.94
269.215
284.091
273.598
253.1
228.676
241.633
245.549
246.184
278.901
276.625
258.598
258.565
277.971
293.341
263.054
257.898
276.434
249.875
240.414
243.902
256.706
267.451
263.4
241.051
223.514
241.284
267.13
276.587
255.591
244.828
261.438
277.469
268.926
271.444
288.434
244.32
225.225
251.288
253.004
216.708
214.869
250.407
237.304
230.76
234.577
243.072
223.115
229.964
288.809
275.976
259.909
243.605
241.08
251.826
243.427
259.707
283.046
256.674
255.167
272.702
273.898
269.578
260.315
272.889
265.922
254.001
263.435
261.952
254.162
271.776
276.51
264.515
270.307
277.701
283.246
269.578
250.125
256.97
276.358
255.135
240.183
262.743
290.149
269.433
261.746
278.94
260.451
223.914
235.183
280.702
291.29
236.463
220.507
251.731
238.351
224.77
246.245
277.932
265.993
267.953
283.849
270.966
259.504
258.131
272.257
277.085
250.564
219.78
237.897
253.485
251.477
271.297
273.748
260.824
253.968
265.569
234.824
232.91
277.431
278.28
261.472
274.348
278.823
277.085
257.533
249.159
270.819
235.294
233.891
256.838
