1.33086e-311
inf
15.4696
292.227
438.789
843.882
860.585
961.076
1042.21
1101.32
1117.32
1169.59
1253.92
1277.14
1288.66
1294.5
1245.33
1226.99
1246.88
1224.74
1241.46
1236.09
1199.76
1233.81
1295.34
1312.34
1303.78
1222.49
1213.59
1288.66
1225.49
1091.7
1100.11
1185.54
1124.86
1110.49
1179.25
1183.43
965.251
811.359
922.084
1079.33
1094.09
1131.22
1188.35
1198.32
1193.32
1160.77
1132.5
1183.43
1230.77
1186.94
465.875
446.13
819.001
778.513
883.783
654.879
638.978
817.996
767.165
827.13
442.282
454.339
1074.11
1160.77
1116.07
1094.69
1113.59
1133.79
1098.3
1051.52
1026.17
1132.5
1319.26
1302.08
1257.07
1015.23
872.981
948.317
1088.14
1195.46
1277.14
1399.58
1463.06
1473.84
1509.43
1554
1551.59
1476.01
1382.17
1403.51
1408.45
1346.8
1373.63
1399.58
1411.43
1423.49
1425.52
1438.85
1463.06
1495.89
1454.55
1448.23
1493.65
1443
1111.73
1023.02
1243.01
1395.67
1414.43
1423.49
1479.29
1538.46
1458.79
1027.22
1019.89
1361.47
1314.06
1296.18
1355.93
1339.58
1432.66
1583.53
1663.89
1752.85
1766.78
1745.2
1703.58
1677.85
1686.34
1683.5
1670.84
1697.79
1666.67
1434.72
846.024
829.531
1252.35
1358.7
1476.01
1459.85
1435.75
1549.19
1703.58
1768.35
1675.04
1679.26
1734.61
1573.56
1459.85
1589.83
1620.75
1598.72
1724.14
1646.09
1152.74
940.734
1074.69
1307.19
1529.05
1508.3
1486.99
1635.32
1682.09
1640.69
1659.75
1636.66
1509.43
1480.38
1538.46
1519.76
1386
1206.27
1257.07
1289.49
761.325
720.721
869.943
971.817
1148.11
1111.11
1171.65
855.432
778.513
986.193
1282.87
1619.43
1739.13
1755.93
1705.03
1280.41
763.359
845.666
1473.84
1550.39
1581.03
1420.45
1255.49
1290.32
1346.8
1355.01
938.086
529.661
648.088
1428.57
1353.18
965.251
888.494
1145.48
1283.7
1334.22
1459.85
1579.78
1446.13
1355.01
1298.7
1314.06
1294.5
1146.79
1257.07
1367.05
1364.26
1489.2
157.072
156.458
1576.04
1749.78
1542.02
1460.92
1576.04
1536.1
1501.5
1523.23
1567.4
1616.81
1619.43
1588.56
1619.43
1693.48
1792.11
1926.78
1934.24
1924.93
1972.39
1956.95
1841.62
1821.49
1863.93
1851.85
1839.93
1757.47
1692.05
1737.62
1670.84
1639.34
1715.27
1740.64
1845.02
1956.95
1988.07
2028.4
2098.64
2105.26
1998
1906.58
1934.24
1863.93
1757.47
1790.51
1890.36
1872.66
1687.76
1538.46
1552.79
1600
1620.75
1716.74
1841.62
1853.57
1684.92
1627.34
1709.4
1826.48
1915.71
1867.41
1771.48
1795.33
1869.16
1892.15
1958.86
2051.28
2105.26
2079
2010.05
1972.39
1970.44
1921.23
1902.95
1960.78
1923.08
1865.67
1949.32
2055.5
2028.4
1906.58
1843.32
1751.31
1777.78
1926.78
1974.33
1990.05
1921.23
1777.78
1722.65
1862.2
2024.29
2070.39
2100.84
2059.73
1915.71
1823.15
1841.62
1886.79
1845.02
1769.91
1787.31
1836.55
1860.47
1876.17
1843.32
1877.93
1915.71
1885.01
1885.01
2004.01
2085.51
1930.5
1860.47
1917.55
1890.36
1814.88
1824.82
1736.11
1728.61
1831.5
1763.67
1686.34
1728.61
1808.32
1915.71
2030.46
1867.41
1737.62
1740.64
1703.58
1684.92
1677.85
1703.58
1626.02
1499.25
1576.04
1662.51
1624.7
1693.48
1696.35
1673.64
1679.26
1540.83
1490.31
1566.17
1654.26
1749.78
1762.11
1752.85
1809.95
1863.93
1901.14
1968.5
2079
2120.89
2098.64
2044.99
2044.99
1994.02
1769.91
1668.06
1719.69
1803.43
1857.01
1943.63
2034.59
2034.59
1982.16
1843.32
1776.2
1672.24
730.194
715.82
1128.67
897.263
1068.95
1395.67
1488.1
1317.52
671.817
709.471
1374.57
1385.04
1312.34
1318.39
1293.66
962.927
940.291
1053.74
1104.36
1379.31
1479.29
1592.36
1821.49
1806.68
1033.06
906.208
1363.33
1631.32
1609.01
1603.85
1562.5
1397.62
1397.62
1550.39
1632.65
1490.31
1509.43
1706.48
1765.23
1821.49
1811.59
1824.82
1899.34
1876.17
1872.66
1860.47
1689.19
1646.09
1768.35
1792.11
1800.18
1901.14
1937.98
1788.91
1762.11
1877.93
1926.78
1923.08
1939.86
2002
2014.1
1921.23
1813.24
1841.62
1923.08
1930.5
1934.24
1926.78
1897.53
1860.47
1788.91
1751.31
1710.86
1571.09
1547.99
1679.26
1829.83
1800.18
1740.64
1874.41
2094.24
2120.89
2087.68
2169.2
2044.99
1958.86
1831.5
1652.89
1614.2
1578.53
1646.09
1877.93
2068.25
2114.16
2105.26
2150.54
2173.91
2200.22
2224.69
2162.16
1992.03
1793.72
1618.12
1689.19
1912.05
1915.71
1838.24
1883.24
2030.46
1923.08
1902.95
2016.13
2022.24
1921.23
1752.85
1814.88
2026.34
2139.04
2089.86
2083.33
2081.17
1928.64
1923.08
2081.17
2219.76
2116.4
1955.03
1867.41
702.247
700.771
1736.11
1734.61
1814.88
1779.36
1700.68
1624.7
1257.07
1168.91
1356.85
1542.02
1833.18
1881.47
1680.67
1663.89
1712.33
1703.58
1809.95
1821.49
1498.13
1140.9
1259.45
1692.05
1752.85
1863.93
1919.39
1904.76
2014.1
2012.07
1872.66
1795.33
1836.55
2000
2076.84
2059.73
2118.64
2089.86
2020.2
2053.39
2141.33
2162.16
2141.33
2134.47
2107.48
2008.03
1739.13
1639.34
1706.48
1743.68
1670.84
1631.32
1687.76
1824.82
2034.59
1968.5
1870.91
1947.42
2051.28
2061.86
1862.2
1611.6
1560.06
1640.69
361.076
349.345
1451.38
1654.26
1348.62
1316.66
1420.45
1555.21
1939.86
2006.02
2049.18
2032.52
1982.16
1895.73
1821.49
1782.53
1850.14
1966.57
1934.24
1941.75
2123.14
2293.58
2320.19
2296.21
2125.4
1956.95
1877.93
1796.95
1734.61
1805.05
1955.03
1881.47
1805.05
1808.32
1862.2
1881.47
1068.95
822.03
1021.97
1037.88
1144.82
1267.43
1239.16
1427.55
1483.68
1472.75
788.644
814.332
1574.8
1629.99
1631.32
869.565
872.22
1623.38
1576.04
1632.65
1666.67
1086.37
1121.08
1642.04
1713.8
1784.12
1615.51
1506.02
1280.41
848.536
844.238
1236.86
1607.72
1673.64
1533.74
1411.43
1485.88
1562.5
1572.33
1808.32
1881.47
1680.67
447.127
449.843
1363.33
929.368
1061.57
1845.02
1766.78
1654.26
1670.84
1746.72
1845.02
1919.39
1819.84
482.044
480.654
1846.72
1947.42
1721.17
1706.48
1798.56
1751.31
1368.93
1142.2
1371.74
1766.78
1886.79
1669.45
1612.9
1876.17
2008.03
1921.23
1759.01
1816.53
1978.24
2068.25
2068.25
1986.1
1839.93
1766.78
1776.2
1779.36
1751.31
27.4786
27.4718
1706.48
1605.14
1346.8
1448.23
1771.48
1836.55
1865.67
1793.72
1777.78
1776.2
1771.48
1855.29
1857.01
1719.69
1512.86
1396.65
1508.3
1623.38
1607.72
1722.65
1869.16
1814.88
1858.74
1751.31
1722.65
1705.03
765.697
721.761
1114.83
518.001
576.535
1766.78
1843.32
1829.83
1818.18
1801.8
1785.71
1808.32
1809.95
1782.53
1707.94
1709.4
1839.93
1749.78
1561.28
1568.63
1627.34
1686.34
1838.24
1990.05
2100.84
2173.91
2159.83
2100.84
2085.51
1776.2
1571.09
1600
1648.8
1737.62
1846.72
2055.5
2227.17
2265.01
2118.64
1976.28
1749.78
1635.32
1784.12
1811.59
1499.25
1556.42
1895.73
1846.72
1886.79
2051.28
2195.39
2105.26
1943.63
1573.56
1465.2
1675.04
1742.16
1752.85
1865.67
1990.05
1958.86
1848.43
1784.12
1843.32
1065.53
1031.99
1800.18
1731.6
1658.37
1757.47
1857.01
1924.93
1828.15
1733.1
1733.1
1885.01
2042.9
1958.86
1846.72
1768.35
1760.56
1901.14
2036.66
2087.68
2181.03
2081.17
1976.28
2079
1545.59
1472.75
1939.86
1934.24
1769.91
1766.78
1594.9
747.384
780.64
1745.2
1851.85
1892.15
1843.32
1737.62
1773.05
1890.36
1902.95
1796.95
1728.61
1743.68
1683.5
1277.14
1364.26
1763.67
1700.68
1828.15
1879.7
1831.5
1606.43
822.707
827.472
1652.89
2002
2114.16
1819.84
1762.11
2057.61
1980.2
1828.15
1881.47
1949.32
1966.57
1937.98
1782.53
1839.93
2010.05
1945.53
1964.64
1899.34
1801.8
1823.15
1921.23
2008.03
1739.13
1498.13
1663.89
1554
1552.79
2014.1
2096.44
2143.62
2283.1
2314.81
2352.94
2127.66
2107.48
2096.44
1848.43
1777.78
1913.88
1951.22
1862.2
1970.44
1888.57
1845.02
2032.52
2006.02
1734.61
1722.65
1845.02
1388.89
1292.82
1722.65
1937.98
1818.18
1763.67
1876.17
1860.47
1845.02
2087.68
1980.2
1760.56
1833.18
1958.86
1972.39
1881.47
1988.07
2183.41
2032.52
2040.82
1955.03
1838.24
1926.78
1917.55
1881.47
683.06
611.434
1340.48
1301.24
1112.35
1333.33
1776.2
2076.84
2063.98
2143.62
2280.5
2063.98
2070.39
2070.39
2081.17
2214.84
2185.79
2214.84
2197.8
1676.45
1510.57
1672.24
1831.5
1860.47
925.497
953.743
2061.86
2100.84
2148.23
2150.54
2024.29
2200.22
2262.44
2036.66
2094.24
2125.4
2026.34
2030.46
2132.2
2277.9
2183.41
2171.55
2222.22
2139.04
2139.04
2257.34
2288.33
2298.85
2259.89
2265.01
2070.39
1816.53
848.896
880.282
1992.03
1978.24
1897.53
1855.29
1966.57
1876.17
1762.11
1777.78
1885.01
2014.1
2040.82
2134.47
2185.79
2132.2
2034.59
1881.47
1877.93
2030.46
1998
2038.74
2081.17
2026.34
1919.39
1643.39
1757.47
1994.02
1972.39
1986.1
1881.47
1728.61
1814.88
1994.02
1998
2034.59
2028.4
2008.03
2018.16
2022.24
2026.34
1984.13
1923.08
921.659
865.801
1523.23
1568.63
1492.54
1554
1609.01
789.889
799.041
1598.72
1651.53
1779.36
1980.2
2129.93
2272.73
2272.73
2209.94
2259.89
2134.47
2020.2
2162.16
2293.58
2301.5
2183.41
2185.79
2103.05
2006.02
2205.07
2219.76
2109.7
2162.16
2242.15
1966.57
1697.79
1765.23
1930.5
1953.13
1780.94
1800.18
1872.66
1848.43
1762.11
1650.17
1682.09
1760.56
1980.2
1951.22
1888.57
1984.13
2059.73
2145.92
2061.86
2134.47
2096.44
2081.17
2200.22
2222.22
2092.05
2068.25
2047.08
1722.65
1478.2
1546.79
1870.91
1978.24
1966.57
1982.16
2010.05
1986.1
1998
1877.93
1668.06
1739.13
1855.29
1892.15
1937.98
1970.44
1915.71
1824.82
1939.86
2042.9
1982.16
1564.95
1670.84
2309.47
2369.67
2247.19
1980.2
1867.41
1848.43
1919.39
2036.66
2032.52
1941.75
2022.24
2290.95
2424.24
2412.55
2355.71
2392.34
2034.59
1780.94
1888.57
1826.48
1731.6
1811.59
1883.24
1941.75
2049.18
1949.32
1686.34
1633.99
1731.6
1881.47
1796.95
807.428
831.601
1980.2
2020.2
1928.64
1904.76
1934.24
1970.44
2066.12
2197.8
2176.28
1928.64
1448.23
1409.44
1771.48
2070.39
2145.92
2162.16
2051.28
2053.39
2188.18
2150.54
2192.98
2074.69
1893.94
1845.02
1715.27
1675.04
1828.15
2012.07
2028.4
2059.73
2103.05
2141.33
2181.03
2002
2042.9
2148.23
2166.85
2053.39
1936.11
2085.51
2239.64
2197.8
2125.4
2188.18
2219.76
2120.89
2136.75
2178.65
2036.66
2040.82
2157.5
1870.91
1736.11
1865.67
1943.63
1902.95
2006.02
2143.62
2134.47
2267.57
2270.15
2209.94
2063.98
2094.24
2114.16
1964.64
2026.34
2114.16
2139.04
2057.61
2030.46
1960.78
1943.63
2127.66
2197.8
2145.92
2200.22
2185.79
2139.04
2085.51
2114.16
2134.47
2026.34
1303.78
1269.84
1958.86
2181.03
2347.42
2055.5
1692.05
1762.11
1994.02
1972.39
1970.44
2107.48
2105.26
1904.76
1917.55
1924.93
1838.24
1899.34
1970.44
2038.74
2143.62
2257.34
2094.24
2083.33
2109.7
2103.05
1587.3
913.242
1033.06
1962.71
2026.34
1888.57
2032.52
1970.44
1846.72
1912.05
1936.11
1924.93
1986.1
1908.4
1811.59
1936.11
1968.5
1831.5
1790.51
1867.41
1956.95
2055.5
1984.13
1833.18
1862.2
1869.16
1013.17
1005.03
1836.55
2083.33
2030.46
1872.66
1923.08
2063.98
2150.54
1879.7
1865.67
2143.62
2207.51
2227.17
2304.15
2339.18
2301.5
2283.11
2252.25
2081.17
2123.14
2162.16
2100.84
2205.07
2252.25
2074.69
2032.52
1917.55
1168.22
1152.07
1890.36
2092.05
2127.66
2123.14
2047.08
1984.13
1986.1
2178.65
2083.33
2132.2
2155.17
2079
2181.03
2145.92
2152.85
2169.2
2181.03
2237.14
1994.02
1836.55
1978.24
2012.07
2100.84
2129.93
2176.28
2234.64
1131.86
1129.31
2103.05
2063.98
2152.85
2166.85
2212.39
2386.63
2350.18
2176.28
2063.98
2092.05
2016.13
2049.18
2212.39
2105.26
2016.13
2070.39
2190.58
2262.44
2123.14
2148.23
2242.15
2066.12
2105.26
2290.95
2123.14
2132.2
2103.05
1858.74
1913.88
2195.39
2219.76
2134.47
1980.2
1731.6
1819.84
1934.24
1798.56
1796.95
1919.39
2094.24
2123.14
1984.13
2002
2118.64
2047.08
1888.57
1930.5
2219.76
2083.33
2047.08
2301.5
2275.31
2155.17
2109.7
2068.25
1839.93
1765.23
1897.53
1904.76
1928.64
2114.16
2169.2
2022.24
1885.01
1843.32
1941.75
2032.52
1915.71
1798.56
1858.74
1899.34
1683.5
1669.45
1834.86
1937.98
2004.01
1956.95
1956.95
2100.84
2252.25
2171.55
1980.2
1888.57
1588.56
1576.04
1831.5
1968.5
2234.64
2143.62
2118.64
2283.1
2197.8
2053.39
2053.39
2188.18
2239.64
2094.24
2034.59
2185.79
2265.01
2072.54
2098.64
2259.89
2267.57
2304.15
2259.89
2200.22
2164.5
2239.64
2257.34
2219.76
2125.4
1104.97
898.876
1436.78
2127.66
2265.01
2304.15
2244.67
2200.22
2188.18
2259.89
2181.03
2092.05
2164.5
2185.79
2150.54
2169.2
2195.39
2173.91
2150.54
2209.94
2105.26
2014.1
2079
2083.33
2125.4
2066.12
2120.89
2155.17
2034.59
1936.11
1814.88
1934.24
1958.86
2030.46
2132.2
2176.28
2304.15
2202.64
2205.07
2257.34
2232.14
2202.64
2217.29
2181.03
2061.86
2002
1964.64
1930.5
1984.13
2034.59
2063.98
2150.54
2239.64
2283.1
2298.85
2298.85
554.17
523.013
1668.06
1953.13
2034.59
2085.51
1939.86
1934.24
2188.18
1949.32
1970.44
1932.37
1782.53
1881.47
1895.73
1244.56
1225.49
1588.56
1538.46
1881.47
2227.17
2361.27
1451.38
771.01
895.255
1841.62
2034.59
2020.2
1709.4
1530.22
1307.19
734.754
804.182
1616.81
1811.59
1848.43
1848.43
1845.02
1850.14
1881.47
1855.29
1869.16
2072.54
2132.2
1953.13
1906.58
1936.11
1937.98
2032.52
1992.03
1972.39
2139.04
2049.18
2018.16
2219.76
2298.85
2176.28
2169.2
2244.67
2252.25
2242.15
2212.39
2197.8
2242.15
2197.8
2169.2
2237.14
2127.66
1955.03
1982.16
1635.32
1611.6
1984.13
1899.34
1742.16
1843.32
2000
1926.78
2057.61
2229.65
2207.51
2173.91
2188.18
2247.19
2285.71
2314.81
2262.44
2169.2
2148.23
2107.48
2004.01
2068.25
2171.55
2224.69
2159.83
2074.69
2079
2139.04
2239.64
2166.85
2169.2
2195.39
2252.25
2103.05
1332.45
1129.31
1490.31
1949.32
2152.85
2178.65
2063.98
2105.26
2242.15
2150.54
2169.2
2288.33
2139.04
2192.98
2322.88
2202.64
2190.58
2242.15
2109.7
2150.54
2344.67
2312.14
2280.5
2145.92
2166.85
2285.71
2205.07
2148.23
2057.61
1648.8
1188.35
1391.79
2267.57
2290.95
2055.5
2092.05
2055.5
2053.39
2254.79
2171.55
2178.65
2185.79
2183.41
2272.73
2306.81
2265.01
2202.64
2109.7
2129.93
2087.68
2125.4
2254.79
2188.18
2070.39
2111.93
2134.47
2162.16
2152.85
1680.67
1710.86
1958.86
1984.13
2028.4
2022.24
2118.64
2159.83
2224.69
2197.8
2181.03
2190.58
2129.93
2109.7
2178.65
2232.14
2188.18
2181.03
2209.94
2185.79
2195.39
2227.17
2277.9
2141.33
2032.52
1846.72
1851.85
2114.16
2173.91
2040.82
1196.17
1106.81
1803.43
2103.05
2018.16
2190.58
2155.17
2098.64
2209.94
2098.64
2188.18
2358.49
2239.64
2079
2181.03
2331
2212.39
2188.18
2257.34
2169.2
2169.2
2183.41
2111.93
2181.03
2229.65
2227.17
2227.17
2109.7
1941.75
1425.52
1133.14
1421.46
1988.07
2047.08
2166.85
2145.92
2152.85
2152.85
2053.39
2224.69
2120.89
2034.59
2176.28
2120.89
2132.2
2229.65
2192.98
2055.5
1919.39
2014.1
2063.98
2114.16
2277.9
2125.4
2040.82
2207.51
2162.16
2047.08
2079
2026.34
2010.05
2141.33
1976.28
1872.66
2171.55
2148.23
2044.99
2202.64
2242.15
2063.98
1895.73
1833.18
1932.37
2123.14
2074.69
1924.93
1978.24
2079
2053.39
2032.52
2129.93
2190.58
2008.03
2053.39
2237.14
2219.76
2026.34
1749.78
1831.5
1984.13
1908.4
2059.73
2247.19
2178.65
2176.28
2262.44
2355.71
2134.47
2116.4
680.041
631.512
1425.52
1318.39
1378.36
1587.3
1819.84
1936.11
1986.1
1966.57
1828.15
1016.78
1065.53
2123.14
2227.17
2192.98
2166.85
2217.29
2004.01
2002
2214.84
2190.58
2195.39
2192.98
2072.54
2111.93
2280.5
2249.72
2224.69
2195.39
2207.51
2252.25
2200.22
2148.23
2081.17
2098.64
2205.07
2092.05
1584.79
1230.01
1137.66
1456.66
1976.28
2083.33
2265.01
2092.05
2139.04
2280.5
2197.8
2087.68
2152.85
2312.14
2224.69
2061.86
2136.75
2298.85
2116.4
1939.86
2053.39
2074.69
2116.4
2275.31
2247.19
2205.07
2190.58
2254.79
2272.73
2103.05
1803.43
1212.12
1286.17
1974.33
2103.05
2116.4
2020.2
2202.64
2285.71
2197.8
2100.84
2034.59
2173.91
2157.5
2070.39
2200.22
2254.79
2176.28
2195.39
2275.31
2188.18
2162.16
2209.94
2063.98
2111.93
2262.44
2244.67
1128.67
1037.34
1779.36
2012.07
2049.18
1913.88
1945.53
2159.83
2087.68
1964.64
2096.44
2148.23
2125.4
2068.25
2162.16
2275.31
2141.33
2159.83
2247.19
2197.8
2079
2129.93
2107.48
1949.32
1928.64
1990.05
2157.5
2336.45
2143.62
1998
1966.57
1958.86
2000
1988.07
2164.5
2262.44
2159.83
2169.2
2257.34
2229.65
2188.18
2028.4
1988.07
2159.83
2176.28
2176.28
2304.15
2352.94
2141.33
2176.28
2306.81
2192.98
2185.79
2120.89
2190.58
2306.81
2200.22
2185.79
2247.19
2051.28
1511.72
1075.27
1264.22
2034.59
2053.39
2014.1
2171.55
2290.95
2051.28
2081.17
2272.73
2105.26
2145.92
2298.85
2188.18
2028.4
2100.84
2283.1
2207.51
2178.65
2259.89
2298.85
2183.41
2185.79
2132.2
2127.66
2275.31
2063.98
1984.13
1463.06
1181.33
1538.46
2143.62
2212.39
2162.16
2166.85
2224.69
2227.17
2089.86
2139.04
2301.5
2214.84
2162.16
2298.85
2229.65
2076.84
2125.4
2181.03
2087.68
2134.47
2298.85
