1.33533e-311
inf
6.41614
25.7136
23.5266
23.0883
18.8363
18.9048
25.2493
23.3408
23.5427
20.3691
10.938
12.1695
25.4715
25.9292
23.1522
22.9006
23.3615
24.4179
26.5052
25.8896
24.7372
23.9527
24.7874
25.2395
24.9125
24.4349
24.5119
25.2928
24.9616
22.8809
23.7527
25.9158
25.2963
25.1064
25.0759
25.1278
25.4434
25.1187
25.5398
25.5552
24.4329
24.6798
25.1455
25.3379
24.2601
23.2842
24.1057
24.9199
25.1032
25.4239
24.1566
24.0483
24.5703
24.5423
25.3778
24.3858
24.4454
25.4239
25.2092
25.1111
24.7225
24.6485
24.8494
25.4033
25.2497
24.6533
23.9696
24.0474
24.9094
24.2931
24.3867
24.871
24.6874
24.9644
24.4798
24.3105
24.4553
24.5194
25.1544
25.1547
24.7347
23.8601
24.1864
24.9707
24.4203
24.4556
23.7124
23.3168
24.5643
25.4317
25.7298
25.2223
24.3043
24.3427
24.7902
25.7281
24.8139
23.9435
25.1544
25.5598
25.4806
24.6272
24.033
23.8863
23.965
24.606
24.6509
24.5543
24.8821
24.8154
25.0366
25.0913
23.9883
23.8971
24.9317
25.0235
25.1623
24.8784
24.4132
25.1228
25.3479
25.085
24.6947
24.3561
25.1632
25.7729
25.4962
25.7589
24.9913
24.762
25.3203
25.1519
25.5125
25.3177
24.2368
24.8945
26.2285
25.2777
24.2607
24.3849
24.6105
24.9847
25.7248
25.434
24.7109
24.7862
25.0925
25.4654
24.8827
24.2157
24.717
25.1143
24.9184
25.221
24.1086
23.3995
24.7415
25.6469
25.58
25.0601
25.1332
25.5902
25.549
25.3495
25.0746
24.5384
24.7473
25.4709
25.3149
25.1187
24.685
24.2019
24.2718
24.7976
25.5343
24.5915
24.2854
25.1639
24.211
23.9541
25.2538
25.4207
25.4007
25.6637
25.4557
24.9766
24.6351
24.8194
25.6506
25.3804
24.9769
24.8216
23.9728
24.6503
25.2797
25.0834
24.678
23.9378
24.2157
24.8663
25.4304
25.31
24.5203
24.646
25.2385
25
24.8747
25.3791
24.8142
24.9184
25.3258
24.9417
25.1342
24.5921
23.9892
24.4409
23.7668
22.7118
23.7262
25.0969
25.4301
25.2781
25.0979
24.9913
25.0843
25.1383
25.2793
25.4897
25.7043
25.2449
25.0382
25.6289
25.4631
25.3206
25.3788
25.4741
26.108
26.4519
26.0264
25.2908
25.4725
26.411
25.9491
24.947
25.4667
26.1479
25.9882
26.0004
26.0529
25.7284
24.942
25.1715
26.3918
26.4428
26.1527
26.1623
25.7404
25.6443
26.1575
26.2584
25.6835
24.9601
25.5206
26.1763
25.9286
25.6285
24.5978
24.7485
25.7762
25.9734
25.9269
25.7208
25.1414
24.961
25.6984
26.1945
26.0359
25.9639
25.704
25.8178
26.2857
26.5066
25.9811
25.1531
25.6341
26.3904
26.0627
25.8401
26.1756
26.3891
26.0637
26.0478
25.9511
25.5709
25.6779
26.0831
26.6237
26.4964
25.6007
25.8011
26.3355
26.0356
25.6046
23.5949
22.6055
23.581
23.4794
23.1586
24.2283
25.4647
25.8605
26.1424
26.8843
26.3058
25.6914
26.1298
26.275
26.6973
26.885
26.2847
25.5004
25.8792
25.9077
25.8552
25.3788
25.265
26.612
26.9756
26.9291
26.1172
24.9082
25.0561
26.203
25.8515
25.5291
25.6414
25.3017
25.3395
25.9707
26.5756
25.889
25.5431
25.48
25.4314
26.1346
26.1804
26.0988
26.7173
26.7005
26.6
26.5224
25.8461
25.8021
26.1005
26.4852
26.5509
25.4826
25.4217
26.3487
26.2916
26.5157
26.4519
25.1563
25.4495
26.6443
25.7563
25.9737
25.8866
25.345
26.2171
25.6871
25.8294
26.0058
25.4761
25.9767
26.2161
25.6558
25.6545
25.3296
24.812
25.6059
25.8923
25.6473
25.1181
24.8738
26.4145
26.9154
26.2254
25.8712
25.1972
25.2353
25.9155
26.284
26.1056
25.0028
25.4343
26.3019
26.0573
26.0501
25.4033
25.074
25.6845
25.9673
26.0981
26.3793
25.8692
25.7235
26.1472
26.7877
27.0984
25.7549
24.8074
25.5122
26.2595
26.2892
26.4722
25.9946
25.7549
25.887
25.8068
26.5298
26.4344
25.7778
25.6591
26.0284
26.7652
27.0874
25.9269
25.7228
26.4589
26.4072
26.3404
25.8746
25.999
26.1838
26.1479
26.4337
26.8302
26.1455
25.9683
26.4753
26.1322
26.6652
26.5238
25.28
25.4524
26.1274
26.1223
26.1192
25.7245
25.9835
26.8893
26.8114
26.6631
25.975
25.0611
25.6522
26.6081
26.9873
26.8832
26.0352
25.503
26.1585
26.8893
27.068
26.4082
26.1322
26.4701
27.0347
26.8518
26.1753
26.0183
26.1001
26.3373
26.683
27.0077
25.8131
25.7109
26.9745
27.3385
26.6457
25.3746
25.4294
26.4561
26.5975
26.4781
26.7723
26.2178
25.257
26.0058
27.0373
27.5908
26.8514
25.9131
26.4086
26.7451
26.3213
26.313
26.1609
25.8709
26.3744
26.8075
26.5312
26.1688
26.2326
26.2981
26.936
26.6941
26.0794
25.945
25.9413
26.4232
26.7369
26.8839
26.927
26.6375
26.919
27.2561
27.2016
26.7469
25.5748
25.8806
26.4652
26.4543
27.1275
27.1485
25.6154
25.4107
26.612
26.6994
26.8633
26.3179
25.5787
25.752
26.5851
27.1942
26.9103
26.3529
26.6446
27.2658
27.574
27.7516
26.7666
26.1489
27.0482
27.6201
27.3344
27.5984
26.9957
26.8756
27.7963
27.2684
26.7058
27.2587
27.3774
27.3351
27.2298
27.0157
27.4952
27.0706
26.1564
25.4117
25.8094
25.9933
25.3299
24.7197
25.3145
26.6955
27.3946
26.6991
25.3229
25.6499
25.893
26.8622
27.1891
26.7899
26.4435
26.3009
26.6343
26.7315
27.3429
27.3508
26.6983
26.2412
25.9232
26.6709
27.5171
26.2988
25.9777
27.023
27.3246
27.5221
27.5687
26.6064
26.9436
26.9887
26.9027
27.2454
26.3397
26.6166
26.9607
26.0817
26.5947
27.4691
26.9571
27.0318
27.9404
27.3157
26.388
26.4403
26.9085
27.8858
27.6828
27.53
27.7678
26.1862
24.9822
25.5412
26.236
27.5186
27.3669
26.2302
26.5361
26.9833
26.5312
26.9067
27.2569
26.1595
26.3783
27.5327
27.5009
26.7526
26.6049
26.7609
26.9027
27
27.0029
27.303
27.0373
26.5544
26.9491
27.3067
26.8615
26.0698
26.546
27.5437
27.7674
27.9482
27.3202
26.6432
27.3034
27.0497
26.8984
26.992
26.5904
26.8777
26.9426
26.753
26.6237
25.8278
25.8428
26.7982
27.2747
27.3459
27.3609
26.6188
26.7069
27.622
27.0977
27.4123
27.5349
26.9625
27.2974
26.6446
26.4606
27.5251
27.4676
26.461
26.6053
27.519
27.4797
27.2922
27.2405
27.9419
28.6915
28.4994
27.4684
27.1183
27.2457
27.3568
28.129
27.6277
26.8413
26.0797
26.4697
27.595
27.3213
27.3306
27.0062
26.8208
26.9942
26.9157
27.2416
28.2761
27.7216
26.7155
27.5634
27.7423
27.6625
27.745
26.8071
26.1667
26.9466
27.4816
27.9037
28.2662
26.6781
26.5066
27.8517
27.8292
27.1806
26.2546
26.2488
27.2024
27.2283
27.0629
27.9283
27.4401
26.8118
28.0532
28.4172
27.5414
27.0999
26.6446
26.496
27.3594
27.9681
27.9255
27.2357
27.0937
27.3071
27.0292
27.4982
27.4959
27.3718
27.4443
27.2276
27.6618
27.6794
27.6667
27.1872
26.4086
26.6195
27.175
27.8439
27.8455
26.3348
26.0366
27.4537
27.651
27.8466
27.7813
26.9851
26.9865
27.3146
28.2442
28.3724
27.4322
27.3838
27.9806
28.0501
28.2032
28.7125
27.9799
27.3179
27.922
28.9431
28.9005
28.144
26.8262
25.7344
26.2719
27.0205
28.2805
28.7414
27.1201
27.0937
27.8773
27.7296
28.1199
28.1746
27.2131
27.7085
28.2618
26.9753
27.1979
27.4729
26.5805
27.2409
28.5006
28.3094
28.5189
27.3646
26.4834
27.8315
28.1104
27.6468
28.2602
28.0022
27.0577
27.6277
28.2263
27.7562
27.6235
28.1817
27.8683
27.7385
28.2861
28.0112
27.4341
27.0827
27.445
28.3857
28.4075
28.3708
27.7813
27.3265
28.2298
28.6131
28.7501
29.0444
27.8331
26.5724
27.5001
28.3624
28.4864
28.9746
27.8703
27.1702
27.7608
28.2745
28.9339
28.9662
27.7319
27.5292
28.2769
27.963
28.2773
28.2749
27.6786
28.1246
28.8247
28.5356
28.2342
28.1219
27.7304
28.0706
28.1797
27.8257
27.7246
27.356
27.4688
27.873
27.7308
28.0662
28.4625
28.001
26.9553
27.2717
28.1789
27.7924
28.3833
27.8443
27.4379
27.5133
27.7994
28.7882
28.5653
27.5183
27.4059
28.5242
28.1077
27.606
27.8447
27.6449
27.8536
28.4479
28.4075
28.3162
28.4775
28.2646
28.0061
28.2702
28.5812
28.7757
28.2422
27.7343
27.7998
28.2187
28.4119
28.7385
28.0934
27.4379
28.1401
28.796
28.1781
26.7942
26.9241
27.811
28.3386
28.8804
28.9691
28.8684
27.8292
27.4688
28.1944
28.9047
29.1057
28.0757
27.3366
27.7369
28.4576
28.6821
28.047
28.2394
28.5441
28.2626
28.7327
28.5812
28.5107
27.5824
27.4296
28.5984
28.9545
28.9457
28.8746
28.093
27.4627
27.4857
28.2658
28.8238
28.2119
27.2647
27.43
28.3789
28.6825
29.5539
29.2719
28.56
28.7844
29.115
28.5759
28.3744
28.9637
27.9893
26.9128
27.8862
28.7476
29.2005
28.7646
27.2113
27.4461
28.486
28.76
28.6656
28.4374
28.165
28.7418
29.4968
28.8064
28.1615
28.0308
27.7369
28.3062
28.9465
29.1231
29.0465
28.5351
27.312
27.2461
28.5225
28.6915
29.0011
29.6279
28.7332
28.4608
28.7385
28.4382
28.5792
28.3889
28.3982
28.4742
28.5751
29.012
28.8534
28.3499
28.0355
28.4511
29.0347
29.4542
29.2325
28.2753
27.2702
27.9259
29.3647
29.4937
29.8165
28.7059
27.5512
28.9679
29.8249
29.31
29.4061
28.5906
27.6526
28.6681
28.9314
28.208
28.3507
28.0277
27.6526
28.454
29.1852
28.9842
28.6911
28.5902
28.3688
28.7125
29.2719
28.3809
28.9607
28.5551
27.7458
28.6627
28.4349
28.4285
28.9948
27.7832
27.101
28.3772
28.9385
28.8388
28.6636
28.1777
28.3439
29.2809
30.1618
29.9756
29.1011
27.5558
27.782
29.369
29.0905
28.9922
29.2231
28.2195
28.1239
29.215
30.0752
30.2453
29.4139
28.1088
27.439
28.1797
29.3781
29.3604
28.8388
27.903
27.9983
29.4798
29.2274
29.7186
30.5069
27.8373
27.6893
29.4464
29.2886
29.1265
29.0263
28.1631
28.069
29.2882
29.5233
30.0472
29.8998
28.1686
28.129
28.5433
29.0833
29.6705
28.6944
28.6977
28.9385
29.2321
30.1196
29.244
28.5947
28.0045
28.1746
29.401
29.6939
29.2406
28.3857
27.9673
28.2717
29.2761
29.8606
29.8846
29.1941
28.9675
29.0326
27.7735
27.6962
29.4651
29.4044
28.7216
29.0074
29.0571
29.1924
28.7613
28.0485
27.917
28.4228
29.1971
29.4382
29.5111
27.4085
26.6446
28.3326
28.4317
27.3127
28.0974
27.8664
26.2371
26.906
28.806
29.2642
28.2821
26.1332
24.9082
26.1325
25.7278
25.9997
26.2343
24.7653
24.214
26.178
28.1223
27.5467
26.4795
25.5363
25.7795
26.2509
27.0157
26.894
25.1854
26.1537
28.3704
28.152
29.2355
29.2612
27.527
28.1318
29.203
28.957
28.6553
27.5115
27.6568
29.0166
29.5508
29.3118
28.1722
27.5099
28.7319
28.2135
27.8315
29.2783
29.0833
28.816
28.6882
29.3401
30.1996
29.7354
29.7111
29.0884
28.1532
28.393
28.6123
28.6742
28.8729
29.2689
28.9758
28.7191
29.224
28.8917
28.8268
28.4503
28.2123
29.4079
29.7553
29.2873
29.5233
29.3902
28.9628
29.2821
29.6494
29.6064
29.6771
28.7745
28.0631
29.1104
30.3223
29.6213
28.8654
28.5963
27.1084
27.7427
29.2749
29.3531
29.6626
29.2877
28.3086
28.8475
29.9599
29.6789
29.8338
29.1566
29.0263
29.6406
29.9209
30.4349
30.0933
28.1639
27.9748
29.5736
30.1332
30.4488
30.2042
29.8063
28.1773
28.2052
29.6789
29.8143
28.9654
28.2438
26.8482
27.2435
29.4226
29.271
28.875
27.3856
26.364
26.7895
26.2588
27.2941
29.31
28.5164
28.5213
29.439
29.3015
29.0584
27.9791
26.4162
27.3093
28.0572
27.8505
28.4896
28.7517
28.6037
28.5148
29.1766
29.4842
28.5845
27.9975
28.8725
29.7119
29.4668
28.0434
27.7369
29.2201
28.9943
28.501
29.4273
30.096
29.9599
30.0363
29.7049
29.6578
30.0639
30.0476
29.8614
29.012
28.0163
28.1456
29.5294
29.0761
29.1367
29.6784
28.2482
28.11
29.3587
29.6912
29.9468
30.0508
28.9742
28.7393
28.8118
29.0765
29.8356
29.6687
29.0482
29.1975
29.7186
29.9195
29.4638
28.9935
28.6275
28.376
28.8284
29.203
29.7885
29.9953
29.8111
29.2201
28.8534
29.2065
29.7672
30.0883
28.8301
27.7963
28.701
29.3401
30.0472
30.4261
29.8147
30.0503
29.4629
29.3092
30.2508
29.8744
29.8263
29.8454
28.4446
28.7439
30.2874
30.3361
29.7712
28.5588
28.6685
29.5884
29.1087
29.4278
30.2783
29.5604
29.2009
29.7389
29.9954
29.7739
30.1073
29.9406
28.9026
29.3015
29.1971
28.9256
29.5255
29.3884
28.5148
29.1911
29.9459
29.7208
30.0508
28.2044
28.0234
29.5456
29.6274
30.2435
30.3237
30.1941
29.1817
29.1405
30.101
30.6434
30.5516
29.9972
30.1196
30.16
30.5218
30.5998
29.9814
29.7217
29.5967
30.0034
30.7102
30.713
30.2119
29.5342
29.5024
29.7553
29.6217
30.1187
29.9249
29.2826
28.5629
28.3515
29.7027
30.3053
30.0445
29.4816
29.2265
29.0415
29.3363
29.8726
29.9859
29.338
28.7815
28.8784
29.6336
29.3466
29.502
30.7059
29.7247
28.6607
29.5111
30.4613
30.4456
31.0231
30.8632
29.375
28.4289
29.4157
30.5539
30.9396
31.3141
29.8918
29.2813
29.5915
29.4516
30.2247
29.9253
28.8043
29.2077
29.9128
30.0427
29.6498
29.8543
29.7438
29.0457
29.7929
30.0883
28.8925
28.2741
28.4079
28.0198
28.7385
29.9972
29.824
29.7256
30.2714
29.9244
29.9061
30.8157
31.11
30.2106
30.2957
30.2595
29.6397
29.3906
29.7278
29.994
30.1182
30.3628
29.502
29.2321
30.2462
31.1886
31.2676
30.8566
29.7327
29.6103
30.4948
30.5946
29.9227
29.8356
29.6961
29.1464
29.4139
29.546
30.3499
31.0482
29.6147
28.4107
28.7096
29.5473
30.705
31.0641
29.9343
29.4373
29.8499
30.2384
30.9665
31.5901
30.4039
28.5286
28.6033
29.4226
30.2608
31.4842
30.8043
29.0634
28.6344
29.6152
30.0657
29.7376
29.4477
30.1082
30.13
29.4018
30.0409
30.6941
30.0869
29.8485
29.6996
29.2368
29.8005
30.6124
29.7491
29.2077
28.2917
27.735
29.2483
30.5101
30.3357
29.9625
29.8771
29.522
30.1277
30.7172
30.0233
29.9778
29.7885
29.4061
30.0969
30.4925
29.9846
29.9424
30.1468
28.7125
28.5735
30.2234
30.4516
30.5427
30.2238
30.1718
30.6673
29.8472
29.5369
30.3859
30.0661
29.3221
29.4603
29.769
30.1777
30.2444
30.4136
29.8094
29.4794
30.1951
30.1677
30.8034
30.9972
30.0044
29.7287
30.0107
30.2567
30.1955
29.6925
29.816
29.9778
29.7495
30.2856
30.2549
30.3196
30.1395
29.7018
29.6692
30.3467
31.499
31.6641
31.1905
30.3845
30.3901
30.7201
30.3472
30.2622
30.217
29.3539
29.2937
30.3232
30.6002
30.0553
30.0946
29.5478
29.3699
29.4018
29.2082
30.3145
30.5302
30.5689
29.8374
28.7973
29.449
30.5656
30.8957
31.2617
30.1536
29.3923
30.3108
30.5558
30.8119
30.9507
30.7078
30.6087
30.9167
31.068
31.5617
31.4574
30.546
29.4161
29.2946
30.5595
30.596
30.8086
31.0588
29.1214
29.2129
30.8513
30.7593
30.8666
31.3775
30.5236
28.8642
29.0956
30.6574
30.5027
30.739
31.0704
29.0263
29.4278
30.6321
30.3154
30.6814
30.7069
30.2421
30.8333
31.4085
30.9761
30.9483
30.9741
30.1641
29.1452
30.0368
31.273
31.2383
30.4307
30.3476
30.0269
29.3475
29.5212
30.3334
30.5567
30.6857
30.0598
29.2539
29.8543
30.532
31.4441
30.8361
29.8209
30.1923
30.8247
30.7333
31.2373
31.1832
29.6068
29.4785
30.5497
30.0996
30.1277
30.849
31.0989
29.4343
28.9297
30.7617
30.6528
30.5651
31.082
29.6512
29.0634
30.2906
30.9756
30.8556
30.9857
31.2295
31.0419
31.1187
31.1764
30.5544
30.4442
31.1115
30.697
29.9119
30.3725
31.0246
31.0738
31.2427
30.8938
30.2673
30.3421
30.8
31.4891
30.6105
29.5342
29.4855
29.6503
30.6993
31.0965
31.511
31.1886
30.1978
30.2252
31.1779
31.211
30.9741
31.3043
30.7286
29.8655
29.9334
30.6377
30.4957
30.965
30.8181
29.6468
30.3859
30.8785
30.4169
30.8128
30.9626
29.8312
29.3143
29.9338
31.068
30.4938
29.8677
30.4521
29.4781
29.439
30.14
30.3136
30.7437
30.977
30.165
30.0305
31.2266
31.4941
31.4881
31.3844
30.2673
29.8116
30.1309
30.44
30.7891
31.3337
30.2741
29.3324
30.3164
30.6894
30.2224
30.4044
29.9909
29.5644
30.216
30.9248
31.0251
30.5036
30.4604
30.485
31.0434
30.7088
30.6124
31.2886
30.8818
30.2787
30.4321
31.2554
31.412
31.3671
31.1342
30.9626
30.8952
31.6761
31.8898
30.7725
30.8138
31.5159
29.9814
29.385
31.5443
31.5657
30.6814
30.9406
30.3458
29.9895
30.4869
30.6904
30.9258
31.9806
31.4747
29.7212
30.2485
31.2329
30.9526
30.9325
31.2891
30.3347
29.5037
30.7763
31.9239
31.4564
31.5657
31.0675
29.6353
30.465
31.4643
31.4505
30.8928
30.829
30.6556
29.8316
30.5642
31.5996
31.3205
30.9071
30.3347
29.8436
30.1955
30.8447
31.453
31.5085
31.5368
29.9312
29.4217
30.6852
30.5432
30.931
31.4733
31.3548
30.1887
28.8193
30.2838
32.0302
32.0143
31.3028
29.0803
29.5242
31.3534
31.3863
30.9382
30.4999
30.191
30.7967
31.0863
30.1373
30.8909
31.9224
30.4307
29.8681
31.0849
30.9626
29.9711
30.6236
31.2427
29.8205
29.5827
30.7088
31.4446
31.7209
31.248
29.3234
29.9016
31.4747
30.8261
30.0946
30.4201
31.411
30.5027
30.2393
31.1454
30.7522
25.6908
24.656
28.8771
30.792
30.4409
29.35
29.5129
29.5766
29.4416
30.3297
30.9181
30.9933
30.7697
30.3131
30.5838
30.6546
29.6024
30.1341
31.8441
31.6446
30.4548
30.2457
31.1517
31.5677
31.1023
30.7749
30.6138
30.0621
30.7295
32.1673
32.217
31.8238
31.5931
30.1264
30.2416
31.798
30.7773
30.9607
32.0195
30.2893
30.0942
31.3529
31.6882
31.1052
30.8561
31.7183
30.7806
29.6274
30.175
30.8276
31.4159
31.7365
30.8847
29.3371
29.1562
30.5941
31.8466
31.9076
30.7929
30.2494
30.9794
31.9611
31.7627
31.4253
31.4881
30.2037
29.129
30.5129
31.4906
31.7718
32.1678
31.0564
29.7031
29.382
30.2033
31.3642
31.3406
30.9081
29.7579
29.7155
30.8204
30.8299
31.0054
31.5179
30.9631
29.5042
30.0107
31.4599
31.9714
31.8066
31.2647
30.6415
30.5955
31.4747
31.9239
31.7778
31.6581
31.156
29.6033
29.5425
