8.37271e-312
inf
16.4479
274.499
483.092
2232.14
2547.77
2544.53
2409.64
2369.67
2484.47
3095.98
4158
4081.63
4158
4683.84
4819.28
4705.88
4739.34
5050.51
5181.35
5221.93
5249.34
5263.16
5291
5181.35
5128.21
5249.34
5333.33
5361.93
5361.93
5376.34
5420.05
5464.48
5555.56
5617.98
5586.59
5633.8
5649.72
5602.24
5586.59
5617.98
5665.72
5714.29
5681.82
5714.29
5617.98
5617.98
5865.1
5970.15
5988.02
5847.95
5813.95
5813.95
5865.1
6024.1
6097.56
6153.85
6024.1
5952.38
6042.3
5747.13
5586.59
5763.69
4000
3284.07
3906.25
4962.78
5730.66
4282.66
3898.64
4672.9
5319.15
5464.48
4255.32
4210.53
5050.51
5089.06
5405.41
5025.13
4878.05
5714.29
6153.85
5141.39
4889.98
5063.29
5277.05
6191.95
6369.43
5524.86
5167.96
5540.17
5291.01
5390.84
5952.38
6269.59
6410.26
6349.21
6389.78
6535.95
6451.61
6430.87
6451.61
6410.26
6472.49
6578.95
6514.66
6329.11
6451.61
6711.41
6688.96
5763.69
5479.45
5319.15
3968.25
3944.77
5291.01
5970.15
6172.84
6451.61
6514.66
6600.66
6688.96
6734.01
6269.59
6116.21
6578.95
6557.38
6578.95
6734.01
6666.67
6734.01
3514.94
3350.08
5988.02
5917.16
5988.02
6514.66
6622.52
6430.87
6269.59
6309.15
5434.78
2212.39
1364.26
1872.66
3710.57
4842.61
5347.59
4739.34
4694.84
5115.09
5347.59
5434.78
5865.1
6250
6430.87
6557.38
6578.95
6430.87
5747.13
5115.09
4926.11
5319.15
6042.3
6289.31
6134.97
6230.53
5847.95
5649.72
6250
6410.26
6493.51
6369.43
4901.96
3976.14
3824.09
4098.36
4273.5
4201.68
4385.96
5037.78
4807.69
4618.94
4566.21
4081.63
4237.29
4149.38
3952.57
4115.23
4405.29
4357.3
4040.4
3350.08
3472.22
4651.16
5586.59
4424.78
3610.11
3960.4
4329
3521.13
3316.75
3696.86
3454.23
2684.56
826.788
856.898
3642.99
5649.72
6134.97
6329.11
4784.69
3861
3030.3
2820.87
3174.6
3125
3164.56
3944.77
3992.02
3968.25
5449.59
5813.95
5714.29
4950.5
4319.65
3649.64
3656.31
4048.58
3514.94
3412.97
3875.97
4132.23
4115.23
3929.27
4000
3683.24
3412.97
3623.19
3875.97
3875.97
3913.89
4056.8
4016.06
3787.88
3100.78
3048.78
3478.26
4192.87
2728.51
544.366
435.92
958.773
1551.59
1501.5
2083.33
1411.43
1384.08
2442
2421.31
3316.75
2865.33
2928.26
4000
4587.16
4784.69
5277.04
4807.69
4854.37
6116.21
2328.29
2134.47
4166.67
491.642
469.153
3110.42
5102.04
3105.59
2739.73
4319.65
4576.66
3690.04
2166.85
2145.92
3316.75
3508.77
2148.23
1530.22
2120.89
3478.26
4301.08
5797.1
6250
6309.15
6269.59
6134.97
6172.84
6329.11
6230.53
6134.97
6042.3
5780.35
5882.35
5830.9
4494.38
4291.85
5102.04
5319.15
5479.45
4938.27
5063.29
5050.51
4938.27
5797.1
6024.1
6269.59
6493.51
6472.49
6514.66
6557.38
6514.66
6472.49
6535.95
4807.69
3787.88
4098.36
4640.37
4040.4
2906.98
2317.5
2176.28
2439.02
2805.05
3521.13
3976.14
3539.82
4132.23
5361.93
6006.01
4073.32
3616.64
4854.37
5221.93
5181.35
5128.21
5405.41
6060.61
6369.43
6535.95
6622.52
6734.01
6825.94
6849.31
6825.94
6666.67
6622.52
6688.96
6451.61
5390.84
3669.72
3490.4
4672.9
5540.17
5952.38
6116.21
4889.98
4587.16
3787.88
3095.98
3745.32
4000
3891.05
4048.58
1785.71
1367.05
2392.34
3824.09
3044.14
2721.09
3508.77
5333.33
3710.57
3053.44
1103.75
754.432
1531.39
4166.67
4106.78
5602.24
4494.38
2551.02
2403.85
3577.82
4854.37
5882.35
6389.78
4716.98
4089.98
4938.27
5102.04
3929.27
3527.34
4032.26
4201.68
4081.63
4415.01
4504.5
4089.98
4535.15
4484.3
3787.88
4048.58
4424.78
4016.06
4000
3853.56
3436.43
3125
3816.79
5847.95
4889.98
4576.66
5376.34
5449.59
5494.51
4662
4291.85
5167.96
5882.35
4454.34
4016.06
4854.37
4878.05
4395.6
4264.39
2375.3
1275.51
1253.13
2355.71
4524.89
3584.23
3696.86
4878.05
5376.34
5681.82
5141.39
5208.33
5747.13
5602.24
5730.66
5540.17
5681.82
6289.31
6451.61
5882.35
5235.6
4608.3
4901.96
6006.01
6309.15
4950.5
4761.9
4854.37
5076.14
6600.66
6688.96
6734.01
6756.76
6756.76
6211.18
4089.98
2980.63
3384.09
2331
2125.4
3636.36
4889.98
5847.95
4319.65
3610.11
3407.16
3418.8
4395.6
4618.94
4819.28
3590.66
3076.92
3960.4
4357.3
4464.29
4347.83
4376.37
4376.37
950.119
743.494
1628.66
2865.33
3338.9
3773.58
3960.4
3454.23
3407.16
3696.86
4032.26
4089.98
4175.37
4237.29
4219.41
4201.68
3952.57
3816.79
3649.64
3656.31
3731.34
3442.34
3676.47
3861
3649.64
3937.01
4210.53
4347.83
3868.47
3921.57
4149.38
3787.88
3992.02
4228.33
4219.41
4273.5
3584.23
3105.59
2785.52
2747.25
2487.56
2125.4
709.723
753.012
3656.31
4454.34
4484.3
3577.82
3289.47
3577.82
3992.02
3861
3636.36
3891.05
4424.78
5221.93
1846.72
1609.01
3355.7
4210.53
4629.63
3861
3868.47
4914
4950.5
5102.04
5291.01
4773.27
4158
4175.37
3200
3110.42
3189.79
3300.33
4140.79
4264.39
5291.01
4366.81
3496.5
3533.57
3838.77
4106.78
3731.34
3384.09
3533.57
3384.09
2642.01
2702.7
1005.53
821.355
2010.05
3086.42
2805.05
3478.26
3976.14
3773.58
3460.21
3937.01
4089.98
3603.6
3558.72
3316.75
3016.59
3546.1
4175.37
4016.06
4140.79
4301.08
3944.77
3921.57
4264.39
4291.85
3759.4
4192.87
5934.72
5208.33
4329
3913.89
4016.06
4555.81
4158
3558.72
3629.76
4514.67
4132.23
2239.64
1323.63
1367.99
699.545
634.921
1379.31
1962.71
3395.59
5934.72
6430.87
6514.66
6600.66
6711.41
4962.78
4576.66
5847.95
6349.21
6493.51
6600.66
6666.67
6756.76
6849.31
6802.72
6802.72
6849.31
6849.31
6849.31
6872.85
6896.55
5305.04
5319.15
5076.14
4796.16
6172.84
6472.49
6600.66
6666.67
6756.76
6802.72
6825.94
6849.31
6825.94
6849.31
6802.72
6802.72
6872.85
6872.85
6896.55
6896.55
6920.42
6944.44
6944.44
6779.66
4115.23
3868.47
3944.77
1869.16
2143.62
4576.66
4089.98
4705.88
4434.59
2500
909.918
738.825
1443
3669.73
5361.93
6060.61
6349.21
4878.05
4683.84
6060.61
6191.95
6079.03
6172.84
6451.61
3921.57
2894.36
3690.04
5181.35
5917.16
6211.18
6430.87
6493.51
6451.61
6451.61
6472.49
6535.95
6666.67
6756.76
5063.29
4048.58
4464.29
5361.93
6006.01
6211.18
6211.18
5194.8
4494.38
4494.38
4395.6
4255.32
4395.6
5063.29
5305.04
5449.59
6060.61
6230.53
6329.11
6410.26
5830.9
4032.26
3816.79
4819.28
3976.14
3478.26
2886
2777.78
3610.11
1194.03
491.039
680.041
3649.64
4434.59
5221.93
4672.9
4255.32
4454.34
4750.59
5235.6
5012.53
4651.16
4878.05
4901.96
5037.78
5361.93
5681.82
5830.9
5813.95
5970.15
5540.17
5479.45
5882.35
4640.37
3906.25
4484.3
4494.38
4210.53
4587.16
4830.92
5333.33
4878.05
4796.16
5665.72
5830.9
5698.01
5194.81
5167.96
5763.69
5952.38
5420.05
5420.05
6079.03
6309.15
5730.66
5714.29
6309.15
6269.59
6389.78
6472.49
5917.16
4338.39
3824.09
3610.11
2652.52
3021.15
4474.27
4535.15
4434.59
3294.89
3539.82
5000
4464.29
4629.63
5540.17
5089.06
4761.9
5263.16
5698.01
5361.93
5494.51
5665.72
5390.84
5681.82
5208.33
4950.5
4761.9
4089.98
4357.3
4683.84
4514.67
4926.11
5449.59
3086.42
2724.8
4255.32
5102.04
5494.51
5602.24
5780.35
5988.02
5952.38
5830.9
5813.95
5797.1
6006.01
6211.18
5934.72
5797.1
5970.15
6191.95
6116.21
6060.61
6211.18
6024.1
6024.1
6289.31
6349.21
6369.43
6389.78
6430.87
6369.43
6153.85
6269.59
6451.61
6329.11
6250
6230.53
6153.85
6097.56
5847.95
5747.13
5970.15
6250
6451.61
6389.78
6289.31
6211.18
6153.85
6134.97
5649.72
4761.9
4914
5882.35
6024.1
6191.95
6493.51
6622.52
6779.66
6779.66
6802.72
6872.85
6600.66
6079.03
6269.59
6802.72
6734.01
6688.96
2421.31
2166.85
4728.13
5698.01
6006.01
6269.59
6269.59
6042.3
6042.3
6269.59
6172.84
4866.18
4219.41
4807.69
5524.86
4716.98
4237.29
4728.13
5025.13
4889.98
4962.78
5154.64
4987.53
4975.12
5194.81
5509.64
5714.29
5665.72
5649.72
5730.66
5665.72
5681.82
5747.13
5665.72
5649.72
5763.69
5681.82
5681.82
5865.1
5882.35
5649.72
5602.24
5882.35
5934.72
5882.35
5813.95
5780.35
5633.8
5649.72
5865.1
5830.9
5847.95
5221.93
4347.83
4175.37
2919.71
2496.88
565.611
560.538
3179.65
4073.32
4264.39
4405.29
4705.88
4830.92
5115.09
5291.01
5277.05
5917.16
6097.56
5665.72
5681.82
6211.18
6369.43
6535.95
6688.96
6688.96
6734.01
6666.67
6451.61
6430.87
6535.95
6622.52
6644.52
5698.01
3262.64
3401.36
5865.1
6191.95
6191.95
6006.01
5952.38
5970.15
5602.24
5617.98
5970.15
5917.16
6079.03
6349.21
6514.66
6578.95
6622.52
6430.87
6269.59
6250
6097.56
6024.1
6097.56
6079.03
6097.56
6269.59
6329.11
6250
6309.15
6410.26
6211.18
6230.53
5797.1
4672.9
4366.81
3952.57
4301.08
5847.95
6309.15
5988.02
5899.7
6493.51
6711.41
6309.15
6289.31
6711.41
6756.76
6779.66
6688.96
6514.66
5917.16
4773.27
4597.7
4024.14
3809.52
4618.94
4716.98
5000
5730.66
5952.38
6097.56
6410.26
6514.66
6430.87
6389.78
6079.03
4914
4576.66
1751.31
1680.67
4640.37
5797.1
6191.95
6349.21
6430.87
6535.95
6622.52
6644.52
6472.49
6472.49
6666.67
5277.04
4555.81
4282.66
3913.89
4166.67
4140.79
4056.79
3960.4
4065.04
3929.27
3521.13
4024.14
4773.27
5167.96
5899.7
6430.87
6600.66
6711.41
6711.41
5865.1
5797.1
6191.95
4089.98
3952.57
5128.21
4830.92
4773.27
4807.69
3731.34
3231.02
3003
3058.1
4024.14
4640.37
4761.9
4962.78
5649.72
6472.49
6688.96
6734.01
6688.96
6600.66
6269.59
6134.97
5555.56
4484.3
4291.85
4576.66
4866.18
5128.21
4597.7
4618.94
5434.78
5934.72
6211.18
6329.11
6369.43
6451.61
6578.95
6644.52
6430.87
5115.09
4773.27
5420.05
5000
4504.5
4761.9
4878.05
5115.09
5617.98
4938.27
4048.58
3992.02
4166.67
4192.87
3883.5
3780.72
4484.31
5221.93
4750.59
4566.21
4914
5277.04
5882.35
5586.59
5586.59
5076.14
2628.12
2450.98
2285.71
443.459
457.561
2430.13
2621.23
2706.36
2962.96
2936.86
2518.89
2706.36
3623.19
3565.06
2557.54
2024.29
2267.57
2945.51
3115.26
3091.19
2936.86
2564.1
2145.92
2528.44
3952.57
3787.88
3610.11
3134.8
3194.89
3898.64
3960.4
4140.79
2865.33
686.342
674.764
2212.39
1680.67
832.639
986.68
2450.98
2421.31
2392.34
2347.42
2352.94
2538.07
2544.53
2439.02
2544.53
2652.52
2509.41
2808.99
2695.42
1578.53
1739.13
3378.38
2832.86
2728.51
2945.51
1874.41
671.366
726.216
2042.9
2209.94
2691.79
3508.77
5063.29
5681.82
5934.72
5934.72
5988.02
5952.38
5797.1
5797.1
5988.02
5797.1
5813.95
6097.56
5899.7
6024.1
6309.15
5988.02
5988.02
6329.11
6349.21
6369.43
6042.3
5882.35
5089.06
4728.13
5390.84
5747.13
5865.1
5970.15
5988.02
5988.02
5917.16
5747.13
5813.95
5917.16
5988.02
1439.88
1221
3091.19
4739.34
5464.48
5763.69
5882.35
5730.66
5633.8
5763.69
5899.7
6097.56
6309.15
5319.15
4672.9
4219.41
3690.04
3610.11
3898.64
4184.1
4310.34
4454.34
4338.39
4338.39
4597.7
4329
4192.87
4926.11
4514.67
4474.27
5586.59
5988.02
6269.59
4830.92
4587.16
4854.37
4405.29
4629.63
5050.51
5540.17
5830.9
6116.21
6289.31
6211.18
6079.03
6097.56
6230.53
6289.31
6329.11
6369.43
6230.53
5633.8
5586.59
6116.21
5665.72
5540.17
6116.21
6430.87
6430.87
5813.95
5780.35
5681.82
5494.51
6042.3
6153.85
6134.97
6329.11
6410.26
6451.61
6472.49
6329.11
6191.95
6250
6349.21
5405.41
4842.61
5194.81
5633.8
5865.1
5917.16
5934.72
5988.02
6060.61
6097.56
6269.59
5882.35
5649.72
5934.72
6006.01
6079.03
6289.31
5813.95
5194.8
5319.15
5089.06
4494.38
4761.9
4587.16
4329
5263.16
664.673
637.755
3710.57
4056.79
3984.06
2766.25
2928.26
4494.38
3853.56
3724.39
4694.84
5763.69
5988.02
6060.61
6134.97
6116.21
6153.85
6289.31
6250
6269.59
6349.21
6369.43
6410.26
6430.87
6389.78
5333.33
4950.5
5524.86
5780.35
5970.15
5917.16
4640.37
4032.26
4319.65
4761.9
5141.39
5263.16
5277.04
5063.29
4975.12
4926.11
4950.5
5089.06
5063.29
4962.78
4878.05
5050.51
4474.27
4081.63
4504.5
5050.51
4878.05
4329
4329
4454.34
4694.84
4950.5
5012.53
4761.9
4338.39
4219.41
4694.84
4866.18
4901.96
5333.33
4878.05
4566.21
4866.18
5361.93
5665.72
5319.15
4237.29
3752.35
4228.33
4535.15
4545.45
5063.29
5479.45
5665.72
5797.1
6097.56
6472.49
6535.95
6578.95
6514.66
6472.49
6557.38
6514.66
6472.49
6578.95
6779.66
6825.94
6802.72
6802.72
6756.76
6711.41
6666.67
6600.66
6557.38
6622.52
2277.9
2107.48
4166.67
3968.25
4264.39
3225.81
2564.1
2832.86
2890.17
2890.17
3007.52
2594.03
292.74
297.708
2518.89
2249.72
3016.59
3960.4
3436.43
3322.26
2877.7
2617.8
2797.2
2936.86
2954.21
3149.61
3636.36
3696.86
4608.3
4854.37
5025.13
6153.85
6309.15
5540.17
4901.96
5376.34
6153.85
5194.8
4926.11
5813.95
6134.97
6172.84
5714.29
5586.59
6042.3
5221.93
4484.3
4866.18
5181.35
4081.63
3921.57
4545.45
4514.67
4629.63
4415.01
4319.65
3960.4
4073.32
4962.78
5376.34
5681.82
4504.5
3976.14
3906.25
4201.68
4444.44
4424.78
5141.39
5464.48
5899.71
6191.95
6369.43
6644.52
6711.41
6600.66
6666.67
6825.94
6666.67
6622.52
6756.76
6734.01
6779.66
6802.72
6688.96
5698.01
5376.34
5847.95
6024.1
6153.85
6250
5602.24
4282.66
4474.27
5847.95
6309.15
6410.26
6493.51
6688.96
6269.59
5899.71
4237.29
3442.34
3703.7
3389.83
3220.61
3731.34
4106.78
4255.32
4237.29
3913.89
4032.26
3868.47
3205.13
3424.66
3642.99
3246.75
3565.06
3921.57
3048.78
1318.39
611.995
802.89
2049.18
2081.17
3484.32
4073.32
4228.33
4555.81
5277.04
4056.8
3200
3802.28
4338.39
4246.28
4347.83
4347.83
4264.39
4329
4514.67
4728.13
4192.87
4140.79
4514.67
4264.39
4056.79
4081.63
4219.41
4694.84
5154.64
4842.61
4950.5
4914
4889.98
4830.92
4878.05
4484.3
4089.98
4301.08
4319.65
4166.67
4089.98
3787.88
3305.79
829.876
830.91
3952.57
4830.92
4434.59
4000
3745.32
3984.06
4535.15
4662
4618.94
4716.98
4662
4640.37
4618.94
5141.39
6060.61
6269.59
6369.43
6514.66
6493.51
6451.61
6410.26
6451.61
6079.03
5899.7
6191.95
4219.41
3311.26
3571.43
3724.39
2773.93
2702.7
3717.47
4228.33
4338.39
3802.28
2392.34
2439.02
4415.01
5780.35
5390.84
4651.16
4618.94
4773.27
4192.87
3154.57
1694.92
1495.89
730.194
766.284
2923.98
3759.4
4056.79
4000
3795.07
3795.07
3898.64
4081.63
3984.06
3690.04
2985.07
2092.05
2254.79
2801.12
2886
3205.13
3623.19
3780.72
3717.47
4081.63
4819.28
5882.35
4484.3
3929.27
4264.39
3802.28
4282.66
5649.72
6097.56
4819.28
4545.45
5763.69
6211.18
6329.11
6430.87
6578.95
6369.43
6309.15
6600.66
6622.52
6622.52
6688.96
6578.95
6557.38
6666.67
6756.76
6711.41
4842.61
3690.04
4329
5479.45
5037.78
5194.81
5102.04
4830.92
5571.03
5235.6
4683.84
4854.37
5037.78
5141.39
5154.64
4889.98
5263.16
6153.85
6389.78
6329.11
5221.93
4854.37
5025.13
5025.13
5154.64
5063.29
5194.81
5390.84
5319.15
5333.33
5524.86
5633.8
5434.78
5263.16
5494.51
5730.66
5714.29
5586.59
5479.45
3072.2
2695.42
696.621
477.099
975.134
265.358
263.609
1031.46
1040.04
1296.18
1492.54
3623.19
4024.14
4219.41
4056.79
4140.79
4415.01
2849
2369.67
3278.69
3623.19
2793.3
2652.52
3048.78
3100.78
2949.85
1968.5
633.914
694.686
2136.75
2457
2773.93
2735.98
4228.33
5524.86
5970.15
6024.1
6024.1
6116.21
5747.13
5681.82
6134.97
5333.33
4926.11
4807.69
4739.34
5221.93
5405.41
4705.88
4434.59
5000
5249.34
5319.15
4750.59
3984.06
4098.36
4576.66
4784.69
4807.69
4926.11
4975.12
4618.94
4651.16
4395.6
4201.68
4089.98
3906.25
4264.39
4807.69
5235.6
5347.59
5571.03
5633.8
4629.63
4264.39
4784.69
5089.06
4914
5050.51
5333.33
5347.59
5449.59
4651.16
4385.97
4415.01
3838.77
3937.01
3110.42
3338.9
5181.35
4566.21
3267.97
3629.76
5333.33
5128.21
5714.29
6472.49
6600.66
6622.52
6578.95
411.777
392.311
3267.97
4566.21
4987.53
5449.59
5390.84
5405.41
5025.13
4597.7
4576.66
5000
5571.03
5747.13
5830.9
5970.15
6153.85
5988.02
4514.67
4291.85
4975.12
4950.5
4255.32
4264.39
5102.04
5167.96
4796.16
4273.5
4566.21
4514.67
4566.21
5509.64
4842.61
4444.44
5167.96
5208.33
4878.05
4566.21
4535.15
5420.05
6289.31
5934.72
5847.95
6289.31
6230.53
6097.56
5934.72
4914.01
4319.65
27.5778
27.5569
4000
4347.83
4040.4
4608.3
5076.14
4975.12
5390.84
5649.72
5934.72
5602.24
5249.34
5602.24
5555.56
4357.3
4454.34
5714.29
5464.48
5361.93
5917.16
6116.21
6153.85
6134.97
6060.61
6116.21
6269.59
6430.87
6134.97
6024.1
6289.31
6309.15
6369.43
6493.51
6369.43
5494.51
5263.16
5730.66
5882.35
5970.15
4629.63
4376.37
5449.59
5917.16
6172.84
5882.35
5291.01
5420.05
5970.15
6191.95
6389.78
504.541
481.58
3577.82
4566.21
4640.37
4866.18
5235.6
5847.95
6250
6389.78
5333.33
4566.21
1368.93
1204.82
2100.84
2567.39
3937.01
4608.3
5128.21
3466.2
3289.47
3831.42
3787.88
3976.14
3610.11
3490.4
4089.98
4504.5
4535.15
4587.16
4672.9
3115.26
3021.15
4081.63
3929.27
4219.41
4454.34
4415.01
4166.67
4464.29
5434.78
5649.72
3378.38
851.426
839.278
1346.8
655.308
816.327
3030.3
5050.51
5797.1
5917.16
4987.53
4376.37
3584.23
3597.12
4962.78
4246.28
2290.95
