1.02175e-311
inf
14.1225
294.291
360.036
464.145
492.247
519.076
508.13
510.595
501.505
519.346
536.193
542.299
579.542
577.034
559.597
565.451
579.039
551.572
379.219
340.716
427.716
465.224
494.071
489.956
455.166
466.527
501.505
541.859
539.229
466.853
456.204
466.853
498.256
558.191
559.754
543.626
518.538
502.386
376.861
347.887
468.604
553.25
545.554
536.049
550.964
505.306
483.91
523.972
494.071
470.699
495.172
513.347
461.894
479.386
555.401
544.959
554.631
566.733
575.871
598.623
553.097
367.512
371.058
542.594
566.251
571.265
570.776
372.093
363.504
537.49
520.291
493.827
509.814
389.484
251.004
278.94
416.84
462.321
401.123
321.906
376.719
465.116
201.227
203.128
353.294
355.935
493.218
405.597
378.143
461.894
547.495
600.42
609.756
599.52
600.06
579.71
577.367
614.817
620.925
619.387
619.387
614.817
605.51
608.273
582.751
573.23
600.781
604.412
615.195
631.313
632.911
623.441
594.53
602.228
601.504
573.559
573.394
587.544
601.504
594.001
577.034
566.251
598.623
625
617.856
617.665
615.195
614.251
615.953
566.251
551.572
585.138
600.06
618.238
618.047
620.155
617.093
606.244
586.166
572.246
591.716
628.733
655.308
652.316
640.41
650.195
640.82
502.639
479.731
531.773
578.536
662.032
653.595
671.592
699.545
679.348
631.313
646.621
679.117
670.691
688.231
699.545
688.231
676.819
684.697
683.293
664.452
659.631
676.133
671.592
661.813
672.495
691.802
721.501
719.942
680.272
648.298
656.168
687.521
719.683
723.851
704.722
702.001
708.466
705.716
682.827
680.967
714.796
714.541
689.18
668.896
664.011
685.166
705.219
648.088
636.537
664.011
655.093
644.33
647.668
679.579
684.463
689.417
704.722
670.916
651.89
684.932
711.491
726.744
712.504
697.35
709.22
333.5
287.356
457.143
508.518
595.415
654.664
660.72
720.461
602.954
598.444
713.012
710.48
708.717
685.166
678.426
606.428
623.636
730.193
703.73
706.464
725.689
745.434
750.751
751.597
784.621
795.545
775.795
767.46
606.428
564.972
691.324
725.163
713.521
716.846
754.432
763.067
737.735
678.887
644.122
684.228
708.466
733.407
320.461
315.209
722.282
704.722
684.228
683.293
703.235
334.448
325.468
657.246
476.19
312.842
369.344
642.88
647.249
655.308
726.48
680.967
477.213
292.654
27.7139
28.8172
730.727
782.473
793.651
744.325
706.215
735.294
792.707
795.229
700.771
690.608
771.307
822.03
829.531
814.664
796.495
762.486
751.88
761.905
379.075
378.573
755.858
762.195
782.473
788.022
801.603
797.448
824.063
782.779
684.463
694.203
752.729
774.293
750.751
752.162
807.103
821.355
776.397
766.577
745.712
486.145
490.677
756.43
758.15
765.697
799.361
830.22
847.458
849.257
886.525
660.066
615.385
788.955
844.238
860.956
850.34
846.024
834.028
857.265
861.698
826.788
658.545
641.849
833.681
907.441
900.901
908.678
903.342
864.304
842.105
810.045
789.266
790.514
761.615
750.751
779.727
801.925
839.278
917.431
917.852
885.348
917.431
926.784
919.118
915.751
707.214
652.742
809.717
902.935
932.836
916.59
907.853
917.011
876.808
857.265
896.861
877.578
700.771
698.568
824.402
603.865
517.197
665.336
863.931
930.233
972.29
1014.2
1005.03
706.964
662.91
892.857
998.502
1059.88
1070.66
1041.67
1028.28
1044.39
1048.22
1049.32
1055.41
1068.95
1096.49
1043.3
941.176
916.17
982.318
1043.3
1050.97
1061.57
1066.1
1086.37
1110.49
1118.57
1113.59
1099.51
1055.97
1040.58
689.417
650.618
950.119
1006.04
1044.39
1050.97
995.52
1026.69
1075.85
1016.78
988.631
1007.56
1000
947.867
703.482
719.683
977.517
1006.54
1054.85
1048.77
1028.28
1032.52
998.502
993.542
1037.88
1002
924.642
745.712
732.064
873.362
945.18
1071.24
782.779
733.945
996.016
1057.64
1066.1
1021.45
1017.29
905.387
443.262
352.858
524.797
790.826
848.896
851.426
918.695
996.016
1057.64
1027.22
879.894
829.876
878.735
925.069
999.5
1053.19
1038.42
993.049
964.32
980.392
926.784
934.579
960.615
835.771
801.282
863.185
928.505
986.68
976.563
999.5
959.233
896.861
793.336
735.835
815.994
837.17
703.235
751.033
935.454
959.233
975.61
962.464
999.001
1021.45
1040.58
1048.77
1064.4
1006.04
994.036
813.008
760.746
914.913
957.396
966.651
960.154
943.396
975.61
1033.59
1024.07
976.563
946.97
949.217
892.459
793.651
842.46
985.222
987.654
1011.63
991.08
897.263
944.733
1037.34
1015.74
987.167
959.233
985.222
805.153
765.697
926.784
980.873
1044.93
1068.95
1038.96
986.193
938.967
944.287
945.18
901.307
931.532
888.889
727.802
761.615
874.891
905.387
1012.66
987.654
286.862
284.212
753.012
810.045
1005.03
800.961
814.332
1037.88
962.927
545.703
497.512
713.521
512.295
540.979
931.966
1001.5
1012.66
1021.97
1074.69
1061.57
978.953
934.579
954.654
924.214
892.061
821.355
858.001
990.589
985.222
1022.49
1083.42
1071.24
1085.19
1050.42
1050.42
1053.19
996.016
1060.45
1097.09
924.642
875.657
963.855
1028.81
1051.52
1002
1031.46
1058.76
1057.64
1074.69
1028.28
1028.28
1061.01
1071.24
1085.78
1057.08
983.768
997.009
1074.11
1049.32
1031.46
1037.88
990.099
1024.07
1091.7
1082.84
1086.96
1079.91
1031.99
1000
878.735
788.022
729.927
761.905
943.396
1029.34
1058.76
1085.19
1077.59
1044.39
1048.22
1067.24
984.737
781.555
588.755
557.725
714.286
862.069
872.981
956.023
1052.63
1088.73
1102.54
1124.23
1135.07
1066.1
761.035
744.879
959.693
1005.53
1078.75
1126.76
1129.94
1120.45
1144.16
1205.55
1234.57
1229.26
1190.48
1192.61
1078.17
957.854
1037.88
1139.6
1155.4
1180.64
1158.08
1121.08
1144.82
1197.6
1212.86
1148.11
1114.21
1142.86
1129.31
1134.43
1185.54
1091.11
1038.42
1120.45
1098.9
1001.5
911.993
876.04
902.527
996.512
1142.86
1218.03
1194.03
1141.55
1157.41
1206.27
1142.86
809.389
809.717
1093.49
1066.1
1091.7
1062.7
1036.81
1126.13
1143.51
1053.74
1042.21
1120.45
1118.57
1098.3
780.031
762.486
1049.32
1109.88
1078.17
1022.49
936.33
884.956
983.768
1050.97
1081.67
1111.11
1074.11
1087.55
913.242
868.432
1013.17
1070.09
1148.77
1165.5
1138.3
1147.45
1175.09
1067.81
1016.26
1085.78
1042.21
1026.17
1098.9
1007.05
845.309
950.57
1198.32
1229.26
1249.22
1207
1114.21
1056.52
1064.4
1086.37
981.354
944.733
1009.59
1061.01
886.918
824.402
945.626
718.391
742.942
1112.35
1089.32
1079.33
1114.83
1082.25
1103.14
1106.19
1085.78
1106.81
1095.89
1027.22
1057.64
1164.14
1155.4
1079.91
1085.19
1104.97
1044.39
1052.08
1020.41
1046.57
1104.36
1084.01
1090.51
1023.54
1030.93
1081.67
1100.72
1146.13
1179.25
1073.54
1007.05
1010.61
1042.21
1103.14
1164.82
1148.77
1084.01
1070.09
920.81
748.223
816.993
1051.52
1099.51
1126.76
1187.65
1181.33
1163.47
1183.43
1152.74
1103.14
968.054
978.474
1122.33
1071.24
935.891
890.869
1004.02
1082.25
1100.11
1141.55
1064.96
1063.83
1137.01
1163.47
1140.9
1080.5
1082.25
1077.01
1051.52
974.659
984.252
894.454
898.876
1083.42
1055.97
998.004
1021.97
953.743
726.216
744.325
886.132
918.274
867.303
835.422
973.71
990.099
940.292
911.577
900.09
848.896
885.348
1031.46
1112.97
1143.51
1115.45
1081.67
904.159
861.326
972.29
928.505
953.743
1135.72
1182.03
1158.75
1142.86
995.52
967.586
1092.3
1130.58
1063.26
955.11
805.802
842.105
1064.4
1100.11
1129.94
1135.07
1103.75
1059.32
1027.75
941.62
872.981
963.391
1049.32
999.001
942.063
973.71
1095.89
1109.26
1001
1004.02
1092.3
1059.32
983.768
1026.17
1116.69
1188.35
1209.92
1150.09
1066.1
777.605
751.033
996.016
1085.19
1104.97
1132.5
1126.76
1102.54
1102.54
1104.36
1057.08
1054.85
928.936
830.565
753.296
777.303
990.099
1097.69
1081.08
1089.32
1083.42
973.71
1005.03
1085.78
1041.67
1077.59
1088.14
1049.87
950.57
800
863.931
1075.27
1131.22
1074.69
1015.23
1045.48
1115.45
1160.09
1210.65
1230.77
1250
1031.46
988.631
1062.13
956.023
1010.61
1168.22
1201.2
1198.32
1179.25
1176.47
1194.74
1079.33
1069.52
1201.92
1111.73
1013.68
1109.26
1159.42
1071.81
962.927
945.18
993.049
941.62
965.251
1070.09
1109.26
1090.51
1079.33
1098.9
1102.54
1073.54
1077.59
865.052
684.229
811.688
1113.59
1158.75
1161.44
1122.33
1095.29
1124.23
1156.07
933.271
905.797
1147.45
1141.55
1133.14
1047.12
771.903
808.734
1084.6
1099.51
990.099
996.512
1180.64
1227.75
1097.09
1028.81
1080.5
1088.14
1091.11
1129.94
734.754
692.281
1004.02
1092.3
1138.3
1194.74
1245.33
1179.25
1186.94
1201.2
1188.35
988.631
983.768
1190.48
1155.4
1040.04
827.472
862.441
1086.96
1135.07
1016.26
787.402
806.127
1038.42
1154.73
1152.74
1119.19
1124.86
1121.7
998.004
911.162
969.462
1095.89
1196.17
1214.33
1109.26
1022.49
1055.41
1114.83
1166.18
1132.5
1085.19
1002
774.593
542.299
621.504
1037.88
1131.22
1095.89
1096.49
1151.41
1024.59
777.303
676.59
693.963
759.59
797.448
793.336
843.882
946.97
976.563
1021.45
1154.73
1082.25
986.193
1003.01
988.142
1002
1061.57
983.768
741.29
751.033
993.542
1081.08
1122.96
1135.72
1186.24
1166.86
1092.9
895.255
869.565
1026.17
1060.45
1124.23
1116.69
962.464
948.767
1071.24
1153.4
1033.59
989.12
1097.69
1127.4
1096.49
1090.51
1135.72
1146.79
1134.43
1146.79
1106.81
978.953
982.801
1103.14
1162.79
1193.32
1172.33
1152.07
1194.74
1196.89
1145.48
1152.74
1073.54
1042.21
1104.97
1122.33
1115.45
972.29
972.763
1128.67
1162.79
1164.82
1177.86
852.152
827.472
1122.96
1118.57
1082.25
1087.55
1089.32
1077.01
663.57
571.755
830.565
1078.75
1124.86
968.054
973.71
1165.5
1205.55
1153.4
1175.78
1194.74
1100.72
1016.26
1050.97
995.025
908.265
990.099
1084.01
1093.49
1066.67
1080.5
1081.67
1095.29
1118.57
1100.72
1137.01
1091.11
1024.59
1011.12
776.096
735.024
779.423
822.368
1041.12
1132.5
1161.44
1152.74
1097.69
1105.58
1156.74
1147.45
1064.96
999.5
902.935
907.029
983.284
988.142
1076.43
1134.43
1108.03
1099.51
1123.6
988.142
984.252
1136.36
1084.6
1057.64
1046.57
881.834
950.57
1172.33
1177.86
950.57
886.132
1054.3
1013.17
872.22
905.387
1061.01
1101.32
1112.35
1117.32
814.996
778.513
1064.96
1179.25
1205.55
1171.65
1078.17
1020.41
1044.39
1076.43
1088.14
1110.49
1146.13
1171.65
1177.86
1114.83
945.18
912.825
1023.02
1063.26
1073.54
938.967
922.935
1115.45
1175.78
1168.22
1190.48
1207
1178.55
1148.77
1131.22
781.25
764.818
1075.85
1106.19
1108.65
1126.76
1057.64
1081.08
1233.05
1233.05
1013.17
695.652
752.729
863.558
788.022
972.29
1148.77
1186.24
1147.45
1204.82
1079.33
1050.42
1053.19
983.768
1029.34
895.255
864.678
908.678
886.525
946.074
1001.5
1057.64
1098.9
1055.41
1118.57
1119.82
1024.07
1074.11
1070.66
787.092
673.627
632.311
738.825
1104.36
1164.14
1105.58
1043.84
1055.97
1122.33
995.52
862.441
945.626
1109.88
1150.09
1152.74
748.503
686.813
1047.12
1275.51
1111.11
1061.57
1143.51
1051.52
1090.51
1182.03
1180.64
1154.73
1133.14
1151.41
1021.97
673.174
680.041
994.53
1106.81
1150.09
1157.41
1236.86
1192.61
1127.4
1137.66
1029.87
1044.93
1192.61
1191.9
1114.21
1003.01
926.784
990.099
1109.88
1177.16
1168.22
943.396
962.001
1207
1251.56
1236.09
1211.39
1155.4
1119.82
1135.07
1168.22
793.021
715.82
984.737
1121.08
1190.48
1001
961.538
1139.6
1138.3
1132.5
1191.19
1000
929.8
1076.43
1123.6
862.813
823.384
982.318
985.707
1090.51
1201.92
1130.58
1088.14
1140.9
1149.43
1166.86
1125.49
1025.64
998.004
994.53
1020.41
1121.08
999.001
942.951
1017.29
1001
1055.41
1160.77
1156.07
1085.78
1035.73
1037.34
1168.22
1053.74
829.187
848.896
1057.08
1206.27
1245.33
1272.26
1243.78
1193.32
1207.73
1261.03
1072.39
1051.52
1066.1
883.002
877.963
949.217
793.021
858.001
1184.13
1008.06
998.502
1175.09
1246.88
1271.46
1163.47
1158.08
1178.55
1172.33
1128.67
1097.09
1063.26
967.118
974.659
1052.63
1162.12
1246.88
1257.07
1280.41
1307.19
1275.51
1133.14
1106.81
1040.58
1008.06
1116.69
1152.07
1084.6
1001.5
967.118
1004.52
1137.01
1196.89
1137.66
970.874
969.462
1097.09
1131.22
1167.54
1188.35
1176.47
1160.77
1169.59
798.085
704.97
985.222
1179.94
1182.73
1213.59
1168.91
1070.66
1090.51
1135.07
1174.4
1161.44
805.802
806.777
1024.59
759.878
757.289
1053.74
1213.59
1252.35
1223.24
1162.12
1056.52
1091.7
1220.26
1204.82
1164.14
1158.75
856.531
534.188
623.83
950.57
969.462
1137.66
1184.83
1200.48
1207
1173.71
1146.79
1184.13
1198.32
1154.07
1055.41
1050.97
689.417
554.785
589.102
647.668
866.551
951.022
848.536
925.497
1158.08
1167.54
1139.6
1041.12
862.813
771.605
921.659
1088.14
1134.43
1222.49
1152.74
1191.9
1188.35
1162.79
1185.54
1184.13
1215.81
1269.84
1201.92
976.563
902.527
941.62
1036.81
1142.2
1165.5
1097.09
1088.73
1158.75
1150.09
1081.67
1054.85
1171.65
1220.26
1227.75
1234.57
1105.58
1036.81
1113.59
1152.74
1156.74
1168.91
798.085
751.315
978.473
1028.81
1101.32
1132.5
1138.3
1141.55
1137.66
826.446
746.547
969.932
1109.88
1082.25
1004.02
1060.45
1154.73
1106.19
1109.26
1136.36
1036.27
1028.81
1118.57
1109.88
863.185
831.601
1021.97
1110.49
1138.95
1053.19
989.12
984.737
1058.76
1154.07
1179.94
1183.43
1209.92
1248.44
1223.24
796.178
769.527
840.689
839.983
1090.51
1161.44
1164.14
1086.96
1111.73
1189.06
1217.29
1196.17
989.12
727.008
655.308
852.152
1148.11
1128.03
1138.95
1133.79
1089.32
1138.3
885.74
836.47
1067.24
1095.89
1097.69
1150.09
1171.65
901.713
861.698
1101.32
1133.79
1098.9
1144.16
1165.5
1173.02
1169.59
1098.9
979.432
1002
1108.03
1081.67
737.735
667.111
957.854
1142.2
1100.11
1095.29
1127.4
1157.41
1133.79
1094.09
1051.52
1054.85
1131.86
1135.72
1119.19
1059.88
988.142
986.193
1041.12
1130.58
985.707
907.853
1055.97
1162.79
1202.65
1211.39
1186.24
1047.67
977.04
1064.4
914.495
859.476
1052.08
1133.14
1118.57
1111.11
1129.31
1171.65
1178.55
1218.77
1145.48
1121.71
1042.75
919.963
985.707
1073.54
774.893
786.782
1164.82
1192.61
1162.12
1144.82
1132.5
1148.77
1190.48
1191.9
1213.59
1184.83
1151.41
1124.86
1125.49
860.585
829.531
982.318
966.184
1093.49
1172.33
1112.35
1089.92
1056.52
866.551
725.163
713.267
815.328
726.744
453.309
400.481
597.372
890.472
878.349
904.977
941.62
983.768
1050.42
947.418
839.631
876.808
880.282
812.678
881.446
994.53
1016.78
1040.04
1040.04
1058.76
1061.01
1075.27
1081.08
978.953
915.751
897.666
927.214
956.48
1040.04
1124.86
1088.73
1100.11
1086.96
997.506
1029.87
1155.4
1133.79
1170.28
874.126
804.829
1071.24
1113.59
1113.59
965.717
819.336
943.396
1103.14
1108.65
1142.2
1144.82
1143.51
1134.43
1095.29
818.331
821.693
1129.31
1174.4
1182.73
1126.13
1064.96
1031.99
1034.13
1148.77
1210.65
1050.97
997.009
1098.9
1133.14
821.018
771.01
1012.66
1080.5
1095.89
1111.11
1098.9
1057.08
1080.5
1008.57
998.004
1126.13
1113.59
1081.08
907.441
844.951
922.935
874.126
932.401
1115.45
1122.33
1109.88
1091.11
1099.51
1122.96
1010.61
970.403
994.036
1003.51
966.184
969.462
1066.67
1101.93
1112.35
1142.2
1101.32
1098.3
999.001
968.992
1103.75
1172.33
1035.2
847.817
762.195
765.697
928.074
1063.26
1086.96
1174.4
1218.77
1171.65
1152.74
1179.25
1080.5
1024.07
937.647
838.223
591.891
585.823
896.459
1084.01
1177.16
1200.48
1152.07
1117.32
1145.48
1095.29
1010.1
1033.59
1132.5
1144.82
1011.63
869.565
894.855
1063.83
1144.16
991.08
963.391
1086.37
1157.41
1173.71
1110.49
1113.59
1162.79
1188.35
1200.48
1160.77
835.073
816.993
1088.73
1162.12
1210.65
1218.03
1236.86
1233.81
1207.73
1220.26
1208.46
963.855
915.751
1057.08
1135.07
934.143
814.996
1007.05
1199.76
1193.32
1074.11
1045.48
1014.2
1046.57
1072.39
1055.41
1166.18
1212.12
1218.03
1189.77
1157.41
999.001
867.303
900.901
876.04
877.193
1048.77
1146.79
1135.72
1100.11
1086.37
1088.73
1104.36
1101.93
1111.11
951.928
890.869
1082.84
1204.82
1204.82
1212.12
1203.37
1174.4
1182.03
1015.23
827.815
868.81
968.992
914.495
885.74
849.618
831.947
921.659
993.542
1069.52
1140.9
961.076
826.446
841.397
857.633
890.869
984.252
1059.88
933.271
846.382
879.894
992.556
1171.65
1180.64
1190.48
1115.45
1011.63
1066.1
1147.45
1101.93
1110.49
1150.75
1070.66
800.961
788.022
998.502
1081.67
1138.3
869.943
845.309
1043.3
1026.17
1078.17
1160.09
1135.07
1148.77
1193.32
1063.26
874.126
877.193
1031.99
1152.74
1175.09
1179.94
1200.48
1098.9
1055.97
1117.32
1148.77
1036.27
993.542
1114.21
1199.76
821.018
756.716
1033.06
1154.07
1216.55
1186.94
1146.13
1131.22
1118.57
1138.95
1196.17
1225.49
1195.46
1082.84
1015.23
995.52
987.654
1016.78
979.432
1003.51
1067.24
1119.82
1194.03
1170.96
1158.08
1160.77
1143.51
1089.32
1047.12
1007.56
1004.52
914.077
892.061
1026.17
1084.01
1094.09
1126.13
