1.12088e-311
inf
14.6567
242.483
250
259.605
265.887
268.637
259.639
259.673
255.984
233.945
214.293
175.932
184.264
212.337
226.244
259.605
261.506
269.906
262.674
245.399
246.396
268.817
267.237
232.342
227.583
249.532
239.006
247.525
281.928
274.537
251.762
255.167
246.033
238.692
250.438
246.609
244.529
234.082
217.108
229.938
240.327
240.558
256.476
271.924
270.343
253.229
261.952
275.179
260.79
249.439
254.033
247.127
252.972
259.977
257.998
238.067
239.808
272.665
171.541
158.103
209.798
217.391
239.034
225.428
188.697
206.441
272.294
247.433
244.828
283.126
280.23
251.889
215.866
220.07
259.774
273.038
270.783
262.467
240.674
254.712
281.968
273.523
244.858
238.977
268.097
285.919
263.401
258.833
194.856
166.514
197.981
232.207
255.526
269.942
274.688
263.47
228.912
234.274
280.544
263.609
265.816
289.017
292.184
265.604
261.78
288.559
297.796
275.33
218.986
223.514
132.899
124.224
181.62
203.004
250.815
157.394
153.515
198.866
25.3511
26.0736
304.229
271.297
257.036
278.668
295.29
229.121
221.043
288.934
310.174
286.328
287.191
315.657
321.492
292.869
282.606
305.81
311.964
318.776
269.469
250.063
298.418
338.524
321.285
314.465
336.022
333.667
323.258
298.686
298.82
310.994
310.704
287.315
279.642
316.957
316.857
289.478
295.77
322.789
290.782
272.257
291.715
319.693
336.814
298.329
279.603
292.954
255.004
206.42
226.398
273.935
277.085
260.79
274.65
316.256
301.205
277.816
297.044
333.611
345.662
357.654
268.384
256.871
326.744
327.654
303.951
309.262
335.064
340.89
346.38
304.925
287.109
312.94
322.841
295.421
289.101
320.307
331.95
331.181
304.785
293.04
309.406
314.812
308.452
312.159
330.251
330.907
296.868
296.692
315.706
304.785
316.256
312.305
313.922
338.581
186.306
185.374
341.53
333.723
326.904
270.966
259.168
318.776
315.308
287.646
313.824
361.533
370.233
325.68
293.212
306.89
335.121
356.189
279.486
268.025
336.417
337.439
329.056
316.456
331.62
365.163
373.902
375.657
352.175
341.239
348.857
360.425
353.357
330.415
333.278
338.123
344.59
357.398
352.361
354.484
354.736
354.673
300.842
294.855
358.295
293.815
275.748
314.861
319.846
351.989
381.607
380.662
315.159
313.824
363.636
339.616
346.801
351.927
361.141
390.701
391.926
397.852
351
344.649
390.168
399.202
379.219
339.098
334.56
353.107
330.087
336.7
350.14
352.796
388.576
404.776
399.6
349.223
343.289
382.629
380.807
378.644
377.929
280.151
252.876
331.236
398.883
333
282.885
297.885
312.11
331.071
327.118
289.771
321.388
394.089
365.097
331.895
347.826
366.905
346.081
314.614
321.285
327.6
344.768
389.484
378.143
369.617
389.712
398.327
378.644
331.51
340.89
400.962
415.973
401.365
391.007
361.337
347.102
362.779
383.362
397.141
342.173
349.895
413.309
421.053
368.46
341.064
351.679
376.577
411.269
413.736
423.998
370.645
343.938
383.215
411.946
415.11
403.877
364.166
364.365
344.116
330.415
383.656
359.518
352.983
408.163
429.185
433.934
382.555
343.702
377.43
364.83
359.26
415.369
395.023
315.856
331.785
408.664
420.521
360.881
359.324
313.185
289.477
367.985
339.098
341.239
396.668
411.015
379.219
294.942
310.27
385.134
389.408
399.042
372.024
367.242
404.285
369.754
357.207
398.565
367.715
361.925
365.43
362.845
353.982
324.097
348.797
392.311
395.413
373.274
333.723
335.233
376.293
404.776
435.54
401.849
391.236
431.406
438.693
398.248
356.57
311.381
288.559
339.905
416.493
427.35
343.879
332.723
407.332
418.673
405.433
358.038
337.838
344.531
351.185
389.94
373.762
328.084
365.097
427.533
400
374.742
377.858
400.4
420.964
387.072
374.181
375.94
364.299
365.43
374.041
412.797
438.212
398.406
343.348
357.334
410.088
347.343
311.867
354.925
394.322
424.719
375.799
336.474
352.858
386.698
437.445
451.162
430.293
410.172
403.714
418.673
412.967
388.878
414.422
412.797
388.123
404.285
430.942
449.236
427.168
380.011
402.901
459.982
433.651
417.711
439.56
412.116
380.373
402.982
444.05
457.247
464.792
418.848
400.4
437.063
445.137
393.546
378.43
392.619
395.57
415.369
418.673
434.688
448.531
389.332
388.199
400.32
384.837
404.694
422.833
412.967
384.394
394.244
402.82
400.24
384.394
382.263
407.914
424.538
435.825
423.37
411.269
433.463
456.725
474.496
452.182
443.754
468.274
429.646
373.552
395.335
449.135
471.476
491.884
403.47
390.092
464.792
471.698
438.02
325.309
308.928
407.083
477.213
492.005
480.423
404.122
329.272
369.617
481.232
495.295
480.654
475.624
306.796
294.855
397.772
420.698
474.046
392.773
383.436
464.576
503.271
503.778
495.663
395.179
338.123
393.082
437.733
437.445
454.236
464.792
437.828
410.172
447.027
457.038
450.045
473.485
442.674
451.365
428.082
396.511
404.776
425.441
420.698
421.496
459.559
458.716
474.383
487.329
443.164
427.259
471.365
482.859
438.02
412.456
447.227
428.449
422.922
422.208
391.466
371.678
360.815
394.867
459.242
512.558
509.424
487.686
455.685
403.145
405.022
447.527
435.066
446.13
484.848
432.713
385.208
392.927
442.478
496.894
484.848
423.549
418.848
478.469
504.159
478.011
451.671
459.559
398.168
355.745
378.716
440.335
507.357
512.164
404.285
390.854
407.083
366.703
368.936
343.466
346.981
387.597
405.927
410.004
427.807
391.007
358.68
381.025
432.807
498.256
448.934
388.425
425.08
488.4
472.478
450.958
472.032
485.201
445.633
424.268
445.038
474.496
505.051
508.259
451.977
455.477
507.099
508.001
443.164
413.394
467.946
452.489
450.045
491.159
490.437
513.347
526.87
491.401
410.931
430.663
499.002
501.128
433.934
417.014
459.77
457.666
474.721
440.238
443.164
474.158
480.538
405.844
398.645
499.501
516.529
518.807
490.196
408.497
367.377
420.433
455.789
467.508
525.348
492.368
448.229
422.297
453.823
527.287
541.712
536.769
531.35
490.196
478.24
519.481
539.374
519.346
501.253
522.739
477.897
468.933
490.677
497.636
512.558
501.002
515.863
424.628
421.763
450.958
433.369
430.942
396.354
367.242
411.777
486.263
409.249
367.85
416.493
396.983
399.521
513.611
553.403
555.401
507.485
418.322
365.43
420.787
492.49
412.031
410.088
469.814
431.686
418.41
479.157
541.859
545.256
501.253
468.274
461.255
485.319
535.475
559.91
454.959
446.229
540.103
454.545
449.843
545.405
555.556
549.753
530.223
505.306
437.35
451.162
540.394
547.196
523.56
509.424
502.008
455.581
468.055
530.223
492.854
493.827
548.246
553.403
501.882
461.787
488.4
531.067
568.99
585.652
517.197
494.56
484.261
491.28
550.964
532.198
530.082
565.291
569.801
478.354
388.425
381.679
453.926
542.741
558.191
554.17
482.044
477.783
557.103
562.905
516.662
500.125
534.188
496.524
489.596
523.013
526.732
508.647
505.945
555.093
527.844
441.014
458.4
552.029
464.792
398.168
462.107
459.242
462.642
545.256
525.486
436.586
388.802
425.08
425.532
448.129
536.481
545.405
551.268
503.651
445.038
413.394
459.664
568.99
546.896
531.915
547.645
554.631
499.376
455.063
504.286
566.572
589.797
595.238
573.066
570.125
495.786
423.729
409.417
397.852
430.756
506.457
465.333
460.193
535.045
550.206
559.284
536.337
513.479
410.172
402.658
523.972
553.557
551.42
519.481
522.466
497.141
481.696
544.662
545.405
491.28
493.218
555.71
575.374
503.398
493.218
530.926
544.514
579.039
593.648
555.401
542.888
502.386
505.433
574.053
545.703
552.792
594.707
571.429
523.697
501.756
441.696
465.116
567.376
560.852
548.546
528.262
469.594
489.237
569.476
542.741
433.463
439.85
537.634
488.998
486.855
550.055
566.251
586.854
525.348
498.753
469.373
465.875
544.959
580.046
588.928
577.701
565.291
553.71
433.088
414.508
414.164
396.904
403.47
390.168
377.003
425.26
565.611
550.358
554.17
497.265
457.98
457.666
495.295
582.751
540.979
533.333
572.246
568.828
456.83
408.497
480.192
568.505
601.504
598.265
598.623
592.066
447.127
420.168
495.663
509.944
474.046
469.925
511.247
407.83
368.664
445.038
523.423
564.493
581.564
481.116
468.274
573.394
602.047
598.982
569.314
555.556
563.222
483.442
470.035
489.836
426.985
458.19
549.904
570.776
507.614
494.682
571.592
594.354
565.771
569.314
548.697
533.476
498.878
502.892
592.066
599.88
556.638
559.91
593.296
566.251
509.944
500.375
516.929
544.959
547.945
535.762
542.888
489.956
479.157
538.503
590.145
602.773
527.844
499.75
560.852
541.419
521.921
521.241
514.933
565.131
591.716
557.725
399.361
353.794
385.877
442.772
530.645
535.045
525.072
469.594
494.805
523.286
508.776
553.71
575.208
576.369
503.271
394.011
424.268
554.785
594.001
584.283
526.316
426.257
379.291
404.204
457.875
532.34
584.966
600.24
568.828
445.633
437.733
541.712
564.175
554.324
551.724
536.193
467.727
475.624
564.016
591.017
503.905
484.379
544.218
486.855
493.462
527.983
530.926
576.037
574.713
577.701
589.102
471.476
453.104
551.42
489.237
463.499
537.924
591.891
540.394
516.396
541.418
509.295
490.918
501.379
531.067
521.784
473.261
499.002
579.71
607.165
611.621
556.483
509.814
520.562
511.378
544.366
614.062
600.601
595.061
571.265
562.272
522.193
447.628
442.087
506.714
586.854
606.796
576.535
527.426
462.749
473.709
533.76
517.598
497.636
542.888
599.88
524.521
528.681
565.931
553.097
559.754
566.412
576.369
525.486
415.541
445.534
608.088
636.537
630.12
584.112
594.001
611.06
435.73
429
572.574
588.408
601.323
615.385
614.251
582.411
503.018
520.156
623.053
641.437
614.439
596.125
563.063
483.793
367.107
324.939
382.482
499.127
602.773
620.54
502.008
446.528
527.565
584.283
573.559
597.015
625.195
600.962
518.672
526.454
581.564
586.682
530.363
453.206
462.963
441.404
453.721
521.105
543.036
568.182
583.601
624.61
629.327
517.598
502.134
598.802
611.247
619.195
595.415
546.747
573.23
557.88
539.229
595.061
512.952
505.178
605.877
627.353
609.013
488.4
464.684
573.888
620.155
609.199
624.22
579.542
543.331
512.952
522.466
603.318
643.501
610.501
587.027
589.971
557.414
465.224
413.993
485.437
558.191
573.559
612.182
619.387
617.093
543.774
526.732
565.771
554.631
527.009
565.451
640
646.412
572.902
517.464
552.944
577.534
569.314
589.275
578.871
577.034
437.828
413.907
573.066
640.82
647.459
624.805
617.856
645.786
624.61
528.821
506.329
500.25
515.863
574.218
583.601
614.439
534.331
511.247
602.591
574.878
473.261
475.624
485.909
472.032
506.586
568.02
622.278
533.476
527.983
512.821
451.06
422.297
434.216
529.661
590.667
611.434
632.711
543.626
402.739
415.369
540.394
582.751
491.763
468.604
520.156
477.897
474.608
535.045
589.797
604.412
620.54
627.549
625.978
544.662
506.586
582.411
622.665
629.525
649.14
619.963
581.564
585.995
463.714
447.728
445.038
455.892
594.177
608.643
583.431
487.211
485.437
577.201
588.928
589.275
601.142
523.286
524.521
457.038
370.233
416.32
505.945
578.202
609.756
605.327
553.863
472.032
473.373
530.926
574.548
617.284
566.733
539.811
514.139
508.906
561.482
531.773
547.046
628.141
652.316
646.412
531.632
487.567
546.001
587.371
623.83
639.386
633.714
542.888
451.875
484.614
545.405
557.724
530.363
487.924
518.403
534.474
557.103
626.763
567.859
529.381
567.859
584.624
598.982
538.358
539.374
622.278
624.22
614.439
621.504
470.367
454.03
500.877
466.962
532.765
564.493
573.066
625.587
651.89
557.414
361.598
378.573
579.71
613.309
616.523
471.698
356.252
386.772
479.271
513.347
473.597
454.133
483.91
425.441
427.533
508.518
478.583
493.462
591.366
549.602
455.166
484.496
561.798
564.493
584.112
586.682
602.047
625
529.241
500.877
546.001
525.624
566.091
642.88
622.084
591.366
511.902
498.505
583.26
622.665
614.251
619.387
572.902
543.331
501.128
502.892
591.891
585.48
551.116
558.815
606.061
628.338
576.535
518.538
488.162
487.448
526.316
575.209
568.343
589.797
539.811
495.909
545.405
566.412
524.521
535.332
610.501
627.746
552.944
507.743
572.246
612.557
604.23
624.61
618.429
550.661
472.702
505.817
607.718
615.006
604.23
562.114
549.149
591.017
540.394
524.109
542.741
542.741
576.203
555.71
547.795
581.226
528.541
531.067
614.062
633.914
646.204
607.718
518.538
537.49
561.325
527.009
555.247
550.055
556.793
597.372
623.636
611.434
519.211
478.813
542.741
619.003
646.412
633.714
611.621
604.778
590.493
430.942
399.042
388.802
378.358
511.509
524.521
423.46
449.741
585.309
520.833
438.308
466.309
453.206
412.882
453.104
551.876
616.333
573.394
574.713
635.324
551.116
526.732
547.345
509.944
552.181
609.57
612.182
622.665
493.34
446.728
550.661
617.665
612.182
600.06
570.613
574.053
508.518
478.813
542.594
517.197
523.834
615.953
644.953
625.391
537.634
472.813
537.779
628.338
608.273
602.773
576.535
559.441
489.596
476.758
567.054
473.934
472.702
561.325
512.821
460.829
482.393
573.559
613.497
620.347
631.512
622.665
551.876
476.19
504.414
597.193
617.284
613.497
584.454
591.716
616.143
578.704
504.414
509.554
561.01
562.272
589.275
595.593
593.296
590.145
528.821
547.795
602.228
605.51
633.312
550.812
530.363
587.89
477.327
469.814
505.178
483.559
568.343
634.115
649.984
631.512
486.381
490.798
627.353
645.578
633.112
624.805
639.795
646.412
518.403
398.804
362.056
404.04
519.211
596.659
520.833
487.805
457.352
421.852
463.499
528.961
566.412
499.75
487.567
564.016
591.366
598.802
619.387
614.628
603.682
564.016
489.956
451.467
480.538
562.746
609.385
559.128
543.478
461.894
477.099
615.764
635.526
645.369
620.925
545.554
560.695
557.258
533.049
589.623
539.229
546.448
609.756
602.41
615.385
554.785
479.157
503.525
581.564
616.143
631.912
633.112
610.874
533.333
455.373
500.25
599.52
568.666
554.477
531.773
545.405
546.448
510.465
565.291
622.471
619.387
595.238
608.643
375.516
335.627
512.033
586.682
597.55
562.588
556.483
605.694
516.796
469.704
497.512
519.886
571.755
622.084
637.755
630.716
526.039
500
580.889
604.595
630.716
604.23
524.934
538.503
531.632
507.485
515.597
523.286
569.476
608.273
632.711
618.238
543.922
515.464
563.698
613.874
641.026
615.764
559.754
527.287
481.232
491.039
565.451
487.805
410.172
420.964
484.496
463.285
460.511
582.072
639.591
528.402
473.149
516.262
460.299
462.428
590.319
650.407
654.879
644.33
646.204
606.428
421.941
403.796
414.336
444.346
587.717
563.063
579.542
563.857
481.116
500.626
600.24
637.349
638.774
590.667
565.131
583.09
540.249
547.645
575.705
579.878
630.517
662.032
668.896
659.413
555.247
467.29
466.853
503.271
553.71
598.086
594.53
582.411
503.018
497.884
601.142
592.066
592.417
633.513
652.742
655.738
527.844
500.125
604.412
639.182
600.42
602.228
651.89
573.888
499.875
529.101
591.541
606.061
572.574
553.71
562.905
613.309
649.773
543.478
536.913
509.424
450.755
520.833
603.5
637.349
563.698
537.634
602.047
612.182
595.77
614.251
541.126
533.76
622.665
527.565
520.833
623.636
613.685
625.782
666.667
620.54
581.226
495.05
464.468
555.864
578.035
551.268
584.795
591.541
598.265
551.42
550.661
608.088
569.314
538.068
564.653
597.015
615.006
554.631
482.509
537.49
631.912
605.51
535.762
478.927
424.538
425.622
513.084
606.98
606.612
587.89
611.247
526.177
404.285
426.257
485.673
514.801
594.177
606.796
583.601
379.147
378
588.928
617.475
606.244
584.454
608.828
653.595
596.481
529.101
568.505
598.444
596.303
618.238
609.013
607.903
573.23
439.754
461.467
617.093
641.026
652.103
631.912
616.143
624.025
463.285
422.922
536.481
508.518
536.049
619.195
630.517
655.953
561.167
528.681
577.701
592.066
601.866
578.035
501.379
435.445
486.027
570.125
563.063
579.039
606.98
605.694
577.201
531.915
542.005
594.001
602.41
608.088
615.764
638.366
647.249
646.412
588.582
577.201
629.921
647.249
655.523
649.984
576.369
527.426
419.992
433.182
610.501
588.755
544.07
564.016
617.856
644.122
552.334
522.193
551.724
567.859
598.982
606.428
535.762
524.521
526.454
544.514
633.312
656.599
542.446
524.797
630.318
655.523
662.691
522.466
478.583
573.23
612.37
620.54
632.911
557.569
491.642
463.714
498.008
592.944
616.523
578.202
575.871
635.93
657.462
429.369
333.444
424.178
575.209
619.387
635.324
571.592
441.989
462.321
522.057
484.731
470.478
520.562
604.047
484.614
458.19
506.842
550.358
634.115
654.022
657.895
662.471
500
468.713
568.99
587.89
611.434
595.77
568.182
578.035
493.583
482.625
552.792
508.776
528.821
582.92
582.92
602.228
518.269
524.246
604.047
600.601
639.386
654.236
558.659
519.076
520.427
536.481
