1.33605e-311
inf
2.84013
6.80717
6.81686
6.14411
6.70383
8.34091
8.27743
8.23808
8.25941
8.34126
8.24861
8.21645
7.94969
7.8898
8.20957
8.19833
8.00653
7.98697
8.06585
8.07083
8.10012
8.00823
7.85201
7.8296
7.81183
7.76928
7.72305
7.82914
7.92921
7.78707
7.8139
7.86788
7.82396
7.77675
7.5935
7.70416
7.85725
7.46834
7.23867
7.44275
7.64903
7.79414
7.95146
7.86086
7.82518
7.67828
7.66612
7.67413
7.58717
7.83263
7.87017
7.73219
7.75819
7.63312
7.6661
7.85688
7.80028
7.60679
7.37972
7.55407
7.70963
7.67195
7.82185
7.82387
7.7612
7.84452
7.87448
7.84794
7.69471
7.61304
7.85787
7.75822
7.66195
7.8154
7.44621
7.37896
7.70102
7.75693
7.90326
7.78534
7.60202
7.63274
7.70084
7.74996
7.74087
7.75296
7.71495
7.7263
7.76313
7.81125
7.79423
7.80774
7.75798
7.6122
7.75356
7.83325
7.83733
7.87079
7.70113
7.68265
7.63852
7.62361
7.51117
7.354
7.4479
7.63274
7.68728
7.56221
7.50923
7.27701
7.27117
7.5048
7.44829
7.50858
7.61725
7.43768
7.61635
7.83147
7.65896
7.76898
7.74894
7.64114
7.7403
7.40184
7.43409
7.71364
7.69441
7.84428
7.85438
7.91349
7.92321
7.81229
7.79821
7.84486
7.82739
7.43787
7.01184
7.33052
7.72171
7.73757
7.74629
7.68796
7.75919
7.78243
7.61047
7.66325
7.78643
7.81977
7.95336
7.83564
7.85124
7.90233
7.77514
7.55675
7.61386
7.88283
7.86689
7.59945
7.45762
7.42311
7.46077
7.70463
7.68645
7.7033
7.86531
7.81058
7.7922
7.75967
7.8484
7.77013
7.62157
7.59146
7.54472
7.66962
7.80796
7.83423
7.69358
7.7911
7.84135
7.72947
7.91634
8.017
8.00666
7.86296
7.67039
7.67198
7.72538
7.84584
7.84544
7.79369
7.86071
7.85318
7.91177
7.86337
7.77312
7.83659
7.66689
7.68545
7.84591
7.82843
7.87138
7.82451
7.86522
7.8396
7.75618
7.90908
7.87547
7.82754
7.87448
7.80564
7.6619
7.36928
7.40911
7.7025
7.82433
7.73126
7.76262
7.85059
7.81659
7.84129
7.71787
7.86259
7.86034
7.72272
7.71995
7.63764
7.50069
7.3705
7.60069
7.89076
7.81674
7.43099
7.3953
7.69696
7.84151
7.70523
7.52165
7.74114
7.90058
7.7918
7.84899
7.8689
7.89369
7.74887
7.62649
7.81506
7.8388
7.85053
7.72511
7.71626
7.87935
7.86525
7.67354
7.52666
7.44089
7.22249
7.20077
7.29371
7.2643
7.45093
7.6122
7.38492
7.37015
7.47876
7.39404
7.13868
7.0244
7.24861
7.52621
7.66257
7.8554
7.90389
7.58656
7.58159
7.46349
7.10929
7.37452
7.28115
7.05097
7.331
7.39722
7.6433
7.89425
7.83386
7.92424
7.82341
7.6648
7.7505
7.72469
7.80597
7.96077
7.9102
7.88473
6.65712
6.46298
7.67908
7.88056
7.81684
7.97064
8.07337
7.53943
7.47071
7.6587
7.56842
7.73844
7.76389
7.83055
7.88886
7.90442
7.95501
7.5631
6.42415
6.65963
7.76998
7.90354
7.6052
7.5505
8.03084
7.92293
7.76464
7.81516
7.8912
8.00211
7.88124
7.7526
7.90248
7.58737
7.63487
8.03306
7.84194
7.5745
7.57008
7.78695
7.95244
7.94875
7.88535
7.90914
7.94089
8.00426
7.63038
7.40162
7.62672
7.78516
7.92936
7.65049
7.04424
7.06569
7.35949
7.47465
7.73422
7.95011
8.05351
8.0514
8.00785
7.95358
7.74596
7.72905
7.80707
7.63164
7.77451
7.95573
7.90717
7.95219
7.90933
7.95153
7.95393
7.96895
7.99539
7.93638
8.12549
8.04318
7.89235
7.81461
7.80735
8.05513
7.94452
7.88588
7.98799
7.94045
7.71248
7.71185
7.9088
7.98381
7.89032
7.7942
7.79612
7.85756
7.99546
7.92154
7.98677
8.00128
7.98183
8.0469
7.85889
7.87544
7.99293
7.96591
7.9681
7.99341
8.02401
7.99722
7.97916
7.98818
7.9769
8.03152
7.95804
7.53881
7.2648
7.25468
7.31783
7.54589
7.73249
7.62806
7.84452
8.06299
7.88846
7.89537
7.88271
7.90102
8.03988
8.1701
8.02678
7.77505
7.81644
7.39456
6.91183
7.25631
7.56101
7.68415
8.02163
7.99818
6.62478
5.40687
6.33908
8.16297
7.95922
7.91314
8.02349
7.91897
7.97779
7.473
7.25921
7.92886
8.14674
7.91882
7.84338
7.86702
7.69663
7.73614
7.70318
7.71685
7.89868
7.69941
7.7373
7.50376
7.45595
7.99408
7.89718
7.56424
7.82476
8.0107
7.84117
7.90798
7.8284
7.87061
7.95289
7.93103
7.84375
7.79141
7.74981
7.72448
7.78746
7.98276
8.14578
8.09959
8.07715
8.158
8.11405
7.98349
7.92224
7.90648
8.04424
8.07784
7.98362
8.1625
8.27335
8.16147
8.09828
7.96311
7.94168
7.98091
8.07096
8.19548
8.07761
8.04551
8.17307
8.0693
8.12048
8.02588
7.88305
8.02304
8.1212
8.19894
8.08254
8.0161
7.98748
7.93827
7.92525
7.8883
8.04107
8.1672
8.13872
8.16807
8.16693
8.06777
7.93021
7.68008
7.86296
8.05928
7.8746
7.28486
7.36646
8.12777
8.13312
7.99025
8.00445
7.97343
8.02272
8.1689
8.13666
8.20112
8.1211
8.10278
8.17695
8.03623
8.05802
8.07034
8.09605
8.00279
7.53537
7.70274
7.53023
7.37441
7.97849
7.97099
7.72583
7.61223
7.56218
7.83263
8.02246
7.95071
7.29946
7.36868
8.15471
8.07379
8.08394
8.11017
7.97168
7.97824
7.99038
8.07034
8.19068
8.17979
8.1645
7.98646
7.92949
8.03539
7.90977
7.95011
8.0881
8.07265
8.05721
8.08087
8.17284
8.1707
7.6858
7.3965
7.4648
7.81613
8.12826
8.08983
8.12648
8.09373
8.17077
8.15874
8.10077
8.2172
8.09769
7.94865
7.98097
7.82243
7.86133
7.95583
8.03707
7.48853
7.48243
8.21558
8.2022
8.08274
8.1712
7.90367
7.76395
8.03442
8.09992
8.17832
8.00106
8.02327
8.12846
7.99786
8.05795
8.07308
8.14432
8.08561
8.01138
8.06383
8.01867
8.12734
8.13994
8.21527
8.29528
7.99987
7.74635
7.83662
7.98904
7.93452
7.95178
8.15964
8.17825
8.15784
8.15561
7.87113
7.96724
8.02127
7.81842
7.18048
7.24449
8.11392
8.10645
8.0992
7.6781
7.26425
7.52321
7.86748
8.02546
8.02246
7.98422
8.03897
8.01555
7.85796
8.01883
8.15824
7.594
7.69157
8.24616
8.23825
8.1631
7.71566
7.56865
7.80406
7.86046
7.82454
7.61989
7.78455
7.95042
7.88749
7.99616
7.91606
8.04075
8.19844
8.22328
8.14525
8.1678
8.25117
8.14999
8.27246
8.3042
8.17849
8.22017
8.16267
8.23157
8.27777
8.14269
8.10964
8.18059
8.27606
8.32421
8.34157
8.23642
8.21325
8.14133
7.92421
8.04075
8.0588
7.53866
7.65149
8.13719
8.05997
8.08901
7.93808
7.81085
8.01154
7.99734
7.8292
7.94218
8.1583
8.06572
8.00333
8.0845
8.03242
7.96435
7.94875
8.10173
8.1077
7.87705
8.03242
8.11122
8.08244
8.01561
7.91293
7.88541
7.13267
6.58447
7.27061
8.02192
7.86649
7.9118
8.08591
8.09261
8.09861
8.11339
8.09111
7.99898
8.06871
8.05065
7.93037
8.07376
8.0321
8.00766
8.13829
8.07494
8.09822
8.19558
8.22964
8.15867
7.92484
7.81763
7.93793
8.01944
8.11481
8.13858
8.23951
8.14418
8.13719
8.29579
8.19618
8.10754
8.03348
8.1887
8.25508
8.16223
8.02945
7.99159
8.10504
8.15757
8.26579
8.20536
8.11273
8.34477
8.30551
8.2123
8.25904
8.15994
8.17491
8.21453
8.17281
7.87116
6.12972
6.07071
7.82087
8.26931
8.30817
8.26439
8.19353
8.13484
8.20796
8.25733
7.64514
7.58699
8.05072
8.14631
8.13524
7.85213
7.80031
7.78392
7.799
8.00144
7.86664
7.89169
7.7566
7.60014
7.90014
7.89319
7.79329
7.99274
8.08626
7.82859
7.75269
8.03471
8.16033
8.05854
8.10123
7.83294
7.74075
8.17461
8.23035
8.20341
8.21042
8.21581
8.24134
8.08646
8.10616
8.20119
8.25818
7.98043
7.61061
7.48708
7.35954
7.39689
7.73001
7.97366
7.75588
7.7038
7.7858
7.76084
7.7492
7.77233
7.9615
7.94527
7.99198
7.9796
7.6221
7.82335
8.11823
8.17956
8.18873
7.68046
7.16764
6.38368
6.5706
7.66002
7.76259
7.75263
8.00013
7.83478
7.33907
7.70443
8.3186
8.11896
7.79697
7.54321
7.8751
8.08352
7.81485
7.72944
7.62137
7.89157
8.25195
8.015
7.79174
7.66398
7.60193
7.77161
7.77164
7.84544
7.93789
7.69716
7.94142
8.22998
8.10981
8.06455
7.99405
7.81482
7.57226
7.68885
7.77792
7.68613
7.75488
7.80808
7.61763
7.64213
7.69936
7.70294
7.97747
8.20573
8.28985
7.99725
7.80122
7.93821
7.89456
7.94404
7.77711
7.6259
7.84354
7.75816
8.09441
8.22341
7.91813
7.91678
7.90264
7.98872
7.84474
7.76666
7.76268
7.87721
8.03048
7.84188
7.70716
7.77191
7.74515
7.846
8.01677
8.017
8.23496
8.06585
7.88594
8.00923
8.11323
8.1078
7.84914
7.84926
7.88118
7.95963
8.23554
8.17277
7.81549
7.80059
7.92861
7.81729
7.93748
8.33076
8.27619
8.01542
8.16533
8.19205
8.15887
8.08568
7.83006
7.75931
7.67018
7.76808
7.91697
7.74836
7.75419
7.75032
7.69015
7.86794
7.92324
7.89434
7.83211
7.81989
8.00724
7.97855
8.07213
7.86934
6.44951
6.01292
7.23971
8.19706
8.19669
8.19185
7.99814
7.61223
7.6052
7.03257
6.85801
7.82656
8.18371
7.88454
7.81867
8.00628
7.77342
7.56421
7.70475
7.27693
7.55053
8.2529
8.02153
7.88062
7.80814
8.0613
8.10018
7.85639
7.83134
7.77995
7.84797
7.92547
7.90336
8.07438
8.12087
7.9496
8.017
7.90089
8.05331
8.05458
7.65773
7.99699
8.03061
7.90255
8.00586
7.80561
7.84
7.92092
7.84754
7.9622
7.7818
7.84652
7.97795
8.02797
7.79758
7.39005
7.49459
7.65729
7.57277
7.44951
7.72714
8.09848
8.07116
7.96905
7.99837
8.01372
7.74644
7.2179
7.59951
8.21085
7.94357
7.40519
7.46096
7.96708
7.71516
7.85629
8.12959
7.21243
7.09401
7.82577
8.04017
8.03458
7.8764
7.87516
7.81601
7.76488
7.91208
7.83398
7.86136
8.03668
8.00733
7.97121
7.56195
7.26354
7.36808
7.57234
7.91747
8.17144
8.36498
8.36911
8.2145
8.07996
7.91647
7.88743
7.63248
7.53038
7.97038
8.10721
8.00791
7.88544
7.83325
8.06149
8.15282
8.1316
8.0653
8.17271
8.32889
8.24562
8.31511
8.27815
8.26945
8.15744
7.8756
7.71793
7.35367
7.16995
7.63525
8.0897
8.2702
8.25641
7.83407
7.86501
8.1633
8.22978
8.20385
8.19169
8.27876
8.23177
8.31152
8.31165
8.24409
8.01558
7.81742
7.86977
7.81122
7.70469
7.74617
8.00759
8.11705
7.72174
7.66683
8.12701
8.01912
8.07843
8.38097
8.37819
8.27475
8.20345
8.35663
8.30848
8.15571
8.12081
8.1978
8.2633
8.15209
8.24637
8.19665
8.10655
8.23683
8.29724
8.07924
7.98888
8.22321
8.22903
8.03626
7.89833
7.49356
7.58858
8.21059
8.39278
8.38258
8.27137
8.25992
8.23944
8.2661
8.19951
7.96045
7.99635
7.94837
7.97757
8.04483
7.75353
7.48475
7.42964
7.54074
7.81757
8.00288
7.93182
8.02262
8.01317
8.11968
8.00849
7.78004
7.87327
7.98834
8.0612
7.95861
8.10415
8.25375
8.10879
7.36863
7.28115
7.47217
7.51402
7.15466
7.03331
7.65342
7.82696
8.15581
8.12641
8.1102
8.23042
8.18444
7.81403
7.45982
7.7376
7.96591
7.55105
7.64091
8.2059
8.19753
8.23177
8.35356
8.32172
8.33337
8.32615
8.38086
8.31321
8.16373
8.05526
7.97626
8.11807
8.11461
8.24943
8.44359
8.16613
8.10028
8.00461
7.82258
7.77932
7.71885
7.86167
7.90883
7.97426
8.12094
8.18625
8.36474
8.33118
8.34738
8.40393
8.32019
8.19058
7.9538
8.02468
8.0116
8.08267
8.20998
8.00618
8.12401
8.12384
8.02871
8.05399
8.026
8.2025
8.27654
8.35691
8.14591
7.60063
7.81684
8.28847
8.21899
7.60558
7.47021
8.01494
7.62396
7.51832
8.08574
8.26248
8.14435
7.72771
7.50027
7.91913
8.19622
8.09255
8.26388
8.43989
8.40774
8.2905
8.38205
8.39275
8.27763
8.30565
8.28816
8.33625
8.32844
8.23296
8.27698
8.1419
7.76373
7.38558
7.4387
7.9013
8.17631
8.26484
8.36288
8.39962
8.44188
8.27825
8.22169
8.12084
7.90414
8.19363
8.4999
8.48896
8.31916
8.30454
8.31978
8.07621
8.1648
8.4011
8.46421
8.18341
8.01231
8.15272
8.17154
8.31774
8.31891
8.11876
8.04237
8.07015
8.22544
8.32948
8.37682
8.22183
8.20038
8.38712
8.35167
8.364
8.34174
8.36009
8.39166
8.388
7.69379
7.70122
8.18555
7.98317
8.10353
8.28511
7.87709
7.39604
7.82846
8.11962
7.81317
7.94082
8.38859
8.51956
8.27924
8.26781
8.36617
8.31172
8.30623
8.33135
8.35635
8.34756
8.44523
8.44498
8.31031
8.14976
8.14764
8.33653
8.41995
8.47932
8.52057
8.43515
8.40008
8.35265
8.31338
8.26614
8.3326
8.39398
8.17805
8.19807
8.22625
8.3071
8.44427
8.54161
8.48428
8.31909
8.28998
8.37381
8.45369
8.43558
8.52431
8.41971
8.29019
8.38768
8.4447
8.45101
8.40428
8.4128
8.39345
8.27082
8.29848
8.42595
8.53024
8.45459
8.50445
8.53745
8.52028
8.59524
8.42127
8.41103
8.43121
8.4453
8.52388
8.45823
8.48047
8.39581
8.39987
8.28202
8.28473
8.3816
8.30396
8.46418
8.39627
8.37328
8.26166
8.33233
8.57868
8.44174
8.35666
8.07096
7.80217
7.90289
8.22663
8.4353
8.28034
8.30893
8.44128
8.35366
8.37083
8.53486
8.53432
8.18173
8.23472
8.50409
8.55209
8.38212
7.98993
8.05043
8.21882
8.36866
8.3668
8.2701
8.35792
8.48327
8.65539
8.48997
8.40958
8.34554
8.38676
8.53097
8.43145
8.43882
8.43604
8.45655
8.59103
8.54401
8.55567
8.44962
8.47318
8.52075
8.4151
8.27363
8.20456
8.42226
8.41726
8.44694
8.52791
8.45098
8.30924
8.28404
8.49387
8.55747
8.58959
8.61097
8.53199
8.23621
8.0142
7.96201
8.04508
8.38965
8.42723
8.35565
8.20038
8.25484
8.3943
8.3477
8.45898
8.45273
8.42971
8.4973
8.53585
8.48497
8.55406
8.50597
8.38494
8.57225
8.53221
8.56069
8.46611
8.45005
8.42073
8.23062
8.42762
8.46679
8.46733
8.47533
8.52751
8.53264
8.51473
8.54913
8.50742
8.60552
8.65763
8.6214
8.55081
8.50756
8.47849
8.37816
8.45959
8.49437
8.35188
8.33524
8.40873
8.47486
8.41131
8.43864
8.48105
8.56913
8.50796
8.33747
8.38687
8.37156
8.41786
8.37111
8.38097
8.49224
8.37276
8.35209
8.39264
8.37524
8.42929
8.49217
8.47282
8.60308
8.58738
8.4631
8.46364
8.36173
8.51644
8.66484
8.54445
8.36026
8.27582
8.47806
8.58071
8.55077
8.51401
8.55871
8.61145
8.50405
8.29893
8.10981
8.30772
8.49946
8.04521
7.98875
8.27335
8.40901
8.46575
8.41482
8.48033
8.53271
8.46546
8.4577
8.53982
8.40771
8.4453
8.53712
8.55308
8.52609
8.59184
8.65003
8.34843
8.30282
8.4583
8.48817
8.52104
8.47285
8.45209
8.52744
8.60911
8.38617
8.41701
8.60071
8.48245
8.37939
8.45312
8.53647
8.6172
8.7097
8.54369
8.48072
8.4364
8.39691
8.43498
8.3618
8.31117
8.28875
8.05889
7.83095
8.11721
8.27075
7.58116
7.58858
7.71798
7.85895
8.52671
8.46328
8.45534
8.53071
8.41061
8.30734
8.30323
8.41333
8.32006
8.38595
8.56825
8.53217
8.26453
8.24372
8.55747
8.55187
8.55685
8.45573
8.44338
8.61471
8.50673
8.52817
8.61145
8.65437
8.31504
8.16853
8.38522
8.49838
8.45823
8.24511
8.43586
8.61078
8.6451
8.49289
8.34435
8.54365
8.53304
8.27695
8.26938
8.3274
8.37412
8.49816
8.57784
8.5127
8.55187
8.63867
8.50203
8.31041
8.41783
8.56047
8.37932
8.46772
8.44559
8.44923
8.56982
8.4999
8.53781
8.42588
8.46525
8.567
8.59819
8.63521
8.57699
8.601
8.61059
8.58874
8.54084
8.56491
8.58005
8.56263
8.46131
8.50217
8.58461
8.48414
8.4969
8.53483
8.6367
8.66157
8.55037
8.61033
8.64925
8.36348
8.21838
8.39962
8.50629
8.54726
8.39268
8.4712
8.71308
8.65947
8.51198
8.52464
8.69327
8.57931
8.48493
8.52239
8.54372
8.60419
8.39895
8.4311
8.55739
8.58539
8.61616
8.5423
8.6227
8.34561
8.35649
8.61842
8.59103
8.38114
8.24725
8.48958
8.54343
8.49206
8.55736
8.45066
8.33775
8.36348
8.51549
8.59819
8.68327
8.68746
8.72129
8.6467
8.51296
8.61735
8.53716
8.41082
8.38522
8.54617
8.27736
8.28027
8.40795
8.31923
8.6195
8.53417
8.52675
8.61304
8.60948
8.5526
8.48076
8.47968
8.49134
8.57023
8.42407
8.18867
7.9107
7.89989
8.19088
8.31418
8.4401
8.25873
7.8787
8.1127
8.57482
8.71118
8.40481
7.98285
7.81161
7.78098
8.01269
8.28937
8.45963
8.48086
8.59025
8.82324
8.66874
8.62749
8.53606
8.5147
8.57122
8.5411
8.67047
8.67841
8.68791
8.63263
8.70621
8.63793
8.58778
8.58465
8.55377
8.62251
8.55586
8.50026
8.45709
8.62147
8.74852
8.67927
8.63603
8.5481
8.56161
8.59376
8.60889
8.50243
8.4832
8.58097
8.69898
8.72924
8.59402
8.67024
8.66776
8.64114
8.47932
8.42215
8.36365
7.96848
8.19115
8.61731
8.67288
8.59871
8.34805
8.52377
8.66953
8.66108
8.53242
8.49553
8.52279
8.39606
8.56128
8.54215
8.41924
8.44702
8.53606
8.56696
8.51734
8.44891
8.4289
8.34154
8.31317
8.63248
8.65692
8.61891
8.55033
8.46353
8.66915
8.60108
8.61174
8.63528
8.57762
8.54533
8.57935
8.61148
8.55256
8.68625
8.6077
8.57765
8.56975
8.62065
8.59527
8.44263
8.49845
8.48187
8.66202
8.77728
8.63998
8.4702
8.60256
8.53159
8.36201
8.59982
8.54201
8.52039
8.56395
8.61768
8.61727
8.13766
8.279
8.57835
8.53359
8.58225
8.55692
8.73568
8.82554
8.62366
8.5118
8.54504
8.576
8.65906
8.56531
8.67909
8.67468
8.54467
8.66491
8.64525
8.73153
8.75941
8.6439
8.64783
8.60093
8.64783
8.77004
8.50112
8.46439
8.63293
8.60852
8.75929
8.69675
8.64951
8.6669
8.55085
8.50506
8.56355
8.58012
8.47149
8.56964
8.62396
8.49787
8.28425
8.27407
8.53975
8.65239
8.64263
8.61456
8.52537
7.8676
7.47161
8.08832
8.58137
8.54894
8.41776
8.36701
8.57802
8.69894
8.72905
8.6543
8.75779
8.67367
8.51379
8.58001
8.553
8.66634
8.61612
8.63935
8.70428
8.73721
8.70549
8.48205
8.511
8.52995
8.62913
8.73412
8.69063
8.58458
8.50058
8.52675
8.61768
8.69293
8.56098
8.5928
8.54266
8.53108
8.55648
8.70534
8.69652
8.4886
8.62102
8.56069
8.61649
8.53057
8.48846
8.56436
8.49939
8.60733
8.70636
8.72966
8.66536
8.66607
8.63461
8.79767
8.64884
8.27239
8.23445
8.21848
8.19625
8.36267
8.71513
8.57023
8.52537
8.55487
8.44944
8.53512
8.48086
8.62872
8.72315
8.62184
8.64472
8.71581
8.6451
8.57762
8.70693
8.65808
8.6485
8.56076
8.6295
8.64125
8.65718
