1.27534e-311
inf
10.4321
103.713
102.438
96.4553
90.6002
93.1619
97.2715
100.969
106.022
107.21
109.278
106.157
101.74
96.8054
91.4495
91.27
90.8389
88.2262
90.9877
92.9714
82.6549
75.4859
73.3514
71.5538
75.3949
91.0871
103.605
103.418
98.5513
99.0148
105.313
102.934
101.122
88.3705
59.319
58.1581
67.6476
76.8935
91.1286
90.5715
93.7163
57.4614
49.2999
18.5187
18.3702
65.3232
87.581
104.504
111.402
110.436
111.62
111.707
110.084
110.951
112.53
111.638
109.439
103.013
94.4332
99.4332
109.415
110.497
112.486
111.253
111.576
112.303
111.173
109.391
107.124
109.045
112.032
112.619
105.435
103.977
107.724
110.029
112.492
109.391
111.57
108.336
101.466
103.708
105.341
102.512
106.576
107.481
105.753
107.91
108.637
109.093
111.682
113.669
111.576
110.834
108.873
110.029
109.045
109.872
110.199
105.092
105.574
105.882
104.701
99.7258
103.923
112.918
110.662
113.617
115.187
114.26
114.181
110.546
112.284
108.483
104.948
104.932
102.391
107.244
112.943
113.986
110.846
108.631
108.743
113.669
117.041
107.974
105.175
107.579
105.424
109.206
114.811
114.685
112.467
107.175
106.321
110.932
107.887
102.965
106.315
111.031
111.006
112.886
114.995
116.151
112.918
112.663
115.101
101.143
103.204
106.752
100.055
104.586
106.011
105.452
108.137
106.695
107.585
112.221
114.561
114.732
114.423
116.645
118.05
117.021
107.857
104.075
104.161
106.644
110.908
103.983
108.684
108.29
97.8569
106.53
107.481
106.952
116.993
110.816
111.396
118.448
116.836
114.824
113.714
110.32
114.929
115.714
111.284
117.007
118.14
120.077
118.97
117.841
116.07
111.346
103.697
98.5028
100.437
109.2
113.617
107.817
110.595
115.487
118.406
118.224
110.577
114.91
118.85
111.383
111.259
114.012
115.694
112.835
114.508
118.28
119.954
120.265
116.884
103.724
100.482
112.101
119.56
118.357
107.279
110.32
121.544
119.026
116.516
110.791
114.554
119.517
116.632
118.835
119.161
120.846
117.137
120.482
118.906
112.051
110.895
113.084
116.673
115.068
114.188
120.504
116.313
106.508
115.587
120.977
121.47
120.409
112.372
118.287
121.529
119.99
124.938
122.941
119.481
116.747
119.825
120.62
119.246
114.857
113.469
124.347
125.913
125.691
127.129
109.613
108.713
110.461
112.784
121.124
115.128
117.654
118.455
123.755
125.29
119.66
113.237
113.257
122.557
121.588
121.677
121.907
119.94
124.502
124.852
128.684
126.678
124.031
125.078
126.271
118.406
108.69
112.708
114.83
118.998
121.44
114.09
119.553
121.551
119.832
120.912
115.44
120.707
120.034
123.464
121.33
113.173
119.725
121.47
117.516
116.306
123.419
127.194
126.183
122.041
114.331
115.009
115.32
116.279
120.417
121.293
123.297
124.077
123.678
121.529
118.399
122.557
121.521
122.865
122.677
122.979
127.665
129.032
126.127
115.527
118.071
121.536
124.479
128.189
117.945
114.253
116.618
124.782
124.309
117.758
121.551
120.999
122.436
128.148
129.116
125.992
124.556
125.047
125.786
127.065
128.634
131.432
132.433
132.661
132.336
133.52
132.004
125.109
122.903
116.408
114.837
115.234
120.992
121.951
109.565
116.421
121.139
115.56
117.53
124.332
127.657
125.211
127.251
127.698
124.093
121.492
122.858
123.001
117.716
119.517
124.332
127.6
131.562
127.138
124.657
127.243
118.469
117.585
115.627
113.72
124.992
129.567
134.102
125.4
119.854
129.525
132.952
134.246
135.483
133.592
133.413
135.281
131.294
127.527
128.485
133.253
125.518
124.216
134.725
123.419
121.278
127.097
131.432
117.737
101.22
112.499
128.32
129.066
123.092
123.693
125.715
125.802
130.344
122.055
113.507
108.266
118.54
128.609
116.509
117.98
116.394
118.252
125.897
119.883
119.069
117.862
118.526
122.108
113.347
105.202
96.4925
95.8589
106.98
110.387
104.888
111.093
124.51
127.486
128.568
130.191
129.349
122.699
127.38
129.761
117.599
118.245
112.841
103.391
103.81
110.029
122.309
129.803
122.858
111.744
111.769
105.258
100.477
107.805
119.36
110.656
107.072
112.051
115.996
115.567
106.389
112.435
114.692
111.763
113.598
114.83
123.602
131.752
127.804
126.582
132.162
130.098
120.098
124.673
126.199
125.353
130.668
130.676
127.698
130.873
135.309
136.715
136.996
137.325
138.37
126.879
128.675
136.045
135.428
134.671
130.166
122.496
126.215
132.512
130.727
126.032
125.691
124.131
123.1
126.183
126.239
126.542
128.378
134.944
135.41
138.255
134.084
133.77
135.208
135.254
136.407
123.663
121.065
129.542
137.589
136.416
130.081
124.479
131.674
137.08
127.291
128.659
130.856
125.652
130.591
133.717
120.077
118.497
125
128.833
133.485
139.13
134.58
130.599
135.621
141.794
142.643
137.618
130.124
131.467
137.287
140.598
139.227
132.626
133.378
134.816
139.363
145.307
144.571
139.509
138.389
120.221
120.809
128.957
130.429
133.227
129.567
127.902
133.592
140.509
140.677
142.328
143.441
147.667
141.373
125.471
127.755
139.626
143.472
139.266
130.344
135.501
138.648
141.965
145.497
144.373
142.45
134.962
130.574
129.534
123.732
124.766
128.568
137.855
142.217
142.969
139.363
135.345
141.995
143
141.153
142.076
137.25
137.988
144.498
142.602
136.603
131.415
134.21
143.164
141.084
136.509
139.198
136.491
134.971
138.744
138.217
134.925
123.564
126.727
133.378
132.864
137.099
135.98
139.499
141.513
136.491
138.514
143.585
136.621
137.969
144.875
147.319
147.417
149.098
140.42
137.052
144.686
140.627
138.437
136.491
137.741
141.975
144.175
148.214
135.318
122.122
132.635
138.802
139.704
146.242
143.503
137.533
132.67
134.907
143.328
148.688
138.055
131.51
134.589
142.177
145.391
135.126
130.787
136.138
131.536
137.193
143.4
134.925
133.752
144.373
140.588
131.996
127.592
124.116
129.049
136.166
137.656
141.794
146.071
147.113
150.682
150.026
145.911
142.45
133.636
133.253
143.916
149.846
146.757
137.268
128.584
135.126
147.34
146.994
145.73
136.996
134.255
142.725
151.389
146.092
138.523
137.96
129.5
130.039
129.291
135.833
138.87
132.6
134.291
137.334
144.791
142.521
135.318
139.237
147.973
143.957
141.153
134.156
137.353
149.499
150.761
149.321
151.32
143.431
136.305
140.519
141.683
138.341
131.996
135.208
145.243
141.513
133.511
134.526
132.249
123.739
126.263
139.14
134.862
128.526
138.351
113.714
116.306
147.634
145.847
139.334
139.929
144.259
146.06
150.128
145.359
145.243
145.73
139.548
137.533
145.264
145.444
145.518
149.365
148.533
146.606
131.458
120.831
130.54
141.243
146.263
151.607
151.929
153.175
154.333
155.885
155.909
155.111
153.633
153.941
152.393
152.999
155.051
156.372
148.302
144.55
142.359
140.509
148.214
154.607
155.909
154.381
146.8
141.034
150.421
151.929
143.328
129.609
126.103
143.647
155.099
153.645
148.688
147.145
153.822
155.703
156.9
152.567
145.075
146.007
152.964
148.028
143.143
151.172
151.619
153.598
149.914
148.92
154.107
155.872
141.663
140.875
153.28
148.954
149.488
154.859
141.513
142.918
150.218
142.664
136.696
138.456
135.437
139.063
151.092
151.86
158.73
144.082
141.663
153.245
155.557
151.035
148.688
153.645
155.642
154.679
155.606
159.286
157.171
150.41
142.43
143.637
150.761
150.308
153.128
155.027
134.971
134.562
147.721
150.489
147.863
138.236
135.345
146.177
147.449
145.285
154.955
152.277
156.421
157.629
153.362
145.73
149.131
154.428
153.175
151.826
148.588
142.086
147.156
155.545
148.61
147.689
152.847
163.252
156.104
147.896
131.027
132.336
142.025
144.603
150.049
137.95
144.477
156.226
158.14
160.295
155.97
148.115
143.916
149.858
158.781
155.063
155.412
155.812
157.134
155.8
152.975
153.846
159.528
159.77
153.046
161.121
157.592
151.826
153.327
155.836
154.25
154.679
152.753
136.921
136.575
140.736
132.004
134.282
141.193
152.451
156.752
142.582
142.399
153.728
157.891
155.28
158.115
154.333
156.067
153.716
152.068
157.803
158.869
156.433
147.863
149.959
145.645
150.761
162.088
158.103
147.482
148.555
157.555
153.728
150.173
154.464
141.183
136.388
155.099
150.421
150.376
156.875
155.147
152.975
156.47
158.604
159.974
166.889
153.527
149.22
153.551
156.519
162.827
162.364
153.01
153.834
168.011
159.962
160.914
163.666
157.493
156.728
159.375
162.061
160.077
161.29
140.42
139.665
142.268
141.743
153.598
159.668
158.919
153.468
152.614
158.667
168.435
160.681
162.101
157.965
155.812
161.695
158.153
158.894
160
155.848
155.654
161.018
155.594
157.716
163.039
161.904
153.245
154.536
169.981
162.747
164.758
167.49
161.186
154.261
147.113
145.635
145.138
154.823
154.691
149.813
153.128
155.243
157.282
160.064
162.193
162.127
166.847
163.881
162.443
165.344
159.898
149.678
156.826
167.813
155.195
156.104
156.728
153.574
157.766
162.417
155.897
151.596
151.263
147.145
154.595
147.787
144.886
147.569
120.048
121.929
151.584
155.557
161.721
165.59
168.791
163.052
150.773
144.781
145.148
153.976
162.774
165.522
155.739
155.69
156.47
158.228
161.538
158.065
154.667
154.345
165.796
158.768
156.617
161.603
157.916
159.198
163.119
152.905
151.699
153.057
146.338
154.931
158.316
163.332
164.379
165.071
170.853
159.223
157.94
159.375
157.716
164.853
164.867
155.788
152.94
166.348
166.833
162.747
156.887
153.151
156.629
159.834
174.019
167.154
162.022
162.522
153.775
157.394
163.653
146.103
150.75
161.812
153.186
160.979
154.967
157.023
165.18
166.196
162.641
154.955
163.787
160.681
156.409
165.317
165.741
146.542
146.434
170.78
170.634
160.617
155.594
155.123
157.356
165.618
174.277
167.182
170.271
166.514
155.364
157.196
167.546
168.663
164.772
167.799
149.031
147.503
148.467
142.318
145.169
149.309
153.834
158.103
165.961
159.058
162.443
165.399
162.245
157.245
162.959
177.399
172.221
163.172
159.033
162.668
157.035
160.192
178.476
168.478
161.59
163.212
151.757
146.37
160.591
171.748
164.366
165.207
152.114
140.44
137.542
144.196
159.77
160.901
152.8
150.784
164.609
166.044
157.468
156.287
164.894
155.28
152.999
164.029
159.172
166.251
165.494
155.824
156.031
167.673
173.1
173.04
176.211
174.642
164.447
161.368
171.644
171.674
162.14
161.577
161.394
162.14
152.858
156.25
165.03
157.011
167.56
162.232
154.548
158.078
161.629
170.969
168.095
158.983
152.022
158.14
166.072
171.718
171.233
159.821
158.115
163.975
175.131
166.694
159.847
168.11
168.251
166.653
168.407
175.408
181.028
176.632
177.699
162.232
153.811
161.499
162.009
152.103
158.743
162.681
151.895
167.294
171.086
167.14
173.19
171.954
172.176
160.81
164.433
178.142
171.585
177.007
172.488
161.394
153.057
160.72
179.808
171.409
168.492
168.138
155.897
157.53
172.876
177.478
175.593
180.766
168.663
157.146
169.42
178.126
178.094
172.861
173.355
181.967
142.796
137.334
157.766
165.906
173.837
173.43
154.036
145.412
167.546
168.648
171.365
175.948
162.813
151.446
158.341
175.055
175.577
170.794
172.548
171.984
172.429
168.265
167.434
174.171
178.987
184.027
163.881
159.134
169.133
170.01
167.631
162.18
172.488
152.917
148.943
163.626
164.772
168.734
164.339
156.752
157.196
175.362
174.125
169.65
167.462
168.478
165.03
155.051
164.555
176.165
182.999
184.689
176.274
171.438
171.116
175.024
171.057
165.536
176.32
178.843
175.454
183.352
184.315
179.856
177.573
171.321
175.193
158.995
146.167
152.94
155.4
156.299
163.092
160.914
160.966
173.566
171.35
176.569
172.414
167.87
169.794
163.613
173.295
172.951
170.169
180.652
173.28
170.416
166.653
171.674
185.322
178.987
182.299
176.165
153.186
155.812
169.722
177.888
179.856
173.22
157.716
153.551
147.732
147.71
168.577
166.625
167.715
167.043
170.169
184.094
167.224
164.136
170.314
168.011
165.7
165.003
177.573
173.807
172.831
179.727
180.424
182.765
180.343
178.524
181.851
182.916
182.582
175.116
163.279
169.808
177.226
175.902
172.951
169.895
171.748
171.365
162.285
154.238
165.934
163.532
164.894
168.748
159.21
177.226
175.593
165.837
164.325
165.399
173.055
172.966
181.077
184.98
183.301
186.829
183.773
170.955
171.63
175.731
174.474
179.244
177.73
174.84
163.639
169.563
183.217
181.291
188.626
181.274
182.916
172.073
167.771
182.966
172.697
170.43
167.94
168.762
165.098
153.128
165.481
173.686
178.158
178.269
169.707
170.329
167.392
180.343
181.225
176.913
188.59
180.261
168.933
164.339
173.822
176.025
173.28
189.197
191.883
174.718
169.219
169.348
166.861
169.808
175.701
189.538
179.937
173.25
186.741
179.501
180.865
181.324
170.285
155.97
150.297
171.718
169.707
160.707
165.426
167.588
168.719
168.025
181.604
175.193
168.294
178.333
169.736
165.385
166.376
170.227
171.984
173.265
185.787
179.404
172.622
175.116
180.391
189.789
173.868
175.131
178.603
167.898
179.26
180.93
179.824
188.947
188.147
179.404
159.172
160.269
170.285
171.939
171.851
168.067
171.321
164.298
170.256
188.182
174.414
168.563
177.494
173.115
182.432
177.857
169.062
176.056
181.34
189.538
167.574
164.731
176.71
164.123
174.277
185.065
187.529
190.658
180.067
182.882
188.306
178.348
174.642
177.651
183.234
172.921
168.933
150.978
154.691
188.2
164.948
155.715
160.205
171.88
183.604
170.242
169.047
175.346
174.11
185.701
184.23
172.043
171.204
174.596
188.253
176.991
176.227
197.025
187.213
182.199
184.383
175.055
178.747
182.183
182.432
178.923
175.994
189.952
182.315
169.664
166.168
174.277
191.241
181.736
182.932
157.356
144.207
167.126
153.787
154.895
174.14
171.925
177.841
176.663
174.672
179.051
177.873
185.031
182.916
177.778
170.969
174.019
193.874
190.694
186.498
186.116
187.547
192.641
187.126
186.846
188.893
168.025
173.974
194.59
193.293
194.137
188.094
191.571
194.647
181.686
178.859
169.664
161.044
165.906
156.006
162.774
176.289
176.258
177.462
170.794
178.811
187.652
185.134
190.404
188.857
189
184.843
179.743
182.033
181.258
186.724
190.277
185.512
184.758
175.824
178.079
195.637
187.336
191.957
201.898
186.829
176.087
171.145
183.05
201.877
186.081
182.183
190.694
178.364
171.954
168.648
181.422
166.472
162.92
177.211
164.285
173.641
170.271
169.578
183.807
180.473
182.266
179.711
177.352
188.84
182.382
181.917
197.648
191.022
187.477
182.615
176.554
189.072
193.817
193.032
196.909
185.34
182.632
189.771
187.67
195.179
187.864
183.976
199.183
199.461
185.753
181.901
181.307
182.732
176.866
180.213
188.041
177.857
184.963
185.065
179.711
185.925
184.502
190.006
205.044
190.84
187.248
205.719
185.357
173.34
181.851
186.951
180.489
170.721
175.531
174.444
178.46
187.319
182.515
173.37
164.555
176.258
196.04
190.386
190.876
195.008
188.129
189.233
187.108
182.882
192.086
181.357
182.916
205.276
165.659
161.407
178.939
181.686
203.149
194.59
188.875
193.199
174.627
161.434
174.779
181.307
188.041
192.66
186.098
173.536
176.507
198.59
193.968
196.831
200.965
191.847
191.773
176.757
178.269
202.573
192.493
189.825
202.778
197.044
180.93
186.411
192.382
192.771
193.949
178.269
183.84
178.923
170.169
187.021
187.021
186.064
193.33
195.198
197.609
179.986
175.101
194.326
190.749
191.113
203.046
197.336
196.483
188.768
188.947
199.641
191.957
195.351
201.715
194.175
186.846
176.149
172.102
176.305
175.423
187.389
209.424
201.715
186.881
179.228
188.395
198
184.672
167.532
179.211
180.832
170.256
175.485
180.457
195.81
195.313
194.761
195.752
188.324
194.137
185.649
173.686
188.484
185.237
184.434
177.321
172.756
197.414
191.626
191.92
206.847
193.162
176.835
175.223
174.917
182.866
188.501
174.856
184.366
195.274
187.512
187.143
190.15
199.263
197.922
199.084
204.855
184.655
178.54
178.285
175.269
177.636
173.25
181.703
189.143
175.269
176.866
186.48
183.083
191.773
191.939
193.424
192.771
181.455
191.663
208.855
196.213
193.648
191.883
175.516
181.703
192.53
195.065
198.708
197.433
201.187
208.268
200.985
190.313
181.012
191.077
207.361
199.76
194.288
196.831
188.324
184.758
179.115
174.84
189.197
177.085
180.93
205.044
169.765
167.168
182.199
178.269
193.125
194.269
197.668
196.638
182.782
190.078
197.064
193.949
196.136
188.626
180.44
184.689
186.359
191.058
196.522
192.753
198.118
201.674
196.541
191.681
190.349
198.177
197.609
191.241
194.307
197.355
182.899
187.003
190.06
168.449
182.983
197.239
165.03
150.24
174.81
209.732
200.461
192.252
203.874
194.42
191.369
186.289
177.242
179.905
172.876
188.947
207.663
195.695
187.477
179.695
177.101
191.791
192.382
194.78
212.359
205.255
194.894
201.898
196.232
189.358
193.742
192.957
198.393
200.24
179.775
182.682
205.402
194.194
197.394
192.623
