1.09442e-311
inf
12.0257
104.965
102.981
95.9509
94.8407
98.0392
100.341
104.685
103.616
103.215
105.219
98.9315
82.3418
79.186
84.2815
84.8033
89.9321
92.9973
74.7384
62.8871
68.1129
76.8403
83.1532
97.0874
82.6173
71.9761
85.789
95.1701
94.8812
94.8857
92.1744
88.3744
72.5032
75.7604
100.705
77.4533
70.5691
88.5779
76.1557
66.2866
76.5052
65.0533
17.4304
18.9346
103.977
101.307
102.438
107.637
106.798
106.343
103.354
103.013
109.063
111.377
109.278
107.951
99.8752
88.625
89.674
95.8497
94.402
94.0071
100.105
105.114
101.947
74.8811
75.7892
79.5957
83.0565
113.759
111.782
112.778
114.712
112.404
112.278
108.079
101.066
106.998
106.349
97.8617
104.778
109.938
107.706
107.4
105.938
107.147
111.545
114.416
104.915
102.302
109.045
111.068
108.737
107.968
111.532
107.735
101.895
102.923
107.394
103.365
100.492
102.417
104.085
110.92
111.408
105.263
110.357
112.752
106.655
107.747
111.601
111.876
111.043
104.833
106.219
112.341
107.475
108.213
105.949
105.319
108.19
109.969
103.125
100.908
106.809
109.493
112.082
111.439
116.232
117.966
116.898
116.347
112.278
106.559
107.974
112.007
115.68
119.239
118.638
118.73
116.097
116.87
113.72
110.418
103.928
101.781
102.902
108.513
116.347
110.467
111.123
111.483
111.963
108.79
103.891
111.08
117.392
113.591
109.649
109.373
113.359
112.721
112.36
118.168
113.779
111.801
116.259
110.908
110.187
93.7778
87.6847
96.6277
106.53
114.188
109.01
109.415
110.175
112.924
114.699
111.445
113.449
116.009
116.124
117.158
111.501
107.77
109.547
112.461
112.435
112.549
115.935
112.759
101.564
102.585
106.769
106.118
113.682
115.247
111.148
113.986
117.98
120.664
116.367
109.415
113.617
112.613
108.749
112.271
113.986
118.547
115.221
103.077
106.633
110.619
109.308
107.556
104.674
100.908
101.404
109.999
110.681
112.994
116.55
115.467
114.462
117.536
120.722
119.182
123.365
118.554
118.175
123.831
116.829
113.385
114.62
121.692
122.654
116.421
109.745
110.387
112.568
115.128
110.662
111.383
120.722
119.926
123.198
120.591
118.751
117.213
117.199
121.175
117.171
118.554
116.387
116.836
123.062
111.938
114.85
118.533
118.071
126.095
122.624
117.474
107.945
110.175
112.221
107.072
114.541
120.62
124.688
124.922
120.322
121.029
118.857
115.088
117.069
120.977
118.413
115.727
115.6
116.077
121.234
122.933
120.373
119.918
114.077
113.727
109.17
102.27
112.152
117.357
116.884
123.716
123.289
121.714
120.504
120.547
124.247
116.863
115.56
120.912
127.194
128.518
118.934
117.007
119.303
125.897
128.139
118.022
117.371
124.146
118.224
115.433
113.494
111.408
116.225
123.13
125.274
126.151
117.034
116.252
125.455
118.751
120.941
123.16
125.691
130.404
128.708
127.853
129.803
129.057
126.735
119.062
116.577
122.324
124.023
113.611
106.872
107.331
109.325
118.224
118.455
122.347
124.945
120.656
116.482
116.029
120.525
118.701
121.795
125.604
125.778
127.437
125.526
124.023
125.597
123.977
119.339
116.401
120.802
128.999
126.231
113.695
116.191
116.212
116.939
122.13
118.392
120.78
123.877
127.714
124.735
126.791
128.535
124.673
126.08
128.758
131.865
127.364
127.073
132.926
130.446
127.364
127.527
129.828
126.494
124.285
126.159
124.51
115.028
119.632
122.145
121.847
124.016
120.635
130.327
128.733
128.082
129.308
127.154
124.735
123.016
127.057
121.818
124.494
132.652
129.274
126.92
130.268
134.862
135.364
126.526
126.008
122.812
121.566
127.162
124.432
123.9
118.154
124.301
128.617
121.403
127.332
125.802
124.208
130.039
125.25
127.502
135.648
124.471
119.396
126.606
124.611
125.345
128.891
131.311
129.349
128.642
130.864
132.882
132.529
109.649
105.396
120.504
129.87
129.475
123.213
126.454
125.423
126.952
132.547
130.344
127.17
129.391
121.936
121.78
127.129
121.758
129.904
129.249
120.555
121.758
129.467
131.787
132.935
134.363
117.675
118.963
120.685
121.058
129.216
127.097
124.556
126.558
130.157
125.96
127.113
130.608
136.659
134.472
131.648
136.444
130.847
126.775
132.626
136.491
137.798
137.732
139.014
133.52
127.453
130.557
121.632
125.707
129.567
122.971
119.596
118.308
126.302
134.68
134.3
125.133
126.526
134.409
138.85
136.761
136.996
138.783
135.428
136.491
141.243
135.309
133.342
133.887
135.227
136.491
132.793
134.589
139.344
134.291
126.751
114.692
111.564
123.847
129.475
130.685
131.285
128.824
130.344
128.353
125.636
128.991
131.666
133.36
135.529
135.208
138.418
139.723
135.63
123.487
124.766
136.147
133.28
135.897
138.591
127.453
124.906
127.429
117
123.854
122.317
118.8
128.593
132.109
135.906
135.044
133.333
131.285
134.391
135.823
127.812
127.624
135.062
129.358
127.853
131.096
131.449
136.491
140.42
143.154
137.627
126.191
129.5
135.017
136.705
137.855
125.36
124.339
125.762
132.398
137.08
125.549
121.536
133.041
135.63
132.031
133.788
134.762
139.005
137.08
133.663
137.694
137.212
132.652
128.916
131.173
139.86
128.559
131.804
133.923
130.506
136.584
135.446
122.986
126.08
132.004
128.841
132.371
133.735
135.511
132.917
128.957
133.538
136.584
133.788
140.766
137.155
138.217
144.509
142.207
135.768
131.883
135.648
143.771
134.599
129.887
126.662
129.308
143.668
142.086
143.369
145.592
135.575
131.987
135.355
136.463
140.302
142.258
138.591
134.255
132.908
130.796
136.79
144.802
139.237
136.761
129.224
127.178
139.87
148.931
149.745
134.454
128.974
137.391
140.42
140.38
133.253
126.159
131.07
129.483
126.976
132.231
136.968
141.074
145.645
141.764
135.612
133.77
139.558
147.178
148.544
137.741
135.263
139.383
142.379
142.765
135.446
138.131
146.477
139.841
137.278
144.802
143.154
142.207
137.24
130.098
123.381
119.218
127.494
126.711
127.535
138.236
139.548
137.552
141.333
141.814
134.318
135.446
136.968
139.675
141.914
132.371
128.667
139.082
142.969
147.678
143.021
135.373
142.237
144.875
146.477
150.898
146.349
145.677
150.478
136.416
119.804
121.706
128.18
139.489
143.277
142.704
146.445
136.977
132.17
136.64
145.603
149.689
140.095
139.948
150.376
145.423
145.507
146.477
140.41
142.501
148.588
149.992
149.154
145.328
137.732
137.77
147.341
151.069
151.504
145.529
132.926
118.28
122.639
138.284
145.096
144.781
141.904
140.017
137.278
142.318
147.721
141.463
140.578
145.285
141.024
143.041
141.173
138.122
138.889
137.325
138.475
145.476
143.287
139.636
147.896
148.236
147.33
151.137
141.433
139.499
142.765
141.193
142.918
143.164
146.156
142.481
137.883
144.238
148.909
140.469
142.45
148.302
139.87
142.837
150.489
137.646
131.096
134.98
141.303
153.953
150.727
140.687
140.036
150.365
146.994
141.283
139.179
139.218
142.42
143.092
147.591
149.265
134.309
126.839
136.138
144.269
145.338
150.693
144.949
137.608
142.735
149.098
149.309
148.06
143.379
135.455
138.217
147.493
149.51
135.63
137.41
147.601
143.082
145.911
152.788
147.297
147.156
150.602
142.704
138.995
132.776
133.041
144.196
144.134
152.742
145.953
135.621
142.45
148.787
147.297
151.504
157.109
144.749
141.343
151.035
151.803
152.184
150.534
142.258
147.984
156.507
144.896
143.606
154.095
147.612
151.206
154.464
146.767
139.005
144.812
145.096
146.434
143.062
132.855
138.841
146.007
144.896
145.254
152.161
149.622
147.634
151.665
146.875
144.665
154.583
152.835
153.41
154.583
148.832
151.492
160.372
148.644
142.258
138.036
136.761
146.767
151.976
155.994
158.09
155.848
135.263
132.162
142.98
153.304
155.812
151.217
148.854
145.571
141.473
137.741
146.477
147.765
148.357
158.68
151.217
149.992
153.846
146.477
148.467
156.006
160.167
152.812
152.103
143.709
146.049
148.555
146.789
160
161.199
158.391
152.648
156.067
157.878
143.678
133.779
129.066
139.344
155.739
149.824
153.151
158.491
153.551
142.939
144.77
152.138
148.787
144.456
142.786
150.365
157.617
160.359
152.788
152.952
149.835
142.643
146.477
153.563
159.617
154.835
146.509
150.184
143.74
137.485
145.423
142.116
135.768
145.264
163.506
156.58
155.751
160.385
151.607
146.724
149.948
150.568
146.113
150.038
150.841
152.335
154.131
157.418
152.567
148.943
150.614
155.69
159.757
153.87
156.397
163.132
167.842
156.238
155.003
160.244
157.493
143.719
148.214
150.625
146.757
157.604
157.53
160.591
155.703
152.091
154.44
162.167
160.436
158.629
160.63
146.897
151.619
155.763
153.704
161.996
161.996
152.207
153.374
156.507
157.356
168.492
164.921
164.474
158.403
158.366
160.038
149.522
145.529
155.352
163.345
155.135
157.691
145.349
143.575
153.315
149.981
153.917
161.07
159.084
158.881
163.399
159.668
163.239
163.532
164.339
147.765
141.703
155.557
158.391
164.082
158.919
154.095
154.143
155.824
152.917
155.727
156.9
148.291
153.598
159.872
156.031
148.368
146.509
144.928
141.693
146.306
153.21
143.174
147.482
157.418
158.529
160.733
154.871
162.443
162.338
154.548
152.335
151.32
144.655
154.238
164.069
154.178
157.878
153.433
158.466
159.109
155.207
159.936
160.321
155.848
156.691
150.139
134.789
136.631
149.577
136.147
129.803
143.885
155.171
167.898
162.774
156.006
154.059
152.23
152.765
161.551
164.096
161.943
166.597
160.205
160.772
154.847
146.918
155.763
162.114
155.982
152.917
161.057
157.916
161.407
168.848
169.391
158.115
158.128
146.274
139.841
149.6
152.999
152.474
139.005
151.964
163.706
161.708
162.206
151.355
154.285
162.655
164.393
164.69
162.893
148.987
152.987
162.76
159.248
168.194
167.126
158.04
143.678
144.425
158.078
160.862
160.953
163.666
162.734
151.883
155.304
157.319
156.678
156.213
147.427
146.071
150.523
148.489
150.41
162.999
161.095
162.76
160.72
164.217
166.625
155.873
155.873
155.412
159.706
165.166
161.852
157.878
165.289
168.279
167.043
167.56
149.846
155.958
170.94
165.03
148.522
151.918
177.132
165.769
157.679
153.351
135.455
130.225
143.844
151.653
156.593
163.252
158.441
147.601
153.894
167.771
159.744
163.106
161.031
163.465
163.68
156.274
163.319
165.399
171.233
163.425
163.599
172.295
162.338
166.293
157.072
148.931
159.795
169.678
166.945
167.001
170.634
162.973
146.37
142.929
148.71
148.291
158.065
160.179
157.048
155.448
159.77
158.103
156.789
170.999
159.426
158.165
168.506
168.62
174.657
172.533
173.566
169.578
168.294
174.49
171.969
173.732
173.415
170.882
163.706
157.928
163.546
160.604
157.06
163.319
162.022
163.066
167.336
151.55
147.07
160.205
157.94
156.446
156.311
163.385
171.925
158.97
163.332
159.502
158.04
156.433
153.339
171.925
170.518
163.452
153.811
147.308
155.97
168.223
173.01
173.31
163.948
159.821
170.692
169.707
175.269
179.34
173.717
168.209
159.795
167.602
160.385
160.385
177.447
148.159
149.779
170.3
158.529
157.866
162.351
174.034
166.5
163.026
167.926
156.531
160.346
168.11
165.934
165.153
172.906
176.96
171.659
152.3
154.131
171.644
170.867
174.535
172.906
175.809
176.46
143.349
144.321
158.718
160.398
170.256
167.14
176.96
156.875
155.063
163.066
152.219
161.264
171.394
175.762
168.705
160.836
159.261
161.708
165.59
174.125
168.138
158.567
169.895
173.295
172.876
176.538
172.221
166.57
158.516
164.298
171.13
172.682
182.282
167.266
155.97
161.747
174.277
177.525
166.653
160.823
159.147
168.705
164.231
151.941
156.58
164.163
170.692
162.946
164.758
169.162
162.986
171.38
173.01
176.056
169.88
167.406
174.642
164.204
164.799
170.853
167.771
168.506
171.91
175.269
167.673
165.221
171.733
164.312
168.705
168.933
167.856
175.639
177.857
182.999
172.533
170.707
176.243
177.117
171.807
167.898
176.274
151.849
143.379
154.309
155.606
158.466
167.532
178.396
161.786
161.368
171.189
172.951
180.914
177.384
159.898
149.142
159.859
166.113
171.821
182.665
171.145
164.285
168.691
175.654
175.07
169.88
168.876
164.935
168.862
167.87
167.35
178.492
158.265
151.24
153.327
159.63
173.01
168.89
176.382
175.269
179.888
172.712
158.995
172.043
178.635
178.19
173.43
168.025
164.731
167.954
177.873
170.401
174.81
184.672
173.913
168.719
162.443
160.154
160.013
152.602
146.746
154.536
154.261
144.061
145.719
139.733
147.07
139.733
129.744
131.449
148.81
148.798
140.578
162.101
173.385
179.485
171.748
168.819
171.145
164.745
164.393
169.42
166.764
171.777
181.835
169.535
155.099
156.949
172.429
181.554
175.716
180.766
187.213
174.459
170.634
170.111
174.064
189.215
178.063
173.928
167.673
154.967
160.449
166.667
176.01
179.986
182.765
171.057
166.931
183.385
172.102
167.574
173.807
184.247
181.324
163.934
172.966
169.592
166.182
179.565
160.359
164.285
180.099
161.865
152.835
167.378
185.701
174.064
176.476
184.128
182.799
179.695
169.377
168.279
159.426
171.482
179.791
163.613
176.46
183.15
180.766
167.968
158.894
177.431
180.245
182.615
193.367
183.167
174.932
169.621
170.75
183.604
171.954
174.749
191.883
176.71
175.485
171.703
173.974
177.51
169.076
177.809
180.522
182.05
177.699
170.169
171.585
175.562
185.943
176.835
175.009
179.228
166.708
171.497
174.596
175.254
175.762
170.838
177.525
184.963
172.117
171.204
183.385
182.632
186.411
182.932
181.686
177.478
175.994
188.164
190.404
182.949
181.505
186.532
179.743
171.101
174.292
181.554
170.242
160.436
171.689
182.183
185.34
180.473
184.911
176.523
173.265
191.04
156.912
157.891
176.072
172.697
173.913
169.851
182.199
180.115
178.205
176.165
166.611
161.044
165.92
183.318
185.426
174.322
172.652
178.412
177.384
173.4
182.05
188.857
179.485
170.14
178.221
178.015
179.856
179.195
171.866
183.133
182.066
171.733
158.692
168.606
194.515
178.396
177.415
185.322
167.701
163.172
164.271
161.225
158.491
162.377
167.168
177.117
189.825
177.368
174.459
174.353
178.763
184.621
184.162
189.807
193.892
191.718
189.843
183.942
175.316
185.202
181.028
181.505
195.332
177.226
171.321
181.571
183.604
186.029
179.727
176.227
185.477
187.564
185.856
175.685
175.177
156.043
147.842
158.945
155.352
164.976
166.889
164.867
165.125
172.102
183.621
181.538
183.268
184.928
168.563
173.521
183.824
184.434
192.363
183.756
187.073
192.567
188.644
185.701
174.718
169.996
172.533
169.823
166.736
165.755
173.506
176.243
170.314
166.265
171.821
175.963
176.165
184.553
178.54
166.072
178.571
170.01
155.521
167.602
170.619
183.705
178.635
167.462
184.366
172.236
167.983
169.895
162.088
168.719
169.736
170.619
165.879
169.592
180.002
182.232
190.803
186.986
184.162
167.084
169.895
195.484
188.235
183.925
192.234
188.964
183.117
178.364
165.741
178.827
176.85
169.693
163.172
152.393
163.506
165.085
164.15
164.339
175.162
191.571
180.554
181.472
182.565
186.724
192.197
179.856
177.92
176.569
185.254
191.388
183.133
185.408
184.451
179.115
187.126
178.428
171.556
179.63
169.779
173.16
177.715
171.218
166.223
167.029
186.532
189.897
171.777
173.551
178.571
166.611
155.921
167.968
187.529
187.266
189.753
184.366
178.747
191.644
182.882
173.34
181.406
171.336
172.013
170.358
171.306
162.88
161.499
192.92
189.448
187.67
185.667
179.163
192.771
191.241
181.719
187.494
181.653
163.305
163.425
173.762
191.369
188.359
164.894
79.466
82.6241
180.408
148.765
151.941
182.232
180.766
185.048
184.434
184.963
191.828
193.367
190.494
179.34
182.033
194.723
190.006
189.054
196.309
177.952
180.31
184.162
174.612
188.377
174.171
172.043
151.803
137.024
150.83
163.961
187.371
189.915
183.117
178.047
172.161
166.072
163.479
181.242
164.528
162.167
191.278
180.31
176.616
180.701
187.354
197.511
184.928
184.179
200.763
183.469
179.131
193.386
184.417
192.511
195.255
196.483
199.641
192.234
192.827
197.006
182.682
183.976
193.817
193.48
185.099
171.438
186.289
191.333
184.638
191.755
192.105
177.778
186.047
180.62
180.343
180.848
158.04
166.431
166.32
166.542
174.52
184.997
199.203
188.519
189.448
184.077
175.778
187.406
190.367
185.598
193.667
187.564
187.882
186.428
177.054
186.012
192.976
195.503
203.604
179.905
171.292
192.252
190.132
193.349
183.79
186.116
210.04
199.104
184.094
189.771
183.79
184.655
175.809
159.502
183.554
185.546
173.702
162.167
163.934
188.644
186.794
187.161
184.349
185.874
199.88
190.024
178.891
183.368
177.794
179.582
175.793
176.678
200.501
189.448
191.058
211.775
187.266
167.813
173.732
178.827
191.699
191.865
194.024
209.096
189.825
174.718
186.986
188.697
189.934
177.573
169.837
178.126
175.731
189.807
185.736
188.2
201.776
192.883
197.122
203.149
177.667
184.06
207.254
192.363
196.098
192.16
186.585
186.133
182.133
185.632
194.515
194.704
197.414
194.894
