1.19672e-311
inf
9.49235
51.3189
52.154
52.0874
51.4721
49.6155
41.8927
44.1511
50.3512
48.7734
45.2858
42.7515
41.7781
43.0942
49.3097
42.9267
41.0088
48.0781
42.7798
31.8122
33.2458
36.71
17.8538
19.5563
50.958
53.3917
53.4574
53.7953
51.9845
50.8531
49.1183
47.6485
48.6523
48.4813
47.8709
44.6957
43.163
47.9145
51.0139
48.2381
48.714
50.0877
50.1769
51.4417
50.1769
50.0275
51.8054
50.4859
48.9608
46.6429
47.0301
49.0737
50.2248
50.3499
50.1203
52.154
50.7074
49.272
50.4961
49.8467
48.6358
49.272
51.0686
49.3255
49.0124
51.9292
51.3624
51.6262
51.8376
48.8532
47.4642
48.2288
50.4834
50.773
49.5724
49.505
47.5817
49.3925
52.6551
48.9848
46.1862
48.883
50.2412
50.3791
51.0491
50.8285
51.0438
50.6855
52.0793
50.0563
46.5214
47.8652
49.412
46.6832
44.6409
46.0034
46.53
47.2378
49.7203
49.6426
47.3026
48.605
51.3479
51.1496
50.1618
48.8794
50.4566
52.783
53.6553
53.8721
49.7686
48.1452
49.5884
50.2917
51.721
52.341
52.2698
51.9737
51.7598
51.3452
49.4242
49.362
50.4375
50.5204
50.8984
50.4172
51.9103
54.3036
54.4915
54.1727
53.0307
50.3867
48.3489
49.7117
51.1535
51.5066
52.278
49.5688
49.9938
52.4893
52.6759
52.9731
48.8055
48.4978
52.3451
52.6302
52.8891
53.8866
52.7093
51.3927
51.5544
52.5583
52.5666
51.2847
48.2276
48.7448
50.9113
50.5715
51.7183
50.683
50.9892
52.9465
51.913
48.1301
44.7898
47.316
50.4694
51.3716
52.1989
51.484
51.2348
52.5928
53.1025
51.6129
50.8505
50.8906
52.5045
53.2694
52.7426
53.3632
54.6627
53.6193
50.369
51.5132
53.7403
50.5127
52.0305
53.6711
53.1082
53.8445
52.3684
50.0902
50.5165
50.5894
48.6902
50.1593
51.9009
52.7551
52.7051
50.5153
52.1105
54.3227
53.2439
53.7577
53.3006
53.5475
51.8807
50.2652
52.0942
54.3996
53.5404
53.7374
54.4915
54.0965
53.9869
51.9548
52.2671
50.2487
50.3347
54.9889
55.8472
55.5494
53.5045
53.349
55.3174
54.3892
53.8561
52.1934
49.7599
49.2477
52.044
53.4716
52.5984
52.2057
52.6247
53.4888
53.1788
53.5662
51.7732
48.7948
51.2965
53.6409
54.0584
54.1008
52.9956
54.1492
54.5732
55.9253
55.0267
53.3703
52.9703
51.7987
52.8346
55.2135
53.4488
53.8126
56.2446
53.4102
53.2779
54.2652
53.5633
51.6876
51.3848
53.3134
53.762
54.305
54.4203
54.4974
53.9171
54.2049
55.6189
52.9423
51.8686
55.5463
56.2683
53.9942
54.3892
56.6364
57.3559
55.4831
53.8779
54.8908
55.3143
54.4144
53.3703
53.3077
53.8271
53.0377
54.1653
54.3922
53.9433
55.9284
55.4216
55.2074
55.5741
54.0921
53.1166
54.545
54.942
55.5155
56.2224
54.3257
54.0979
55.687
56.0679
56.0255
55.0646
52.3423
54.0818
56.0052
55.2868
55.76
56.2968
57.0776
56.638
54.7915
53.2708
53.6481
52.5334
52.608
54.7181
55.5911
55.1314
54.9647
56.3031
54.8456
53.8938
55.5031
54.3818
52.4521
51.3005
52.4728
53.9258
54.447
55.5509
54.4247
55.0479
55.6174
56.1908
54.8652
53.1675
52.9213
53.1703
53.723
54.6523
55.8722
54.8155
55.7849
55.244
54.9722
55.4324
55.2257
55.8581
55.1618
54.7181
55.5201
55.5772
54.5866
54.6165
55.3204
56.8715
56.7247
55.9175
53.4502
52.6094
54.936
54.9783
54.5613
54.8742
55.7258
55.6576
56.6652
55.4816
54.3729
54.5137
52.9759
53.5074
55.8285
57.7017
56.8925
55.3511
54.8095
57.4333
57.5109
56.09
56.9866
56.8941
54.609
53.0926
55.4109
56.7505
56.8618
54.2844
54.3862
56.9655
56.153
57.402
56.7199
55.2135
52.5873
50.91
53.4445
56.0758
56.0884
56.0617
56.8618
57.2246
57.8821
57.0581
54.6971
53.4745
53.4988
54.9451
55.2501
55.6963
55.919
57.0841
59.0685
58.4368
57.3247
56.8796
54.4603
53.3106
54.5182
56.2556
58.3499
55.7134
55.6684
56.802
55.5571
56.1608
56.1183
55.7662
53.674
52.0684
54.781
57.7251
55.802
53.08
54.0935
56.9622
58.9449
57.5573
55.4877
55.212
55.4078
54.5762
54.4736
54.2564
54.8546
56.0318
56.6412
57.4878
56.8456
55.477
52.9437
52.3492
51.0725
48.9237
48.3419
48.2882
49.9313
53.3903
56.0538
53.142
48.2021
47.3552
48.6275
53.2737
54.336
49.3681
52.1798
56.1372
55.9832
57.5705
57.9207
55.325
52.9451
53.496
57.3822
58.5343
57.9727
56.3904
56.2477
57.6004
56.7151
56.0853
57.0223
57.7084
54.8186
53.2808
54.8095
57.6469
56.9184
55.2746
55.517
54.1316
56.3746
57.3395
55.88
52.9914
53.0448
55.3327
56.3857
58.6252
56.6412
55.8441
55.0888
56.6235
58.2903
58.253
54.9979
52.4109
54.793
56.1892
55.7274
55.9065
56.959
56.736
57.506
57.1788
55.9519
56.9103
58.3635
54.2064
52.5555
56.0177
54.3951
55.1846
57.2836
57.205
58.957
58.2513
56.6765
57.3132
54.0482
51.0022
54.2005
56.4525
56.9914
58.3584
58.2632
58.8235
58.701
57.852
57.0744
54.7375
53.7143
55.7243
58.2818
59.1996
58.7838
57.006
57.506
57.4746
57.8035
58.7561
58.7303
59.9287
59.6143
59.2962
57.1625
56.1703
58.8304
58.4436
58.5978
59.2645
57.8102
59.1663
59.8247
59.0877
60.7091
58.3209
55.7647
58.0602
56.0994
56.9055
59.4495
57.0304
56.9427
58.6201
59.2329
56.8553
58.4915
60.2718
58.9692
56.0303
55.0267
58.5429
59.6783
58.8149
57.0499
57.7985
61.1639
62.2742
62.3869
62.1697
56.101
54.7136
58.3311
58.8149
58.2123
58.6166
59.4654
59.8677
60.6502
61.0352
60.3282
58.7165
58.3737
56.9573
56.9168
58.6166
59.0197
60.4357
61.3648
60.4266
59.8731
60.6042
59.891
58.9414
60.3209
57.6651
57.1363
60.1178
59.4689
60.4869
60.781
60.3646
59.8122
60.4011
61.9483
59.5522
58.1988
55.3113
54.019
57.3148
57.4531
56.1545
55.437
57.1902
58.6975
58.964
59.7104
59.5468
59.6997
59.1261
57.5672
55.001
53.5977
51.3466
52.3999
50.5051
50.9463
56.9103
57.4366
57.3477
57.4548
58.4078
57.5871
56.8537
58.9675
61.5328
61.282
61.3629
62.1717
60.9961
58.4949
55.7678
56.1467
58.0568
59.5079
60.4211
57.6651
58.2174
60.9923
59.8086
59.5877
59.4919
58.7976
57.8369
57.7934
59.1419
60.831
61.7074
59.9
59.673
61.0594
60.8106
60.8365
59.4054
59.499
61.5422
57.8035
56.0679
58.651
60.5089
60.3919
59.4937
58.1074
57.9123
60.0583
61.2126
60.4979
58.6734
57.6651
57.6834
59.0772
59.1314
59.3613
59.8605
58.7889
58.2785
59.8964
60.5327
61.3949
60.5749
58.355
56.7811
56.4
58.6682
60.2736
61.512
61.1714
60.9106
58.9797
58.5823
58.1801
59.0825
60.8976
60.3901
61.1191
56.2066
54.7705
59.9341
61.6998
62.5234
61.7761
58.5772
58.7786
61.0501
60.6704
59.1961
60.0619
56.6974
55.1116
59.3454
62.1427
60.818
60.7737
62.545
58.3942
59.6623
63.8203
62.2646
62.6409
59.9484
54.6448
57.463
62.3694
61.6181
61.4534
60.4814
59.7443
59.4937
60.5327
59.9736
60.5675
60.6447
57.6735
58.5206
59.0423
59.4248
61.5802
62.1601
60.9199
60.0889
60.0727
60.3537
62.3325
60.5987
58.6682
58.9449
59.4619
61.3422
61.0948
60.957
61.2482
60.5583
59.7818
58.9518
59.9754
59.4336
57.5159
59.4884
60.6061
60.8365
60.2609
59.8749
61.2126
61.1191
61.1621
60.1811
60.0944
60.562
58.1395
57.3773
59.4054
61.3234
62.315
59.6766
58.898
60.2664
60.5914
62.459
62.6213
61.5044
59.9018
57.617
55.4078
56.5931
59.9269
61.267
59.2417
59.1314
61.4874
60.2174
60.5473
61.3365
61.5101
56.3984
55.5586
61.3987
60.5638
60.868
62.1929
61.5271
62.2665
59.9952
59.0511
62.4571
64.1931
59.1296
56.002
60.2065
63.0696
62.1697
62.1659
61.3968
61.3083
59.4742
59.4672
61.3478
62.6508
65.3659
63.7633
58.1446
56.7102
60.1884
61.4175
61.0165
61.3742
60.8217
60.7866
61.6941
60.3901
61.7837
61.9291
59.0633
60.7921
58.0585
57.862
61.4024
60.6042
61.7951
62.9307
61.393
60.0998
61.5802
60.8088
58.1852
60.7792
63.3633
60.0006
59.997
62.1079
61.6485
62.7471
63.4518
62.9882
62.5078
61.9617
61.4553
58.5035
58.1125
62.2413
62.35
62.6704
65.2486
61.7093
61.0724
62.1253
62.6174
63.3232
60.2718
57.169
57.8553
61.4119
62.8674
62.422
60.5638
60.9998
62.5274
63.0259
62.6449
62.0386
59.7532
58.4607
60.1232
61.7227
62.9545
63.7714
63.5809
60.0312
58.8028
59.2715
60.2101
62.7077
62.4941
63.2651
59.9916
58.0568
62.3655
63.9284
62.692
62.7235
61.5555
60.3318
63.6537
62.6684
63.1114
66.5225
64.5016
57.7701
56.4573
59.2294
60.7995
61.3064
59.8677
60.6299
60.3591
62.7333
63.8957
62.7136
64.2096
64.1581
60.2337
58.7527
60.8958
63.5566
64.2302
63.4417
63.1373
61.799
59.7711
60.2011
63.7938
64.3232
59.4283
58.5446
61.9886
59.8569
60.3719
63.3533
63.0557
64.1601
66.1967
64.3376
61.5347
62.3753
63.998
61.3987
59.4884
58.8253
58.9449
61.5555
63.4357
65.5738
64.156
63.4357
64.4704
61.7913
62.6252
62.6311
58.4966
58.7044
61.3478
60.9737
60.6575
63.1872
62.1407
61.6732
63.674
62.9842
61.9042
62.3577
63.6193
61.0986
60.6704
62.545
62.4278
61.4156
61.6922
65.3467
66.2032
62.9426
62.59
63.7004
63.4397
64.3376
58.2835
57.6087
61.7379
62.9267
64.3604
63.2811
63.3633
65.3168
64.9287
64.4891
64.348
63.1174
63.9877
62.0655
61.0762
63.1393
64.4371
65.8198
66.4452
64.3583
62.8318
63.7024
65.4322
66.66
66.1266
67.1028
63.6963
59.3719
60.6907
63.9939
65.1487
62.8141
63.0994
64.3149
65.1042
66.9299
64.9077
65.0597
64.7019
63.1852
59.2364
57.9341
63.0975
64.2777
64.46
63.3272
62.4922
64.4766
66.223
65.43
64.1437
62.8318
63.7389
62.7648
61.0762
64.2384
66.9411
66.1551
66.7713
66.5868
66.9523
64.6977
63.8835
66.5735
65.1381
62.3131
61.237
62.7589
63.5667
65.0343
64.7564
65.1551
67.3854
68.4088
66.7245
61.0407
62.0328
65.8393
62.9604
60.7165
62.5978
64.1087
62.2084
63.1233
65.3253
64.9709
64.9519
65.1084
64.7438
65.4857
66.8874
66.0677
62.8575
60.4193
62.7471
64.0205
62.8812
64.2921
66.6867
65.8566
63.7328
65.3595
66.1004
64.727
64.895
62.1427
59.3313
60.4394
63.4417
64.1869
63.6557
65.5351
67.4082
67.5242
66.7289
65.1445
65.0512
64.0677
62.3461
61.7398
60.9422
62.2413
63.998
64.3273
63.4518
64.0389
65.9174
66.7891
67.1141
67.2427
65.8068
65.1721
63.0776
60.5565
61.7761
65.5093
65.1614
65.3723
64.0082
62.6252
65.6513
65.6513
65.9435
67.3741
66.4077
61.6618
59.961
60.6391
61.7284
63.595
65.5824
65.4129
61.5404
63.7044
65.0872
64.9182
65.8371
65.0618
66.7223
60.3664
59.3349
65.6276
65.5179
64.9794
65.2465
65.8155
65.5437
64.8782
66.0328
66.6223
68.1663
70.2075
67.3605
62.2956
62.1253
64.0225
64.7626
66.0175
64.9456
63.8183
65.1254
64.7647
64.8424
67.3809
67.3197
65.2912
62.7825
60.1196
62.1176
67.0039
64.0636
63.0517
66.2471
64.4019
65.8068
68.32
65.8762
66.4849
68.3901
65.7311
63.0776
64.9014
65.336
64.8929
65.8805
65.6017
63.4558
64.9098
67.0848
65.6082
66.9411
65.9761
64.7983
66.4099
63.7877
63.6598
66.2778
65.9565
66.1923
65.9522
67.1434
67.7025
66.2405
65.0259
65.2869
66.5602
68.613
65.3125
61.9579
63.002
64.9435
66.8427
66.4496
65.1933
67.2382
70.1115
69.1874
67.2925
64.7207
65.0026
65.9304
66.024
66.6667
64.0307
62.2355
63.8284
65.5609
67.5653
65.7505
64.4912
67.0264
68.0457
65.7614
64.9477
65.46
63.2131
62.3889
65.6599
66.8628
66.807
69.4662
68.3644
64.2446
61.6979
59.312
61.3892
63.6537
59.363
54.7031
55.7072
63.4518
67.2111
67.7622
65.0999
65.619
68.5495
67.5333
68.5471
68.7758
66.6311
64.4288
66.6245
68.0619
65.7376
65.5824
65.3937
67.9002
68.5495
63.7816
63.5688
64.0718
65.3339
66.807
66.313
67.8518
66.0655
66.3636
66.589
65.3744
66.5979
65.0428
65.9457
68.5518
67.5037
66.3548
65.5974
67.0983
66.9456
65.4407
64.9119
59.814
61.9771
66.0567
64.4725
66.8315
68.6059
65.6189
65.7397
68.0504
67.3219
66.1201
65.7225
66.7735
65.0872
64.119
63.8978
65.0787
66.4717
66.9748
67.5037
68.4603
69.7472
68.8658
68.8255
66.8606
65.6858
67.8219
68.3948
66.0567
65.028
63.6335
64.3563
66.8494
66.5513
66.4518
64.9287
66.3834
69.8032
69.2905
69.633
69.2617
68.4861
66.5779
61.9348
62.82
67.2427
67.6133
68.8279
67.2088
67.4082
69.9399
65.796
66.379
70.0599
69.7131
70.3779
62.8555
59.8731
65.2763
66.496
65.8805
66.7423
67.6796
67.8541
67.6544
65.7484
66.8606
68.4275
67.0286
67.0399
65.102
59.4902
59.7068
64.4371
66.7334
68.6837
69.4083
66.5912
67.7622
67.4013
65.7009
68.0735
69.6888
69.1276
67.0601
62.1949
62.9148
63.4075
62.1755
66.2361
67.8633
66.8583
67.1614
67.3741
68.1361
69.6379
66.3768
65.6125
67.3945
64.6037
63.0636
64.7752
67.2133
69.8348
68.5565
66.1179
66.1923
68.465
69.6718
71.1111
70.5243
71.1541
71.8778
68.9584
66.8606
65.7397
66.729
67.3401
65.8631
67.8334
69.8861
67.8357
67.7576
67.3242
67.2993
69.5628
68.278
66.5447
63.7958
62.3344
65.6728
65.3873
65.0343
68.5589
65.6987
66.1004
70.2371
69.6403
68.0666
66.4695
69.5144
64.5682
59.5983
64.9794
67.8564
67.4013
69.3866
68.8231
66.4916
69.1826
70.3878
68.0272
69.0322
68.1361
68.1965
67.1614
63.1233
65.5759
68.1594
66.1398
68.0689
68.2617
66.4474
65.8133
68.299
71.0732
67.643
66.1463
68.9061
66.9658
63.4236
64.1087
66.9187
70.4349
70.7739
70.9019
71.7051
70.7314
70.1656
71.3776
69.7885
67.714
66.5137
66.3989
67.4127
67.3446
67.8771
70.0992
69.7326
70.614
73.5835
70.1213
67.8219
66.2427
67.792
71.7592
72.1657
69.752
65.3637
66.0851
68.4556
70.0035
70.2247
67.6819
68.1245
68.712
68.4346
69.2209
70.4374
69.6864
67.7002
67.944
63.7369
60.9329
65.3296
67.2925
59.9592
62.1891
69.4396
67.5014
68.4205
70.7064
70.1361
67.5333
70.2198
72.3249
69.5555
64.2529
64.9646
69.3963
69.0703
70.2543
71.6255
69.7229
67.2495
69.442
69.7934
68.3504
69.5749
69.9668
71.8339
73.0407
68.011
67.714
72.2517
70.7639
70.2075
70.4697
68.5636
70.3185
71.187
69.2377
70.1656
70.9245
70.5368
65.2018
61.5915
59.2224
57.9005
58.9484
58.5138
58.7423
60.8717
59.9
62.4551
64.0471
62.1157
61.0072
59.0755
62.5137
63.8284
66.8427
70.492
69.9619
69.4903
68.1803
67.643
67.8933
69.365
70.7289
70.7539
68.7002
66.2449
66.0939
68.5025
70.8491
71.4566
72.6375
71.1693
68.9061
68.3924
70.4722
73.1877
68.6577
68.2804
72.3825
64.7438
63.7024
69.9545
68.6601
67.4309
66.6578
68.8539
73.7218
72.8279
71.754
72.0747
71.1212
66.7156
68.1896
70.0108
66.9411
64.6266
65.9979
70.8015
70.1902
70.3556
71.0505
70.368
71.7232
72.7776
70.4077
70.321
69.7569
68.6507
66.5845
65.563
70.4052
73.2789
70.5542
71.7077
73.5619
71.664
72.5505
72.8996
72.0279
72.0903
73.0754
70.8994
70.2346
70.5243
66.7534
66.2932
67.0511
69.8788
71.5077
68.1826
68.5965
71.541
72.1111
71.053
72.54
71.1389
69.4999
68.1803
64.3936
66.2011
67.9925
69.7204
71.821
71.5973
69.8617
70.3482
74.0713
74.4685
74.691
72.2831
71.9062
72.7802
67.6453
66.5425
66.8919
68.4065
70.3185
69.6136
70.1951
69.5072
68.8705
70.2568
72.8438
70.5592
69.3121
72.1813
69.9521
67.6201
66.6001
67.5904
70.4647
70.2025
71.1744
70.1557
67.7851
66.8427
69.9203
71.1111
71.1896
73.0514
69.4107
66.496
65.9826
64.9498
67.2653
71.5052
71.1617
71.6204
69.2089
67.0084
69.2377
69.2593
70.8441
69.4879
69.4083
70.326
69.7447
71.1212
67.8219
67.0983
69.4686
71.803
70.6664
71.3852
74.3771
71.6615
69.7958
69.1563
71.9114
73.3218
68.8563
66.2866
69.2401
70.6739
70.7914
73.3703
74.5712
75.7117
76.3271
72.1709
69.9913
71.1491
70.9019
72.4401
73.6675
69.7326
65.5501
67.245
70.0795
71.144
71.7515
72.7273
72.3511
69.9766
71.7669
73.8716
73.1475
72.5216
73.2386
71.852
67.4605
66.7824
70.2321
71.3623
69.7447
70.3284
73.0727
70.4647
70.5841
73.4187
71.6127
73.7871
75.3409
68.8042
67.3877
71.1491
68.738
70.1582
74.2473
70.6215
67.0893
68.1872
72.0643
74.2528
71.5564
73.1288
73.4997
70.5741
70.5144
68.7521
64.2446
64.1231
70.4622
69.6694
69.1419
70.1853
69.808
73.4349
71.9011
72.0929
72.7141
71.2631
73.1368
72.998
67.9186
66.8204
67.0084
65.2592
68.6389
69.7423
69.9081
72.1267
70.7689
72.1657
74.898
73.2359
72.6665
73.177
73.4457
71.7437
69.8178
70.7489
71.6153
73.8253
72.767
70.3903
68.6507
67.8817
70.3755
71.7
72.3301
73.5105
73.3945
69.3938
65.7009
67.202
69.442
71.0429
71.0328
71.2276
75.2332
75.429
71.398
72.9714
75.3494
72.7749
72.3589
70.6839
67.202
64.8088
65.5437
70.5442
73.0034
72.0046
71.8959
71.2682
72.1423
73.9372
71.9347
69.1276
72.6876
72.3615
67.8633
67.3129
68.4322
71.4566
71.3648
71.7901
73.8525
73.8934
75.6058
76.5169
72.5689
69.3121
70.9597
73.0407
72.0955
72.9315
71.0454
70.1238
74.6742
73.1154
70.9975
74.9878
77.5976
76.1934
75.3892
71.9011
69.4493
68.835
68.8776
72.5716
72.9448
71.1567
70.1804
68.7782
68.3644
70.0403
71.6923
73.1101
72.9581
72.8836
73.4727
74.402
74.1702
72.3092
75.0047
74.228
70.4622
69.2881
70.5841
72.6111
73.7898
71.718
72.1943
76.8197
74.9036
71.6307
72.619
74.2832
73.244
72.3537
73.918
71.5154
68.4603
72.2596
72.9581
71.4924
71.1921
72.8146
75.3381
72.7458
72.3903
73.9645
72.2987
72.2831
71.7901
71.0833
70.6389
66.7757
68.7309
71.3114
71.5922
74.3633
71.3852
70.927
74.2446
72.6454
74.9625
78.3853
75.7978
75.7346
75.706
71.495
72.3772
71.5564
69.4324
69.2857
69.7861
66.6089
62.7963
64.3149
67.2292
67.8979
69.5507
74.5907
76.6107
74.524
70.8742
69.2857
70.922
