9.30708e-312
inf
3.27346
12.789
12.6096
12.3539
12.6158
9.22701
9.20658
12.4577
12.365
12.3487
12.2015
12.54
12.2779
12.2859
12.5778
12.3109
12.4032
12.4216
12.2293
12.3215
12.2435
12.2638
12.2877
12.1379
12.1261
11.9099
11.8769
12.0507
12.0036
12.0965
12.0433
12.0214
12.0601
11.8834
11.8552
11.6324
11.6709
11.9194
11.7931
11.7497
11.5071
11.4153
11.6211
11.6164
11.2378
11.2759
11.4435
11.0285
10.9836
11.0867
10.9688
11.1365
10.9376
11.026
11.5715
11.6131
11.5488
11.6309
11.7909
11.5843
11.5023
11.5503
11.5555
11.7103
11.9556
11.9367
11.8031
11.7427
11.6211
11.5844
11.7063
11.5501
11.4855
11.2929
11.0472
11.3271
11.6508
11.8842
11.8696
11.653
11.5729
11.4506
11.5607
11.7664
11.7488
11.7465
11.7783
11.8525
11.704
11.715
11.8392
11.8828
11.751
11.5506
11.7337
11.7761
11.9063
11.6967
11.0283
11.0637
11.2619
11.3773
11.5564
11.6079
11.5079
11.4445
11.7366
11.7943
11.8296
11.4202
10.5222
10.4524
10.4655
10.3913
10.6821
11.0837
11.4343
11.6545
11.8966
11.6351
11.3084
10.9685
11.0129
11.5539
11.6964
11.6706
11.5538
11.2624
11.1847
11.757
11.6056
11.2426
11.6083
11.7501
12.0001
12.2039
11.9393
11.6993
11.5663
11.4497
11.1867
11.1186
11.5334
11.3437
11.3633
11.6492
11.5103
11.4931
11.5135
11.7874
11.8934
11.8588
11.9231
12.0798
12.2672
12.0611
11.9159
12.0774
12.213
12.3852
12.1517
11.9912
11.9916
12.1379
12.4902
12.2815
12.2172
12.4055
11.9319
11.5936
11.8159
12.2029
12.4004
11.9931
11.9738
12.1525
12.2037
12.2
12.0684
12.2173
12.1128
12.0339
12.182
11.8895
11.9352
12.1791
12.0962
12.2641
12.1081
11.9753
12.0651
12.1333
12.2729
12.0047
11.9688
12.1898
12.1809
12.3187
12.2396
12.1175
12.3971
12.2957
12.1376
12.2314
12.2324
12.2866
12.1443
12.0948
12.2778
12.2572
12.276
11.9464
11.7925
11.7849
11.6133
11.9984
12.1016
12.0091
12.0675
12.1473
12.4174
12.2756
12.1872
12.1061
12.1077
12.4209
12.2776
12.1782
12.2117
12.071
12.0683
11.7997
11.7539
12.0475
12.1879
12.481
11.9041
11.4813
11.8017
12.101
12.3471
12.2214
12.192
12.1599
12.2772
12.6367
12.3652
12.1628
12.265
12.231
12.2017
12.111
12.3013
12.4736
12.3371
12.1483
12.0646
12.2413
12.5068
12.2126
12.2323
12.4371
12.2505
12.4966
12.4646
12.3491
12.3638
12.2945
12.5419
12.5501
12.3847
12.4068
12.3792
12.2833
12.1454
12.2702
12.3585
12.3641
12.5748
12.5508
12.4337
12.3612
12.2575
12.4555
12.2771
12.1507
12.5312
12.4632
12.4241
12.5438
12.4314
11.8472
11.0963
11.3449
12.0941
12.4182
12.6034
12.3351
12.1707
12.3774
12.3482
12.3257
12.214
12.3026
12.6402
12.4199
12.3703
12.4653
12.4449
12.5593
12.34
12.2863
12.3471
12.2713
12.4332
12.4758
12.3922
12.4118
12.4555
12.5087
12.3187
12.361
12.5269
12.3605
12.0878
12.0825
12.4143
12.5494
12.1161
12.163
12.4623
12.5016
12.5611
12.1907
12.2218
12.2855
12.4283
12.5642
12.3391
12.5099
12.5805
12.3531
12.4071
12.3626
12.3418
12.6416
12.4692
12.4486
12.5026
12.6648
12.8704
12.2727
12.2536
12.4237
12.4406
12.5666
12.3644
12.4563
12.6647
12.2829
12.3739
12.4019
12.2335
12.5835
12.5284
12.4217
12.4228
12.5014
12.646
12.4322
12.4315
12.526
12.5437
12.7034
12.4531
12.3449
12.52
12.5117
12.4963
12.3982
12.5042
12.7639
12.3884
12.3432
12.5195
12.4022
12.5864
12.4357
12.3606
12.5243
12.4525
12.4228
12.3667
12.5513
12.8117
12.3724
12.2289
12.5478
12.5258
12.562
12.4505
12.5126
12.5401
12.3667
12.4997
12.5517
12.5323
12.5753
12.3482
12.4364
12.5321
12.376
12.6542
12.3069
12.4023
12.6155
11.9715
12.0723
12.2133
11.9996
11.8906
11.7568
11.7128
11.7998
12.2727
12.6289
12.4059
12.4049
12.498
12.6317
12.7603
12.3805
12.3923
12.7125
12.5199
12.5271
12.2609
12.1753
12.5242
12.3382
12.327
12.4858
12.3916
12.5976
12.6964
12.5014
12.4571
12.4521
12.6241
12.3047
12.2464
12.7483
12.5134
12.3749
12.4388
12.4636
12.7568
12.5783
12.6355
12.854
12.7162
12.7554
12.6115
12.5079
12.6882
12.2368
12.1887
12.6015
12.543
12.714
12.6595
12.4582
12.44
12.4407
12.5951
12.612
12.5795
12.6848
12.4614
12.4036
12.8215
12.6433
12.5484
12.8897
12.6004
12.5387
12.6785
12.765
12.9098
12.6569
12.6077
12.7846
12.5094
12.5793
12.7469
12.6821
12.5458
12.4383
12.6663
12.27
12.1582
12.7562
12.5007
12.4569
12.7074
12.3152
12.4871
12.5964
12.5844
12.8502
12.7876
12.78
12.3933
12.3343
12.7482
12.4059
12.4531
12.6657
12.4134
12.6396
12.7178
12.7515
13.0257
12.6887
12.6219
12.954
12.9021
12.741
12.5178
12.5874
12.7492
12.5212
12.5781
12.6552
12.7323
13.1313
12.928
12.7164
13.0256
12.8667
12.2677
11.6725
11.6675
12.4383
12.678
12.8031
13.0692
12.7129
12.753
13.0009
12.9956
12.9998
12.6747
12.6858
13.0672
12.6384
12.6131
12.9141
12.7548
12.7993
12.7365
12.8704
13.025
12.8447
12.8308
12.8997
13.0089
12.8808
12.6552
12.8109
13.057
12.9298
12.8851
12.8124
12.6012
12.7977
12.854
12.9895
13.1317
12.7916
12.9568
13.1543
12.8521
12.9643
12.9314
12.8103
12.3572
12.0401
12.5954
12.4564
12.3223
12.7253
12.475
12.4446
12.8498
12.8475
12.4183
12.3711
12.6476
12.8584
12.8665
12.8066
12.9422
12.9322
12.8309
12.5634
12.6281
12.8745
12.6596
12.7263
12.7552
12.6083
12.9061
12.8191
12.754
12.8965
12.7799
12.6677
12.4807
12.5397
12.9165
12.8274
12.6554
12.7613
12.4603
12.6377
12.7449
12.7108
13.0051
12.8161
12.7843
12.9524
12.8207
12.6832
12.5578
12.7451
13.025
12.6373
12.6287
12.7462
12.7707
13.1111
12.7767
12.7218
13.034
12.7322
12.7288
12.8692
12.9293
13.081
12.644
12.5338
12.674
12.6801
12.7675
12.5678
12.638
12.9068
13.0114
13.0336
12.8639
12.7879
13.0312
12.8186
12.8588
13.0249
12.7344
12.7111
12.6537
12.6202
12.8338
12.6769
12.8247
13.0656
12.7582
12.7484
12.7578
12.881
13.0565
12.8987
12.8913
13.1245
12.9641
12.898
12.979
12.8559
12.9315
12.6857
12.7226
13.1924
12.9278
12.7878
12.7242
12.5747
12.611
12.4944
12.6614
12.8311
12.8474
12.8998
12.8929
12.7238
12.7814
12.7672
12.8906
13.1395
12.8771
12.7499
12.8549
12.7742
12.7449
12.7276
12.6346
12.7741
12.7413
12.7499
12.7844
12.9139
13.1378
12.7926
12.7676
12.9414
12.72
12.8051
12.9666
12.7952
12.8712
12.7984
12.6918
12.7792
12.6292
12.6573
12.653
12.5809
12.7185
12.7151
12.7178
12.8011
12.7
12.874
12.9931
12.9272
13.0936
12.9706
12.8069
12.9568
12.574
12.5001
12.7553
12.3144
12.5415
12.837
12.7761
13.1005
12.9903
12.9343
13.1358
12.8857
12.7079
12.8705
12.9642
13.0183
12.7725
12.8853
12.9532
12.5991
12.9556
13.0669
12.8241
12.874
12.6415
12.6029
12.5472
12.6627
13.1658
12.987
12.8672
12.9228
12.9127
12.8364
12.7303
13.0025
12.9428
12.462
12.6539
12.7497
12.6273
13.0142
12.9472
12.8708
13.0524
12.9288
12.8942
12.8874
12.9303
13.0517
12.6433
12.135
12.3302
12.5841
12.654
12.7953
12.8932
12.9848
12.6658
12.6997
12.8507
12.6951
12.7975
12.869
12.9996
13.0751
12.8512
12.8594
12.9
12.9488
13.082
12.7896
12.7695
13.0475
12.9017
12.8385
12.9472
12.8264
12.9744
12.9789
12.7393
12.9206
12.7756
12.835
12.9793
12.748
12.7403
12.7051
12.769
13.0548
13.0071
13.0238
13.1718
12.9773
12.9392
12.878
12.8434
13.0333
12.4692
12.4077
12.9553
12.7804
12.6474
12.4291
12.661
13.2332
12.883
12.7277
12.9036
12.6922
12.7616
12.8024
12.7184
12.9061
12.6978
12.7654
12.7062
12.3066
12.7095
12.755
12.7354
13.064
12.8822
12.9081
12.8586
12.9476
13.201
12.9092
12.9836
13.0174
12.8499
13.0046
12.9253
12.7992
12.944
12.9787
12.9896
12.8761
12.738
13.0927
12.9994
12.861
13.2347
13.1459
13.0763
13.049
12.9617
13.1001
12.9063
12.9848
13.2602
13.1253
13.0906
13.1689
12.8253
12.8234
12.8389
12.7367
13.1004
12.9045
12.8021
13.0315
13.1162
13.1913
13.0469
13.0991
13.3402
13.0376
12.8505
13.1323
13.1145
13.1071
12.9836
12.861
13.1631
12.9687
12.9753
13.2315
13.2069
12.9946
11.8151
11.2433
11.6964
12.4565
13.1542
13.157
13.274
13.4113
13.1993
13.1751
13.1557
12.7948
12.8298
13.0593
12.9648
12.9829
12.9086
13.1142
13.1837
12.718
12.7466
13.0834
12.943
12.9515
12.7164
12.6004
12.7773
12.5577
12.8354
13.1479
13.0441
13.0351
12.8818
12.9142
13.3801
13.1332
12.9762
13.0642
12.7548
12.7909
12.9349
13.1433
13.2911
12.8461
12.7194
13.0169
12.7946
12.9493
13.2236
12.981
13.1541
13.1481
12.9191
13.1032
12.8474
12.6085
13.0674
13.1904
12.9862
12.8752
12.8924
13.0924
13.003
12.7485
12.8838
13.2935
13.2237
13.0278
12.9636
12.9922
13.3471
13.0733
12.9846
13.108
12.944
13.1333
13.047
13.1476
13.4046
12.9729
12.9887
13.4502
12.9955
12.9585
13.2672
13.0954
13.2387
13.1193
13.0645
13.1756
13.1309
13.2435
13.1268
13.159
13.4205
13.1963
12.4287
12.2049
12.3789
12.9327
13.1018
12.9862
12.9837
12.5977
12.9615
13.0637
12.4377
12.193
11.5943
11.7763
12.7478
12.6176
12.2279
11.7725
11.9989
12.3772
12.1172
12.3105
11.7806
9.93448
9.63554
11.439
12.8999
12.801
12.4199
12.0515
12.0749
12.289
12.2225
12.5775
12.7424
12.3243
12.3953
12.3391
12.3072
12.7197
12.6103
12.5715
13.0963
13.0064
12.8276
12.6897
12.769
13.1353
13.0428
12.911
12.7367
12.7724
12.9789
12.8589
12.6515
12.8583
12.8239
12.689
12.977
13.1304
13.0368
12.7952
12.6435
12.8603
12.8586
12.8194
12.8669
12.7152
12.4934
12.1081
12.349
13.0058
13.0003
12.8785
12.9744
12.8292
13.0034
12.9735
12.7909
12.9673
12.8981
12.8091
12.819
12.6565
12.7673
12.778
12.7104
13.0357
12.7057
12.6524
12.8157
12.5912
12.5705
12.5036
12.6548
12.9669
12.9036
12.5462
12.4206
12.5897
12.8937
12.9998
12.9144
12.8804
12.5881
12.6166
12.8293
12.7955
12.8783
12.8095
12.8204
13.1706
12.9861
12.8674
12.3454
11.9702
12.7361
12.9354
12.7159
12.5567
12.3486
12.5424
12.1655
12.1172
12.7672
12.1908
12.0541
12.5918
12.7939
12.9492
12.8711
12.9496
13.1806
13.0432
13.0406
13.1344
12.9402
13.114
12.9705
12.8294
12.9553
12.7784
12.8506
12.9098
12.8083
13.0782
13.0716
12.9006
13.258
13.077
12.977
13.2342
13.018
12.8375
12.9624
12.9944
12.9903
12.5775
12.6172
13.039
12.801
13.0859
12.9685
12.8411
13.1715
12.8893
12.7486
12.8164
12.8445
13.105
13.1018
12.9002
12.7697
12.6156
12.9908
13.1046
12.7513
12.9891
12.7995
12.6215
12.8656
12.8728
13.0104
12.7055
11.9401
11.6599
11.4062
11.5374
12.2894
12.7588
12.9126
12.7374
12.8816
13.137
12.7108
12.4897
12.5723
12.5306
12.8319
12.7256
12.2475
12.3793
12.4441
12.5055
12.5601
12.6664
12.9857
12.8259
13.0518
13.0636
12.5305
12.6189
12.8717
12.5443
12.9239
13.1536
13.096
13.3817
12.7493
12.4604
12.6022
12.8521
13.0025
12.7591
12.6801
12.8816
12.8824
12.6761
12.6314
12.6867
12.9436
12.9709
13.0313
12.85
12.6916
12.8574
12.8827
12.9797
13.1545
12.9131
12.3828
12.487
12.798
12.9467
12.9206
12.8825
13.1767
12.7077
12.5891
12.996
12.8035
12.8296
12.9503
13.1977
13.0082
12.6178
12.1876
11.9748
12.3623
12.5237
12.2732
12.5623
12.8303
12.7207
12.9036
12.6437
12.7908
13.0869
12.5034
12.2889
12.6406
12.4533
12.7379
12.9436
13.0075
13.3779
13.1024
13.1503
12.9987
12.8193
13.1744
12.8997
12.781
12.873
12.5758
12.8978
12.9911
12.7883
12.9269
12.9227
12.7453
13.0339
13.0892
13.1683
13.1068
12.5438
12.8217
12.7214
12.1763
12.3819
12.4878
12.8961
13.0762
12.7977
13.109
13.055
12.4793
12.7728
13.2057
13.0303
13.0509
12.7725
12.7091
12.5588
12.6565
12.9268
12.5327
12.6934
13.2193
12.6797
12.5752
12.8816
12.8427
13.0666
12.6947
12.7432
12.9941
12.7059
12.7883
12.9645
12.8797
12.9804
13.1025
13.2714
13.4157
12.751
12.7398
12.8766
12.5889
13.0079
12.9232
12.8436
13.387
13.1497
12.9321
13.1915
13.155
13.078
12.9046
12.7411
12.8604
12.5103
12.4298
13.0168
12.9141
12.8715
13.2485
13.0189
13.0693
13.0848
13.1592
13.0374
12.5967
12.7636
13.0345
12.994
13.0024
12.9428
12.9905
13.2104
13.0553
12.9913
13.0009
12.9604
13.1247
12.9195
12.6804
12.9918
12.9744
12.9588
13.2703
13.2279
13.1296
13.0135
12.6704
12.8112
12.7188
12.3887
12.4632
12.7222
12.9548
12.7508
12.6691
12.9609
13.0051
12.9764
13.1516
13.1216
13.0277
13.0467
12.6816
12.987
13.0801
12.7226
13.1731
12.8226
12.6354
12.9916
12.9051
12.927
13.0526
13.0462
13.1694
12.9778
12.7312
12.3319
11.8606
11.9767
11.7188
11.7859
11.9908
12.5186
13.2838
12.9156
12.877
13.2439
12.9993
12.7956
12.6752
12.463
12.866
12.8737
12.8346
13.2128
13.0898
12.9836
13.0324
13.0941
13.0418
12.881
12.977
13.1388
12.933
12.9489
13.2583
13.1169
13.121
13.2452
13.382
13.5211
13.1736
13.2668
13.4651
12.9903
13.0042
13.1799
13.183
13.1495
12.9767
12.812
13.0037
13.0715
12.9803
13.2615
13.0772
13.0584
13.4677
13.3282
13.186
13.3463
13.2632
13.2171
13.0507
13.0979
13.3407
13.085
12.9927
13.2154
13.0727
13.2198
13.4171
13.1298
13.2282
13.1036
12.9744
13.0536
12.2475
12.4667
13.2048
13.0633
13.1038
12.8934
13.0498
13.1205
12.7729
13.0163
13.1692
12.8031
12.9843
13.1916
13.1479
13.3783
13.332
13.2378
13.1302
12.4061
12.157
12.5595
12.9662
13.4239
13.1827
13.0023
13.3486
13.2694
13.1573
13.0383
12.9436
13.1977
13.1203
13.0607
13.3683
13.3391
13.2802
13.2201
12.9331
13.1293
13.1675
12.965
13.2445
13.2368
13.3067
13.4369
13.0438
13.0391
13.1114
12.7997
12.8786
13.0222
12.9
13.1847
13.0218
13.1711
13.5162
12.9901
13.0134
13.2086
13.1621
13.2542
13.361
13.2403
13.2976
12.8445
12.6212
13.1929
13.006
12.954
13.3363
13.3071
13.2522
13.1114
13.0796
13.1901
13.0255
13.2247
13.5138
13.1217
13.1162
13.1072
12.9162
13.2182
13.1102
13.1293
13.3947
13.1493
13.1664
13.4245
13.2844
13.3477
13.3634
13.2412
13.3451
13.2018
13.2018
13.4504
13.0637
12.9288
13.26
12.7409
12.6618
12.9684
13.0002
13.3028
13.1728
13.1062
13.1837
12.9156
13.0088
13.0612
12.8259
13.0379
13.2661
13.3084
13.3553
12.7939
12.7831
13.2502
13.1522
13.2059
13.1985
13.0157
13.3155
13.4691
13.4956
13.3277
12.8992
13.1128
13.4399
13.3107
13.4313
13.3866
13.0741
13.3239
13.2515
13.2899
13.5785
13.2779
13.2869
13.5272
13.3576
13.2347
13.357
13.1992
13.0853
13.1542
13.2775
13.3465
12.9357
13.0367
13.0905
12.293
12.3499
13.038
13.1631
13.4198
13.287
13.1582
13.3013
13.1217
13.2901
13.1279
13.1714
13.5223
13.248
13.2263
13.4335
13.0983
12.9421
12.9868
12.9777
13.1555
13.0329
13.1153
13.5135
13.386
13.258
13.4205
13.1973
13.3029
13.3498
12.3091
11.9616
11.7589
11.9631
12.7836
13.032
13.5302
13.4133
13.2661
13.3836
13.1342
13.3243
13.4735
13.3846
13.4866
13.3529
13.3376
13.5104
13.314
13.1176
13.2323
13.3734
13.3949
13.1872
13.0329
13.1529
13.3159
13.3214
13.4751
13.3275
13.3195
13.5481
13.1138
13.0025
13.435
13.3099
13.2208
13.487
13.0506
12.8402
12.9621
13.013
13.1777
12.9032
12.8176
13.0764
12.9541
13.0603
13.0165
12.979
12.4507
11.7748
12.2046
12.123
12.4564
12.4043
12.1417
12.608
12.7718
12.6305
12.9197
13.2199
12.9215
13.322
13.2497
13.1803
13.3648
13.1614
13.2096
13.1513
13.2437
13.5417
13.3674
13.3178
13.5625
13.4618
13.0837
13.23
12.9073
12.9451
13.2471
13.0603
13.264
13.4997
13.5798
13.4513
13.151
13.319
13.4971
13.3796
13.6098
13.5752
13.5465
13.5241
13.2901
13.2768
13.5537
13.452
13.3218
13.2586
12.8839
13.05
13.4048
13.3172
12.6964
12.2608
13.0418
13.719
13.2272
13.1593
13.3429
13.0829
13.2052
13.5583
13.3783
13.227
13.0807
13.2133
13.5666
13.2747
13.1885
13.5776
13.3359
13.2814
13.5701
13.484
13.6714
13.5469
13.1674
13.2931
12.7654
12.5003
13.0786
13.0611
13.0917
13.2248
13.1267
13.2815
13.1198
12.8999
13.1247
13.1067
13.0578
13.1828
13.1506
13.2463
13.0856
12.9074
13.1715
13.1456
13.2616
12.8789
12.7163
13.2981
13.2587
13.3278
13.3941
13.088
13.2147
13.5093
13.2541
13.0779
13.0898
13.066
13.188
13.1586
13.2355
13.4807
13.2815
13.2977
13.4039
12.9051
13.0208
13.4459
13.2958
13.3649
13.486
13.2869
13.3337
13.3135
13.0681
13.4305
13.7718
13.4523
13.4525
13.3203
13.1764
13.4628
13.4079
13.4308
13.4053
13.1407
13.2803
13.0609
12.9682
13.3245
13.2485
13.3854
13.3276
13.0042
13.3869
13.6499
13.3657
13.2576
13.1203
13.2658
13.4276
12.8983
12.9196
13.2077
12.8698
13.1172
13.3126
13.124
13.3838
13.3036
13.3897
13.7449
13.2392
13.2696
13.5346
13.3162
13.4338
13.1524
13.1771
13.5793
13.2586
13.1538
13.2294
12.9416
13.1923
13.5824
13.165
13.2872
13.8233
13.4954
13.5084
13.4111
13.0412
12.6389
12.4418
13.0478
13.3123
12.7692
12.8137
13.3822
13.2561
13.2682
13.6281
13.4619
13.4018
13.6879
13.5079
12.811
12.2383
12.0477
12.5686
13.1014
13.2452
13.1917
13.1751
13.5814
13.4618
13.354
13.5804
13.595
13.6295
13.5291
13.2351
13.1619
13.3311
13.4727
13.428
13.1924
13.2437
13.711
13.3694
13.1541
13.3997
13.0771
13.235
13.617
13.3119
13.3977
13.6442
13.6231
13.6509
13.5569
13.529
13.6414
13.4317
13.2645
13.4837
13.3817
13.2058
13.3157
13.1318
13.3026
13.5545
13.1843
13.273
13.3127
13.3198
13.7164
13.4953
13.3915
13.7722
