1.21645e-311
inf
5.65278
37.81
34.5764
25.5115
25.5359
31.0771
25.6151
25.4052
29.6305
29.6209
31.931
29.8414
25.3482
14.9921
16.1859
33.279
34.1921
31.0333
30.3707
31.3932
32.0261
32.8709
32.3892
31.1619
29.6754
31.1444
24.6749
24.6403
32.2732
31.378
29.1295
29.5832
31.5796
32.0616
31.374
30.5334
28.6414
28.9494
31.2188
30.4456
30.8561
31.6106
28.2458
27.0004
29.8151
31.9326
31.9173
30.7527
29.2308
28.4067
29.3578
30.5427
30.5586
30.3168
29.9643
28.5902
28.7923
30.3476
30.2366
29.6643
29.6428
29.5168
29.5072
29.959
30.0467
29.5356
29.4403
29.8423
29.2984
28.9855
29.3681
30.1014
28.311
27.2851
29.5919
30.2448
29.9828
30.0657
29.4014
28.8509
29.5447
29.2505
29.1749
30.1382
29.169
28.9771
30.4985
29.3742
28.7857
29.3651
29.0053
28.5714
28.9658
30.1132
29.6864
29.1945
29.0251
28.2913
28.843
29.3884
29.6908
29.7084
28.2203
27.6491
28.6574
29.4781
29.2001
29.1839
29.4898
28.4309
28.0729
28.9805
29.0015
28.7365
28.8675
28.8609
29.0027
29.1864
28.6094
28.8355
29.2099
28.4831
28.4544
29.4243
29.6178
28.9515
28.1152
27.5406
28.058
28.4852
28.067
28.8263
29.0689
28.657
28.6377
28.7894
29.1341
29.2158
29.1698
27.6744
26.9564
27.8625
28.6152
28.7654
27.6113
27.6007
28.1897
28.2012
29.0956
29.4777
27.6068
27.229
28.3776
28.4738
28.6229
28.3342
28.1381
27.3804
27.2246
28.2578
28.8455
28.9666
28.0627
27.4891
28.3475
28.8509
28.6821
29.1108
28.0674
26.919
27.847
30.1996
32.3415
32.2534
29.0609
27.9955
29.7668
30.3753
29.4668
28.9323
26.9516
26.5333
27.6174
28.192
29.0558
28.3394
27.2465
27.5699
30.774
32.5098
32.5537
31.2285
30.7565
32.427
33.0737
32.1368
31.6792
31.2676
30.0937
30.5371
31.5706
31.9775
31.9438
31.5428
30.92
29.8014
30.909
32.7011
31.7672
31.2808
31.6541
30.315
29.3828
30.492
31.8806
32.0302
31.0945
30.4785
30.2618
30.3104
30.4284
31.173
31.1745
31.2066
28.4168
28.0269
30.8428
31.0121
31.7264
32.0806
30.5013
29.9271
30.6956
30.8623
31.7395
31.4807
30.1005
29.903
30.9574
30.6391
30.6941
30.9315
29.0977
28.0355
28.1073
27.1186
27.5649
30.1205
30.4002
29.3488
29.7186
31.0612
31.3671
31.5672
29.861
29.0065
29.8271
30.3555
30.6932
30.619
30.5213
29.426
29.4183
30.191
30.4354
30.6152
30.738
29.7473
28.4556
29.1596
30.6344
30.6767
30.4753
30.1105
29.3298
29.5425
30.5988
31.14
30.0806
30.0634
30.603
29.3556
29.5369
30.7778
30.6222
29.7832
29.2637
29.4733
29.6749
30.068
30.8
30.9329
30.2847
29.4035
30.0183
30.7418
30.0992
30.3003
30.5595
29.6837
30.1932
30.4562
29.6798
29.7058
29.344
28.6017
28.9076
29.8005
30.1069
30.5623
30.9191
30.0201
29.1758
30.0089
30.4081
30.4109
29.8762
29.3199
29.2851
29.9383
30.8866
30.3767
30.7456
30.8613
29.6441
30.0201
30.7125
30.6434
30.8628
30.3122
29.5521
29.6577
29.7111
29.5587
29.588
29.5447
29.8436
30.2311
30.1386
30.0282
30.2943
30.4715
29.1435
29.1758
30.2586
29.8414
30.2599
30.2005
29.3414
28.8459
28.8226
29.5508
29.7469
29.4764
28.8222
28.4321
29.7779
30.6434
30.0517
29.6367
29.0112
28.7096
29.6173
29.6108
29.7894
30.3942
29.5199
29.1847
30.087
30.3711
29.7526
29.8788
30.0756
28.6998
28.0477
29.5714
30.5465
30.2792
30.0156
29.0634
28.7138
30.2106
30.6199
29.2972
29.4468
29.1937
28.7749
29.5478
29.8009
29.6538
29.8298
28.9268
28.263
29.4885
30.755
30.3338
29.6077
29.0415
28.7245
29.1439
29.7513
30.5358
30.1051
29.7756
29.0069
28.8043
29.4395
29.9155
30.4326
29.8829
28.5906
28.6919
30.2943
30.8223
30.7022
29.8445
28.7989
29.4842
29.9527
29.4187
29.8539
30.0111
28.5816
28.7596
29.3638
29.244
30.5619
29.6696
28.2024
28.6418
29.5007
30.1664
30.2311
30.9148
29.3526
27.5988
28.8089
29.004
29.1486
29.5652
29.1235
29.7628
29.7588
29.3612
29.543
29.5736
28.8371
28.6463
29.5142
29.9442
28.8838
28.3909
27.3396
27.6392
29.8757
30.2444
30.532
29.9401
28.7985
29.0027
29.2882
29.2701
29.6771
29.4113
28.9645
29.335
29.1907
29.1028
29.8298
29.1155
28.6184
29.0347
28.2107
28.2506
29.8231
29.8125
27.9579
27.6721
27.3976
26.0078
25.2172
23.6147
23.0041
24.2427
24.9931
25.5216
25.8098
25.0576
25.8154
26.4753
27.6556
29.6648
29.2569
28.8097
29.6569
29.8998
28.5128
28.8613
28.9994
28.5633
28.9897
29.9141
30.0264
29.4698
29.3212
28.2626
28.8205
29.7867
29.595
29.5967
29.3143
28.477
28.3354
28.8409
29.5456
30.6748
30.0021
28.2243
28.4398
29.2513
29.0229
28.5592
28.333
28.9164
29.2766
28.6406
29.0356
29.8036
28.9737
27.1183
27.407
29.2257
29.6244
29.5521
29.1903
28.9586
28.9868
29.824
29.6108
29.3595
28.9423
27.6981
28.2721
29.4256
30.1178
29.9706
29.0841
28.4487
29.0406
29.4096
28.5841
29.0841
29.42
28.6393
28.3274
29.1979
29.5294
29.0331
28.7282
27.84
28.3098
29.3832
29.3759
29.6534
28.084
27.4476
28.8359
29.4811
29.5003
28.7695
26.6585
27.1699
29.8165
29.8896
30.3947
30.4906
30.2673
30.4739
30.0201
29.5181
30.0797
29.7952
28.3837
27.9576
28.3809
28.4451
28.3628
29.0803
28.7571
28.2869
29.1248
29.6859
29.623
29.1541
28.6956
28.7844
28.6217
28.9809
28.9863
29.0977
28.5968
27.2353
27.9014
29.3492
29.347
29.2274
28.6418
27.7051
28.6025
29.1941
29.1066
29.3126
28.3499
28.1088
28.962
28.9645
28.6607
28.9733
28.229
28.4143
29.4165
29.0141
29.5268
29.7446
28.5788
28.6328
29.3225
28.9185
28.8559
29.2663
27.5024
27.5005
29.1163
29.3032
29.5417
28.8151
28.194
28.2195
28.5747
29.1507
29.4273
29.8014
28.3374
27.6897
28.7923
28.4621
29.1299
29.4698
27.901
28.2542
29.3876
28.4738
28.6796
29.4243
28.6209
28.2422
28.8322
29.0116
29.2244
29.2351
27.9026
27.8327
29.1988
29.5142
29.6705
29.5308
28.5665
27.8439
28.454
29.0356
28.9423
29.6235
28.2829
27.875
29.8454
30.0116
29.0858
29.2325
29.4083
28.1156
28.6041
29.9289
29.645
29.3109
28.9076
28.3407
28.0915
28.5408
28.8809
28.514
28.2454
28.0242
28.4535
29.479
29.7031
29.0541
28.9406
28.9666
28.5445
29.096
29.6309
29.4217
28.2263
27.5239
28.6369
29.1337
29.1002
29.5369
27.9252
27.7967
28.1128
27.622
28.477
28.5567
27.7909
27.1514
28.5083
30.0057
29.5242
28.8409
28.374
28.1258
29.124
29.2963
28.5739
29.0998
27.4394
26.8244
28.5059
28.5502
28.7592
28.6595
27.6924
27.8878
29.0487
29.1155
28.6074
27.582
25.5902
25.7709
26.7938
26.9215
26.9168
24.0897
23.7826
25.3556
25.6167
25.4527
24.1733
24.0451
26.2698
28.7931
29.4894
29.5138
28.454
28.3354
29.0259
28.6553
28.9482
29.1903
28.0954
27.643
28.1183
28.3946
28.7035
28.8355
28.1924
28.3322
28.6352
28.7538
28.8039
28.6287
27.8195
27.8091
28.6965
27.9279
27.9865
28.1647
28.3652
29.4655
29.6507
29.3015
28.9201
28.4115
28.0631
29.3118
29.5701
28.5576
28.6722
28.6681
27.8909
28.095
29.1473
29.7907
29.2946
28.3881
28.7208
28.6595
29.1172
29.8873
29.7912
28.1239
27.7001
29.0225
28.9348
29.2757
29.4005
27.992
28.3708
28.8571
28.4531
28.8234
29.1447
28.4856
28.1488
29.4269
29.6754
29.5016
29.4243
28.416
28.1266
28.7175
29.5587
29.9307
29.2269
28.2358
28.5425
29.6209
29.0896
28.918
29.6397
28.7241
28.1417
29.2719
29.6353
29.5116
29.0596
28.753
28.3126
28.4353
28.8459
28.9369
29.4161
28.6915
27.0977
28.2729
29.9706
29.071
29.1197
29.0525
28.323
28.46
29.2099
29.4334
29.0162
28.5616
27.7917
27.6606
29.6419
33.1735
34.4958
34.132
33.1813
33.37
34.1012
34.293
35.4604
35.1519
33.5244
33.1884
34.1285
33.8026
34.219
34.8736
35.1007
35.0379
34.6903
33.987
34.2812
35.3888
34.5853
34.5554
34.7633
34.3141
32.6797
31.7324
32.318
33.2829
33.915
34.9803
34.559
32.3976
32.5425
33.1669
32.1471
32.4855
33.7331
33.5739
33.1554
33.2143
33.8095
34.7747
35.176
33.8301
32.9229
32.0472
31.9168
31.8537
30.6002
29.2659
28.5596
29.5116
31.04
31.3701
31.2671
30.7706
30.9876
30.9392
30.2925
30.9219
32.6041
34.5119
33.3034
32.2794
32.5685
32.8369
33.0896
32.5267
33.3684
34.0617
32.7466
31.98
32.3097
33.4426
34.0402
33.3344
32.8418
33.1345
32.7033
31.9372
32.8882
34.2032
34.0153
33.0278
31.5085
31.0868
32.9424
33.0814
32.3039
32.8926
32.6605
32.1538
32.4165
32.9386
33.1972
32.8369
32.7145
31.4154
31.1255
33.2923
33.2358
32.1053
32.6728
32.7761
30.8342
31.0578
32.8504
32.5839
32.3029
32.6888
32.5283
31.3681
31.8431
32.2721
30.7513
30.0652
30.6363
28.4677
28.3716
31.8959
32.676
32.5463
32.2591
31.8745
31.3028
31.6812
32.4465
32.3672
32.2113
32.0436
31.1173
31.1308
32.1626
31.7254
31.9208
32.2025
31.8786
31.6571
31.8102
32.1053
32.0026
32.5807
32.7681
31.3996
30.2815
31.228
32.533
32.6222
32.5882
32.1616
31.0945
31.271
32.0816
31.7093
31.9657
32.7729
33.1763
31.1216
29.8793
31.5149
32.2009
32.1999
32.175
30.9617
30.6989
31.7118
31.7723
31.5298
31.4139
32.2539
31.4386
30.8976
32.0369
31.9463
32.4375
32.6765
32.2046
30.2737
30.1196
31.9331
31.8745
32.2196
31.8112
30.9339
30.8266
30.899
31.292
31.5015
31.5085
31.8893
31.2593
30.1787
30.7977
31.4772
31.2256
31.4827
31.9178
31.4594
30.5134
30.7778
31.9091
31.7531
31.1638
29.4343
29.6811
31.5452
32.0785
31.8832
31.4391
31.2047
30.5311
30.747
31.3824
31.5224
32.0826
31.8995
28.0285
26.2805
27.3187
28.9574
29.8249
29.1554
27.963
26.8861
27.0091
27.7212
27.4333
26.7008
27.2324
28.0706
28.4131
28.0092
27.8493
29.3548
29.9688
30.1386
30.5087
30.888
31.7229
31.6326
28.7836
28.2318
30.7697
30.9602
31.5861
31.3873
29.6077
30.0233
31.7496
31.5662
30.9612
30.8666
30.4233
30.0485
30.8933
31.9479
31.6051
31.2832
30.7877
29.8726
29.9003
30.8285
31.4371
31.1391
31.0077
30.3127
30.498
30.6805
30.6251
31.271
31.7344
30.5097
29.634
30.9066
31.6696
31.7975
31.8903
29.9115
29.4126
30.5843
30.3757
31.508
31.8243
30.7593
28.9473
29.1384
30.6598
31.4139
31.8132
31.412
30.3324
30.1568
30.6363
30.5264
30.6438
30.7631
30.3495
29.5299
30.681
31.6421
31.346
31.3195
31.5667
30.9406
30.2618
30.6612
31.1303
31.1594
31.5413
30.3209
30.3578
31.2022
30.5694
31.3391
31.2632
30.7716
30.5385
30.4493
31.3972
31.7284
31.0757
30.8666
29.9985
29.3828
30.3748
30.9578
31.295
30.8804
29.1142
29.8031
31.2617
31.2378
31.3475
31.5179
31.5971
29.4486
29.3604
31.1633
30.713
30.6734
31.5348
30.1905
29.5972
30.9626
30.9871
31.1352
31.3092
30.7088
29.5356
29.6331
31.3156
32.0015
31.4515
31.0159
30.589
29.8223
30.5283
31.1828
30.9305
31.3755
30.7735
30.3504
30.6401
30.7158
30.6673
30.3836
30.8828
30.6781
29.3755
29.7907
30.6518
30.8105
30.9468
28.3346
28.4297
30.5344
30.7749
31.3166
31.9377
32.19
30.1609
29.6252
30.7939
30.8181
30.8971
30.9818
29.3634
29.9424
31.8806
32.4797
32.1378
31.026
30.0382
30.3661
31.7662
31.6917
31.0829
31.3273
30.5918
29.2492
29.7473
30.422
30.2815
30.4446
30.4358
28.9486
29.4005
31.1086
30.2471
30.2476
31.0651
29.4646
28.6225
29.959
30.0802
30.6349
31.6146
30.427
29.9796
30.5838
30.6885
30.801
31.7844
31.2456
30.3164
31.0304
30.9229
31.2783
31.6351
31.2417
31.0371
30.9588
31.505
31.4792
30.5395
30.0287
29.6886
30.3771
31.7012
31.0752
30.5549
30.6965
29.8775
30.1605
31.1163
30.5965
30.8048
30.7546
30.0888
29.9765
30.1714
30.4155
31.1585
31.6376
31.3711
29.9258
29.0693
30.0811
29.804
29.1852
28.1627
26.2553
27.1326
27.8862
27.3939
27.9302
27.4801
26.7123
26.9654
27.8017
27.7581
28.1476
28.4131
28.3298
28.3652
27.7354
29.1715
30.7144
30.8985
31.0907
30.1423
30.2188
31.0121
30.6805
30.5754
31.6506
30.9301
30.1996
30.6204
30.8147
31.0304
30.8556
29.1091
28.9168
30.3905
30.6777
31.4011
31.6481
31.0246
31.0366
33.6423
35.322
34.9253
35.6062
35.6767
34.7862
33.6836
34.8123
35.6697
35.6557
35.2802
35.0785
34.1758
33.1653
34.6999
35.3657
35.7105
35.9234
36.0159
36.062
34.7808
35.4277
36.3102
35.2553
35.8006
36.0822
35.4692
34.2266
33.0797
34.4875
35.3363
35.3051
36.3451
36.6019
35.1574
34.4003
34.9877
35.7859
35.9893
35.6761
35.2721
35.5391
34.1431
33.4577
35.0816
36.2247
35.6322
35.0263
35.0177
34.1518
33.849
34.3956
35.9991
35.6214
34.8772
35.1828
34.9071
35.0116
35.2199
36.2542
35.9984
35.4566
36.5798
34.7645
33.3422
34.6663
36.0276
35.2504
34.5197
34.6093
34.3224
34.3613
34.3873
34.5119
34.4394
34.6957
34.4774
34.4839
33.7707
33.4812
34.5036
34.7162
34.5501
34.6428
34.3336
33.0863
32.7364
33.0655
34.3513
34.4027
33.8181
33.8112
32.3326
31.9494
32.6723
32.9522
34.3077
34.4465
33.0398
32.5256
32.2789
32.1466
32.6227
33.2077
33.7132
34.559
32.2077
29.7796
31.2183
33.1548
33.2607
33.1785
32.4107
28.999
29.8659
33.3533
32.7214
33.2685
33.9801
32.4149
31.5234
32.487
32.8937
32.6451
32.4691
32.8985
32.0497
32.2295
33.3996
33.2038
32.6062
32.7896
32.8823
31.4683
31.0231
32.307
33.1862
32.5553
33.1488
32.4217
31.2139
31.6056
32.3598
32.4749
32.9919
32.3065
30.5549
31.0049
31.5846
32.858
33.7895
32.6547
31.6756
31.2437
31.837
32.4128
32.5982
32.3934
32.3489
32.4144
31.6351
32.3279
32.5632
32.3572
32.3735
31.0092
30.259
31.7012
32.3771
31.4426
31.901
32.6669
31.8091
29.9048
30.3628
31.7531
31.6311
32.1999
32.476
30.5773
30.2366
30.2083
29.8499
29.7362
28.7092
27.5437
26.6752
27.1238
28.1805
28.1913
27.1739
26.618
27.2346
28.303
27.3661
28.6697
31.4797
30.6843
29.7301
31.5184
32.6349
31.2378
31.8806
31.5542
31.0068
31.7526
31.834
31.7093
31.6792
31.231
30.5157
31.2451
31.7319
32.2752
32.6254
31.344
30.5423
29.8236
30.5129
31.9264
31.4278
31.8456
31.739
30.3961
31.1701
31.6842
30.5204
31.3014
33.0633
30.5895
29.36
31.0762
31.6556
32.0564
31.508
31.0805
30.6138
30.3933
31.4688
31.5981
31.6426
31.9285
30.7097
29.6925
30.5829
31.7556
31.8573
31.7128
31.3313
30.0278
29.976
31.1779
31.8771
32.159
32.3525
29.9545
28.6632
30.5759
31.126
31.4961
32.5908
31.2656
30.2275
30.9948
31.3219
31.0236
30.8171
31.0767
31.6782
32.0785
31.1216
30.6932
31.2134
31.158
31.1192
31.251
31.5791
31.2217
31.3455
32.7783
31.3215
29.8111
30.4678
30.5362
29.9666
29.3238
28.3254
25.7493
26.4852
29.6235
30.6091
32.0811
32.4955
29.613
28.7608
31.08
31.0945
31.5254
32.4344
30.7796
29.8606
30.1828
30.965
31.8355
31.4648
31.3967
31.4668
31.0477
31.6807
31.9754
31.0496
30.5153
30.4938
30.3656
30.6989
30.7517
30.7659
31.3043
31.5761
30.525
29.9338
31.5841
32.2243
31.2813
31.0294
30.8971
30.4233
29.898
30.4169
31.792
31.2857
30.2842
29.6771
30.3393
32.5951
33.1653
33.157
33.8284
33.6445
32.4702
32.9261
33.7393
34.5841
35.0902
34.0252
32.0461
32.9099
34.856
33.6496
34.0652
35.307
34.8293
32.6137
33.8914
35.402
34.6033
34.132
34.0124
35.1228
34.4039
32.865
33.4348
35.2777
34.6638
34.4542
35.1859
34.0124
33.4694
34.3914
35.5568
35.7175
35.7175
35.0754
32.8289
31.6761
33.7952
35.6831
35.1167
34.2959
34.6723
33.379
32.6563
34.1495
35.1142
36.5731
35.9228
35.233
34.2167
33.2116
33.4554
34.8468
35.215
33.9173
34.6093
33.47
32.8213
34.4887
34.3041
34.7066
35.548
35.1198
33.9248
33.0994
33.8141
34.8675
35.0545
34.8675
34.4519
33.3472
32.9289
33.9939
34.2448
34.0466
34.392
34.4548
33.7672
32.8818
33.1268
34.2325
35.1617
35.1327
34.7899
33.2121
32.8672
33.9012
34.3006
34.8311
35.1562
34.5405
32.5516
32.6105
33.9449
33.9951
33.4879
33.7872
35.3157
34.9314
33.7798
33.5655
34.4572
34.7705
34.1105
34.7289
33.5717
33.4571
34.626
35.1309
35.3938
35.6144
35.9054
35.0779
34.3719
34.2091
34.6117
34.7856
35.092
36.0458
34.3778
32.993
33.9248
35.0116
34.3838
33.9345
34.5752
34.4952
33.3617
32.8343
34.0948
33.5954
31.0487
30.7366
32.6749
30.0829
29.8811
31.4031
29.9599
30.5381
31.6882
30.7768
28.3306
29.5526
32.7815
33.9294
35.0527
34.9748
33.0142
32.817
34.5417
35.2014
34.7844
35.2193
35.4114
34.1939
32.2544
31.9872
33.4605
34.4798
34.8943
34.9724
35.3569
32.7939
31.5189
33.5143
34.1886
34.1076
35.1469
35.0109
33.1455
32.9734
34.8754
34.8772
34.0925
34.4578
35.4899
33.8295
33.1895
34.7675
34.6741
35.1902
34.6284
34.7766
33.2358
32.3625
33.5188
33.8192
34.1997
34.1501
34.2841
33.9035
34.2859
33.9882
33.6112
34.3926
34.6158
33.8748
32.4307
33.3996
34.6735
34.1863
35.5448
36.0607
34.8937
34.0878
33.4902
33.5525
33.1989
34.2759
35.8616
34.408
32.7295
32.7113
33.7427
33.7149
33.7041
35.0324
34.8998
33.9432
32.9283
33.365
34.8645
34.5495
34.9999
35.7022
35.0674
33.9173
33.9691
34.4679
34.1676
34.3389
35.0748
34.9077
31.8771
31.2818
34.3731
35.0312
34.5387
35.4365
35.678
34.0044
33.2546
34.6278
34.776
33.915
34.5262
35.0195
33.9409
32.6062
32.994
34.3696
35.0073
34.5334
34.5048
34.9858
33.6842
33.3189
34.992
34.9736
34.0263
34.3802
33.3934
33.1631
33.7331
33.6967
34.1256
34.188
33.8495
33.9795
32.7418
32.1383
33.7086
33.7496
33.7445
34.0385
32.159
32.594
34.5399
34.0385
34.5811
35.2044
34.0582
31.4436
31.4292
34.1285
34.5931
34.2977
33.741
34.2231
33.507
32.7659
34.2554
35.2317
34.4341
33.6638
34.2912
33.3228
33.3934
33.6763
33.3561
