14.5007
304.507
442.087
820.008
778.816
708.466
722.282
814.996
852.152
892.061
1018.33
1071.81
1067.81
1095.89
1155.4
1207
1084.01
1007.05
1082.84
1004.02
811.688
803.859
946.522
1010.1
954.198
763.65
722.022
745.156
670.241
738.007
911.162
919.118
832.986
827.13
831.601
858.369
925.497
953.743
915.751
831.255
730.193
707.214
783.699
759.301
739.645
733.676
695.894
706.714
773.096
748.503
663.57
667.78
727.008
821.693
908.265
846.024
814.996
862.069
895.656
110.607
99.0197
443.656
506.457
501.379
745.434
804.182
900.495
789.889
736.648
865.801
914.077
876.424
443.066
407.415
748.503
937.647
953.289
542.888
461.787
703.977
730.193
621.504
544.218
609.57
841.751
697.837
72.5847
73.3891
597.55
624.22
830.565
877.963
878.349
871.84
855.798
757.576
784.621
884.564
875.657
873.362
906.618
919.963
832.986
836.12
924.214
940.734
912.409
868.056
832.293
844.238
784.314
793.966
855.432
867.303
850.34
816.993
879.121
944.733
955.566
916.17
872.981
856.164
883.002
900.901
912.825
943.841
946.97
918.695
903.751
906.208
879.894
859.845
783.392
743.494
791.139
825.764
846.024
866.176
803.536
808.081
910.747
935.891
894.055
851.064
837.872
846.024
808.081
790.202
831.601
708.215
708.466
756.144
773.096
883.002
914.913
741.29
726.216
869.943
877.578
924.214
908.265
881.834
865.052
860.585
877.963
832.293
848.896
917.431
892.857
899.685
923.788
883.002
855.432
876.424
892.061
932.401
986.68
987.654
951.475
900.901
868.056
797.13
797.13
891.663
904.977
914.913
926.355
928.936
917.852
868.432
843.882
868.056
896.057
914.495
934.579
933.271
932.401
507.743
437.637
514.271
559.91
677.048
306.654
305.018
530.363
613.874
920.387
834.725
485.791
418.585
606.98
784.621
811.688
842.46
879.894
878.349
880.282
885.347
891.266
908.678
898.473
747.664
761.035
904.568
887.705
868.81
730.727
633.914
678.656
739.372
629.129
659.631
879.121
908.678
773.694
729.661
812.018
792.079
724.113
736.106
780.945
800.641
880.282
939.85
941.176
965.251
911.162
837.17
863.931
929.8
955.11
948.767
909.091
918.274
981.836
983.768
919.54
887.311
919.963
960.154
966.184
982.801
994.53
943.396
901.713
907.03
891.663
873.362
888.099
880.282
848.536
874.126
908.678
942.507
975.61
953.743
942.507
880.282
793.966
815.328
887.311
331.236
172.637
255.037
823.723
514.536
377.929
436.491
533.049
491.642
539.229
734.484
439.754
456.204
936.768
868.056
824.063
878.349
901.307
922.084
939.408
934.579
916.59
920.81
904.568
907.853
889.284
870.322
921.659
333.778
256.97
328.569
394.4
187.143
165.508
350.816
376.648
466.527
753.296
753.012
725.953
728.332
738.825
757.863
697.837
715.82
737.735
746.826
60.3154
60.5767
916.59
951.475
915.751
700.035
693.241
858.001
836.47
863.931
947.418
974.184
998.004
1081.67
1151.41
1091.7
951.475
886.918
904.159
952.835
891.663
835.771
896.057
925.926
906.618
871.08
856.898
871.84
894.454
835.073
848.896
944.287
863.185
852.152
901.713
911.993
918.274
901.307
875.657
541.565
516.529
736.92
796.495
885.348
946.522
1041.12
1145.48
983.768
854.701
948.317
1085.78
1178.55
1189.06
1173.71
1120.45
957.854
810.701
808.081
918.274
1008.06
1049.32
1106.19
1166.86
1188.35
1126.13
1086.96
860.956
749.625
740.467
768.049
839.983
871.46
983.284
1078.75
1176.47
1174.4
1163.47
1170.28
1174.4
1169.59
1146.13
1168.91
985.707
781.861
819.001
672.043
691.563
1049.32
1086.37
1069.52
1072.39
1073.54
1058.2
1075.85
1082.84
1105.58
667.78
593.824
867.303
981.836
1035.73
1077.59
1131.86
1094.09
1070.09
1120.45
1077.59
1096.49
1148.11
1151.41
1091.7
715.052
612.745
598.623
529.661
665.336
965.717
1075.85
1097.69
1095.29
1088.14
1074.69
946.522
823.045
851.426
917.852
926.784
894.454
870.322
894.055
914.077
939.85
948.317
986.193
1088.14
996.016
834.376
870.701
1021.97
1119.19
1154.73
1178.55
1057.64
976.563
1089.92
1179.25
1160.09
1142.2
1080.5
1058.76
775.194
684.932
849.257
846.382
755.287
796.495
947.418
1062.7
1008.06
937.207
1029.34
1161.44
1128.67
972.763
857.265
900.495
1092.3
1175.09
1196.89
1140.9
1000
464.684
480.654
1002.51
875.274
879.894
914.913
939.408
1049.32
1170.96
1238.39
1227.75
1098.3
1063.26
1121.7
1114.83
1135.07
1183.43
1201.2
1206.27
564.653
509.944
952.381
1160.77
1152.07
1118.57
1193.32
1229.26
1212.86
1195.46
1182.73
1163.47
1172.33
1175.78
1108.03
1013.68
961.076
1025.64
1017.81
1016.26
1123.6
1156.74
1152.74
1142.86
1175.78
1189.06
1121.08
1077.01
1125.49
1175.78
1119.19
827.13
826.105
1093.49
976.563
703.235
722.805
1025.12
1116.69
1144.82
1194.74
1154.73
1138.3
1177.86
1138.3
848.536
800
1024.07
1144.16
1169.59
1166.18
1154.07
951.475
891.663
1072.96
1153.4
1148.11
1187.65
1213.59
1104.97
852.878
844.238
1098.3
1188.35
1149.43
1140.25
1159.42
1182.03
1119.19
925.497
888.889
1052.08
1152.74
1183.43
1091.11
976.563
975.61
1050.42
1174.4
1196.17
1169.59
1209.19
1202.65
1161.44
1181.33
1196.17
1186.24
1168.22
992.556
956.48
1108.65
1079.33
1023.54
1106.81
1142.86
1126.76
1171.65
1150.09
1028.81
1005.53
1119.82
1184.83
1180.64
1196.89
1194.74
1160.09
930.665
824.063
920.387
985.222
1052.63
1142.2
1165.5
1195.46
1195.46
1168.91
1182.03
1196.89
1196.89
1214.33
1186.94
1147.45
1111.11
1025.64
1043.3
997.009
986.68
1017.29
953.743
970.874
1062.7
1179.94
1182.03
1192.61
1200.48
1142.86
1162.79
871.08
740.741
943.396
1175.09
1179.25
952.835
837.872
924.214
917.431
684.228
646.831
838.223
941.176
846.024
858.738
944.733
955.566
954.198
955.566
990.589
1072.39
1142.86
1177.16
1122.96
1108.65
1163.47
1173.02
1100.72
806.777
774.593
940.291
974.659
977.517
974.659
828.844
820.345
807.102
789.578
956.023
1084.01
945.626
754.148
876.808
1098.9
1119.19
1175.09
1199.76
1203.37
1186.24
1175.09
1192.61
1191.19
1140.9
1158.75
1002.51
704.97
697.593
949.668
1128.03
1163.47
1192.61
1151.41
1142.2
1168.22
1158.75
1139.6
1168.22
1103.14
987.167
942.507
723.851
753.864
1085.19
1127.4
1147.45
1191.9
1184.13
1208.46
1154.07
1167.54
1233.81
1218.03
1190.48
1170.96
1104.36
1045.48
874.126
744.879
835.422
1045.48
1114.83
1131.86
1191.9
1205.55
1213.59
1173.71
1162.12
1204.82
1165.5
1165.5
1171.65
880.669
835.073
1037.88
1126.76
935.891
843.526
988.142
1140.25
1190.48
1191.9
1213.59
1211.39
1211.39
1221.75
1228.5
1044.39
822.707
904.568
1140.25
1131.86
1164.14
1218.77
1166.86
910.332
832.986
941.176
1020.41
1061.01
1098.9
1027.22
815.661
787.402
939.85
1024.07
1078.17
1177.86
1128.03
1026.69
1088.73
948.767
868.81
965.717
1034.66
1082.25
757.002
677.507
908.678
1114.83
1114.21
1096.49
1093.49
1078.17
1146.13
1221.75
1225.49
1243.01
1003.01
917.852
904.977
801.282
927.644
1170.28
1225.49
1218.77
1219.51
1151.41
1090.51
1035.73
990.099
1046.57
1095.29
1108.03
1102.54
616.523
534.902
803.536
984.252
868.81
854.701
960.615
987.167
1074.11
1122.33
1184.13
1097.09
1002.51
962.001
922.935
881.834
918.695
1076.43
1142.86
1087.55
1100.11
1184.13
1121.08
1094.69
1049.32
1036.81
1120.45
1092.9
839.983
796.178
998.004
881.446
690.131
712.758
914.495
1132.5
1191.9
1053.19
793.336
648.929
499.127
571.265
981.354
1097.69
1118.57
1104.97
845.309
751.033
802.568
822.03
893.256
910.332
931.099
981.354
1039.5
1075.85
1062.13
1044.39
1051.52
1056.52
955.566
836.12
853.971
1006.04
1137.66
1139.6
1054.3
933.271
903.751
1014.71
1143.51
1191.9
1180.64
1122.96
1119.82
1126.13
1129.31
1121.7
1084.6
998.004
934.579
881.446
860.585
956.48
965.717
899.685
924.642
923.788
876.04
902.527
1003.01
1084.01
1084.01
1063.83
367.918
338.181
746.547
889.284
956.023
870.322
914.495
1077.59
1133.79
1103.14
1068.95
949.668
900.901
836.82
775.494
852.152
915.751
947.867
965.717
983.768
1055.97
1094.09
1114.83
1078.75
1036.27
832.293
806.452
1021.45
1008.57
856.898
834.725
962.927
1082.25
1084.01
1074.11
1098.9
1083.42
1080.5
1057.64
883.002
890.869
1053.19
1114.21
1196.17
1213.59
1204.09
1022.49
913.242
1003.51
1101.93
1139.6
1153.4
1131.86
1098.3
915.751
731.261
843.526
1107.42
1084.01
1098.3
1108.03
1106.19
881.834
823.723
1058.76
1150.75
1086.37
1042.75
832.64
726.216
865.426
1075.85
1122.96
1059.32
1003.01
1040.58
574.548
550.055
863.931
858.738
808.407
796.813
986.193
1045.48
1106.81
1160.77
1066.1
1035.73
1059.88
1125.49
1174.4
1159.42
1142.2
1166.86
1220.26
719.683
665.115
1061.57
1202.65
1195.46
1191.19
1202.65
1138.95
1098.9
1111.73
1144.82
1098.9
1068.95
1037.34
998.502
812.348
824.402
883.783
866.551
1072.39
1075.27
1053.19
1082.25
1090.51
1152.07
1186.24
1112.35
1051.52
1103.75
1112.35
977.995
973.236
1126.13
1180.64
996.016
918.695
1054.3
1147.45
1100.72
1108.03
1123.6
1047.12
1026.17
922.935
856.531
835.073
862.813
1012.15
1102.54
1101.32
1088.14
934.143
857.265
979.912
1094.69
1173.02
1195.46
1191.9
1047.12
565.931
541.272
700.28
716.332
862.813
923.361
1017.29
934.143
877.963
1023.54
1177.16
975.134
619.579
645.995
883.783
962.464
1072.39
1030.93
1063.26
1098.3
1129.94
1213.59
1200.48
971.817
870.701
942.507
963.391
972.29
1079.33
1177.86
1204.82
1201.92
1096.49
1087.55
1194.03
1209.19
1204.09
1237.62
1230.01
1215.81
1046.03
589.449
564.972
917.852
1112.97
1173.71
1100.72
1004.52
1038.96
1132.5
1136.36
1154.07
1077.59
1038.96
917.852
807.102
808.407
858.369
1014.2
1077.59
1050.97
1054.85
1078.17
1091.7
1132.5
1207
1160.77
1108.03
1013.17
823.384
862.069
1072.96
1026.69
889.284
866.551
873.362
944.733
1078.17
1092.9
1071.81
1112.35
1170.96
1149.43
973.236
906.208
955.566
963.855
1076.43
1140.9
1019.37
1013.68
1069.52
1082.84
1043.3
962.001
978.953
1100.72
1013.68
790.202
866.927
1155.4
1213.59
1173.02
1170.28
1167.54
1075.85
1044.93
1117.32
856.898
825.082
1070.09
1015.74
683.527
642.055
962.001
1160.77
1149.43
1103.75
1070.09
1022.49
1032.52
1071.81
1051.52
1101.32
926.355
777.907
813.339
872.6
1005.53
1132.5
1100.72
1109.26
1078.75
1086.96
1194.74
1183.43
1181.33
1251.56
1240.69
1213.59
1189.06
619.195
569.152
996.016
1156.07
1141.55
1137.01
1094.69
1043.3
1077.59
1070.66
1025.12
1042.21
888.494
635.728
693.001
1009.08
870.322
817.327
943.396
983.284
983.768
1019.89
1057.64
1037.34
1096.49
1150.09
1124.23
959.233
820.008
914.495
925.069
894.454
1057.08
1119.82
1138.3
1147.45
1138.3
1123.6
1067.24
1016.78
996.016
863.558
760.456
723.066
769.823
928.936
1091.7
947.418
866.551
976.086
1052.63
1094.09
1067.24
1066.1
987.167
634.518
568.02
734.484
859.845
989.609
1077.59
1133.79
909.918
843.882
1028.28
1150.09
1156.74
944.733
721.761
711.238
805.477
767.165
804.829
890.472
868.432
936.768
859.107
825.423
915.751
923.361
863.185
893.256
1070.09
1169.59
1207
1193.32
1077.59
1011.12
1037.88
1062.7
1125.49
1185.54
1169.59
1129.31
956.48
648.719
691.085
1084.01
1050.97
1006.04
1095.29
1116.07
1122.96
1138.95
1152.07
1100.72
1065.53
1138.95
1062.7
810.045
746.269
833.333
935.891
934.143
939.85
986.68
1054.85
1083.42
1078.75
1158.08
1170.28
1161.44
875.274
740.741
915.332
1102.54
1110.49
977.04
953.289
1018.33
1047.67
1175.09
1209.92
1148.77
1119.82
1184.83
1162.12
969.462
844.951
949.217
1168.22
1213.59
1221
1207
1008.57
925.069
1048.77
1005.53
884.956
930.665
1044.93
1055.41
807.754
736.377
915.332
1079.33
1095.89
1066.1
1090.51
1129.31
1071.81
937.207
919.118
1070.09
1229.26
1216.55
859.107
745.434
938.086
1084.6
1109.88
1083.42
1064.96
1104.36
1138.3
1207.73
1160.09
1079.33
926.784
825.423
652.103
664.452
919.963
957.396
1013.17
956.48
920.387
1009.08
956.938
997.506
1123.6
1058.2
1006.04
735.294
667.111
840.689
911.162
959.233
1054.3
1143.51
1163.47
1099.51
1037.34
1057.64
1130.58
1042.21
985.707
883.392
852.515
888.494
843.882
931.099
1089.32
1121.7
1059.32
1121.08
1131.22
1065.53
1088.73
1138.95
1170.28
1081.67
968.523
867.679
944.287
1074.69
1097.69
965.251
902.935
1078.17
1125.49
1103.14
1098.9
1115.45
1164.82
1128.03
1040.58
868.056
892.459
1133.79
1219.51
1253.92
1235.33
1135.72
934.143
869.565
1002.51
1102.54
1070.09
1032.52
1047.67
829.531
694.686
856.164
1062.13
928.936
843.526
960.615
1135.72
1086.96
707.965
675.676
940.734
1067.81
715.052
670.916
1041.67
1190.48
1142.86
1092.3
1087.55
1112.97
1156.07
1152.74
1021.97
788.955
604.047
559.284
655.523
853.971
