9.12133e-312
inf
12.9282
299.401
457.875
1017.29
1053.74
744.879
696.379
883.002
956.023
1106.19
1235.33
1297.02
1324.5
1323.63
1322.75
1339.58
1333.33
1243.01
1160.77
1119.19
1084.6
639.182
633.312
725.689
645.786
499.875
526.316
1016.26
1170.96
1200.48
1265.82
1281.23
821.018
784.006
1125.49
1119.19
1059.88
1054.3
1124.23
951.475
938.967
531.208
470.588
467.617
532.056
1195.46
1250.78
1301.24
1257.86
1229.26
1186.94
1115.45
1094.69
1173.71
1257.07
1218.77
1172.33
1131.86
418.41
402.091
1011.12
1152.74
1226.24
1309.76
1211.39
1137.66
1119.19
1182.73
1282.87
912.825
477.555
527.844
1023.54
1062.13
1099.51
1221.75
1351.35
1337.79
1242.24
1173.02
1199.76
1308.04
1391.79
1402.52
1457.73
1448.23
1110.49
1088.73
1390.82
1477.1
1486.99
1220.26
1108.65
1285.35
1389.85
1378.36
1387.93
1415.43
1342.28
1288.66
1333.33
1344.99
1254.71
495.172
481.58
1121.08
1273.89
1403.51
1441.96
1398.6
1288.66
1276.32
1378.36
1407.46
1352.27
1307.19
1326.26
1335.11
1368.93
1389.85
1307.19
614.251
604.23
1201.92
1336.01
1481.48
1523.23
1467.35
1439.88
1435.75
1412.43
1441.96
1469.51
1463.06
1436.78
1439.88
1409.44
636.943
526.316
555.247
662.91
1192.61
1110.49
692.761
753.58
1492.54
1569.86
1571.09
1539.65
1546.79
1603.85
859.476
733.138
1125.49
1125.49
1043.3
1016.26
1025.12
1081.08
838.223
882.613
1233.81
1366.12
1420.45
1223.24
1074.11
544.07
552.944
1202.65
1322.75
1329.79
1407.46
1600
1713.8
1773.05
1690.62
1610.31
1705.03
1434.72
1459.85
1877.93
1811.59
1795.33
1851.85
1746.72
1596.17
1546.79
1577.29
1577.29
1543.21
1564.95
1576.04
1527.88
1474.93
1414.43
1465.2
1589.83
1598.72
1488.1
1504.89
1700.68
1841.62
1892.15
1910.22
1951.22
1893.94
1823.15
1874.41
1690.62
1465.2
1470.59
1508.3
1623.38
1836.55
1919.39
2004.01
2085.51
2072.54
2042.9
2024.29
1974.33
1932.37
1908.4
1902.95
1919.39
1890.36
1795.33
1727.12
1632.65
1519.76
1540.83
1624.7
1616.81
1498.13
1405.48
1472.75
1596.17
1607.72
1610.31
1670.84
1696.35
1605.14
1532.57
1555.21
1626.02
1629.99
1543.21
1423.49
1465.2
1605.14
1602.56
1579.78
1574.8
1618.12
1663.89
1544.4
1401.54
1400.56
1426.53
1393.73
1393.73
1433.69
1478.2
1459.85
1440.92
1509.43
1614.2
1742.16
1814.88
1806.68
1706.48
1588.56
1545.6
1567.4
1719.69
1818.18
1716.74
1589.83
1539.65
1673.64
1846.72
1919.39
1904.76
1771.48
1636.66
1619.43
1679.26
1606.43
1542.02
1619.43
1677.85
1707.94
1769.91
1803.43
1816.53
1803.43
1755.93
1731.6
1716.74
1722.65
1809.95
1919.39
1888.57
1765.23
1748.25
1752.85
1693.48
1676.45
1700.68
1749.78
1841.62
1949.32
1956.95
1870.91
1858.74
1863.93
1872.66
1921.23
1956.95
2049.18
2004.01
1848.43
1813.24
1876.17
1886.79
1872.66
1956.95
2038.74
2109.7
2070.39
1846.72
171.954
169.621
484.496
443.557
1072.39
949.217
917.011
1287
1108.65
1107.42
1394.7
1518.6
1638
1699.24
1722.65
1640.69
1552.79
1606.43
1737.62
1707.94
1523.23
1518.6
1644.74
1680.67
1518.6
1375.52
1478.2
1659.75
1705.03
1707.94
1771.48
1765.23
1739.13
1706.48
1657
1562.5
1558.85
1658.37
1579.78
1057.64
1038.42
634.115
570.939
896.459
917.852
1092.9
1299.55
1072.39
812.348
877.963
1169.59
1379.31
1502.63
1506.02
1497.01
665.557
597.193
667.111
739.645
1004.52
960.154
1382.17
1500.38
1632.65
1773.05
1809.95
1814.88
1736.11
1703.58
1675.04
1591.09
1561.28
1538.46
1526.72
1615.51
1651.53
1578.53
1629.99
1803.43
1839.93
1663.89
1460.92
1433.69
1474.93
1432.66
1447.18
1498.13
1503.76
1386.96
1443
1766.78
1943.63
1787.31
1651.53
1230.01
1014.2
1239.16
1463.06
1436.78
1544.4
1682.09
1713.8
1672.24
1650.16
1647.45
1591.09
813.67
621.891
875.657
1106.19
1119.19
1111.73
810.701
910.747
1506.02
1554
1276.32
1171.65
1377.41
1520.91
1567.4
1567.4
1039.5
908.678
1027.22
1032.52
1107.42
1160.09
563.222
575.871
1288.66
1315.79
1093.49
604.778
588.755
1049.87
1561.28
1721.17
1793.72
333.222
319.642
1349.53
1315.79
1303.78
1469.51
1543.21
1657
1706.48
1623.38
1514
1483.68
1584.79
1773.05
1834.86
1715.27
1666.67
1686.34
1769.91
1740.64
1573.56
1569.86
1676.45
1564.95
1577.29
1893.94
1994.02
1953.13
2016.13
1869.16
1790.51
1939.86
2030.46
2024.29
1895.73
1895.73
1902.95
1902.95
1923.08
1897.53
1934.24
2034.59
2020.2
1855.29
1915.71
1722.65
1028.81
1024.07
1510.57
1503.76
1526.72
1583.53
1555.21
1525.55
637.552
540.687
972.763
1227.75
1250.78
1175.09
1243.78
545.554
540.979
1413.43
1620.75
1626.02
1603.85
1823.15
1941.75
1899.34
1740.64
1680.67
1793.72
1881.47
1885.01
1901.14
1853.57
1843.32
1785.71
1784.12
1780.94
1633.99
588.928
585.995
787.402
781.555
1338.69
1396.65
1469.51
1419.45
1567.4
1655.63
1743.68
1893.94
1988.07
1951.22
2020.2
2098.64
1943.63
1792.11
1683.5
1543.21
1551.59
1520.91
1476.01
1335.11
1317.52
1591.09
1324.5
1205.55
1431.64
1658.37
1833.18
1904.76
2061.86
1958.86
1951.22
1906.58
28.3358
28.3475
1928.64
2030.46
1986.1
1951.22
1974.33
2053.39
1919.39
1788.91
1232.29
1051.52
1416.43
1862.2
1943.63
1937.98
2053.39
1951.22
1941.75
1962.71
1870.91
1958.86
2125.4
2092.05
2030.46
2042.9
1863.93
1848.43
2074.69
2074.69
1773.05
1636.66
1640.69
1643.39
1682.09
1577.29
888.494
901.713
1693.48
1865.67
1934.24
2079
2087.68
1978.24
2032.52
2074.69
2068.25
2092.05
2026.34
2034.59
1955.03
1949.32
2076.84
1978.24
2040.82
2178.65
2132.2
2010.05
1934.24
2068.25
2055.5
1836.55
1527.88
1506.02
1705.03
1876.17
2134.47
2028.4
1994.02
2063.98
2018.16
1932.37
1857.01
1976.28
1941.75
1824.82
1874.41
1919.39
1912.05
1897.53
1836.55
1841.62
1829.83
1716.74
1824.82
1897.53
1956.95
2008.03
1543.21
1419.45
1635.32
1648.8
1657
1845.02
1895.73
1984.13
2012.07
1913.88
2020.2
1986.1
1988.07
1953.13
1956.95
2070.39
2068.25
2111.93
2016.13
2055.5
2159.83
2116.4
2143.62
2185.79
2200.22
2118.64
1932.37
1890.36
1793.72
1652.89
1718.21
1818.18
2002
2022.24
2030.46
2162.16
2120.89
2129.93
2123.14
2120.89
2134.47
2148.23
2169.2
2197.8
2209.94
2214.84
1996.01
1951.22
2111.93
2132.2
2020.2
2061.86
2227.17
2207.51
2212.39
2212.39
2053.39
775.795
753.864
1606.43
1079.33
1071.81
1466.28
1410.44
1509.43
1737.62
1992.03
2145.92
2105.26
2109.7
2150.54
2176.28
2192.98
2152.85
2000
1518.6
1476.01
1921.23
1736.11
747.664
760.745
1805.05
2125.4
2139.04
2000
2055.5
2074.69
1947.42
2079
2178.65
2166.85
2141.33
2100.84
2006.02
2063.98
2044.99
2055.5
2232.14
2217.29
2159.83
1992.03
2044.99
2200.22
2145.92
2008.03
1892.15
1762.11
1684.92
1823.15
1968.5
2044.99
2100.84
2111.93
2002
2047.08
2183.41
2012.07
1951.22
1739.13
1728.61
2024.29
1996.01
2053.39
2173.91
2022.24
1960.78
2087.68
2152.85
2129.93
2132.2
2010.05
1662.51
713.012
687.994
1428.57
1836.55
2109.7
2098.64
1571.09
1432.66
1707.94
1877.93
1958.86
1915.71
1960.78
2072.54
2053.39
2055.5
2162.16
2132.2
2129.93
2018.16
2066.12
2224.69
2207.51
2150.54
1994.02
1702.13
1093.49
1199.04
2132.2
2150.54
2063.98
1978.24
1988.07
2100.84
2016.13
1953.13
2066.12
2123.14
2111.93
2116.4
2116.4
2129.93
2136.75
2120.89
2139.04
2141.33
2010.05
1960.78
2127.66
2219.76
2068.25
2068.25
2040.82
1321.88
1044.39
1422.48
1988.07
2026.34
2028.4
1949.32
2074.69
2038.74
1947.42
2081.17
2159.83
1941.75
1662.51
1503.76
1545.6
1762.11
1831.5
1380.26
1114.83
1199.76
1286.17
779.12
687.758
1042.21
1333.33
1510.57
1811.59
1893.94
1964.64
1904.76
1792.11
1901.14
1863.93
1874.41
2044.99
2132.2
1850.14
1564.95
1277.96
1319.26
1716.74
1811.59
1666.67
1456.66
1334.22
1401.54
1644.74
1921.23
1943.63
2010.05
2237.14
2061.86
1994.02
2111.93
2118.64
2150.54
2164.5
2141.33
2139.04
2152.85
2125.4
1808.32
1493.65
1395.67
1384.08
1452.43
1731.6
1956.95
1766.78
757.863
773.994
1836.55
1917.55
2068.25
2155.17
2006.02
1941.75
2076.84
2038.74
1947.42
1895.73
1984.13
1446.13
1313.2
1752.85
1845.02
1869.16
1872.66
1928.64
1939.86
2036.66
2171.55
1906.58
1657
1581.03
1546.79
1572.33
1813.24
2055.5
2074.69
2116.4
2178.65
2207.51
2222.22
2227.17
2234.64
2234.64
2239.64
2237.14
2026.34
2040.82
2244.67
2092.05
1964.64
2061.86
2038.74
2028.4
2114.16
1947.42
1936.11
1951.22
1955.03
1808.32
1549.19
1598.72
1886.79
2076.84
2092.05
2103.05
2111.93
2127.66
2087.68
2094.24
2134.47
2152.85
2129.93
2111.93
2164.5
2042.9
2068.25
2227.17
2209.94
2222.22
2111.93
2010.05
2047.08
2081.17
2055.5
1964.64
1665.28
789.578
806.127
1765.23
1870.91
1906.58
1972.39
1471.67
1377.41
1650.17
1706.48
1689.19
1706.48
1869.16
1949.32
1841.62
1902.95
1915.71
1803.43
1904.76
1980.2
1924.93
1829.83
1800.18
1288.66
959.233
1199.76
1811.59
1811.59
1846.72
1872.66
1862.2
1958.86
1976.28
2010.05
1823.15
1816.53
1960.78
1930.5
1943.63
1990.05
2000
1960.78
1841.62
1893.94
2034.59
2022.24
2026.34
2032.52
1908.4
1319.26
1089.32
1450.33
1947.42
1885.01
1924.93
1872.66
1895.73
1992.03
1833.18
1867.41
1986.1
1947.42
1949.32
1851.85
1886.79
2020.2
2010.05
1953.13
1841.62
1860.47
1855.29
1874.41
1839.93
1851.85
1647.45
1059.32
985.707
1297.02
1577.29
1618.12
1531.39
1702.13
1921.23
1850.14
1908.4
1923.08
1801.8
1897.53
1879.7
1897.53
2006.02
1988.07
2014.1
1974.33
1915.71
1936.11
1982.16
1966.57
1803.43
1512.86
1453.49
1650.17
1724.14
1816.53
1865.67
1863.93
1848.43
1867.41
1972.39
1955.03
2002
2010.05
1821.49
1806.68
1956.95
1939.86
1941.75
1953.13
1853.57
1895.73
2026.34
2010.05
2012.07
2018.16
1923.08
1722.65
1082.25
1102.54
1734.61
1795.33
1803.43
1788.91
1795.33
1879.7
1956.95
1926.78
1932.37
1932.37
1892.15
1806.68
1895.73
1851.85
1824.82
1924.93
1928.64
1976.28
1990.05
1968.5
1793.72
1790.51
1650.16
1352.26
1316.66
1464.13
1734.61
1800.18
1724.14
1796.95
1814.88
1763.67
1834.86
1947.42
1800.18
1686.34
1699.24
1707.94
1806.68
1926.78
1926.78
1895.73
1890.36
1926.78
1956.95
1865.67
1888.57
1828.15
1573.56
1517.45
1611.6
1719.69
1784.12
1892.15
1874.41
1860.47
1945.53
1947.42
1850.14
1883.24
1892.15
1877.93
1988.07
1857.01
1862.2
1982.16
1964.64
1865.67
1904.76
1988.07
1953.13
1853.57
1737.62
715.308
709.723
1809.95
1937.98
1831.5
1865.67
1945.53
1848.43
1885.01
1982.16
1947.42
1945.53
1939.86
1955.03
1964.64
1928.64
1818.18
1355.01
1305.48
1642.04
1725.63
1628.66
1459.85
758.15
653.168
1144.82
1784.12
1858.74
1865.67
1960.78
1953.13
1858.74
1798.56
1904.76
1870.91
1883.24
1976.28
1939.86
1945.53
1941.75
1768.35
1557.63
1539.65
1627.34
1611.6
1289.49
1180.64
1372.68
1436.78
1364.26
1282.87
1418.44
1798.56
1853.57
1890.36
1872.66
1858.74
1949.32
1923.08
1947.42
1964.64
1949.32
1923.08
1926.78
1932.37
1928.64
1937.98
1939.86
1821.49
846.024
830.91
1690.62
1743.68
1733.1
1841.62
1913.88
1917.55
1919.39
1919.39
1831.5
1739.13
1546.79
1436.78
1551.59
1675.04
1673.64
1763.67
1912.05
1934.24
1876.17
1795.33
1670.84
1337.79
913.242
897.263
1254.71
1545.59
1809.95
1943.63
1921.23
1930.5
1860.47
1899.34
1992.03
1955.03
1984.13
2010.05
2014.1
2014.1
1986.1
1966.57
2004.01
2028.4
2016.13
2008.03
2024.29
1930.5
1306.34
977.04
1246.11
1841.62
1901.14
1865.67
1883.24
1982.16
1867.41
1811.59
1792.11
1862.2
1992.03
1982.16
1998
2010.05
2006.02
2012.07
2016.13
2022.24
1941.75
1912.05
1988.07
1848.43
1598.72
1114.21
1016.26
1380.26
1646.09
1551.59
1477.1
1642.04
1396.65
1208.46
1394.7
1609.01
1790.51
1819.84
1712.33
1724.14
1824.82
1757.47
1814.88
1857.01
1824.82
1718.21
1612.9
1605.14
1090.51
1074.11
1622.06
1814.88
1850.14
1823.15
1776.2
1479.29
1293.66
1362.4
1519.76
1757.47
1831.5
1670.84
1725.63
1721.17
1724.14
1872.66
1831.5
1886.79
1870.91
1694.92
1418.44
1071.81
1210.65
1407.46
1333.33
1636.66
1694.92
1713.8
1762.11
1821.49
1877.93
1855.29
1760.56
1798.56
1893.94
1845.02
1881.47
1851.85
1796.95
1665.28
1721.17
1814.88
1848.43
1581.03
967.118
997.506
1367.99
1473.84
1816.53
1721.17
1489.2
1619.43
1796.95
1675.04
1542.02
1538.46
1551.59
1461.99
1542.02
1737.62
1663.89
1672.24
1845.02
1790.51
1766.78
1230.01
1027.75
1352.26
1743.68
1623.38
1519.76
1583.53
1628.66
1629.99
1683.5
1587.3
1563.72
1788.91
1809.95
1836.55
1845.02
1855.29
1716.74
1722.65
1816.53
1806.68
1766.78
1860.47
1784.12
1129.94
1080.5
1484.78
1699.24
1862.2
1867.41
1793.72
1776.2
1841.62
1879.7
1828.15
1709.4
1768.35
1886.79
1700.68
1677.85
1816.53
1845.02
1718.21
1651.53
1751.31
1850.14
1785.71
1668.06
1707.94
1843.32
1841.62
1682.09
1727.12
1862.2
1860.47
1724.14
1777.78
1803.43
1784.12
1853.57
1673.64
1718.21
1718.21
1733.1
1803.43
1806.68
1841.62
1579.78
1669.45
1984.13
1921.23
1941.75
1990.05
1885.01
1696.35
1696.35
1800.18
1885.01
1972.39
1960.78
1809.95
1759.01
1877.93
1818.18
1836.55
1974.33
1792.11
1716.74
1806.68
1706.48
1700.68
1823.15
1831.5
1851.85
1881.47
1829.83
1850.14
1892.15
1730.1
1568.63
1552.79
1518.6
1642.04
1888.57
1813.24
1787.31
1888.57
1860.47
1719.69
1682.09
1709.4
1784.12
1836.55
1816.53
1798.56
1739.13
1801.8
1836.55
1594.9
1497.01
1655.63
1796.95
1623.38
1153.4
1102.54
645.995
659.196
1501.5
1552.79
1638
1558.85
1503.76
1740.64
1821.49
1826.48
1877.93
1851.85
1669.45
1640.69
1768.35
1818.18
1734.61
1790.51
1405.48
771.307
792.079
1126.76
1270.65
1639.34
1763.67
1808.32
1860.47
1874.41
1869.16
1823.15
1745.2
1819.84
1874.41
1818.18
1784.12
1851.85
1897.53
1860.47
1869.16
1838.24
1234.57
902.935
1124.86
1736.11
1787.31
1690.62
1669.45
1737.62
1821.49
1855.29
1629.99
1432.66
1377.41
1371.74
1428.57
1415.43
1454.55
1465.2
1473.84
1519.76
1591.09
1556.42
1129.94
1119.19
1413.43
1484.78
1662.51
1749.78
1712.33
1639.34
1654.26
1808.32
1966.57
2014.1
2020.2
2022.24
2020.2
1968.5
1924.93
1970.44
1934.24
1771.48
1540.83
1546.79
1670.84
1571.09
1095.29
1009.08
1482.58
1828.15
1746.72
1730.1
1774.62
1740.64
1743.68
1703.58
1672.24
1713.8
1618.12
1719.69
1839.93
1763.67
1784.12
1683.5
1749.78
1876.17
1800.18
1754.39
1715.27
1131.86
1061.01
1484.78
1601.28
1733.1
1703.58
1709.4
1472.75
1378.36
1616.81
1650.16
1499.25
1512.86
1659.75
1676.45
1715.27
1818.18
1777.78
1663.89
1746.72
1846.72
1730.1
1577.29
1534.92
1491.42
1532.57
1657
1680.67
1803.43
1834.86
1742.16
1710.86
1779.36
1883.24
1774.62
1727.12
1819.84
1836.55
1670.84
1609.01
1692.05
1811.59
1826.48
1796.95
1876.17
1697.79
1623.38
1355.01
1054.85
1265.82
1752.85
1727.12
1709.4
1795.33
1790.51
1773.05
1752.85
1567.4
1517.45
1618.12
1568.63
1609.01
1706.48
1760.56
1829.83
1722.65
1795.33
1906.58
1833.18
1636.66
1451.38
1360.54
1302.93
1336.01
1601.28
1792.11
1571.09
1644.74
1719.69
1550.39
1699.24
1798.56
1740.64
1845.02
1694.92
1646.09
1716.74
1464.13
1277.14
1304.63
1543.21
1819.84
1308.04
1036.81
1250.78
1644.74
1811.59
1860.47
1908.4
1917.55
1924.93
1932.37
1930.5
1917.55
1858.74
1784.12
1811.59
1886.79
1879.7
1644.74
1597.44
1793.72
1857.01
1855.29
1824.82
1749.78
1675.04
1472.75
1063.26
1158.75
1801.8
1796.95
1689.19
1818.18
1824.82
1798.56
1792.11
1841.62
1917.55
1839.93
1874.41
1734.61
1725.63
1877.93
1831.5
1763.67
1834.86
1836.55
1579.78
1557.63
1672.24
1440.92
1363.33
1577.29
1627.34
1549.19
1651.53
1721.17
1684.92
1692.05
1736.11
1800.18
1836.55
1858.74
1838.24
1834.86
1862.2
1901.14
1845.02
1838.24
1824.82
1771.48
1845.02
1858.74
1839.93
1809.95
1140.25
965.717
1409.44
1874.41
1673.64
1654.26
1851.85
1769.91
1779.36
1846.72
1666.67
1712.33
1818.18
1813.24
1762.11
1816.53
1943.63
1921.23
1951.22
1912.05
1869.16
1790.51
1730.1
1273.89
952.835
1183.43
1808.32
1737.62
1773.05
1809.95
1683.5
1785.71
1858.74
1850.14
1886.79
1890.36
1851.85
1834.86
1733.1
1333.33
1309.76
1607.72
1673.64
1670.84
1694.92
1627.34
1048.77
871.08
1209.19
1603.85
1616.81
1587.3
1510.57
1532.57
1622.06
1746.72
1853.57
1839.93
1697.79
1806.68
1968.5
1862.2
1816.53
1819.84
1734.61
1788.91
1923.08
1700.68
1602.56
1307.19
1251.56
1551.59
1469.51
1351.35
1273.07
1307.19
1430.62
1468.43
1557.63
1465.2
1453.49
1696.35
1828.15
1790.51
1680.67
1611.6
1584.79
1614.2
1710.86
1782.53
1709.4
1477.1
1448.23
1612.9
1623.38
1607.72
1619.43
1542.02
1456.66
498.132
472.59
961.076
1010.61
1226.24
1299.55
1567.4
1563.72
961.076
890.076
1344.99
1603.85
1619.43
1724.14
1644.74
1658.37
1640.69
1556.42
1644.74
1668.06
1418.44
1369.86
1591.09
1686.34
1800.18
1785.71
1665.28
1730.1
1578.53
1464.13
1031.46
963.855
1504.89
1742.16
1677.85
1693.48
1780.94
1862.2
1872.66
1829.83
1727.12
1793.72
1846.72
1818.18
1879.7
1908.4
1829.83
1582.28
1632.65
1970.44
1990.05
2024.29
2024.29
849.618
