1.00314e-311
inf
7.7263
74.1565
72.6612
70.8291
69.5193
55.2151
50.0902
59.5735
53.7982
46.5896
51.0465
57.5407
44.3233
42.5161
43.4745
41.0787
54.1477
62.8338
48.506
36.7249
43.5806
62.3597
63.6193
63.5344
64.8656
22.6055
22.6824
63.7105
56.4892
55.0615
59.4159
63.9121
62.4298
58.3226
59.5132
62.3169
64.7061
66.2098
64.6642
62.459
63.482
64.5891
64.3108
63.2811
63.49
62.8654
60.4504
61.8104
63.4095
64.3894
62.385
62.027
64
62.2239
64.792
65.1742
63.7735
65.3509
61.3328
61.1228
58.0231
57.506
64.4351
61.4458
61.1658
63.3092
62.2975
64.5265
63.5829
62.7333
56.8941
55.4585
60.6116
59.2803
60.6263
61.3779
61.9233
62.6861
62.2646
64.3294
64.2591
62.1697
62.6782
63.0955
63.0736
61.9138
61.2839
63.4518
63.8366
63.4518
59.5362
59.0633
61.778
61.7189
62.6881
62.2413
62.7924
59.2207
56.7714
61.5783
61.3666
60.8828
61.8391
60.2627
62.422
62.6056
61.8085
61.8066
60.8347
58.7579
52.4755
51.5796
56.9265
58.1784
54.9753
54.5717
55.6112
56.0978
57.1314
55.8378
54.9919
54.1594
53.4117
53.9724
56.4685
59.0772
58.2394
55.7771
54.0848
54.1477
54.9586
57.8854
58.9293
58.045
57.2148
58.0838
60.2845
61.1154
62.4142
60.5125
60.7072
61.5707
60.8032
62.2123
61.5385
61.5214
57.2672
56.4653
60.8217
62.0213
62.7215
60.8421
59.1436
59.2979
59.8534
61.3384
59.5026
60.0853
57.7951
56.946
61.5385
61.82
63.01
61.1434
60.97
60.4851
60.1902
62.4571
61.5006
61.5726
61.0612
56.5275
55.4508
58.5634
61.5082
60.4814
59.4195
59.9772
61.8028
64.1704
61.8142
62.5059
62.6782
60.6447
56.8683
54.0453
56.0963
59.6516
61.0426
57.2001
57.7217
61.5139
62.6488
63.4417
61.3271
60.3227
61.6846
56.7392
56.865
60.6907
60.7312
60.3755
60.1323
62.822
61.3742
61.393
61.5309
60.831
58.5155
55.4308
58.6304
59.6783
59.8946
60.1196
59.625
62.6782
60.8995
60.4485
60.9923
58.6579
61.0538
60.2156
58.2801
60.0691
62.3577
61.149
60.4522
61.3987
59.997
62.6076
63.002
62.7904
64.7459
61.0799
58.1463
59.7193
60.9217
62.2065
62.002
62.753
63.2631
62.6331
64.189
64.3108
63.5324
61.4458
61.7971
62.2898
58.3907
59.0092
60.1902
60.4741
61.8908
59.755
60.7349
60.5565
59.5291
59.8158
59.6303
62.9545
57.2426
55.8114
60.4869
61.4175
64.3418
63.2711
62.1465
62.3034
61.7494
61.5252
60.5987
60.4759
60.518
60.5529
59.1366
60.0312
62.639
61.1602
62.8595
61.979
59.9916
63.2631
61.8582
60.7367
61.5025
60.9384
60.9998
58.0333
56.8699
57.2312
59.2171
60.2755
60.1793
63.1712
61.9905
61.7093
62.8417
61.8984
63.3433
60.8365
59.8498
61.6751
62.0732
63.8529
62.8378
62.0887
62.7412
62.1639
63.3372
62.8496
61.2445
59.5344
59.2821
60.9514
60.3828
61.2407
59.9934
59.6801
60.652
60.1052
61.9502
60.8809
62.2374
61.2557
58.8893
60.2664
60.163
61.2089
60.7552
61.2539
63.4337
61.4666
61.9848
61.2332
59.2803
61.1583
62.3928
57.8402
56.6075
61.2895
61.7208
61.8391
62.7353
58.7285
59.5149
63.0477
61.4515
62.1311
60.4357
57.9845
59.2224
59.6143
59.2101
61.8104
61.6276
60.1884
60.562
59.4354
60.3118
62.7058
60.8772
60.8291
60.2482
58.0063
59.3754
60.8717
62.3325
61.6751
61.7398
61.0035
59.4619
60.5473
60.5034
61.7113
60.3209
56.9914
57.5738
57.0548
59.1541
60.9366
60.7275
62.0155
61.8353
62.42
60.529
60.0348
59.7015
59.4212
54.8727
55.1709
62.2355
61.0706
59.7122
59.5948
61.207
63.9161
62.1659
63.3292
63.2431
60.1504
59.0772
56.6926
59.2962
63.2992
62.6135
59.7051
60.3282
63.3553
60.6226
60.9533
61.3459
61.8659
60.9868
56.5515
58.6717
60.6943
60.1486
63.4156
64.0882
62.6174
60.2319
60.8143
63.7897
62.4493
62.4376
54.5019
54.0906
61.4024
60.54
62.0405
62.4064
59.7764
59.0267
61.9023
64.2859
62.1253
61.0277
60.9607
60.2537
60.3118
62.5782
65.7419
63.591
63.4699
66.1048
63.5203
63.4136
63.4075
63.0537
62.498
59.4283
56.0947
57.929
60.163
56.0931
55.9581
57.9173
61.106
64.3728
58.2852
55.6096
56.2019
53.8242
53.7822
55.3664
58.6854
58.4505
57.7667
57.1396
57.9878
59.9036
60.529
62.6724
59.7211
56.0931
55.0903
56.9087
57.187
58.6149
62.8951
59.8552
57.496
60.0835
64.1663
66.6511
63.5627
61.2708
63.014
65.2507
65.1169
61.885
61.9329
62.0559
62.9465
65.0089
60.6281
60.8088
63.2531
62.3675
62.6782
58.3993
57.5126
59.805
60.7977
63.3493
64.5286
64.46
61.0072
61.0445
65.2891
62.8082
59.2628
54.8938
55.2257
59.9251
61.2557
64.1375
64.1746
63.3633
60.9942
58.9258
62.6684
62.1697
59.7514
60.6575
59.1174
59.9556
63.1114
62.7609
59.476
59.6267
62.2084
62.4239
62.5371
60.8661
62.0367
59.9161
57.8219
61.0631
60.6925
62.0732
60.9496
59.5096
61.8142
60.3847
62.0906
63.5284
62.1543
63.2071
60.042
56.8327
57.5374
60.9496
60.7017
59.8892
62.0867
60.1811
60.1377
60.8976
58.3805
60.4705
58.6046
56.8246
57.0516
57.9408
59.8426
59.1681
61.6124
61.3365
61.1527
63.5485
63.2831
62.694
60.8476
57.5937
57.5738
61.2126
62.1504
60.551
62.8891
61.658
59.5575
60.9217
61.4402
62.0944
61.2332
58.2547
56.1278
59.1944
62.1678
60.6226
61.6808
60.3391
60.4138
62.9703
63.2831
63.1892
58.9293
59.3243
57.5821
56.1089
59.9305
60.3719
61.0612
61.2689
61.5953
61.024
61.6276
63.4941
62.3034
62.6704
61.7856
59.0859
58.8893
59.0423
60.6539
61.41
62.1562
64.7836
63.2691
59.1051
58.964
62.1659
64.7312
59.7889
56.9801
58.8633
60.551
61.3723
60.8735
62.5606
61.4081
61.5441
61.0463
61.4666
63.4941
58.8149
58.9884
58.7182
56.9249
60.9756
62.3616
61.1509
59.6285
60.2519
62.1504
61.658
62.9445
62.4493
60.1993
58.9188
59.5894
62.6253
62.5567
62.9663
61.5044
59.393
62.1639
62.7116
63.6517
61.9905
57.8319
59.0441
60.818
62.6449
61.9387
61.7932
62.69
59.8444
61.4383
62.0694
61.4647
60.9645
60.423
60.5144
57.4762
60.33
62.3675
60.595
63.1214
59.4371
58.4744
61.1191
61.9329
65.1593
62.7727
61.9598
61.5631
59.979
60.4266
59.4884
62.3034
62.8101
61.0612
60.5932
59.9054
63.1074
58.8876
57.7818
61.3704
59.1611
58.8859
60.163
62.6645
64.2715
62.6154
61.7627
61.9867
63.8508
63.3513
61.4081
61.8831
59.0075
57.9391
59.9071
62.0925
61.011
60.9477
63.4498
62.3461
63.676
63.0577
62.8595
63.9509
56.5867
54.0789
55.5262
56.2066
56.4382
57.241
60.7109
62.818
63.0517
62.027
61.2407
61.2089
60.7552
58.5634
56.6251
57.2459
58.5514
59.9466
57.3148
54.2491
55.3618
54.336
54.9405
56.6877
55.7212
55.4847
56.4924
55.1648
53.9563
55.0539
56.4127
59.7193
54.9451
51.5305
55.9895
55.7057
55.3449
51.1339
48.3699
53.1025
56.0837
60.0817
63.6011
59.9
60.3628
62.0251
62.7353
63.3794
60.9088
62.4259
59.2312
57.2967
61.9099
61.6295
60.8347
61.177
61.6618
64.0492
62.8595
61.9828
61.5858
62.4629
62.8299
59.9071
61.7246
59.2399
57.8771
60.2591
61.361
62.4103
60.2664
60.8198
62.0887
63.8121
63.0517
59.714
57.9324
56.6556
58.0215
59.9826
60.2609
63.0338
62.5274
61.7818
62.9703
62.6429
63.9775
61.9713
59.5433
59.9484
61.9176
64.1396
61.4647
61.5498
65.1254
65.7289
66.8092
64.8298
64.5724
68.264
62.1465
59.7407
61.0482
59.1909
63.2391
62.3422
60.8976
63.0318
63.6092
62.543
60.6208
62.4551
60.8143
58.3175
60.4504
62.7254
64.2818
65.5544
66.2142
66.9725
63.014
63.1194
65.0195
64.855
67.4195
63.5364
62.0444
63.591
63.6375
63.9161
62.133
62.5313
64.0553
64.3521
65.2656
62.9129
62.4941
62.502
59.7229
59.6339
59.4672
60.4723
62.2065
62.1775
63.2131
59.9287
59.8462
63.672
64.4891
65.5372
61.5195
60.6447
60.9589
56.8263
58.6098
61.8123
63.2271
63.4598
63.8427
66.7334
64.8593
64.727
63.8672
61.3177
61.5366
60.8772
62.7924
63.1971
62.4649
64.9941
63.3814
61.6618
60.8014
62.1041
65.2465
62.5176
61.0426
57.7067
56.5163
59.9143
59.6125
60.8958
62.8062
63.5385
63.4196
62.5469
63.7125
61.0407
61.2689
60.9013
57.3592
61.1509
61.5404
61.1527
61.9464
61.0445
64.3956
63.01
63.0378
63.6557
60.6318
61.9157
60.8735
59.0249
60.4997
60.015
63.6618
63.5042
59.393
61.0184
63.4176
65.606
65.2848
64.7312
61.9483
54.5628
56.0475
62.8259
63.5809
62.5998
62.1041
61.3572
62.4863
65.5222
63.1612
61.6656
62.7589
64.1272
62.4493
60.2446
58.9814
59.0476
62.1833
63.4639
61.8544
63.2891
63.6821
64.1272
66.7
62.8476
61.4968
61.1172
60.6208
60.0763
60.098
62.8694
60.3446
60.024
62.7136
60.9737
60.2482
62.7451
63.1034
62.6076
60.8439
59.9413
61.3328
62.6645
64.564
63.5304
64.0759
63.0955
61.9233
65.0639
62.2587
61.2407
62.6959
61.7398
61.3535
56.9071
57.6435
61.8162
63.6274
64.3666
64.0451
64.1807
63.3292
64.1519
65.8046
63.9059
62.8062
60.5125
60.2029
64.2055
60.794
59.7943
62.2937
62.9089
65.0237
62.1794
62.1775
64.7375
64.0041
63.1453
59.4619
59.8319
60.443
62.4746
65.1042
63.4256
65.2422
64.9435
63.6112
64.727
62.5547
63.3975
63.9898
61.4893
62.8575
63.0298
63.3513
63.6173
63.1492
65.8827
62.9663
61.2501
64.3521
64.8614
64.4704
61.0743
58.3005
59.1244
59.7354
60.3828
59.312
60.5492
62.8516
62.3422
64.5494
64.0369
63.7247
64.6684
63.9529
62.6625
59.5788
59.0912
59.7675
61.1023
63.2431
62.7983
65.0428
66.1967
65.5523
66.9658
65.5329
65.6254
62.9564
58.512
61.6276
61.2033
59.7229
59.2909
57.9358
61.4685
61.4855
59.6588
56.8812
55.3128
54.8366
55.732
53.1901
51.34
54.9028
55.1755
56.9557
60.0871
63.0577
62.0906
57.4251
56.0915
56.7585
54.5524
51.788
53.9011
53.6452
52.7732
53.2184
54.5777
57.351
56.802
56.0711
56.4685
58.9797
59.3472
59.657
60.9459
62.8951
66.5469
64.5765
61.8238
60.9793
62.5724
65.2933
62.9723
61.9848
60.7829
60.2246
63.486
62.5332
63.3894
62.7215
61.6618
65.716
63.7572
63.1772
63.9713
62.897
62.6743
59.6036
60.5125
61.2595
61.0277
63.6699
64.4205
64.9477
60.9868
60.3118
64.6684
63.2931
63.0159
63.0855
59.2014
61.4949
62.5274
60.6263
63.1393
65.0259
65.7246
63.5688
64.0348
63.1233
60.8106
63.4699
63.5869
60.1178
57.5291
58.4573
63.5546
64.3439
61.8544
59.7336
61.1565
65.102
63.674
62.282
63.1612
64.0902
61.2407
57.063
58.7303
61.2276
63.0716
64.3294
64.002
66.6533
65.5695
63.2331
64.9014
65.4172
65.7895
62.8358
57.3543
60.2482
63.7653
62.5508
60.6796
61.9848
64.8971
63.4941
63.9039
64.0307
63.9672
65.6319
64.224
61.6428
59.8695
61.4553
64.9583
62.5821
62.822
63.3332
63.3613
66.6556
64.0225
62.6115
62.82
61.0258
54.2623
53.8837
59.2171
59.0388
60.1287
60.3154
61.5214
62.2219
56.2003
57.8469
62.8812
61.2839
60.9106
60.746
62.8911
62.897
61.9195
63.1373
62.1775
62.5978
62.8634
61.8314
64.8067
64.2694
64.5911
65.0343
63.1892
65.7419
64.2013
64.3749
67.1614
66.6689
67.9186
67.4082
65.8979
68.2082
66.7089
65.9348
69.541
65.8566
63.488
63.1174
64.6308
68.4697
64.3874
64.0738
66.4143
65.9609
68.1222
64.3956
61.799
65.1784
64.6392
65.2082
61.2389
57.7534
62.7058
63.2311
63.5042
64.1087
63.7532
65.8566
63.6557
62.8318
63.4256
62.1775
61.5517
60.8162
63.4236
64.0615
63.3352
65.3467
63.3854
62.822
63.1174
63.4478
66.9411
65.4922
64.5245
63.8814
60.8439
62.6665
63.2611
63.5264
65.083
63.0298
63.4921
63.4739
62.6665
65.4001
66.0567
65.7354
62.251
60.2228
61.778
61.207
63.9898
65.2678
63.8223
64.7689
64.3853
65.3424
63.2411
62.6645
65.5501
63.2851
63.0159
62.9564
62.3208
64.6057
64.3832
63.6355
64.5995
64.1355
64.0123
62.822
63.5042
65.6707
63.8468
64.3439
60.3355
59.2944
63.9795
63.5385
63.3633
58.9553
58.6665
64.6601
66.1748
65.7225
63.3694
62.8615
65.445
61.9752
60.4851
61.3911
62.6841
66.3196
64.6412
63.8712
63.0815
63.5728
65.3403
62.9445
63.5405
62.6292
61.6333
61.0314
60.4558
62.8951
63.0279
64.1643
65.796
64.1067
64.3025
64.3025
64.7124
66.9837
62.7924
58.5669
59.3419
62.054
63.1971
63.3995
64.9625
63.2571
62.2878
64.4538
62.7944
63.2091
65.8068
61.7837
60.2337
61.7951
63.6173
66.6845
64.3046
64.6642
62.7865
61.192
64.8529
64.6935
64.189
63.3513
61.5498
61.3365
62.899
64.2694
60.8032
62.1891
67.7163
65.0597
65.083
66.072
66.7958
69.6767
65.5716
63.6173
63.9039
62.9822
63.3012
61.1939
61.8487
64.9119
63.6862
65.6663
66.8606
66.2339
68.3293
68.2291
69.2137
70.2667
63.7044
61.9061
64.6872
65.8957
69.6986
67.8979
66.64
70.1484
68.7782
67.4741
66.4275
64.7647
67.7346
65.2891
61.7646
65.4172
65.8371
64.3211
63.3995
61.1527
64.0533
62.8812
63.3673
68.099
68.8492
68.4392
63.6578
63.6699
68.9417
63.0159
60.818
65.3573
65.2018
65.9022
65.2443
66.346
63.2151
62.541
68.4838
66.8896
65.1678
66.2603
66.1682
67.6018
67.4605
65.8957
67.3673
66.0044
65.3232
68.5448
66.6822
66.1091
66.6178
67.2246
66.4872
62.6999
64.7773
67.0376
65.7505
68.1431
68.6648
66.3548
69.1061
68.362
66.6334
69.9766
68.5354
63.006
59.2382
60.9942
65.445
64.1499
63.9366
65.3509
66.379
67.4923
65.5287
64.7857
67.7622
66.5801
61.8563
60.8421
62.3441
65.2422
65.4429
66.3548
67.4377
66.096
66.1945
63.1892
62.8733
67.5584
68.7191
65.8588
60.4321
59.0197
64.4496
64.895
63.8386
64.7522
65.3296
68.1524
66.5979
64.1252
64.8761
65.6039
64.8529
60.8939
60.4449
61.3817
61.9042
64.9351
64.564
65.2039
67.0241
65.848
65.6103
63.8305
65.6125
69.83
68.4838
66.9478
64.8487
63.6153
66.1901
66.454
64.1663
68.7734
72.0331
70.7539
71.286
69.1515
67.9625
68.2571
66.912
66.6045
63.1931
63.5021
68.9869
64.3646
62.1022
64.6998
65.8762
67.0421
65.3147
66.68
68.7498
66.8449
65.1126
63.0338
63.6072
66.2296
65.1126
62.251
61.2295
64.9456
67.8334
64.3335
64.0287
68.6672
68.2105
63.2611
58.3959
58.3482
63.6193
65.9131
65.4236
63.5344
64.4122
66.6533
63.5647
64.1046
67.1073
68.4112
66.0066
60.9719
62.3714
64.9477
63.9795
65.2209
63.7958
64.2818
68.1129
65.3937
65.5265
65.0153
63.5627
65.3894
62.903
64.9119
71.3089
66.7735
64.6956
64.7773
65.2997
68.5377
65.2805
63.0497
64.1725
64.0246
62.383
63.5869
62.9505
62.901
65.4236
66.9322
65.1529
64.704
67.5151
64.7647
64.4766
65.2146
65.2443
67.7323
64.2364
59.7015
61.393
64.3045
65.1806
64.5953
59.3648
58.5875
62.029
61.9138
57.4779
56.4669
55.3541
52.2644
55.3021
58.3959
58.0164
56.6685
58.2004
55.6808
53.8141
55.5602
56.1151
55.2181
54.5598
53.0912
56.0931
65.8241
66.4628
65.4343
64.5245
64.348
66.9232
65.7592
65.6534
68.533
67.8012
67.3923
67.8541
67.659
69.7496
68.7285
68.1849
70.3284
67.4855
65.7095
69.8178
68.8658
68.3177
71.8417
69.0751
64.9056
62.69
65.3061
69.9962
65.5824
64.7501
69.8032
69.6888
69.2905
66.1376
67.1501
70.932
66.6378
66.379
69.6015
64.6538
61.7074
61.3855
63.1134
68.4861
66.6711
64.0451
64.3915
65.0787
67.3809
66.2691
63.9407
66.7757
64.681
60.5657
62.2355
64.7836
66.7512
66.0524
66.0001
65.304
66.212
67.8587
66.4165
66.2976
69.087
64.1993
58.2717
59.1366
62.5743
66.7401
64.1108
64.0636
65.7419
65.716
67.944
64.4039
61.9348
63.0795
62.7884
61.222
57.9945
60.0258
65.1997
65.8133
66.5912
64.0718
64.189
66.6112
65.9935
66.912
65.9022
64.7396
62.6115
63.0438
65.1084
63.6153
64.9899
66.7735
65.9478
64.8529
66.0458
66.6867
65.3723
61.7684
62.3383
64.5161
61.8754
64.8487
65.3873
63.49
64.6245
62.903
64.406
66.9031
66.6156
66.0393
63.6051
65.8046
67.6704
67.7851
69.4203
64.6308
65.7181
71.0177
69.7764
69.2497
70.3185
67.202
67.3469
71.4592
69.2281
70.1951
70.794
67.0601
64.7165
66.0502
69.604
71.5948
69.6888
68.6412
70.2667
70.2001
69.9178
67.891
69.808
71.9528
67.9394
65.5458
65.1232
63.3935
64.5911
68.4158
69.8495
70.7965
68.4392
67.4536
68.8729
66.9389
67.5356
69.7642
68.8516
70.3457
65.6319
61.2239
65.9044
66.1157
70.0574
79.2236
76.063
76.6342
82.4232
81.606
81.6493
82.573
79.6781
77.9484
80.8277
82.6549
74.2473
70.5542
77.7031
77.7514
76.799
82.8363
78.3269
74.3356
79.9552
82.0277
80.5218
81.0045
76.0717
77.8665
82.4538
74.6436
73.4322
76.5257
74.173
76.0948
81.7929
80.7624
78.0031
81.2348
85.0702
80.5769
78.9827
82.3249
79.343
78.3269
83.0496
80.2697
73.1797
69.7447
70.2395
73.3434
76.514
75.1399
75.7174
81.7561
79.1202
78.6133
79.9648
78.0122
80.4829
82.2876
78.8333
73.8116
72.4874
75.0638
77.0832
78.5824
78.373
72.4874
73.7953
81.1589
80.8473
79.7862
82.0075
80.8669
79.5482
80.0769
79.139
79.4755
76.6989
71.4133
73.7164
79.3147
77.104
77.3186
81.2051
78.9765
78.6627
81.9068
81.5096
80.2118
80.1218
80.6419
77.6337
77.1873
81.6293
75.7978
74.3854
78.8208
74.7999
74.4186
79.6052
76.5023
76.1876
81.3637
78.9983
80.5899
81.8833
76.3504
77.5916
80.4861
77.2559
75.959
73.2816
71.1339
73.7735
76.2486
77.9332
78.7247
78.7836
76.2922
77.3156
80.5899
80.9946
78.4529
78.6318
85.0376
80.5834
74.9991
79.0795
76.3068
73.7055
79.2299
78.1891
77.3694
80.3859
79.3367
80.7233
82.0816
77.7938
76.6607
80.0865
83.5631
80.0032
79.1985
78.9827
76.1934
78.796
81.2843
76.9379
76.6489
80.8963
78.8892
80.8048
81.3041
77.1367
78.1586
79.6178
77.1426
77.006
75.092
69.4879
74.2308
82.0345
79.8594
80.1989
81.984
79.6178
76.9942
78.6937
81.1293
