9.75772
192.604
221.976
295.377
345.363
298.196
278.396
302.847
322.945
355.872
361.402
341.88
340.832
352.485
356.443
358.809
142.146
129.879
143.658
148.225
282.207
321.802
236.855
158.629
191.296
300.255
192.604
191.461
198.748
182.682
268.673
327.225
356.316
345.901
320.616
325.309
346.2
217.132
193.293
265.816
157.48
165.399
285.551
193.874
219.058
346.56
334.113
210.859
197.961
298.463
242.63
229.753
283.246
280.505
243.25
249.781
316.756
325.627
231.911
234.824
332.392
337.154
231.401
225.124
307.125
300.12
304.692
254.972
185.77
133.058
151.481
176.788
162.127
230.415
270.234
281.571
322.841
333.778
331.4
312.842
302.435
321.699
340.716
241.575
247.249
357.27
198.708
184.655
313.676
181.274
141.004
214.018
265.217
262.261
308.214
350.447
395.805
312.256
301.887
342.583
345.125
313.234
290.867
323.206
342.759
368.868
253.261
251.446
398.089
432.059
366.569
280.82
300.797
386.25
418.323
440.626
304.878
290.234
74.3439
73.8307
369.754
171.895
173.4
250.407
179.003
228.676
341.997
371.126
370.165
329.544
348.614
416.147
445.137
438.693
303.444
287.439
394.477
422.654
430.478
435.635
338.467
328.947
416.233
426.621
411.438
360.75
338.639
374.532
412.201
410.004
386.847
348.371
320.564
330.852
358.423
382.044
330.087
336.134
404.613
408.413
415.455
350.079
339.789
350.631
293.945
303.536
322.945
338.524
320.616
266.064
267.415
308.166
327.386
345.961
387.747
316.857
313.431
385.579
385.282
379.147
348.311
349.223
396.118
403.551
395.883
360.49
359.971
359.454
362.713
412.712
434.122
379.579
363.174
374.813
367.985
403.633
382.555
373.552
415.973
425.17
382.702
360.555
353.857
366.3
415.196
434.594
407.415
345.722
353.419
408.58
412.882
417.624
381.17
320.77
351.124
424.809
429.092
428.541
404.367
369.208
371.402
411.692
428.725
424.899
395.804
387.147
386.623
385.802
405.186
415.887
380.807
349.345
354.296
374.532
416.406
363.306
345.543
387.447
388.5
377.003
353.669
351.185
325.309
333.5
386.399
299.133
293.643
321.44
225.2
217.344
315.358
414.25
418.148
338.123
280.151
315.01
381.025
395.726
417.886
370.92
351.494
370.508
372.787
394.867
345.542
330.142
390.93
386.324
343.348
308.928
295.508
318.522
334.392
344.234
333.778
357.015
408.747
417.014
359.777
292.227
312.451
376.577
407.83
413.309
338.696
325.362
379.939
392.08
396.118
377.929
340.252
344.709
363.24
378.143
399.92
370.028
331.675
347.102
394.867
415.714
346.081
331.236
400.721
347.584
320.873
341.413
369.072
396.118
396.196
379.003
308.833
308.404
369.686
403.714
349.04
272.331
302.893
398.883
353.482
246.731
233.019
316.656
393.082
393.005
348.675
309.262
320
373.065
339.443
312.451
347.584
351.37
363.703
381.607
306.185
285.266
343.171
370.714
379.435
338.295
327.815
378.215
339.732
305.437
316.656
356.316
399.361
396.275
340.541
330.087
380.735
403.145
404.122
419.024
350.14
320
383.73
417.711
426.894
395.179
341.822
343.112
380.59
399.521
407.415
357.974
319.795
357.654
382.19
331.95
322.529
370.645
363.174
347.222
384.32
343.82
337.952
399.68
359.324
338.409
344.175
369.276
416.406
396.432
341.18
309.262
341.297
401.929
419.199
421.852
409.5
279.994
278.319
402.091
428.633
326.264
279.72
345.602
419.287
434.594
425.713
372.648
215.773
203.957
266.241
285.919
317.36
338.639
401.768
373.065
315.856
342.466
366.233
358.166
349.223
355.051
414.852
410.341
361.598
304.739
310.945
349.345
346.32
363.57
315.01
318.471
392.388
398.565
409.836
376.223
321.854
331.29
376.577
404.04
392.311
379.579
367.715
366.703
413.736
431.965
372.37
355.429
389.484
371.816
360.101
317.914
318.674
357.462
328.138
344.056
354.421
354.045
400.481
423.101
404.204
318.979
311.429
391.619
393.546
388.954
387.597
349.345
365.631
411.353
414.25
413.822
372.648
302.709
306.185
341.997
337.382
320.102
308.261
309.358
325.733
293.427
278.513
306.466
330.306
387.297
301.796
268.528
255.395
271.039
340.599
363.174
421.674
429.277
377.358
314.268
339.732
407.332
411.607
409.249
338.123
323.468
394.244
423.101
437.637
243.873
213.812
322.061
381.316
418.06
384.394
324.412
325.256
348.857
368.596
322.477
311.042
359.389
379.075
351.865
270.416
285.959
372.439
365.831
317.662
331.29
365.965
325.574
225.048
239.664
332.613
338.409
395.491
326.105
318.674
408.497
402.253
400.4
354.547
292.826
282.805
301.705
284.051
302.115
297.575
260.044
297.442
311.915
334.896
367.04
355.114
379.147
336.304
339.386
368.8
316.206
281.492
296.252
355.24
378.931
319.387
295.029
353.357
402.334
370.782
336.022
311.333
300.661
346.081
414.079
414.422
333.056
268.528
271.998
320.667
320
321.44
330.852
324.57
348.311
344.234
368.053
404.531
362.911
356.506
368.732
351.309
368.324
408.914
400.32
368.936
341.122
344.056
395.961
442.184
399.441
299.85
311.624
390.549
403.714
360.101
310.752
325.15
381.17
420.521
426.439
387.072
327.761
334.504
362.45
374.111
394.867
380.662
331.62
315.806
369.481
315.308
291.673
379.651
369.549
354.673
328.731
299.94
338.123
354.233
329.707
293.513
324.359
410.593
391.083
334.728
305.064
353.232
420.168
415.024
429.092
286.985
277.162
407.581
399.122
386.698
371.54
327.439
353.17
413.907
390.778
391.007
384.837
360.555
341.006
352.175
385.431
348.614
353.17
410.678
374.672
337.667
341.355
375.446
391.85
401.365
383.951
342.583
338.295
346.681
364.964
340.02
315.906
353.482
325.15
326.744
421.053
320.461
265.816
267.308
276.97
329.652
298.686
287.439
324.623
342.466
320.154
301.114
343.761
382.263
289.31
251.636
270.051
279.291
241.284
244.948
329.435
311.867
263.817
299.536
309.167
261.063
246.245
280.978
355.682
324.465
260.044
252.557
317.309
380.445
377.715
346.141
273.748
251.067
271.555
276.51
282.207
306.044
360.49
311.236
303.859
391.543
358.809
349.589
374.252
365.698
376.152
402.172
385.06
365.297
364.564
378.215
430.663
430.293
359.906
319.234
349.956
410.341
424.088
406.752
402.172
316.957
320.41
389.864
394.555
398.248
355.114
330.196
337.667
334.057
341.064
284.819
236.295
252.525
265.252
280.859
308.642
353.045
413.138
339.271
279.759
316.256
345.483
286.082
275.293
312.305
356.952
398.168
302.48
291.545
379.363
398.486
392.08
332.613
322.217
383.656
393.933
379.723
358.038
314.812
332.502
393.933
415.541
419.992
382.555
377.216
361.011
311.09
289.561
318.928
396.04
372.509
356.062
404.613
361.533
340.02
394.166
386.175
377.644
349.101
354.736
429.461
441.112
416.06
352.485
340.252
390.625
421.141
409.5
415.11
358.166
347.947
419.551
418.41
370.028
367.107
377.858
344.234
363.703
417.798
431.406
388.199
362.582
345.423
342.818
392.85
382.848
356.443
350.017
292.355
310.945
348.857
331.4
331.95
296.384
239.55
267.451
366.099
353.107
372.509
318.725
325.362
424.358
436.491
436.3
370.302
322.581
355.556
407.914
413.309
408.08
369.959
347.102
369.959
411.353
415.541
388.576
364.897
334.728
345.304
375.446
323.834
309.215
356.252
369.208
376.506
370.233
302.893
317.46
412.456
360.101
303.905
343.702
419.287
433.934
411.184
357.91
324.465
348.918
397.456
426.712
434.783
315.607
307.645
416.753
426.53
412.201
400.561
345.483
322.789
359.002
400.561
431.406
379.363
342.936
352.983
370.782
361.141
331.236
357.079
379.075
315.06
329.979
342.349
332.281
398.963
272.777
226.835
302.206
351.617
344.412
308.024
300.752
364.431
403.877
390.625
384.615
304.646
308.976
412.967
424.448
409.584
367.85
324.044
343.761
412.626
436.205
408.998
357.207
354.296
373.762
385.728
390.016
357.974
375.587
430.385
372.578
359.002
386.922
357.143
375.375
418.585
380.662
371.885
353.482
358.038
357.526
339.732
346.681
311.236
328.893
375.516
406.835
426.257
344.353
343.82
421.408
421.23
427.168
428.816
326.424
310.414
396.432
424.538
426.348
370.028
364.83
383.215
383.583
418.41
372.648
344.116
386.623
373.483
322.685
302.297
305.437
343.584
376.152
367.85
311.964
288.101
332.502
371.058
277.855
268.709
374.532
412.797
414.766
420.345
311.575
312.989
424.088
414.079
415.973
388.274
333.389
332.945
374.111
397.535
396.432
377.501
354.988
370.851
409.668
409.165
353.045
351.741
405.927
372.509
286.123
284.374
347.947
390.701
368.664
358.487
363.306
380.373
432.152
427.807
363.769
333.111
357.654
398.883
395.726
364.299
396.432
317.41
311.429
426.076
440.141
425.532
355.429
308.356
334.728
395.491
440.82
422.386
381.607
348.25
357.015
381.607
316.756
293.169
348.371
388.802
411.1
406.174
302.115
308.499
420.875
365.564
337.098
301.114
297.398
361.664
343.584
283.487
306.654
416.406
446.429
460.299
458.295
331.785
298.909
323.834
345.722
382.995
331.565
316.957
364.897
407.332
424.178
378.716
314.515
330.633
397.456
412.882
359.066
360.425
425.17
379.219
368.392
388.5
363.967
388.727
429.277
380.662
338.639
332.116
363.504
419.551
388.199
339.963
335.177
379.579
423.28
438.5
423.191
389.029
331.51
349.101
413.736
418.936
423.908
353.482
306.373
339.789
398.645
371.609
275.368
238.892
300.842
389.332
375.516
359.195
375.799
358.873
359.518
403.877
288.559
281.69
400.16
380.011
327.654
317.914
342.642
357.143
373.413
287.15
269.796
355.492
360.555
376.648
332.447
324.202
395.726
404.204
412.031
368.324
299.625
289.394
336.361
401.687
371.955
360.49
363.769
362.384
390.854
356.506
350.693
396.511
381.679
366.972
394.4
346.741
344.056
405.433
363.438
341.764
339.905
355.24
429.461
429.461
396.511
311.915
314.663
374.742
364.764
399.76
333.723
315.657
392.773
407.166
402.01
402.172
327.547
321.75
406.174
434.311
433.369
378.573
352.051
324.359
336.134
382.409
334.392
349.711
354.988
341.53
386.847
356.252
323.782
323.415
320.77
348.918
343.997
356.761
426.985
370.096
277.239
262.502
326.211
395.961
415.628
434.594
328.138
323.154
433.934
423.998
420.875
375.799
320.154
338.926
398.724
443.262
460.087
383.803
372.717
358.551
332.226
353.982
277.855
286.123
389.105
418.498
416.406
347.524
341.472
401.204
357.079
328.515
345.841
375.094
423.46
417.188
397.535
322.321
307.55
374.532
413.479
440.141
444.148
319.285
304.599
396.118
395.883
399.042
362.779
321.802
343.348
391.543
425.532
373.622
344.531
349.65
364.033
409.333
422.386
368.8
359.906
340.368
345.961
427.077
381.098
363.042
384.763
327.6
332.116
338.581
347.524
423.37
412.286
360.946
275.482
280.584
368.732
338.352
269.034
279.564
355.051
382.629
396.511
383.73
307.503
306.326
379.291
416.927
374.672
348.493
347.102
361.664
400.641
417.188
355.809
352.609
423.46
381.825
373.832
358.423
342.349
369.891
341.355
358.487
363.438
350.201
406.752
431.406
413.736
352.237
290.613
307.834
353.419
361.141
331.95
325.256
396.354
441.112
421.763
407.498
358.938
293.126
314.218
398.01
427.077
387.297
379.291
366.636
362.845
378.573
351.989
363.901
413.394
398.327
374.672
395.413
360.36
358.809
412.712
376.577
347.584
325.256
347.826
434.688
374.742
215.1
227.402
406.421
423.998
439.657
449.236
275.141
265.64
391.466
395.101
368.528
296.121
305.39
389.332
438.5
453.001
362.845
309.933
334.784
385.951
414.766
367.04
360.685
406.174
379.075
382.117
385.654
355.492
377.358
409.92
383.436
357.91
353.982
352.92
347.826
363.57
357.398
329.87
370.028
419.463
433.557
429.277
328.731
312.012
388.5
391.389
388.425
414.336
385.356
340.89
357.462
408.664
434.783
376.861
343.82
363.769
377.501
384.689
337.667
350.754
429.461
429.923
418.673
427.899
343.289
316.256
373.692
400.08
348.493
313.972
367.782
434.405
421.496
411.015
360.49
340.252
337.211
312.061
335.458
279.33
288.392
378.072
331.785
312.647
282.326
292.312
359.454
364.166
278.513
249.004
313.824
351.679
335.514
304.739
266.667
270.124
319.642
335.064
361.533
411.1
360.62
340.078
334.616
359.712
408.33
396.668
359.583
309.167
325.468
391.007
398.327
361.729
289.981
302.939
382.409
392.696
392.85
362.976
333.278
339.328
384.172
428.266
374.252
224.366
211.797
308.88
321.337
340.541
409.668
382.336
374.813
379.795
335.177
351.927
410.088
375.305
342.407
356.824
378.716
385.654
393.005
355.556
297.752
312.354
353.732
385.654
387.072
338.352
317.511
298.151
332.502
360.555
310.511
333.167
406.752
412.541
298.507
290.487
343.643
359.971
406.669
368.392
334.169
374.181
