6.29399e-312
inf
8.37114
172.236
198.373
219.829
196.618
194.894
182.548
182.266
208.073
217.037
219.491
217.723
218.651
219.853
200.04
181.653
182.199
197.336
199.82
187.864
196.889
160.102
157.816
196.522
208.638
213.538
200.481
206.462
204.729
195.332
210.926
150.105
144.113
212.269
166.003
160.591
173.868
133.681
145.075
189.771
146.263
140.598
187.336
195.963
152.311
145.9
175.531
143.885
103.627
112.296
170.474
197.258
197.765
192.901
46.3403
45.0521
167.968
182.1
175.608
180.701
173.085
156.826
170.242
178.015
127.738
128.172
166.861
149.098
158.115
196.078
188.058
180.002
26.6535
26.8611
160.218
170.707
237.248
227.894
227.764
245.972
236.211
226.424
218.15
158.303
98.7849
103.477
155.569
190.367
199.9
166.486
184.757
233.372
217.037
211.216
220.216
212.495
211.932
226.04
227.972
217.841
216.849
222.173
221.263
225.555
239.406
200.14
196.271
231.054
196.329
199.82
224.593
205.444
206.207
147.189
145.033
214.087
211.842
188.076
175.116
177.794
192.178
205.107
218.221
232.126
234.604
236.435
229.885
231.857
232.477
219.974
220.921
212.562
207.168
214.638
212.157
204.583
198.138
194.382
193.218
206.505
220.726
213.835
207.771
189.609
198.866
228.493
220.459
224.19
238.834
219.587
219.611
246.518
231.401
189.412
183.959
186.185
176.897
195.542
195.084
199.442
195.599
188.041
191.589
161.642
175.701
224.291
214.156
219.202
240.616
235.71
232.261
231.054
221.558
225.785
251.541
255.984
241.4
246.245
252.461
240.529
225.454
224.417
234.907
230.468
235.183
256.641
255.624
245.158
252.016
257.998
218.364
211.775
249.097
247.036
240.24
238.607
228.337
245.64
238.095
198.472
207.426
249.314
242.63
200.22
189.663
218.962
235.682
244.738
228.076
202.901
228.128
252.207
236.77
235.571
236.63
241.809
251.572
240.935
239.177
226.629
235.71
270.343
268.492
251.225
252.493
272.777
272.405
231.134
220.824
252.525
242.365
234.742
250.941
263.887
250.438
247.739
267.13
217.368
207.533
253.133
264.41
260.349
262.95
237.361
220.192
240.183
211.663
192.511
229.806
224.997
202.286
228.833
266.88
264.69
242.66
248.725
239.063
216.802
241.984
277.624
252.398
212.157
213.402
241.546
249.813
235.544
230.044
229.437
241.109
267.666
266.631
235.405
232.91
264.306
262.054
234.494
240.964
271.334
263.366
255.526
266.738
273.71
267.738
258.498
269.36
228.702
204.583
226.27
235.183
237.671
249.066
265.182
252.94
246.975
256.641
250.188
240.616
252.366
243.754
220.143
236.798
267.272
280.23
229.7
209.271
214.316
207.426
237.727
277.932
251.477
237.812
263.366
271.003
253.582
229.621
223.164
222.668
233.345
267.809
276.932
252.908
250.063
256.443
259.37
234.467
220.07
248.973
261.199
264.795
274.123
272.889
250.344
248.849
271.334
231.214
221.656
258.866
272.74
245.188
234.137
249.159
239.492
227.247
238.863
254.13
252.016
262.985
284.698
264.375
228.258
240.471
276.281
240.529
206.868
207.447
203.128
205.994
242.689
255.885
243.992
262.398
277.778
262.398
247.77
257.533
279.642
256.377
249.314
240.442
212.653
226.526
248.139
252.048
226.86
218.627
244.499
253.518
265.111
262.881
242.925
242.072
257.334
277.894
233.618
212.54
247.586
267.344
255.558
257.798
271.961
274.461
256.739
257.798
258.298
241.838
257.334
279.135
278.164
250.094
218.031
229.516
254.745
261.575
187.143
166.113
215.448
242.189
227.273
234.769
269.578
270.599
241.488
220.604
232.019
231.965
240.761
275.634
274.612
255.754
258.231
277.2
283.366
245.038
234.88
269.324
287.604
263.123
252.239
265.252
258.699
265.041
286.985
291.206
260.18
253.453
284.131
294.204
277.123
255.363
254.81
272.851
271.003
270.856
286.164
243.962
218.126
237.756
267.094
276.358
271.076
261.609
249.377
243.487
240.327
199.243
176.757
200.04
239.406
251.004
259.572
288.892
291.8
265.745
255.918
272.368
282.167
257.4
253.582
268.926
265.358
260.62
267.989
290.909
277.2
236.128
235.156
260.824
254.972
262.502
273.748
277.162
266.099
267.058
300.571
295.159
233.427
227.894
275.065
295.465
282.845
261.986
265.428
260.01
266.418
282.925
263.783
234.11
247.433
275.33
278.242
266.773
269.724
259.605
246.822
256.674
207.275
201.939
230.68
249.688
289.268
259.235
240.703
266.064
282.566
264.901
236.379
242.689
273.486
278.203
280.034
275.938
269.107
271.039
279.603
297.398
301.796
259
238.039
256.674
264.55
259.977
261.199
278.668
280.073
280.82
292.099
299.133
241.78
227.221
274.499
301.341
289.268
258.833
264.515
280.859
272.48
279.525
306.607
264.971
228.284
253.55
291.63
303.076
270.307
263.539
298.641
280.269
253.646
247.77
214.316
206.718
253.325
299.356
303.628
223.914
204.645
259.034
260.349
240.067
258.164
287.811
271.592
259.943
275.406
289.394
281.968
273.299
281.215
275.824
233.863
228.493
256.674
240.414
249.938
269.107
276.434
280.978
282.686
293.988
280.899
253.357
248.231
273.411
287.398
252.048
238.322
274.01
292.954
278.862
285.307
255.853
216.943
240.993
289.897
300.752
271.297
266.667
286.287
269.251
258.198
270.856
246.67
221.239
240.385
285.755
314.614
235.821
221.239
278.629
292.654
279.838
251.921
226.835
219.877
242.807
285.185
286.41
256.213
259.774
283.809
281.928
203.728
183.908
221.951
230.814
248.787
276.014
288.475
246.883
239.55
248.818
214.638
231.669
259.235
256.049
264.62
264.795
263.262
251.477
238.209
232.477
203.5
215.913
274.198
294.421
273.898
251.636
259.202
260.044
228.545
214.477
235.766
237.897
244.618
288.434
292.526
266.773
278.242
304.09
253.261
222.272
235.018
267.989
250.156
241.109
265.111
263.748
259.572
269.107
302.893
312.012
251.288
232.585
252.94
260.518
266.525
263.609
272.702
281.889
283.447
282.845
289.31
247.586
238.379
283.97
310.222
317.309
281.452
269.433
302.252
305.904
276.893
277.778
267.058
253.904
272.405
281.611
287.356
299.401
277.894
271.334
298.107
298.82
277.008
267.058
254.972
232.829
237.361
262.123
284.131
281.017
292.099
313.332
309.55
257.433
241.604
279.603
256.706
227.402
247.678
271.998
279.799
278.94
278.707
286.41
282.845
238.294
235.905
284.981
265.569
256.608
269.36
279.994
284.01
291.121
317.763
318.878
255.46
237.897
277.354
298.909
292.954
286.697
302.709
316.756
306.513
289.897
293.513
256.608
224.669
253.165
294.942
308.499
291.375
283.93
305.204
316.356
324.886
293.384
274.574
269.724
275.786
269.288
271.776
312.94
308.404
285.919
289.268
302.389
307.361
300.391
268.637
260.383
289.017
247.801
239.894
292.954
311.236
256.312
229.727
257.367
221.951
218.007
260.756
286.615
276.167
271.739
308.356
325.468
306.654
291.886
303.998
311.09
239.464
224.871
288.976
318.319
308.166
290.951
297.309
306.138
289.981
285.225
289.352
252.27
227.169
258.498
302.572
303.398
283.286
288.392
316.606
323.834
328.461
302.755
273.038
257.003
259.538
267.702
285.063
316.857
314.021
294.161
301.205
325.786
328.785
299.222
238.663
241.633
293.04
272.109
248.108
242.895
245.519
234.467
245.098
296.165
262.02
245.549
276.319
295.639
291.078
277.2
290.192
315.607
304.507
289.143
299.401
309.741
245.008
231.455
289.981
307.361
260.552
229.121
241.604
265.993
282.087
298.909
296.077
291.036
286.697
286.164
312.744
316.857
281.73
283.567
325.362
332.171
335.008
314.812
274.763
259.774
279.877
283.487
290.994
324.517
316.456
290.824
291.588
316.256
333.167
316.506
266.845
262.985
297.619
297.177
281.69
300.978
300.933
294.985
302.755
276.587
270.416
293.47
262.123
253.068
299.177
280.269
254.55
251.099
252.43
246.427
269.469
327.439
323.52
238.72
235.599
307.172
323.415
290.065
263.193
283.527
305.25
286.944
288.85
323.154
288.184
244.469
260.349
307.172
323.311
314.367
282.486
277.085
302.984
319.336
305.951
294.942
286.615
281.65
284.576
287.15
294.204
296.209
290.318
289.981
312.695
323.992
333.5
308.024
273.187
290.444
317.259
295.421
293.772
311.187
308.88
299.805
306.091
327.279
322.269
235.627
223.889
265.358
255.2
252.398
269.36
302.206
314.961
291.333
292.526
329.381
326.584
255.102
244.349
302.709
335.233
330.797
296.868
294.074
314.614
320.102
302.343
284.495
275.33
275.406
278.979
291.121
312.891
315.706
289.143
270.307
292.912
314.861
330.579
314.812
262.192
262.674
304.832
298.151
289.226
306.466
315.906
290.276
284.333
310.994
328.677
330.142
230.947
202.573
245.549
248.17
267.023
298.73
304.183
301.25
303.582
326.318
323.206
270.343
264.831
312.159
315.657
265.428
260.078
315.308
332.336
282.167
254.13
290.613
313.283
233.699
236.016
321.802
340.368
327.923
289.981
289.981
310.318
314.12
308.547
318.016
302.389
272.777
264.48
275.103
310.029
325.945
308.356
305.717
321.595
324.939
338.983
328.893
301.705
281.373
268.204
261.986
294.681
335.345
317.511
300.978
298.063
309.693
332.226
341.88
300.752
258.665
266.312
300.978
295.377
295.989
321.44
331.51
311.624
300.752
320.41
327.923
319.336
240.471
238.834
322.217
334.952
273.187
258.933
311.284
327.065
269.869
250.438
300.12
297.796
255.232
283.527
323.468
327.225
325.256
308.309
328.138
348.797
338.524
295.596
287.233
275.141
263.887
267.917
292.826
340.368
335.739
305.81
301.25
334.28
350.57
351.185
317.158
276.091
271.334
299.895
300.661
307.456
344.116
344.353
330.852
299.985
301.614
336.304
349.162
329.001
281.532
268.673
306.232
329.164
305.111
306.796
327.172
339.963
323.572
290.824
300.797
332.005
288.892
252.239
282.326
326.904
347.464
337.61
306.044
312.159
333.444
272.368
244.798
286.656
253.293
228.467
278.358
316.506
311.284
271.739
256.937
282.646
306.843
309.933
317.209
316.456
272.146
233.536
253.357
310.945
324.675
294.638
286.821
318.928
320.873
319.949
320
298.864
304.136
323.625
293.47
299.581
339.905
337.154
340.426
300.075
279.916
315.358
342.056
314.861
270.856
281.968
318.522
316.656
299.401
302.801
317.965
333.5
318.725
304.321
326.264
336.53
280.584
257.666
308.309
345.841
352.858
316.356
281.492
305.483
321.027
292.783
294.811
290.782
247.249
237.417
279.369
337.724
307.267
252.08
262.847
293.427
288.809
273.86
272.109
266.241
271.444
278.746
291.971
339.674
343.879
308.594
280.82
299.895
335.458
334.616
305.064
284.779
287.936
314.07
316.206
293.815
310.945
328.569
340.426
327.761
314.515
320.307
329.598
325.733
273.598
269.796
306.138
321.234
310.029
315.457
338.295
350.324
347.343
324.517
316.857
324.202
326.105
260.518
263.123
340.483
326.318
297.708
304.971
339.098
362.45
369.822
333.333
310.945
346.861
270.453
230.494
287.687
330.579
330.142
333
267.738
248.911
293.815
321.182
296.033
290.782
289.813
294.204
307.929
315.01
354.421
365.898
367.58
319.693
308.214
348.432
360.881
339.213
328.677
297
288.976
337.268
322.997
305.39
339.098
352.983
346.38
326.637
320.461
349.589
365.364
355.809
291.078
291.036
349.528
340.252
312.695
320.564
337.895
336.134
353.294
322.061
310.414
339.789
327.815
256.115
256.148
315.358
331.73
363.108
351.617
314.021
318.167
335.121
319.081
312.256
333.111
348.979
349.223
298.909
287.646
340.078
364.498
364.697
261.849
240.327
308.928
342.936
308.404
306.796
299.356
275.255
285.959
309.406
355.682
361.468
341.997
301.705
295.377
320.821
341.413
327.065
296.209
282.127
309.645
356.125
314.416
316.957
365.23
350.017
334.672
315.806
327.654
365.364
366.099
349.406
276.855
266.667
319.285
346.801
325.733
321.182
345.304
337.724
349.223
318.979
314.218
344.234
335.57
268.097
268.132
338.123
355.872
352.051
316.306
304.368
329.435
355.682
329.11
301.659
311.429
313.283
289.184
253.261
274.424
352.92
373.343
320.41
264.971
268.926
302.893
297.398
312.744
314.268
272.294
269.942
287.233
321.027
358.23
361.011
336.644
334.113
358.038
351.37
353.794
344.531
280.23
266.987
305.018
303.03
309.406
354.359
359.583
339.443
324.517
326.958
352.113
371.885
367.918
303.628
273.898
310.029
344.531
293.988
279.838
313.676
329.87
355.429
322.685
301.841
330.907
351
271.15
265.604
350.877
367.85
351.989
327.708
315.06
321.647
340.252
349.467
312.647
304.832
350.14
321.699
278.28
299.85
338.696
346.26
333.056
287.274
263.887
289.561
343.053
336.814
326.371
310.222
294.724
254.421
260.247
327.6
318.725
325.203
313.234
319.336
363.174
376.577
343.702
295.29
264.936
274.876
281.294
282.845
334.169
348.675
326.052
296.648
290.613
332.889
363.108
360.685
292.056
269.251
304.832
338.926
338.238
331.071
349.711
360.425
377.786
355.619
324.992
332.06
314.663
242.072
250.784
340.948
361.598
364.299
359.002
316.406
303.628
329.272
350.754
338.926
338.753
359.971
317.712
269.469
274.461
325.892
372.093
377.216
325.15
300.255
339.616
355.24
309.645
278.668
282.008
278.435
272.814
258.365
286.492
354.61
350.816
307.787
305.018
336.304
359.518
384.172
341.18
289.519
279.955
288.309
274.612
292.398
357.462
363.042
353.982
335.852
329.924
355.745
366.3
374.111
312.305
291.121
342.407
372.717
380.445
340.484
317.662
339.559
359.454
373.902
336.814
323.782
357.015
337.838
260.688
251.477
285.592
308.309
349.895
315.06
309.119
340.426
351.494
335.458
323.52
357.143
317.309
284.051
287.274
303.813
341.413
368.664
334.336
287.894
310.27
349.223
356.506
311.284
281.492
283.006
299.985
290.655
255.787
273.823
293.083
262.364
264.236
300.661
325.15
337.325
298.329
285.592
331.345
369.276
320.924
306.091
343.702
350.816
355.114
337.553
326.637
348.736
370.028
383.877
282.247
260.654
325.574
336.587
333.834
345.961
352.796
349.834
369.549
342.818
312.647
330.633
347.102
255.167
233.399
289.143
318.37
350.877
341.822
337.952
352.361
331.95
328.461
299.625
274.914
281.849
244.678
219.394
244.738
294.204
295.902
298.597
349.223
292.826
258.967
265.393
221.877
232.802
237.982
203.149
224.694
252.94
284.698
326.691
332.005
304.507
250.156
247.954
298.597
266.738
254.81
312.891
321.337
279.486
280.073
283.688
279.447
238.237
241.109
330.306
338.811
283.93
282.925
332.116
297.265
280.308
269.76
271.813
310.511
292.569
283.126
297.575
296.077
304.414
290.192
287.935
311.867
324.412
329.327
297.354
260.518
275.255
259.808
263.574
313.431
303.859
259.101
247.862
295.029
325.839
311.964
321.595
254.745
236.407
272.183
248.201
247.036
246.731
251.699
300.075
313.922
279.213
262.123
258.231
299.76
357.526
289.561
265.922
265.252
268.492
294.074
307.361
355.872
379.003
366.636
281.611
270.416
328.839
343.466
316.656
319.132
334.616
337.496
355.114
329.489
334.225
372.37
362.253
300.888
264.306
297.354
362.384
358.68
333.834
315.408
332.447
375.657
372.093
333.667
329.761
363.901
350.631
321.027
316.756
338.181
366.502
356.697
333.056
309.55
322.373
368.8
373.134
370.233
345.722
332.723
266.596
265.957
315.457
314.961
360.685
336.191
287.48
283.126
324.728
365.364
373.134
375.094
288.976
277.431
344.234
363.438
333.834
316.957
352.92
355.935
354.17
343.289
337.041
374.181
389.712
379.579
263.922
243.813
312.891
340.774
307.834
290.276
340.368
380.662
383.362
337.61
320.821
341.939
344.947
329.272
295.639
297
346.38
382.995
391.007
326.477
304.925
335.177
345.602
332.723
325.256
347.343
293.04
269.76
276.778
294.204
331.29
346.021
338.581
323.206
352.237
367.309
369.617
358.551
345.244
312.159
263.193
241.546
275.217
333.778
341.705
347.645
289.017
272.257
331.4
376.932
378.286
279.564
264.34
332.171
363.504
322.217
305.39
347.947
364.365
363.636
314.021
307.409
359.195
385.802
366.569
268.384
263.019
334.672
352.237
345.961
337.781
348.857
361.533
367.985
338.811
318.725
343.407
346.921
294.855
271.813
296.736
328.246
359.389
348.493
316.106
336.53
371.678
375.094
350.14
345.602
368.46
329.11
292.483
285.551
303.951
353.357
366.838
350.263
322.217
335.345
372.717
372.024
365.03
321.492
279.799
278.94
279.799
263.47
297.841
358.295
343.053
284.131
285.185
356.697
381.898
383.362
314.021
267.773
269.215
309.981
341.53
313.087
299.133
312.989
351.247
312.11
306.326
369.344
395.883
372.926
263.435
262.778
341.588
351.556
352.423
328.623
324.939
355.809
393.623
351.062
325.256
336.927
340.426
293.255
251.889
282.606
355.682
378.501
370.782
327.708
302.709
324.044
335.177
310.655
298.374
285.185
274.273
286.369
317.662
370.508
390.472
392.696
324.939
292.355
323.992
344.768
356.189
337.895
326.531
354.925
382.629
390.778
301.205
276.855
338.066
351.679
356.443
322.685
293.858
295.946
312.647
278.629
262.674
327.386
352.051
290.487
291.503
330.196
