9.73659e-312
inf
3.84934
13.3419
14.1929
13.9934
15.4654
18.6604
11.302
11.0243
17.3274
17.474
17.2955
16.392
16.1068
16.8112
16.0703
15.8464
16.1832
16.1836
15.5728
15.4902
16.2277
16.1103
15.8933
15.9491
15.6199
15.4577
16.1268
15.9289
15.4195
15.0508
14.1787
14.0731
14.7235
14.5559
14.7294
15.5389
14.9175
14.367
14.9572
15.6807
15.2445
15.0793
15.7159
15.2918
15.1119
15.4722
15.101
14.9694
15.3128
15.4114
15.3366
15.3743
15.1607
14.7059
14.8226
15.1075
15
15.242
15.0517
14.9262
15.2234
15.2185
13.5503
12.7344
13.8001
14.6827
15.1048
15.099
14.7458
14.4181
14.5214
14.5184
14.7783
14.8288
14.2335
14.0937
14.2575
14.0462
14.23
14.5282
14.4682
14.4416
14.0655
14.03
14.5129
14.29
14.0184
14.1253
13.8813
13.7822
13.9726
13.8568
13.7617
14.0002
13.8524
13.6458
13.8071
13.6431
13.4816
13.643
13.768
13.8061
13.5831
13.4709
13.6237
13.6183
13.7171
13.8937
13.6595
13.4431
13.0305
12.4987
12.3516
12.1975
12.4397
13.0875
12.7075
12.6158
13.172
13.3232
13.4459
13.2091
13.2066
13.4921
13.2838
13.2314
13.5374
13.4126
13.4454
13.5616
13.1493
13.2364
13.2484
13.1629
13.4873
13.3042
13.2706
13.4719
13.4371
13.2939
13.3058
13.2688
13.2939
13.4356
13.2162
13.3016
13.1179
13.1088
13.2991
13.0265
13.022
13.132
13.0123
12.9986
13.33
13.1985
13.1335
13.1614
13.2084
13.2736
13.0698
13.3351
13.462
13.0165
13.0584
13.1983
13.0468
13.1418
13.0739
12.8126
12.3425
11.6957
11.871
12.3141
12.3107
12.5792
12.2583
11.6852
11.9871
12.6645
13.2046
13.1817
13.0698
13.2291
12.9075
12.9123
13.1068
13.0069
12.9543
12.8313
12.9824
13.2762
13.1325
13.1425
13.2001
12.8
12.7601
12.7263
12.4324
12.6778
12.8432
12.8583
12.9655
13.2364
13.3416
13.0823
13.2564
13.1718
12.4733
12.5452
13.0202
12.7573
12.8256
13.0739
13.1227
13.1353
12.8797
12.9094
13.014
12.8638
13.0559
12.3499
12.3458
13.1754
12.9882
12.8918
12.9774
12.821
12.7267
13.023
13.0093
13.0629
12.9942
12.8034
12.6238
12.3924
12.7622
13.0622
12.798
12.726
12.8854
12.9767
11.8144
10.6418
11.2941
11.9941
12.1847
12.5519
11.9447
11.856
11.8602
11.9138
12.7951
12.8843
12.6672
12.7276
12.8434
12.9946
12.673
12.4967
12.8485
12.5941
12.4932
12.7087
12.6378
12.9111
12.8477
12.7614
12.8171
12.8755
12.7541
12.5375
12.5627
12.5569
12.5908
12.7799
13.0417
12.8066
12.6225
12.4876
12.5909
12.8982
12.5764
12.5694
12.5821
12.5493
12.6257
12.398
12.5297
12.8329
12.5981
12.4987
12.6099
12.7718
13.0463
12.712
12.6593
12.5745
12.3816
12.1215
11.3902
11.4805
11.7655
11.6826
11.9563
11.9647
12.2056
12.6606
12.7541
13.0135
12.7751
12.5137
12.8062
12.5891
12.3847
12.4611
12.5095
12.7212
12.4191
12.4092
12.7105
12.2251
12.3181
12.6107
12.5653
12.7892
12.5782
12.0613
11.6127
12.1536
12.8724
12.796
12.6993
12.5754
12.3773
12.3691
12.3906
12.6072
12.8793
12.5996
12.6485
12.7791
12.5979
12.724
12.5798
12.4881
12.7623
12.6429
12.6863
12.7073
12.6092
12.8574
12.6421
12.6234
12.6799
12.383
12.6548
12.6437
12.5575
12.7863
12.7343
12.6758
12.4782
12.637
12.7721
12.4526
12.4039
12.5542
12.4639
12.5387
11.8556
11.4905
11.8146
11.6941
11.7557
11.9556
11.7544
11.5374
12.0611
12.5258
12.5534
12.509
12.4488
12.5855
12.6264
12.3817
12.568
12.8961
12.2764
12.1141
12.4842
12.6325
12.8567
12.5942
12.8208
13.1458
12.8073
12.4991
12.2779
12.0785
12.1919
12.2318
12.4354
12.4258
12.3423
12.7436
12.4123
12.3672
12.4811
12.5382
12.7327
12.3131
12.4387
12.5478
12.3643
12.592
12.418
12.4838
12.5956
12.6698
12.7453
12.3703
12.5921
12.6947
12.6382
12.8577
11.9094
11.3974
11.8701
11.6091
11.5321
11.6855
11.5728
11.951
12.2052
12.301
12.5375
12.6273
12.6533
12.4096
12.4401
12.7835
12.6425
12.6966
12.7935
12.5207
12.3602
12.2772
12.5327
12.7699
12.7527
12.8725
12.7039
12.618
12.6935
12.5454
12.5294
12.1998
12.3487
12.9527
12.679
12.5974
12.6604
12.6318
12.7682
12.5784
12.5627
12.6518
12.5597
12.6461
12.5704
12.485
12.6247
12.4427
12.4231
12.4995
12.1211
12.2734
12.4789
12.4772
12.7262
12.5269
12.4792
12.3394
12.4092
12.7718
12.3746
12.3266
12.5765
12.4887
12.4542
12.3645
12.5627
12.762
12.6291
12.5925
12.3373
11.7768
11.3433
11.381
11.6158
11.6499
11.7543
11.8439
12.0362
12.5703
12.5261
12.3691
12.5079
12.5353
12.5677
12.5083
12.465
13.4161
14.493
14.9682
15.1715
14.7188
15.0379
15.3016
14.7797
14.7389
14.8951
14.5602
14.3759
14.6298
14.2745
14.3572
14.9622
14.3325
13.9477
14.2963
14.2383
14.3218
14.7941
14.4706
14.1159
14.2583
14.0544
14.2485
14.7217
14.0381
14.0377
14.4572
14.0517
14.2015
14.2411
13.9453
14.2674
14.342
13.9667
14.1377
14.0423
13.6479
13.9065
14.0366
13.8573
13.9988
14.1018
13.4147
13.0328
12.975
12.9445
13.2068
12.66
12.9648
13.6588
13.1396
13.2097
13.7698
14.1299
14.2199
13.9729
14.2309
14.4009
13.9446
13.7827
13.9778
13.9261
13.7511
14.0102
13.6348
13.3833
13.8556
13.626
13.5807
14.1841
14.008
13.9862
14.2712
13.8707
13.7599
13.8463
13.6814
13.7483
13.7767
13.7807
13.8787
13.7374
13.7458
13.7472
13.4612
13.4609
13.5173
13.1848
12.6726
12.5167
12.4251
12.8862
13.4578
13.3946
13.5329
13.3786
13.2395
13.4885
13.3675
13.3166
13.5823
13.2456
13.1683
13.3938
13.1231
13.162
13.2696
13.0971
13.1203
13.0428
13.13
13.4215
13.1962
13.1094
13.3969
13.141
12.983
13.1921
12.6435
12.0246
11.7334
11.7511
12.1663
11.9454
11.9735
12.0712
12.4224
13.1218
12.8881
12.9825
13.1528
13.0387
13.2127
13.0056
12.9804
13.3343
13.0067
12.8015
12.553
12.7087
13.2222
12.8095
12.7129
13.1742
13.1878
13.1672
12.9722
12.95
13.206
13.1758
13.0953
13.1535
13.1911
13.1428
13.0275
12.9215
13.1599
12.8884
12.8521
13.5107
13.146
12.8593
13.2508
12.8008
12.6488
13.0129
13.1119
13.3906
13.1265
12.9987
13.2289
13.0788
13.127
12.9608
12.9238
13.2033
12.94
12.1994
11.8392
11.6147
11.6902
11.6776
12.1489
13.0664
13.0283
13.141
13.0886
12.9581
13.0723
12.9317
12.9182
13.1672
12.9711
12.9627
13.1209
12.7524
12.8106
12.8507
12.7601
13.1777
12.7681
12.6161
12.9291
12.8194
12.9858
12.8779
12.8978
13.0059
12.7345
12.8282
12.747
12.7836
13.0845
12.7849
12.7328
13.1028
13.0599
13.0367
13.1172
12.9532
12.8413
12.7104
12.7792
12.9998
12.8748
12.9898
12.975
12.8156
13.1635
12.9911
12.8114
13.2779
13.0064
12.7801
12.9965
12.9473
13.0661
12.9222
12.9463
13.2509
12.8923
12.7708
13.116
12.8238
12.9115
13.2647
13.0195
12.9854
12.7711
12.3576
12.3385
12.2488
11.9911
11.7278
11.907
12.5663
12.1774
11.8703
11.9299
12.3474
13.1845
12.9358
12.8812
13.0972
13.0381
13.2736
13.0371
12.9646
13.1295
12.7461
12.9209
13.2378
12.9728
12.9203
13.0184
12.957
13.1024
12.7196
12.7586
13.0915
12.7978
12.8442
12.905
12.9377
13.1964
12.9306
12.8208
13.1647
12.8731
12.93
12.9804
12.9994
13.333
13.0739
12.8799
13.1728
13.1121
13.0556
13.2571
13.0277
13.041
13.1952
13.1376
13.3461
13.0418
12.8286
13.2145
12.44
11.9855
11.9809
12.2219
12.9299
12.856
12.6451
12.4845
12.265
12.1599
12.0222
12.2693
12.8116
12.8983
12.9743
12.8465
12.8016
13.1219
12.9933
12.9399
12.9446
12.8067
12.9736
13.0003
13.0804
13.2306
12.8857
12.8929
13.0769
12.9682
12.979
13.0458
13.2178
13.3718
12.8555
12.8171
13.3396
13.0334
12.9712
13.2583
13.1105
13.1255
13.1572
12.9493
12.6262
12.1356
12.5131
12.7772
12.5838
13.114
13.0308
12.8092
13.1692
13.0675
12.9603
12.975
13.0291
13.2649
13.3055
13.2109
13.213
12.9672
12.9066
13.105
13.0213
13.1766
13.0568
12.9719
13.1508
12.7109
12.7014
13.1493
12.9074
13.0014
13.153
12.9262
12.9989
13.0168
13.0169
13.0938
13.1032
13.2062
13.1151
12.8242
12.844
12.7453
12.8784
12.792
12.5232
12.9473
12.9429
12.7256
13.1955
13.3599
13.1585
13.3356
13.1639
13.2289
13.1691
12.5742
12.8057
13.1623
12.9314
12.9969
13.0102
12.9679
13.2364
12.954
12.8887
13.1902
12.9333
12.9233
13.0382
13.0669
13.2814
13.0974
13.0064
13.1205
12.9242
12.977
12.8781
12.7818
12.9614
12.817
12.8847
13.0141
12.6281
12.7819
12.9635
12.7349
12.969
12.9092
13.0753
13.3478
13.0681
12.9387
12.7895
12.2796
11.9404
11.9572
12.3796
12.5631
12.34
12.0734
11.8314
12.2184
12.3908
12.0715
12.5871
12.7411
12.5934
12.8319
12.575
12.5646
11.1508
11.2914
13.0648
12.9536
12.9868
12.8872
12.778
13.0535
12.9392
12.9665
13.0503
12.7749
12.8602
12.7481
12.7649
13.0663
12.7993
12.8415
13.1176
12.9225
13.0077
13.2496
12.9599
12.8936
12.9589
12.9588
12.9169
12.8223
12.9201
12.6609
12.6887
12.9328
12.6565
12.7192
12.8297
12.6753
12.8834
12.9138
12.7724
12.9146
12.8573
12.9018
12.8423
12.8217
13.0841
12.6732
12.7749
13.082
12.8202
13.0279
12.9394
12.692
12.8544
12.6565
12.4795
12.8679
12.8654
12.7876
12.9792
12.9472
13.008
12.8506
12.9943
13.2008
12.9745
13.0012
12.9357
12.847
13.0123
12.7031
12.6955
13.0732
12.7513
12.7397
12.9822
12.9682
12.9545
12.7786
12.9481
13.1182
12.8119
12.6735
12.8169
12.5503
12.4158
12.587
12.8767
13.178
12.7797
12.7201
12.782
12.7931
12.9249
12.9121
13.0182
13.0644
12.9708
12.983
12.8402
12.7189
13.0418
13.1407
12.9472
13.0192
12.8598
12.8602
13.3013
12.9561
12.8312
12.8865
12.1144
11.8396
11.9792
11.9967
12.0192
12.0328
12.0969
11.986
12.17
12.475
12.7294
12.8893
12.9061
12.986
12.8226
12.6669
12.8836
12.4945
12.1004
12.7484
12.5648
12.5045
12.9142
12.9642
13.0436
12.6743
12.8551
13.3444
12.9666
12.9336
12.9395
12.7166
12.9185
12.802
12.8418
13.0191
12.954
13.0473
13.1572
13.0423
12.9506
12.7788
12.4789
12.227
11.8305
12.1754
12.8572
12.9751
13.0069
12.8284
12.9841
12.8605
12.6453
12.8446
12.8627
12.8675
12.9074
12.5991
12.7563
12.9713
12.8507
13.1099
12.78
12.7269
12.9838
12.8347
13.0153
12.998
12.9667
12.9112
12.5648
12.4761
12.4156
11.9138
11.8244
11.9825
12.0386
12.2947
12.1395
12.2302
12.2347
12.372
12.9086
12.8737
12.8957
13.101
12.7088
12.7988
13.029
12.7116
12.949
12.9736
12.9063
12.9857
12.9372
13.0003
12.7219
12.5432
12.737
12.6325
12.5843
12.9493
12.5854
12.5468
12.9359
12.7569
12.8721
13.0547
12.9302
13.0048
12.7303
12.7087
13.1825
12.8892
12.8065
12.7243
12.693
12.9503
12.8897
12.9303
13.1325
12.615
12.5667
13.1182
12.9587
12.9754
12.7934
12.8899
13.3186
12.8927
12.7769
12.8717
12.5018
12.6211
12.8839
12.9209
12.962
12.5757
12.745
12.9177
12.1723
11.8373
11.7605
11.7121
11.6568
11.5629
11.9062
12.4309
12.7782
12.8105
12.8211
13.1618
13.1242
12.8007
12.9553
12.5574
12.5431
12.9382
12.7821
12.968
12.8694
12.8903
13.1013
12.8149
12.7404
12.7859
12.1812
12.0168
11.5935
11.9236
12.9092
12.3966
12.5842
12.9558
12.9543
13.2544
12.6357
12.3317
12.6658
12.8828
13.0173
12.8254
13.0274
13.2013
12.9492
12.786
12.8085
12.7346
12.8795
12.831
12.8703
13.0347
12.7159
12.8048
12.8013
12.6966
12.9885
12.3975
11.9079
11.9341
11.6036
11.746
11.6603
11.4722
12.0192
12.5523
12.9338
12.7918
12.7961
12.8413
12.8286
13.086
12.5913
12.4964
12.8901
12.7086
12.7033
12.9138
12.782
12.8844
13.084
12.9113
12.8727
12.6837
12.8324
13.0588
12.3808
12.4804
12.6645
12.6115
13.1868
12.9705
12.6476
12.7349
12.5073
12.6822
12.8016
12.69
12.9171
12.7653
12.7569
12.8303
12.5868
12.6771
12.8161
12.9001
12.9971
12.6095
12.5726
12.8753
12.6052
12.7107
12.8945
12.5658
12.8693
12.9553
12.7111
12.954
12.7351
12.6202
12.7409
12.8574
12.9794
12.624
12.583
12.9525
12.7653
12.6884
13.0324
12.6257
12.2251
11.5419
11.4107
11.8583
11.5959
11.7635
11.8732
12.3973
12.9721
12.7505
12.8672
12.6881
12.6607
12.9414
12.8346
12.7867
12.8399
12.8458
12.9256
12.8312
12.8041
13
12.8834
12.8101
13.023
12.7057
12.6091
12.1118
11.7772
12.5452
12.5664
12.6291
12.851
12.6825
13.0268
12.9146
12.7531
12.8113
12.8399
13.1328
12.6258
12.4628
12.878
12.6373
12.6809
12.635
12.6152
12.9573
12.8061
12.8662
13.0684
12.6927
12.7722
13.0763
12.8112
12.8223
12.1749
11.627
11.6658
11.718
11.9717
11.5045
11.4682
11.6778
11.6991
12.1784
12.58
12.9452
12.8563
12.7894
12.8841
12.8102
12.7522
12.6246
12.5412
12.6748
12.679
12.725
12.7698
12.4329
12.8052
12.989
12.5857
12.7532
12.6763
12.6723
12.9436
12.582
12.5397
12.8952
12.7783
12.9136
12.742
12.4991
12.8339
12.8622
12.7729
12.864
12.9164
12.966
12.8552
12.7585
12.8029
12.6031
12.7341
12.749
12.7514
13.0167
12.738
12.5691
12.9622
12.6655
12.4917
12.8336
12.6748
12.8289
12.8338
12.7849
13.0753
12.8423
12.7257
12.7803
12.6139
12.8351
12.6793
12.5423
12.8871
12.5526
12.5247
12.5747
12.3854
12.709
12.7125
12.7766
13.0126
12.1726
12.0731
12.8866
12.4259
12.4342
12.6955
12.6581
12.8553
12.7112
12.8845
12.8142
12.6734
12.9155
12.5872
12.5408
12.9328
12.8455
12.9065
12.8398
12.7769
12.9254
12.7614
12.6111
12.8142
12.714
12.7064
12.94
12.7279
12.6977
12.6947
12.8109
12.8988
12.4589
12.445
12.697
12.6436
12.7879
12.7515
12.6969
12.859
12.5571
12.637
12.8785
12.5175
12.6236
12.7573
12.821
12.9527
12.7523
12.6843
12.6985
12.6277
12.6928
12.6166
12.6637
13.0267
12.71
12.3791
12.3591
12.6703
12.9586
12.644
12.763
12.8231
12.6365
12.7409
12.819
12.8192
12.7868
12.448
12.5529
12.6985
12.6213
12.8157
12.6188
12.639
12.9318
12.436
12.3702
12.3269
12.105
12.5862
12.6026
12.6747
12.9511
12.5581
12.5577
12.9148
12.8005
12.9032
12.9195
12.8808
12.9825
12.7087
12.7574
12.7541
12.658
12.8819
12.8052
12.7656
12.9151
12.7745
12.7423
12.8255
12.6941
12.9435
12.8598
12.7804
12.9507
12.6844
12.6299
12.6658
12.6186
12.7138
12.631
12.7108
12.9982
12.8841
12.8259
12.7588
12.7374
12.9402
12.5864
12.7003
12.7888
12.5253
12.8908
12.8203
12.6914
12.9208
12.8715
12.8031
12.6447
12.6217
13.0334
12.8479
12.7324
13.1204
12.663
12.6924
12.927
12.7091
12.7731
12.4745
12.5758
12.9105
12.6472
12.854
12.9928
12.7821
12.7728
12.5729
12.6291
12.7168
12.4676
12.5455
12.5856
12.3712
12.8012
12.9358
12.8182
13.0151
12.82
12.967
12.8873
12.4614
12.7223
12.6045
12.6851
12.8391
12.496
12.6585
12.6867
12.7278
12.8309
12.7768
12.8002
12.6064
12.6251
12.8652
12.7031
12.8777
13.1505
12.715
12.7178
12.7182
12.7232
13.0309
12.4807
12.6084
12.9813
12.664
12.6402
12.6497
12.7838
13.0609
12.8903
12.7808
12.8273
12.795
12.9018
12.7367
12.7497
12.8048
12.8561
13.0969
12.6436
12.5861
13.0523
12.7586
12.6899
12.7419
12.6265
12.7554
12.6589
12.7112
12.9798
12.7132
12.7142
12.8694
12.6354
12.7243
12.716
12.6007
12.8164
12.7045
12.7062
12.8449
12.7805
12.8268
12.6951
12.7706
13.1068
12.6193
12.4514
12.8044
12.4597
12.5185
12.5125
12.5578
12.9249
12.7481
12.662
12.8638
12.6846
12.6549
12.8326
12.7522
12.8159
12.6532
12.7044
12.8502
12.7628
13.0244
12.9448
12.7298
12.9607
12.8726
12.8252
12.6546
12.4986
12.7378
12.6255
12.5462
12.8413
12.5705
12.5841
12.99
12.8269
12.9475
12.9291
12.7256
12.79
12.7307
12.8441
12.9763
12.7508
12.6218
12.4322
12.5006
12.9719
12.7655
12.7702
12.9766
12.6729
12.751
12.7234
12.6916
12.8187
12.78
12.8985
12.7125
12.7269
13.1834
12.7066
12.6129
12.9092
12.7066
12.9377
12.9142
12.8204
13.0179
12.9916
13.1758
13.0834
13.1016
13.6066
13.3191
13.14
13.3927
12.8758
12.7699
13.1845
13.0378
13.0878
13.1758
13.4615
13.7067
13.3716
13.2545
13.5433
13.3701
13.3863
13.6321
13.1652
13.146
13.1516
12.8821
13.0803
12.9985
12.988
13.2194
12.9753
12.8962
13.0263
12.9081
13.0541
12.8139
12.7223
12.7067
12.4361
12.9143
11.5888
11.755
13.1601
12.5326
12.9777
13.4288
13.0255
12.9974
13.1427
12.9949
12.4255
12.4317
13.1359
13.2386
12.959
12.9553
12.9365
13.0317
13.3511
12.9282
12.7398
13.0722
12.7581
12.5027
12.8424
12.7807
12.8824
12.8913
12.7997
13.1777
12.8896
13.0085
13.17
12.7577
12.8355
12.7959
12.6037
12.7466
12.6439
12.744
13.1038
12.7988
12.8085
12.7661
12.6866
13.089
12.9077
12.885
13.0822
12.7549
12.7351
12.927
12.9704
13.0858
12.607
12.5135
12.9599
12.7707
12.8403
12.9488
12.88
12.9545
12.9218
13.0195
13.1694
12.9533
12.8065
12.8639
12.9574
13.1689
12.9303
12.8562
12.9968
12.5762
12.5462
12.9146
12.9666
13.0459
12.9516
12.7393
12.9002
12.8094
12.8674
12.9111
12.6634
12.8588
12.5437
12.724
13.3517
12.858
12.8448
13.1205
12.7215
12.8382
13.0242
12.9766
13.0758
12.8863
12.866
13.0815
12.7711
12.8048
12.9321
12.8732
13.1824
12.8823
12.7214
12.7307
12.7523
13.0567
13.0972
13.1416
13.0777
12.6989
12.7838
13.0082
13.0377
13.2666
13.1435
13.0366
12.9803
12.9044
13.1313
12.8008
12.7777
12.9902
12.6196
12.7793
13.039
12.751
12.8084
13.1041
12.984
13.0178
13.2241
13.3326
13.396
13.3628
13.4376
13.1731
13.1758
13.595
13.358
13.2716
13.6515
13.3864
13.2126
13.4563
13.2787
13.1417
13.1286
13.193
13.3837
13.1789
13.1002
13.2793
13.0283
12.9371
13.0759
13.0345
13.1067
12.8955
12.7708
