7.97582
300.933
513.743
1863.93
2358.49
2949.85
3134.8
3273.32
2976.19
3205.13
2724.8
1392.76
844.595
973.236
1913.88
1782.53
1683.5
2190.58
1974.33
2395.21
3496.5
3898.64
4950.5
5479.45
5917.16
5970.15
3759.4
3273.32
2980.63
2604.17
3584.23
3724.39
2103.05
1186.94
1214.33
1917.55
2962.96
4962.78
5649.72
5847.95
5291.01
5420.05
6172.84
6172.84
6097.56
6097.56
6211.18
4273.5
3294.89
913.659
822.368
2120.89
3164.56
4524.89
4987.53
5464.48
5089.06
4405.29
4301.08
4640.37
4484.3
4291.85
4166.67
4424.78
5167.96
5291
5405.41
5464.48
5154.64
5167.96
5063.29
5025.13
4098.36
3795.07
4761.9
4640.37
4494.38
4750.59
4739.34
4819.28
5167.96
3305.79
2195.39
2224.69
3105.59
3154.57
2781.64
3294.89
4132.23
5277.04
5747.13
6060.61
6060.61
6116.21
5449.59
5390.84
6211.18
6289.31
6172.84
6097.56
4914
3724.39
3378.38
3853.56
3460.21
1125.49
881.057
1739.13
3430.53
4098.36
4338.39
3891.05
3759.4
4123.71
4716.98
4854.37
4415.01
3976.14
4424.78
4629.63
4576.66
4987.53
5347.59
5617.98
5633.8
5649.72
5181.35
5208.33
5934.72
6097.56
5347.59
5305.04
6006.01
6006.01
5194.8
3623.19
1206.27
1077.59
2159.83
2773.93
3034.9
3584.23
1853.57
1008.57
624.025
704.722
520.021
543.922
1709.4
1731.6
1888.57
2155.17
2254.79
2207.51
2320.19
282.646
285.144
3236.25
3861
4065.04
4158
4555.81
3316.75
1139.6
1075.27
2014.1
1986.1
2409.64
2797.2
3154.57
3669.73
3316.75
1423.49
1068.95
931.966
251.667
289.394
3322.26
4405.29
5405.41
5681.82
5305.04
5390.84
4761.9
3669.72
4184.1
5649.72
3590.66
3105.59
4032.26
3809.52
3159.56
3125
3466.2
3571.43
3656.31
3738.32
3738.32
2967.36
2159.83
810.701
684.228
509.814
595.238
3205.13
5249.34
5747.13
5434.78
5194.8
5449.59
5698.01
5730.66
5865.1
5249.34
5235.6
5882.35
5571.03
5555.56
3129.89
2254.79
2732.24
3773.59
4878.05
4938.27
4273.5
1912.05
1090.51
1172.33
1712.33
2481.39
3546.1
3424.66
3629.76
4716.98
5361.93
5102.04
5277.04
6079.03
5181.35
4761.9
4962.78
4494.38
4705.88
5494.51
3300.33
1542.02
1313.2
1493.65
1980.2
1218.77
1237.62
3875.97
4914
3883.5
2936.86
2844.95
2717.39
341.006
332.834
2018.16
2285.71
2478.31
2544.53
1485.88
716.332
886.918
3174.6
4255.32
2840.91
2985.07
5050.51
5420.05
4842.61
4796.16
5319.15
5602.24
5763.69
5830.9
5291.01
5291.01
5917.16
5970.15
5970.15
5970.15
5194.81
4535.15
4830.92
5464.48
5780.35
5102.04
5181.35
6172.84
6289.31
6329.11
6329.11
6329.11
6369.43
6349.21
6269.59
6042.3
4739.34
4640.37
5830.9
6211.18
6289.31
6329.11
6329.11
6309.15
6329.11
6309.15
5780.35
5797.1
6309.15
6329.11
6369.43
6389.78
6389.78
6410.26
6451.61
6389.78
6172.84
5361.93
5249.34
6024.1
6329.11
5780.35
5763.69
5102.04
4750.59
4866.18
4866.18
5420.05
4175.37
3484.32
4158
5012.53
5221.93
5305.04
4773.27
4319.65
4576.66
4056.79
3546.1
3062.79
3252.03
4366.81
4962.78
5434.78
5347.59
5102.04
5235.6
5449.59
4987.53
4597.7
4338.39
4629.63
5063.29
5012.53
5235.6
4140.79
3952.57
4716.98
4773.27
5063.29
4739.34
4889.98
5586.59
5602.24
5602.24
4545.45
4629.63
5464.48
5305.04
5509.64
5494.51
4878.05
4950.5
5555.56
5524.86
5571.03
5571.03
5524.86
5449.59
5449.59
5464.48
2958.58
2341.92
3174.6
4089.98
4672.9
5000
4962.78
4597.7
4866.18
5434.78
4310.34
3984.06
4329
4484.3
5012.53
5249.34
5141.39
4672.9
4761.9
5194.81
5333.33
5361.93
5434.78
4975.12
4901.96
5464.48
5464.48
5420.05
5524.86
5730.66
6024.1
6191.95
6211.18
6172.84
5509.64
5194.8
4761.9
4454.34
4524.89
4773.27
5194.8
5076.14
4975.12
4987.53
4366.81
4192.87
4576.66
4739.34
5089.06
5221.93
5235.6
5263.16
5249.34
5194.81
5141.39
4237.29
4210.53
5221.93
5586.59
5882.35
5970.15
5988.02
5747.13
4716.98
4310.34
4662
4444.44
4319.65
4784.69
5050.51
4975.12
4587.16
4597.7
4962.78
5102.04
5319.15
5494.51
4878.05
4914
5420.05
91.1162
82.7986
520.291
1042.21
2389.49
1250.78
1172.33
2336.45
454.649
443.361
1153.4
291.503
333.111
3305.79
4089.98
3100.78
2976.19
3629.76
3484.32
3378.38
4210.53
5208.33
5540.17
5763.69
3129.89
1122.33
1041.12
1662.51
2267.57
2541.3
2386.63
2890.17
1309.76
1345.9
515.996
525.072
4535.15
5376.34
5763.69
6006.01
5263.16
5291.01
6211.18
6134.97
5934.72
5934.72
5934.72
5952.38
4484.3
3968.25
4807.69
4640.37
4807.69
5633.8
5747.13
5952.38
5934.72
5882.35
5917.16
5076.14
4705.88
4016.06
2915.45
2949.85
3584.23
3745.32
3968.25
4273.5
4291.85
4089.98
4405.29
5221.93
5571.03
5076.14
5167.96
5917.16
5882.35
5970.15
6153.85
6134.97
6097.56
6116.21
6060.61
5449.59
5540.17
6116.21
6116.21
6191.95
6097.56
6097.56
6134.97
5830.9
5602.24
5714.29
4651.16
4464.29
5434.78
4842.61
4291.85
4140.79
212.517
211.932
2762.43
2469.14
3401.36
3129.89
2832.86
3007.52
3125
3745.32
3913.89
4192.87
4347.83
3710.57
2958.58
2877.7
2547.77
2728.51
3355.7
3868.47
5102.04
4201.68
3636.36
3642.99
2980.63
1095.29
1196.89
1362.4
1287
2941.18
3144.65
3759.4
2691.79
388.123
404.122
3696.86
3149.61
3174.6
3875.97
3231.02
3273.32
2832.86
2580.65
3095.98
3095.98
2522.07
2484.47
2659.57
1602.56
1646.09
3139.72
4415.01
5194.8
5390.84
5420.05
5747.13
6079.03
5050.51
4618.94
4587.16
4773.27
5420.05
5449.59
5347.59
5361.93
5617.98
5063.29
4587.16
4962.78
5524.86
5050.51
4264.39
4219.41
4629.63
5249.34
5586.59
5698.01
5586.59
5434.78
5617.98
5434.78
3976.14
3616.64
4484.3
4484.3
4424.78
4889.98
5167.96
5405.41
5617.98
5747.13
5037.78
4310.34
4796.16
5747.13
5847.95
5865.1
6024.1
5847.95
5865.1
483.092
467.399
1881.47
1930.5
3565.06
2143.62
1730.1
2621.23
3984.06
565.771
476.417
1569.86
3395.59
4576.66
5194.8
5917.16
5115.09
4444.44
1941.75
1483.68
2580.65
3853.56
3976.14
4962.78
4819.28
4901.96
5698.01
5277.05
4796.16
4914
3508.77
2670.23
2801.12
3058.1
3189.79
3053.44
3430.53
4065.04
4228.33
4608.3
3552.4
2980.63
449.035
438.982
2481.39
3322.26
3016.59
2453.99
2865.33
3058.1
922.509
938.526
3215.43
3076.92
3236.25
3289.47
3215.43
3091.19
3215.43
3466.2
4106.78
3831.42
3215.43
3861
4597.7
4048.58
3795.07
3333.33
3514.94
2998.5
2469.14
3300.33
2314.81
1669.45
1765.23
1297.02
885.348
1199.76
1836.55
2055.5
4089.98
3937.01
3780.72
4065.04
3868.47
4184.1
4694.84
4651.16
4415.01
3752.35
3676.47
4545.45
4926.11
4938.27
5076.14
5319.15
4597.7
4000
4514.67
5037.78
148.732
147.962
3846.15
4385.97
4901.96
5181.35
5464.48
5390.84
5347.59
5524.86
4842.61
4310.34
4866.18
5524.86
4716.98
4366.81
4750.59
955.566
900.09
3460.21
3968.25
3846.15
4376.37
5319.15
5698.01
5571.03
4819.28
4716.98
4694.84
4115.23
3891.05
3773.59
3558.72
4073.32
5221.93
5361.93
5277.04
5555.56
5115.09
3906.25
3724.39
4246.28
4819.28
4987.53
5235.6
5970.15
6116.21
6153.85
6116.21
5154.64
4901.96
5649.72
5988.02
6006.01
5115.09
5063.29
5934.72
6097.56
6116.21
6211.18
6250
6309.15
6349.21
6309.15
6309.15
5012.53
4228.33
4672.9
4728.13
4773.27
5194.8
5167.96
5208.33
5235.6
5434.78
5763.69
5390.84
5434.78
5698.01
5076.14
5037.78
5479.45
4484.31
4310.34
5319.15
5555.56
5050.51
5115.09
5813.95
5988.02
5917.16
5494.51
4889.98
4739.34
4640.37
4264.39
4246.28
3577.82
3436.43
4415.01
351.37
242.483
654.236
2994.01
3086.42
3478.26
3527.34
4219.41
4629.63
4914
4376.37
3565.06
3898.64
4338.39
4608.3
4950.5
4962.78
4115.23
3937.01
3853.56
3968.25
4464.29
4535.15
4454.34
3802.28
3442.34
2254.79
2341.92
2638.52
2534.85
3577.82
3913.89
4149.38
3968.25
4000
4405.29
3527.34
3105.59
3868.47
5000
4901.96
4854.37
5555.56
5730.66
5602.24
5405.41
5128.21
3853.56
3656.31
4962.78
5797.1
5509.64
5571.03
6153.85
6211.18
6230.53
6211.18
5730.66
4784.69
4464.29
4597.7
4784.69
4608.3
4672.9
5221.93
5390.84
5249.34
5333.33
5540.17
5221.93
4950.5
4566.21
4629.63
4784.69
5000
5602.24
4728.13
4555.81
5494.51
5830.9
5865.1
5988.02
6097.56
6191.95
5681.82
5633.8
6172.84
5797.1
5540.17
5665.72
5509.64
5540.17
5479.45
4192.87
3861
4237.29
4651.16
5235.6
4889.98
4424.78
875.274
863.185
4048.58
3603.6
2631.58
2777.78
3690.04
4132.23
4405.29
3273.32
3327.79
5000
5494.51
3717.47
3086.42
2134.47
2171.55
2743.48
1739.13
1978.24
3787.88
3095.98
2945.51
4587.16
2577.32
2079
1978.24
1759.01
1932.37
1498.13
583.601
671.141
3484.32
3603.6
705.219
663.57
2583.98
3937.01
2739.73
2695.42
2861.23
2699.06
2652.52
2793.3
3367
736.92
705.467
2538.07
2890.17
600.24
596.303
2597.4
2325.58
2496.88
2919.71
3344.48
2801.12
2277.9
2509.41
2442
2751.03
3710.57
3236.25
3284.07
2898.55
1542.02
1788.91
2958.58
3241.49
4319.65
3883.5
3484.32
2919.71
3200
3311.26
2624.67
3154.57
3267.97
2911.21
2688.17
2713.7
3210.27
3205.13
699.056
672.947
2865.33
2902.76
3100.78
4132.23
4773.27
5602.24
5763.69
4683.84
3327.79
3007.52
2583.98
2547.77
3115.26
2594.03
2528.45
905.387
930.233
3669.72
4184.1
5263.16
5865.1
5361.93
5181.35
5681.82
5847.95
5988.02
5988.02
5988.02
5617.98
4524.89
4494.38
4514.67
4264.39
4773.27
4032.26
3992.02
4166.67
3533.57
2789.4
2762.43
2785.52
2290.95
2583.98
3205.13
3724.39
4347.83
4273.5
3752.35
3745.32
3960.4
3571.43
3976.14
5012.53
4784.69
4878.05
5333.33
4750.59
4454.34
4576.66
4739.34
4056.79
3766.48
4008.02
3984.06
3960.4
3802.28
3853.56
4201.68
4338.39
4184.1
4464.29
4424.78
4618.94
5333.33
5167.96
5235.6
5167.96
4545.45
4597.7
4962.78
5263.16
5665.72
5291.01
5361.93
5988.02
5847.95
5747.13
5847.95
5025.13
4444.44
4739.34
83.956
83.7767
4192.87
5063.29
5988.02
6024.1
6024.1
6097.56
6042.3
6006.01
5813.95
5479.45
5249.34
3875.97
3846.15
4889.98
4938.27
3883.5
3649.64
3968.25
3913.89
4395.6
4830.92
5333.33
2538.07
2293.58
3521.13
3891.05
4089.98
4237.29
4192.87
3944.77
4132.23
3642.99
3105.59
2773.93
2793.3
2604.17
3012.05
4555.81
5305.04
4901.96
4264.39
3590.66
3169.57
3278.69
3921.57
4807.69
5167.96
4662
4415.01
5076.14
5633.8
5420.05
4494.38
4347.83
4405.29
4597.7
5464.48
4854.37
4796.16
5586.59
5780.35
6060.61
6079.03
5952.38
5988.02
5420.05
5434.78
6172.84
6172.84
6172.84
6191.95
6153.85
6230.53
6329.11
6309.15
6289.31
5797.1
5617.98
6153.85
6389.78
5649.72
4878.05
5089.06
5571.03
5813.95
4357.3
3937.01
4366.81
4662
5376.34
4901.96
4796.16
5141.39
4651.16
4081.63
3787.88
3710.57
3929.27
4210.53
4310.34
4597.7
5050.51
4424.78
4089.98
4629.63
5050.51
5194.81
5333.33
4830.92
4854.37
4149.38
3484.32
3898.64
4773.27
5509.64
5665.72
5899.7
5063.29
4484.3
4444.44
4640.37
5037.78
279.994
278.629
3787.88
3663
3745.32
2398.08
1449.28
815.993
876.424
2293.58
4132.23
4132.23
5037.78
5291.01
5194.8
5221.93
5263.16
5347.59
5361.93
4866.18
5025.13
5479.45
5291
5319.15
5361.93
5449.59
5479.45
5464.48
5376.34
4694.84
4739.34
5319.15
5305.04
4901.96
4132.23
3891.05
4008.02
4576.66
5263.16
5333.33
4750.59
4819.28
5524.86
5376.34
5277.04
5277.04
4629.63
4484.3
5050.51
5305.04
5390.84
4796.16
4796.16
5291.01
5333.33
5361.93
5194.81
5141.39
5050.51
4796.16
4366.81
4545.45
4739.34
4914
5681.82
4683.84
3252.03
2378.12
2710.03
3952.57
4140.79
4098.36
4301.08
4618.94
4987.53
5730.66
5509.64
5319.15
4926.11
4376.37
4694.84
5167.96
5319.15
5235.6
3929.27
3992.02
5434.78
5797.1
5952.38
6060.61
6134.97
6211.18
6250
6006.01
5420.05
5617.98
6329.11
6493.51
6535.95
6389.78
2954.21
2747.25
4246.28
3610.11
4123.71
3883.5
3846.15
4366.81
4132.23
4739.34
3584.23
2267.57
2272.73
3442.34
4938.27
4545.45
3610.11
4048.58
5420.05
5747.13
4889.98
4773.27
4158
3590.66
3984.06
4073.32
3144.65
3134.8
3816.79
3809.52
3752.35
3584.23
3690.04
3937.01
4081.63
4228.33
4184.1
4040.4
3838.77
3906.25
4301.08
4424.78
4842.61
5076.14
5141.39
5730.66
5934.72
3231.02
2894.36
4773.27
5633.8
5813.95
6097.56
6153.85
6191.95
6289.31
6269.59
6269.59
6349.21
5730.66
5730.66
6430.87
6430.87
6329.11
6329.11
6410.26
6451.61
6430.87
6389.78
6369.43
5797.1
5797.1
6369.43
6410.26
6451.61
6389.78
6269.59
6042.3
5882.35
5988.02
6116.21
5509.64
5509.64
6097.56
5899.7
4716.98
4415.01
4854.37
4347.83
3913.89
4246.28
5076.14
4842.61
4950.5
5952.38
6250
6269.59
6230.53
6230.53
5277.04
3546.1
2089.86
1721.17
1480.38
1273.89
1572.33
2341.92
3086.42
3773.58
4728.13
5221.93
5333.33
5633.8
4484.3
4192.87
5434.78
6097.56
6116.21
6211.18
6172.84
6134.97
6172.84
6134.97
6134.97
5665.72
5063.29
5263.16
5830.9
6024.1
5970.15
6042.3
6230.53
6230.53
6269.59
1057.08
1017.81
4796.16
5681.82
6153.85
5524.86
5194.8
5617.98
5882.35
6079.03
6134.97
6134.97
5571.03
5617.98
6329.11
6389.78
6369.43
6369.43
6079.03
4854.37
4338.39
4842.61
4796.16
4329
4434.59
4866.18
4878.05
4237.29
4032.26
4282.66
4385.96
4201.68
4376.37
4514.67
4672.9
4705.88
4672.9
5235.6
5434.78
5586.59
5830.9
6134.97
6289.31
6250
5420.05
5263.16
5934.72
5917.16
5025.13
3478.26
3696.86
5649.72
6134.97
6172.84
6172.84
5633.8
5698.01
6389.78
6430.87
6410.26
6389.78
6329.11
6329.11
6369.43
6389.78
6410.26
4662
4123.71
5000
5571.03
5390.84
5167.96
5617.98
5780.35
5830.9
5263.16
5025.13
5208.33
4608.3
4618.94
5479.45
6024.1
4694.84
3838.77
4535.15
4405.29
4310.34
4048.58
3891.05
4640.37
4705.88
5025.13
4255.32
3496.5
484.144
459.77
2298.85
3378.38
3731.34
4073.32
5571.03
6024.1
6134.97
6230.53
5747.13
2120.89
1910.22
4081.63
5181.35
4975.12
5263.16
5988.02
5917.16
5988.02
5141.39
4842.61
5509.64
5730.66
5882.35
6024.1
5405.41
5449.59
6116.21
6153.85
6250
6250
6191.95
6153.85
6134.97
6191.95
6269.59
5665.72
5714.29
6430.87
6430.87
6410.26
6451.61
6472.49
6349.21
6191.95
6211.18
6250
5714.29
5763.69
6349.21
6410.26
6410.26
5405.41
5000
5540.17
4683.84
3752.35
3603.6
4282.66
5494.51
5479.45
4950.5
4750.59
5154.64
5509.64
4504.5
4347.83
5347.59
5319.15
5479.45
6289.31
4273.5
3327.79
3976.14
5050.51
5319.15
5494.51
5347.59
3853.56
2214.84
2173.91
3663
5025.13
5633.8
5586.59
5524.86
5865.1
6097.56
6060.61
4395.6
3395.59
3629.76
4415.01
4237.29
3891.05
3898.64
4166.67
4237.29
3690.04
4273.5
5076.14
4484.3
4048.58
4338.39
5076.14
5000
4926.11
4237.29
3853.56
3802.28
3333.33
2949.85
3016.59
979.912
642.467
1240.69
3898.64
4329
4830.92
4301.08
3976.14
4032.26
4301.08
4357.3
4273.5
4484.3
5076.14
4366.81
4494.38
3780.72
2739.73
2663.12
3179.65
3717.47
4115.23
5291.01
5376.34
4434.59
4705.88
5420.05
5025.13
4950.5
4987.53
4901.96
4192.87
4415.01
5376.34
5141.39
4938.27
4807.69
4761.9
4962.78
4514.67
4683.84
5434.78
4866.18
4926.11
5221.93
4889.98
4474.27
4301.08
4975.12
5263.16
4514.67
3521.13
3846.15
2597.4
1893.94
1805.05
1803.43
1988.07
2534.85
3944.77
4366.81
4807.69
3623.19
3552.4
5181.35
6060.61
6289.31
6289.31
6309.15
6389.78
6329.11
6329.11
6389.78
6309.15
5847.95
5952.38
6430.87
6410.26
6369.43
6309.15
6269.59
6309.15
6389.78
6269.59
6269.59
5882.35
5882.35
6430.87
6493.51
6329.11
6289.31
6410.26
6309.15
6269.59
6250
5571.03
4201.68
4228.33
5449.59
5830.9
5917.16
6116.21
6349.21
6349.21
6349.21
6410.26
6349.21
5730.66
5830.9
6230.53
6024.1
6269.59
6451.61
6410.26
6430.87
6472.49
6389.78
6369.43
5988.02
6006.01
6493.51
6535.95
5194.8
4140.79
2751.03
1960.78
1776.2
1445.09
1429.59
1706.48
2366.86
3913.89
4761.9
5235.6
4504.5
4555.81
4319.65
4514.67
5434.78
4773.27
4201.68
4264.39
5102.04
6006.01
4662
4048.58
3891.05
4357.3
4662
4474.27
4310.34
4494.38
5602.24
4246.28
4366.81
5555.56
5249.34
5181.35
5235.6
5305.04
5167.96
4830.92
4424.78
4576.66
5115.09
5154.64
4975.12
4008.02
2928.26
2047.08
2418.38
4484.3
4098.36
3846.15
4255.32
4338.39
4694.84
3058.1
1780.94
1488.1
1796.95
1998
2312.14
3891.05
4807.69
4962.78
4219.41
3952.57
4219.41
4761.9
4975.12
4938.27
5025.13
3773.59
3669.73
4796.16
4545.45
4073.32
3891.05
3853.56
4301.08
4273.5
4255.32
4662
4618.94
4901.96
5730.66
6024.1
5952.38
5970.15
6211.18
6191.95
6191.95
6329.11
6230.53
5602.24
5763.69
6430.87
6430.87
6493.51
6493.51
6430.87
6410.26
6430.87
6309.15
6309.15
5899.71
5882.35
6451.61
6535.95
6472.49
6430.87
6472.49
6430.87
6389.78
6269.59
6153.85
5780.35
5899.7
6410.26
4524.89
3831.42
4405.29
4123.71
3795.07
3846.15
3883.49
4310.34
5319.15
5882.35
5405.41
5405.41
5882.35
6060.61
6153.85
5633.8
5305.04
5665.72
364.498
351.37
2244.67
2400.96
3289.47
2710.03
2677.38
3273.32
2659.57
2717.39
3401.36
2293.58
2105.26
2118.64
1955.03
2544.53
2691.79
2713.7
3225.81
2724.8
1488.1
1291.99
1845.02
1721.17
1919.39
3696.86
3976.14
3944.77
4210.53
4073.32
4773.27
5899.7
3205.13
2347.42
914.913
905.797
2105.26
2034.59
2873.56
3875.97
3514.94
3683.24
4651.16
4842.61
3831.42
4140.79
5555.56
3976.14
3831.42
4056.8
1819.84
1879.7
4123.71
2143.62
1497.01
1926.78
2547.77
2564.1
2183.41
2116.4
2886
4395.6
5361.93
5813.95
5747.13
5076.14
4504.5
4640.37
4535.15
3683.24
3584.23
4319.65
4716.98
4987.53
5420.05
5633.8
5319.15
5464.48
5970.15
5917.16
5899.71
5617.98
5714.29
6153.85
5988.02
5249.34
5154.64
4784.69
4115.23
4629.63
5102.04
4926.11
5181.35
5000
4878.05
5115.09
5063.29
4597.7
4385.96
4464.29
4914
4901.96
4264.39
4683.84
4705.88
4494.38
5221.93
5181.35
4535.15
3120.12
2518.89
3110.42
3205.13
3262.64
4123.71
4228.33
4123.71
4000
4000
3853.56
4514.67
5813.95
5970.15
5571.03
4950.5
4672.9
4889.98
3316.75
3294.89
5376.34
5333.33
5540.17
6024.1
5141.39
4950.5
5681.82
6153.85
6309.15
5390.84
4987.53
5305.04
5221.93
5571.03
3690.04
3044.14
3552.4
4149.38
3565.06
2699.06
2506.27
2702.7
3225.81
2915.45
2747.25
2732.24
2181.03
2155.17
2932.55
3906.25
3597.12
3558.72
4098.36
3875.97
3454.23
2758.62
602.591
559.597
1886.79
3246.75
4962.78
5617.98
5390.84
5449.59
4651.16
4464.29
5063.29
5128.21
5154.64
5012.53
4376.37
4434.59
4950.5
4291.85
4424.78
4576.66
4219.41
4716.98
5277.04
4962.78
4405.29
4807.69
5361.93
5128.21
5128.21
5025.13
4962.78
4494.38
4073.32
4166.67
4750.59
4566.21
3960.4
4484.31
5076.14
5063.29
4484.3
3868.47
4514.67
5291.01
5012.53
5000
5249.34
5347.59
5141.39
3898.64
3514.94
4140.79
3300.33
2911.21
3552.4
3992.02
4040.4
3992.02
3960.4
4081.63
3937.01
4115.23
4662
4761.9
5025.13
5464.48
5649.72
3418.8
3322.26
5420.05
5917.16
6079.03
6172.84
5649.72
5665.72
5988.02
5970.15
5154.64
4796.16
5319.15
5830.9
6389.78
6153.85
5952.38
5681.82
5934.72
6369.43
5181.35
4889.98
4807.69
4842.61
5115.09
5167.96
5797.1
6042.3
5649.72
5730.66
6349.21
6289.31
6289.31
6430.87
6430.87
6430.87
6493.51
6493.51
6172.84
5479.45
4175.37
4115.23
5235.6
5780.35
3048.78
2853.07
4434.59
4228.33
4728.13
5509.64
5665.72
5747.13
4484.3
4123.71
5167.96
5524.86
5277.05
5181.35
5305.04
4796.16
3629.76
3215.43
3861
4424.78
3976.14
3831.42
3875.97
4319.65
1862.2
1677.85
3372.68
3590.66
3508.77
3663
3816.79
3816.79
3913.89
3838.77
3921.57
3690.04
3656.31
4008.02
3703.7
3565.06
3831.42
3913.89
3929.27
4219.41
4081.63
4000
3944.77
3838.77
4032.26
3960.4
3539.82
3642.99
3273.32
3194.89
3968.25
4106.78
4032.26
3174.6
3454.23
4175.37
3584.23
3780.72
4210.53
575.705
524.246
1915.71
2789.4
4705.88
4115.23
4008.02
4464.29
4184.1
4854.37
4576.66
4464.29
5154.64
4962.78
4784.69
4376.37
4640.37
5361.93
4842.61
4319.65
4587.16
4926.11
5102.04
5235.6
5154.64
5319.15
5141.39
5235.6
5405.41
4166.67
4237.29
4716.98
4728.13
5434.78
5263.16
5277.04
5263.16
5291.01
5347.59
4434.59
4132.23
5194.8
4950.5
4716.98
5319.15
4464.29
4608.3
5037.78
4854.37
4282.66
3490.4
3016.59
2380.95
1482.58
1285.35
1212.12
1331.56
2503.13
4255.32
5037.78
5025.13
4329
4282.66
4651.16
4962.78
4566.21
4132.23
5000
4474.27
3731.34
4464.29
5319.15
4830.92
4854.37
5347.59
4535.15
4576.66
4683.84
4796.16
5449.59
5141.39
5141.39
5194.8
4048.58
3929.27
4901.96
4938.27
4950.5
4494.38
4219.41
4975.12
5277.04
4926.11
5154.64
4773.27
4597.7
5167.96
5194.8
5076.14
5208.33
5277.04
4524.89
4728.13
5698.01
4395.6
3565.06
3565.06
3838.77
4123.71
4291.85
4184.1
4073.32
4065.04
4264.39
4282.66
4115.23
2812.94
3072.2
5167.96
4854.37
4555.81
4750.59
4514.67
2604.17
2610.97
4514.67
5154.64
5540.17
6289.31
6079.03
6006.01
6250
6389.78
6451.61
6410.26
6369.43
6410.26
5917.16
5970.15
6578.95
6557.38
6578.95
6600.66
6493.51
6451.61
6514.66
6535.95
6514.66
6006.01
6024.1
6557.38
6622.52
6622.52
5813.95
5361.93
5780.35
6042.3
6116.21
6250
5698.01
5730.66
6389.78
6329.11
6329.11
6451.61
6430.87
6430.87
6514.66
6451.61
6410.26
5917.16
5899.71
6493.51
6535.95
6430.87
6389.78
6451.61
6493.51
6430.87
6389.78
6349.21
5115.09
4987.53
5037.78
4716.98
5235.6
5221.93
4385.97
4264.39
4950.5
5194.81
4889.98
4987.53
5333.33
4514.67
907.853
914.077
4728.13
5361.93
5319.15
5390.84
5509.64
4830.92
4796.16
5333.33
4830.92
4140.79
4106.78
4618.94
5141.39
5617.98
5917.16
6079.03
5333.33
5361.93
5102.04
4728.13
4694.84
4545.45
5141.39
5665.72
5988.02
6042.3
6042.3
5633.8
5698.01
6349.21
6410.26
6309.15
6289.31
6349.21
6230.53
6211.18
6369.43
6349.21
5830.9
5899.7
6430.87
6430.87
6493.51
6514.66
6410.26
6369.43
6410.26
6172.84
5714.29
5952.38
5208.33
4705.88
4319.65
3838.77
4115.23
4405.29
4201.68
4587.16
5494.51
4914
4926.11
5167.96
4494.38
4158
2166.85
2012.07
3316.75
4115.23
5249.34
5263.16
4454.34
4683.84
4784.69
4140.79
4796.16
4662
4597.7
5305.04
4434.59
4115.23
4357.3
4210.53
4629.63
5154.64
4405.29
4629.63
5263.16
4987.53
5012.53
4434.59
4694.84
4739.34
4474.27
3984.06
2621.23
2487.56
3546.1
4866.18
5154.64
4987.53
5037.78
5050.51
5025.13
4618.94
4975.12
5089.06
4319.65
4878.05
4761.9
4683.84
5361.93
4454.34
3629.76
2293.58
1784.12
2500
3944.77
3937.01
2577.32
2597.4
3067.48
2680.97
3169.57
3809.52
4338.39
4683.84
5012.53
5167.96
5089.06
5141.39
5235.6
4962.78
4395.6
4739.34
5347.59
4184.1
4357.3
5405.41
5000
4950.5
5102.04
4484.3
4716.98
5479.45
4566.21
4385.97
4651.16
4842.61
4830.92
4773.27
4395.6
4608.3
5376.34
4464.29
4683.84
5633.8
4662
4347.83
4878.05
5012.53
5012.53
5208.33
4819.28
4319.65
2958.58
3149.61
5037.78
4474.27
4819.28
5420.05
5154.64
4338.39
3262.64
2020.2
1748.25
1479.29
1482.58
2317.5
2631.58
3149.61
4597.7
4854.37
4761.9
4545.45
4629.63
5208.33
4987.53
4987.53
5063.29
4728.13
5221.93
5277.04
4357.3
4889.98
5649.72
5263.16
4950.5
5037.78
5319.15
4975.12
4535.15
5050.51
5571.03
5221.93
5154.64
5037.78
4434.59
4683.84
5524.86
5063.29
4914
4282.66
4545.45
5333.33
5167.96
5305.04
4926.11
4975.12
5249.34
5208.33
5249.34
5249.34
4819.28
4545.45
5012.53
5263.16
4301.08
3086.42
2600.78
2976.19
823.384
763.068
1990.05
2534.85
4000
4073.32
4237.29
4608.3
4662
5141.39
4728.13
4587.16
4566.21
4282.66
4987.53
4405.29
4273.5
5076.14
5012.53
5037.78
5167.96
5115.09
4938.27
4319.65
4273.5
5000
5319.15
3616.64
3278.69
3344.48
3115.26
3703.7
3669.72
4056.79
4694.84
4444.44
4728.13
5167.96
5141.39
5050.51
5181.35
5025.13
4901.96
5128.21
4938.27
4246.28
3891.05
4683.84
4975.12
4264.39
4016.06
3831.42
2680.97
1998
2016.13
1008.06
1052.08
2915.45
3710.57
4166.67
4415.01
4246.28
4608.3
5221.93
4474.27
4683.84
5376.34
4291.85
4301.08
4672.9
4784.69
4975.12
4866.18
5141.39
5063.29
4854.37
4854.37
5115.09
4784.69
4819.28
4587.16
4237.29
5025.13
5988.02
6269.59
6349.21
6191.95
5555.56
5449.59
5361.93
5586.59
6329.11
6369.43
6410.26
6472.49
6472.49
6451.61
6493.51
6535.95
6493.51
5917.16
5917.16
6451.61
6472.49
6514.66
6451.61
6369.43
6389.78
6389.78
6389.78
6410.26
5813.95
5899.7
6600.66
6472.49
4424.78
2739.73
1962.71
1768.35
1423.49
1576.04
2400.96
3267.97
5586.59
4784.69
4140.79
4773.27
3853.56
2902.76
2751.03
3533.57
5181.35
4555.81
3968.25
4494.38
5319.15
5141.39
4376.37
4651.16
5449.59
5128.21
4854.37
4975.12
4228.33
3921.57
4424.78
5076.14
5730.66
5390.84
5141.39
5089.06
4246.28
4464.29
5464.48
4750.59
4842.61
5291
5291
5263.16
5249.34
4587.16
4716.98
5449.59
4555.81
4366.81
4535.15
4728.13
5167.96
4376.37
4587.16
4608.3
3590.66
1722.65
1191.19
1231.53
1848.43
3350.08
3577.82
4597.7
4987.53
4073.32
3853.56
4750.59
5494.51
5865.1
5917.16
5115.09
4975.12
5730.66
5970.15
6079.03
6211.18
6250
6289.31
6369.43
6389.78
6410.26
5917.16
5934.72
6514.66
6389.78
5494.51
4739.34
4830.92
5449.59
6060.61
6349.21
6389.78
5730.66
5797.1
6535.95
6535.95
6514.66
5571.03
5235.6
5665.72
5917.16
6172.84
6172.84
5633.8
5714.29
6250
6250
6369.43
6389.78
6289.31
6024.1
5952.38
5865.1
5665.72
3284.07
3200
5263.16
5479.45
5586.59
5602.24
5714.29
5730.66
5617.98
4210.53
3134.8
3502.63
4694.84
5115.09
4962.78
4566.21
4629.63
5037.78
5235.6
5319.15
5333.33
4739.34
4739.34
5405.41
5434.78
5681.82
6153.85
6269.59
6191.95
6191.95
5830.9
5633.8
5376.34
5405.41
3717.47
3305.79
4640.37
5347.59
1055.97
1048.77
5509.64
6060.61
6250
5405.41
5420.05
6116.21
6042.3
5115.09
3649.64
3752.35
4065.04
3984.06
4987.53
5865.1
4784.69
4494.38
5089.06
5277.05
5376.34
5235.6
5464.48
5509.64
5305.04
5235.6
4926.11
4728.13
5405.41
5333.33
4739.34
5141.39
4016.06
3669.73
4158
3663
3766.48
4048.58
4424.78
5141.39
5102.04
5141.39
5305.04
5361.93
4608.3
4347.83
5012.53
5221.93
4842.61
5063.29
5797.1
5730.66
5633.8
5830.9
6079.03
6269.59
6191.95
6006.01
6079.03
5420.05
5434.78
6024.1
6024.1
6289.31
6369.43
6289.31
6289.31
6369.43
6269.59
6230.53
5464.48
4618.94
4149.38
4319.65
4566.21
4395.6
3231.02
3125
4504.5
5235.6
5076.14
5128.21
5649.72
5524.86
5347.59
5479.45
5633.8
5555.56
5571.03
5633.8
5586.59
5235.6
5390.84
6116.21
6329.11
6269.59
6250
6349.21
6172.84
6079.03
6191.95
6269.59
5714.29
5763.69
6472.49
6410.26
6389.78
5221.93
4338.39
4629.63
4504.5
4514.67
5012.53
4683.84
4081.63
4264.39
5000
5167.96
5277.04
397.931
386.772
3649.64
4773.27
5235.6
4739.34
4246.28
4796.16
5025.13
4484.3
4662
5089.06
5361.93
5970.15
6079.03
6024.1
5050.51
4914
5865.1
6134.97
6172.84
6153.85
5934.72
5830.9
6060.61
6191.95
5540.17
5555.56
6191.95
6289.31
6349.21
6153.85
6172.84
6269.59
6289.31
6191.95
5333.33
4728.13
3875.97
3696.86
4024.14
3300.33
490.918
498.256
3642.99
3883.49
4514.67
4950.5
4535.15
4761.9
4484.31
4192.87
4914
4672.9
4587.16
4629.63
4175.37
3992.02
4264.39
4662
4524.89
5025.13
4576.66
4405.29
5141.39
4474.27
4683.84
5602.24
5263.16
4901.96
4504.5
4040.4
4273.5
5208.33
4504.5
4474.27
4683.84
4672.9
4694.84
4819.28
5479.45
4773.27
4662
5089.06
5000
4938.27
3891.05
3642.99
4464.29
3824.09
3787.88
4106.78
3921.57
4192.87
4255.32
4166.67
4132.23
4166.67
4629.63
3546.1
3012.05
3703.7
3267.97
3350.08
4750.59
4950.5
4246.28
3656.31
4032.26
4889.98
4524.89
4246.28
4008.02
3773.59
3891.05
4524.89
4555.81
4728.13
5249.34
4830.92
4901.96
4975.12
5037.78
5221.93
4914
4975.12
5449.59
4608.29
4494.38
4842.61
5063.29
5347.59
4444.44
4694.84
4651.16
4366.81
4914
5000
5037.78
5102.04
5141.39
4464.29
4728.13
5524.86
5291.01
4796.16
4854.37
5167.96
4444.44
4016.06
4140.79
4319.65
3868.47
3418.8
3361.34
3384.09
3322.26
3442.34
3875.97
4210.53
4376.37
4065.04
3891.05
4566.21
5509.64
5899.71
5221.93
4555.81
4219.41
4750.59
5555.56
4796.16
4291.85
4149.38
4716.98
5602.24
5865.1
5208.33
4376.37
4672.9
5050.51
4842.61
4484.31
4796.16
5405.41
5025.13
4347.83
4672.9
5181.35
4914
4464.29
4166.67
4962.78
4761.9
4728.13
5747.13
5464.48
5102.04
4484.31
4319.65
4282.66
4597.7
5464.48
5128.21
4415.01
4694.84
5434.78
4889.98
4878.05
5154.64
4807.69
4950.5
4694.84
4694.84
4705.88
4219.41
3169.57
1394.7
1274.7
1707.94
1831.5
2531.65
3378.38
4089.98
4210.53
4662
5181.35
5249.34
4889.98
4651.16
4424.78
4608.29
4889.98
4728.13
5128.21
4464.29
3968.25
4376.37
4464.29
3766.48
3030.3
2721.09
3086.42
3539.82
4056.79
4796.16
4901.96
5050.51
4385.97
4576.66
5376.34
5012.53
4889.98
4739.34
4854.37
5128.21
4514.67
4228.33
4987.53
5917.16
5277.05
4273.5
4597.7
5263.16
4830.92
4319.65
4040.4
4728.13
5571.03
4140.79
4132.23
4106.78
2057.61
1766.78
1848.43
1648.8
2171.55
3401.36
4123.71
4319.65
4662
4264.39
3853.56
4555.81
4962.78
4830.92
4484.3
4866.18
5102.04
4914
5128.21
4878.05
4237.29
3802.28
3838.77
3816.79
3952.57
4366.81
4291.85
4132.23
4796.16
5361.93
5012.53
4464.29
3952.57
3571.43
3484.32
3759.4
3773.59
4048.58
4366.81
4672.9
5376.34
5181.35
4975.12
5025.13
4484.31
4672.9
4962.78
4866.18
5333.33
4807.69
4878.05
4576.66
4555.81
4640.37
4065.04
3696.86
3565.06
3809.52
3968.25
4132.23
3976.14
3992.02
4366.81
4032.26
3795.07
4000
4140.79
4761.9
4938.27
4662
4228.33
4566.21
5319.15
4618.94
4640.37
5076.14
5319.15
5277.05
5102.04
4566.21
4618.94
5115.09
5025.13
5063.29
5025.13
5050.51
5076.14
5063.29
5037.78
4301.08
4237.29
4357.3
4618.94
5291.01
4975.12
5076.14
4504.5
4566.21
5434.78
5235.6
4694.84
4739.34
5208.33
5263.16
5263.16
5277.04
5305.04
5291
