12.7212
316.556
375.305
436.015
451.365
470.146
459.453
437.445
419.024
467.508
525.348
461.467
399.68
461.574
558.036
548.095
541.859
568.666
583.431
493.583
478.583
544.662
528.262
530.363
558.191
559.91
505.433
465.333
485.319
511.247
530.363
516.396
490.798
498.629
492.854
515.996
577.534
550.055
543.774
591.191
593.472
598.802
499.875
469.043
546.299
565.451
523.56
513.875
571.102
533.618
485.084
517.197
542.888
531.491
439.754
423.191
387.822
403.145
290.023
126.008
132.979
307.456
302.526
306.56
488.52
554.631
561.956
538.648
522.876
405.844
306.466
354.61
496.894
516.396
523.697
453.926
442.576
497.389
502.134
534.616
535.475
515.331
489.956
470.035
494.682
529.521
508.776
492.247
507.743
468.713
462
535.762
588.582
614.062
572.902
507.485
513.215
528.262
552.944
614.628
628.141
607.718
593.12
568.182
507.743
487.092
525.486
564.972
589.449
546.597
496.894
510.986
544.811
511.64
470.256
477.099
496.894
517.464
520.427
512.295
504.923
510.725
517.197
519.886
508.906
502.513
238.92
198.728
235.877
261.233
410.088
504.286
295.029
275.444
435.35
450.653
466.2
499.376
505.817
477.669
464.684
474.947
472.702
470.478
474.608
476.19
478.469
465.766
441.112
438.693
463.285
482.509
494.193
506.457
514.801
502.765
463.607
470.367
506.586
519.346
532.056
543.774
532.198
498.878
482.393
512.952
535.762
512.821
498.878
493.218
457.98
461.148
486.5
472.255
489.476
463.607
325.15
266.596
232.072
118.554
142.41
474.608
482.16
498.008
508.906
515.863
507.614
493.462
456.204
454.236
474.271
488.281
530.926
537.346
516.662
520.562
525.348
502.513
484.144
497.884
526.177
533.333
522.193
507.872
477.897
453.721
452.796
489.117
523.013
516.396
517.464
478.469
467.946
68.9917
68.9917
507.872
502.134
501.253
491.28
490.557
477.327
473.149
514.403
522.193
524.934
535.619
509.944
90.67
85.2152
351.927
450.349
348.371
354.108
469.594
493.949
511.509
507.228
499.376
483.092
490.798
505.817
506.329
502.386
372.856
154.214
160.102
217.628
232.423
250
257.202
475.285
493.218
496.278
484.027
493.097
410.509
377.145
425.804
466.527
487.211
499.002
500.501
496.771
230.548
225.683
451.365
473.149
510.334
500.751
477.897
479.731
409.333
407.332
497.512
488.4
464.576
474.947
108.631
68.2105
121.477
130.039
139.636
372.578
246.488
261.712
426.257
453.001
455.581
263.887
272.963
479.501
407.415
118.991
121.161
258.632
242.131
342.29
352.051
405.186
441.014
459.137
491.763
474.721
476.758
498.505
510.204
452.591
327.6
287.977
337.952
395.335
383.068
393.082
431.313
430.663
339.559
236.463
283.849
484.731
500
487.686
493.705
428.449
293.729
321.854
501.253
542.152
586.854
505.945
448.33
434.405
443.656
529.101
603.318
648.719
524.384
467.946
533.476
530.645
558.503
611.06
582.751
594.177
505.945
476.985
569.638
617.284
179.662
172.682
495.172
253.261
190.913
241.196
302.755
422.654
556.019
525.762
487.805
487.567
493.218
515.73
559.128
568.505
513.479
343.761
357.079
574.548
636.132
638.57
613.309
602.047
514.668
487.805
480.077
493.097
593.824
592.944
596.837
638.57
559.91
529.521
601.685
577.701
537.634
565.131
595.77
610.128
487.686
461.894
575.374
605.144
422.565
381.898
486.027
337.268
336.984
531.773
545.256
497.512
490.076
431.313
422.922
538.068
568.182
573.066
615.385
639.182
562.746
478.126
510.725
614.062
657.03
654.664
645.369
649.773
610.687
458.4
414.25
488.878
513.479
485.084
463.499
489.117
458.716
414.766
445.831
512.952
581.903
583.431
548.546
470.588
479.731
460.617
436.586
508.776
537.924
548.396
497.141
485.909
543.922
585.823
535.619
472.59
493.218
543.922
472.144
482.859
620.925
641.026
642.055
573.394
542.741
384.911
372.648
554.477
538.358
498.008
511.64
494.193
482.625
504.668
506.329
530.082
599.88
649.14
646.831
616.713
537.779
464.36
505.433
611.995
627.746
625.782
640.615
644.953
627.156
507.743
472.59
481.696
463.392
492.368
539.665
577.701
475.964
479.272
546.15
513.479
548.396
589.275
607.349
604.412
564.812
572.902
611.995
631.912
631.313
621.697
631.712
641.643
291.63
282.885
601.685
649.984
572.41
545.554
621.311
600.962
592.066
640.205
614.817
593.296
634.719
668.003
570.125
436.205
430.293
506.714
565.131
575.374
567.859
549.753
570.451
480.423
465.441
599.341
598.802
582.072
600.962
621.697
611.434
475.172
422.119
519.346
618.62
628.338
628.733
611.995
482.044
441.501
520.969
491.401
493.34
577.034
563.38
562.746
515.597
526.177
627.156
641.849
564.812
517.866
559.597
602.228
414.68
396.04
558.036
583.771
507.743
437.158
408.163
428.449
509.424
513.875
512.033
568.182
581.058
558.971
495.909
464.468
510.204
507.614
490.557
542.299
548.546
366.569
308.166
415.11
515.464
520.427
546.747
405.433
351.247
457.561
564.653
581.903
488.162
342.994
348.554
376.719
410.341
544.959
576.701
600.781
471.143
464.037
593.472
586.338
547.945
539.229
561.01
582.751
554.17
547.645
605.51
648.508
643.294
617.665
565.611
564.334
441.794
407.83
523.286
553.403
581.395
599.341
531.067
483.208
520.156
597.193
628.536
629.723
648.929
660.72
648.298
612.557
428.633
427.716
606.244
624.415
604.047
604.047
618.812
627.746
587.717
539.084
534.759
574.053
625
636.943
617.665
596.481
550.206
533.333
601.504
586.166
558.815
589.97
596.125
593.472
537.346
486.381
525.21
588.408
571.429
547.645
579.206
637.146
627.746
505.945
511.247
639.795
645.161
632.111
547.795
524.659
602.954
572.082
558.971
623.83
639.386
626.37
632.511
619.771
574.878
547.945
527.426
554.631
621.891
627.156
619.771
628.931
582.411
535.762
486.027
498.008
591.891
608.458
536.193
497.636
495.54
490.196
490.677
493.218
504.668
514.536
421.674
414.079
482.393
506.201
545.405
564.016
584.454
544.07
529.801
539.957
524.659
522.466
551.724
579.374
529.381
512.82
587.027
478.813
438.212
546.448
601.866
604.412
561.482
509.035
513.479
471.809
467.727
543.478
548.847
559.91
570.613
484.496
358.359
388.802
532.907
559.597
604.412
634.921
593.296
449.843
411.1
488.162
538.793
532.481
538.503
588.755
576.037
438.116
401.526
489.476
578.871
563.698
526.039
537.634
498.132
513.215
539.229
520.698
547.196
575.705
602.228
580.72
483.208
469.594
565.131
504.541
488.162
596.125
618.047
484.614
439.657
522.057
596.125
643.294
534.759
487.448
561.64
522.057
537.057
645.161
633.312
598.623
578.035
583.942
527.426
432.526
457.457
549.753
591.716
617.665
619.963
592.066
535.045
470.256
470.478
543.331
565.291
570.939
606.98
627.943
529.101
462.535
476.644
519.886
597.193
650.618
650.195
305.577
284.01
438.02
468.055
557.569
573.23
616.903
458.295
430.756
555.71
581.903
544.07
531.35
535.189
486.736
497.884
556.328
611.808
645.786
641.026
532.198
460.511
400.962
409.92
491.763
528.681
537.634
506.457
499.75
425.351
434.122
509.295
517.866
536.913
517.866
429.185
355.999
429.185
594.53
555.556
534.902
605.877
646.621
538.358
428.357
452.182
567.859
635.728
658.762
663.35
635.93
507.357
481.348
566.893
455.789
431.499
553.097
595.415
518.807
487.329
555.556
534.331
477.555
517.063
602.228
648.298
501.127
450.45
559.597
605.327
591.191
485.909
439.947
443.066
429.461
469.153
481.696
514.668
601.504
563.38
498.132
490.918
520.427
569.314
617.284
537.346
466.744
502.513
488.759
457.771
502.008
527.844
554.17
588.928
560.067
549.149
565.771
519.751
516.262
598.982
624.415
634.719
630.517
452.899
380.3
418.235
450.45
477.897
490.918
319.03
326.904
516.662
466.309
467.946
555.093
612.745
543.626
506.457
504.796
473.037
477.327
407.332
412.456
468.494
458.926
482.276
512.295
576.535
619.003
529.381
459.242
478.24
530.926
575.871
593.824
631.512
605.877
597.372
453.823
438.116
588.062
587.371
586.682
579.039
578.369
591.716
516.662
440.529
464.576
526.316
533.903
522.33
506.586
442.674
470.81
557.103
538.793
554.939
583.942
605.327
600.24
508.776
500.751
591.541
635.122
561.956
490.076
538.358
498.878
460.193
544.662
596.659
621.697
647.249
561.01
524.109
505.05
473.261
518.001
565.771
600.24
640
640.615
577.534
505.561
518.135
597.907
655.738
652.103
623.636
616.903
602.047
568.505
428.908
440.335
622.859
641.849
428.633
427.259
640.205
534.331
448.934
493.827
602.954
641.643
625.391
633.312
632.511
446.13
378.86
413.479
442.38
495.54
514.933
489.836
452.386
425.713
431.965
414.852
457.561
616.713
484.262
454.856
614.439
614.439
511.509
451.671
503.018
546.001
466.962
483.092
532.34
550.509
578.871
513.479
495.786
496.155
490.076
561.325
618.047
606.061
592.242
570.939
542.152
430.478
448.934
632.711
651.466
654.022
677.277
683.293
685.871
483.442
402.576
492.49
585.309
647.249
640.82
571.265
560.381
522.33
512.033
480.538
506.329
632.911
661.813
670.691
676.361
534.331
491.159
607.533
674.309
573.559
523.286
593.296
618.62
514.536
488.759
571.592
624.805
615.574
526.454
506.971
532.765
458.821
449.741
494.927
504.414
517.197
535.906
577.034
494.071
447.227
546.747
623.636
554.17
480.077
460.087
314.416
328.515
545.256
547.645
556.948
607.903
641.231
538.213
418.936
459.031
600.24
650.83
652.316
651.042
634.115
494.438
472.144
453.412
430.478
512.033
578.871
611.621
495.172
462.749
494.193
386.25
365.564
379.219
327.815
380.373
502.892
443.361
411.438
458.19
415.8
376.577
383.951
359.454
430.108
395.023
348.857
434.405
450.146
479.846
510.856
510.074
360.295
362.779
552.639
548.546
532.198
554.324
605.877
558.347
448.632
436.777
527.983
584.966
525.486
537.346
523.149
445.236
418.848
457.247
548.847
599.341
554.631
364.764
354.045
496.771
461.042
473.261
584.112
590.319
488.52
493.583
618.62
652.529
640.615
570.288
513.479
570.288
558.191
518.538
579.878
548.847
542.446
608.643
520.969
482.742
484.496
498.38
476.417
429.553
430.756
465.766
407.166
372.578
480.538
578.704
629.129
502.892
430.293
384.172
355.24
443.951
553.863
560.695
493.949
432.807
360.166
327.386
316.656
385.134
562.43
521.784
493.827
533.476
331.565
315.457
477.897
455.581
457.98
487.211
517.063
581.734
533.618
504.286
526.454
529.942
547.795
563.539
584.454
589.797
504.032
470.367
418.585
448.43
545.108
491.884
517.331
551.268
548.998
508.13
499.75
563.063
560.538
540.541
571.755
592.066
599.341
497.018
432.059
399.84
432.432
557.258
571.429
564.175
428.816
426.712
488.401
474.721
385.282
396.747
487.924
427.442
485.673
454.03
435.73
451.06
437.158
483.676
514.536
495.663
450.958
438.982
488.281
487.448
440.82
471.698
434.122
424.268
421.763
373.065
422.565
511.247
542.741
578.035
613.685
599.341
587.544
496.278
460.723
524.109
539.229
529.101
504.032
515.464
480.538
424.268
475.398
584.966
625.195
642.261
660.939
635.324
539.52
504.032
566.572
527.704
476.19
452.899
452.796
457.561
477.441
564.016
604.047
532.481
518.941
619.963
642.467
345.901
303.998
458.61
491.28
499.625
537.057
355.051
333.5
502.892
551.116
542.152
533.903
512.164
430.2
455.581
575.54
587.027
604.961
580.72
591.716
430.385
384.615
512.164
568.02
595.593
628.536
609.942
593.296
538.068
437.924
460.405
564.334
609.385
635.526
601.685
590.493
531.067
487.924
473.149
477.897
574.713
651.042
641.026
609.385
498.008
496.032
585.138
508.906
505.051
583.431
569.801
495.786
502.134
587.371
629.921
610.874
517.732
483.91
530.926
327.6
300.571
432.246
492.247
580.383
519.751
427.807
471.698
608.088
638.978
650.83
582.581
558.347
527.565
447.027
496.155
592.066
617.856
644.745
656.814
669.344
664.011
550.509
432.152
454.752
579.542
635.122
652.103
584.966
515.464
472.478
504.414
494.56
466.853
552.486
608.273
598.444
510.074
454.545
471.809
500.751
466.092
460.511
509.814
395.101
366.502
463.392
510.074
472.367
482.742
533.76
448.229
459.982
561.482
607.903
633.914
631.114
558.347
428.082
423.549
543.331
610.128
619.579
604.778
589.275
622.859
448.43
426.712
608.458
662.032
648.298
641.026
630.915
628.733
598.623
467.727
426.712
495.786
565.771
579.71
542.005
465.224
447.127
497.636
477.099
479.272
518.269
521.784
578.369
486.263
471.587
608.088
595.061
520.698
526.87
544.218
432.713
429.277
542.594
575.374
541.565
500.125
517.197
490.076
460.299
496.771
558.347
593.824
591.541
597.372
509.684
449.64
477.897
554.939
619.195
631.313
621.891
591.891
