10.7439
172.891
192.53
200.864
201.491
212.112
161.616
165.03
185.494
179.888
217.652
217.841
217.014
224.921
168.663
173.25
236.1
217.746
201.735
199.045
189.143
196.792
195.848
138.447
103.316
110.791
75.6401
70.1484
125.431
172.013
164.109
127.348
139.189
177.242
120.431
122.699
125.628
88.1407
107.152
132.345
136.463
110.308
93.0839
117.254
134.183
140.796
164.799
216.826
205.888
175.423
190.913
209.424
165.003
178.939
222
218.508
247.127
255.754
190.694
182.999
235.322
222.272
226.526
254.939
237.107
187.354
194.307
237.473
238.977
237.671
225.912
228.833
245.761
228.128
206.697
182.432
135.318
124.085
51.1967
54.5703
210.106
209.6
220.994
233.345
212.382
219.587
239.292
240.385
218.484
217.391
244.021
201.248
198.946
250.847
232.153
227.273
250.031
231.83
218.484
234.522
241.546
232.992
228.493
232.288
231.107
235.627
222.841
197.394
210.77
224.391
213.129
222.866
243.279
208.572
203.108
242.189
235.156
201.816
204.855
200.723
187.021
211.752
208.616
207.254
219.635
225.836
227.015
209.622
215.564
219.587
220.775
227.169
214.339
224.316
251.383
217.297
209.754
238.379
222.519
197.726
197.824
202.634
209.512
222.42
216.567
207.104
221.386
220.337
224.09
234.769
230.282
234.028
233.209
227.972
216.521
234.549
260.926
200.28
189.789
233.291
173.974
163.666
192.92
181.67
196.676
203.77
211.977
229.384
210.593
213.174
213.561
197.844
207.727
229.121
221.754
220.726
237.53
220.459
212.517
240.848
245.429
205.044
209.71
250.91
241.984
225.606
231.321
218.818
218.938
222.99
227.118
246.214
232.802
221.361
205.529
201.207
223.714
235.96
235.183
247.402
211.685
199.94
229.7
229.911
188.626
192.456
213.607
207.62
227.066
226.065
228.05
212.766
210.993
225.073
216.263
227.428
229.463
230.574
237.699
228.076
237.643
253.678
215.657
207.857
240.674
234.247
206.654
221.043
260.722
248.818
217.108
197.103
191.461
195.008
221.337
180.067
167.757
211.26
224.82
237.954
227.764
207.965
222.618
248.818
219.901
200.28
226.193
200.662
171.895
168.364
190.949
206.825
188.768
204.061
217.604
210.593
220.264
224.795
202.922
222.198
245.308
234.494
225.912
225.352
225.2
211.104
223.539
249.969
195.752
184.298
222.568
214.707
216.029
240.442
238.379
188.822
180.099
197.492
184.349
198.847
213.333
199.183
203.231
207.62
222.445
213.561
203.211
212.45
216.263
217.912
227.324
244.111
218.723
208.529
155.654
156.031
229.069
225.378
222.198
222.593
223.589
228.519
228.258
233.645
216.661
220.751
246.033
226.757
220.629
241.196
232.288
214.156
222.643
241.342
218.317
215.68
237.445
233.754
232.207
237.643
223.115
218.771
220.313
215.378
233.454
241.984
231.267
226.809
236.351
214.592
197.824
224.871
251.731
226.193
192.197
190.876
183.857
197.589
234.192
206.271
184.928
214.27
215.308
199.561
223.314
222.05
227.661
224.921
203.169
212.97
231.107
218.245
215.471
239.779
239.693
209.776
221.239
245.791
220.653
227.531
249.004
236.883
226.732
225.479
218.341
226.963
235.849
220.119
231.455
250.973
236.602
216.286
230.044
254.842
215.726
202.286
229.2
190.476
192.938
257.632
218.531
197.707
224.014
223.389
210.15
198.728
182.133
182.665
199.621
204.771
206.398
226.706
228.467
236.323
262.467
203.314
194.704
241.284
223.839
216.755
239.206
217.628
199.88
215.913
228.885
230.734
224.014
233.073
229.7
220.361
233.508
215.285
210.704
215.726
200.541
217.723
252.749
218.364
215.031
254.907
255.984
200.12
191.443
231.777
210.97
184.383
177.841
178.731
194.156
214.087
229.516
224.719
211.104
223.914
248.293
223.589
208.594
236.044
235.488
216.544
230.415
255.297
206.74
196.386
221.705
203.211
217.226
253.325
218.293
195.198
216.732
223.464
210.239
213.516
209.974
216.544
233.263
229.779
229.832
242.836
247.862
220.677
220.434
250.156
230.601
221.656
247.341
235.211
204.583
206.654
206.079
215.75
229.911
164.029
169.707
228.781
212.179
224.316
249.688
227.118
222.346
249.875
240.906
208.965
219.949
254.68
210.593
205.423
250.282
231.054
207.62
221.484
225.2
158.73
158.579
216.544
218.986
220.848
210.283
157.667
160.449
217.297
233.781
221.459
215.378
226.886
240.327
215.61
209.03
242.365
201.796
193.237
202.778
193.855
218.555
197.18
189.681
210.46
180.196
178.524
213.447
210.815
216.146
241.896
213.311
213.516
240.993
210.327
206.911
238.892
245.519
219.974
187.073
190.422
216.92
219.66
227.299
204.102
185.891
200.763
200.642
178.094
166.82
187.336
203.666
170.823
169.463
185.065
192.493
207.254
186.637
183.402
200.341
175.932
176.445
177.022
183.066
189.143
151.343
154.166
167.448
185.874
185.874
186.359
212.044
208.659
186.098
185.546
199.88
190.676
207.383
205.128
184.485
211.06
242.014
245.519
232.883
222.173
225.912
238.892
239.779
215.959
226.347
235.793
208.965
222.941
260.892
232.693
214.454
240.24
247.862
205.571
206.612
248.787
228.938
207.684
223.214
207.104
203.666
235.073
210.482
198.216
208.834
205.804
203.915
215.332
197.609
204.061
228.284
191.92
205.782
251.351
236.602
214.592
223.989
233.046
238.067
240.616
210.859
213.767
225.479
220.459
224.694
231.777
227.894
220.897
243.962
258.365
213.972
193.555
223.514
186.272
180.391
239.006
227.92
210.15
226.449
235.682
239.464
236.798
220.629
232.802
249.688
242.424
235.793
233.291
218.436
188.786
198.708
220.726
176.398
181.653
224.593
203.604
217.675
243.191
194.156
194.382
235.405
226.912
211.932
232.558
222.767
219.539
234.439
218.46
222.37
241.138
236.435
217.865
226.168
236.211
216.263
223.989
252.462
245.459
223.639
231.348
261.643
213.424
191.608
234
245.308
220.726
232.396
228.389
229.753
233.291
215.077
222.025
222.321
214.27
223.739
250.313
231.911
189.681
201.207
203.355
186.029
204.04
193.63
182.033
202.532
153.681
141.054
185.305
220.022
224.391
208.638
224.972
217.96
205.065
219.635
245.038
233.836
213.789
230.044
232.639
219.37
233.454
251.225
242.954
230.574
227.221
226.86
225.632
214.661
213.447
216.661
209.952
228.833
230.601
228.232
232.099
212.789
223.339
243.873
195.542
179.388
206.441
170.242
174.795
233.727
201.816
194.269
220.726
210.327
215.146
237.445
223.889
193.293
194.951
200.421
205.128
224.24
223.939
232.342
217.132
207.211
233.209
253.389
220.361
219.66
253.968
237.727
207.771
211.037
235.294
234.11
224.82
228.311
225.428
223.814
220.726
195.255
203.811
226.603
209.864
221.607
245.489
207.34
201.857
238.209
227.48
216.24
217.297
211.305
194.59
201.613
215.773
206.143
221.19
207.232
211.887
237.501
241.75
245.489
244.738
236.827
224.543
239.866
251.889
213.561
204.415
228.728
220.361
224.416
247.586
244.768
213.538
215.75
252.749
247.097
217.061
221.361
235.433
238.578
226.655
230.494
227.247
229.043
244.349
221.951
218.842
220.751
208.485
220.434
255.787
226.809
213.698
212.427
210.349
223.239
238.01
211.73
170.765
195.618
223.539
222.792
227.842
228.964
231.401
237.164
238.294
213.835
227.842
251.509
190.404
188.947
249.906
188.235
174.657
211.06
217.391
236.127
254.647
243.546
236.127
216.544
221.043
250.313
223.339
222.767
232.207
239.55
236.183
213.151
230.494
250.721
227.092
220.119
226.501
238.407
232.802
236.239
234.082
195.179
209.622
252.175
211.461
188.129
213.538
211.73
219.419
235.766
212.993
219.974
244.379
223.814
220.313
248.324
257.798
210.15
204.311
255.428
227.739
185.943
194.081
198.57
199.86
223.539
210.77
206.186
224.416
215.448
208.355
202.552
196.425
222.148
232.342
210.283
218.603
239.636
214.362
211.685
240.587
206.037
204.897
250.125
216.849
205.318
240.211
165.508
136.902
179.888
219.226
217.581
229.832
233.1
226.989
232.234
211.775
221.337
238.92
215.633
221.656
245.67
239.263
226.603
235.294
256.641
214.777
196.85
229.489
235.018
217.344
208.986
194.723
212.495
247.831
222.123
213.106
210.327
201.816
220.872
234.028
214.339
214.133
243.013
256.148
227.092
229.595
261.438
220.556
192.753
220.167
232.775
202.737
196.309
201.227
221.092
230.309
215.983
221.043
243.665
231.455
216.099
226.142
208.398
209.71
237.389
236.967
213.744
220.289
242.277
230.84
211.126
225.023
233.209
209.622
218.007
202.675
205.17
225.963
204.604
209.161
233.291
231.107
227.247
203.562
188.501
219.274
250.501
262.398
211.26
202.327
246.609
240.356
195.695
198.708
216.146
191.479
188.359
202.204
198.669
202.327
218.627
232.883
233.645
214.984
233.291
243.694
210.526
211.551
237.361
208.681
206.74
241.138
233.399
209.71
213.083
220.872
224.09
232.883
239.866
235.405
233.209
236.518
223.814
213.95
198.748
192.252
213.881
225.352
197.981
211.528
253.872
220.653
207.275
233.672
236.49
214.27
208.79
190.712
199.144
200.06
177.715
215.054
234.852
200.3
205.74
224.593
187.988
198.669
245.791
209.402
211.484
249.813
243.457
213.174
222.346
254.745
219.563
204.29
232.612
219.635
201.41
215.054
214.984
219.37
223.065
200.642
211.595
227.661
209.468
213.083
224.795
205.002
202.655
231.965
207.189
205.444
222.866
208.877
196.483
186.376
188.573
193.087
205.782
193.461
192.123
220.07
201.979
210.305
226.809
206.868
214.707
223.889
191.939
196.773
238.095
220.192
213.493
222.866
203.542
205.402
238.72
230.627
214.179
222.568
223.14
234.137
229.568
205.994
203.273
208.572
192.641
200.985
236.044
207.254
205.931
228.18
195.408
200.985
242.925
235.849
211.663
220.046
253.646
214.454
166.806
187.882
215.82
204.269
176.647
188.573
233.127
212.857
206.697
208.877
194.401
203.231
232.964
200.864
195.313
229.016
233.127
219.998
228.598
235.655
231.107
223.639
224.871
229.043
215.82
225.124
224.871
229.148
231.589
202.614
220.24
245.791
211.149
211.752
240.01
221.754
207.965
223.09
222.198
204.583
200.562
197.844
202.778
216.755
229.859
225.301
212.269
223.189
210.393
208.812
227.79
212.404
215.913
199.084
183.57
204.436
185.082
189.681
229.674
222.965
218.174
217.085
212.495
219.804
213.038
215.517
236.574
232.937
230.92
213.151
213.858
222.469
201.207
201.207
220.775
212.022
210.062
233.182
216.826
205.002
217.51
215.913
211.506
222.519
214.408
195.427
207.104
212.067
209.512
193.48
177.841
181.094
179.905
201.086
197.336
160.154
174.657
217.723
195.255
197.55
220.216
213.789
208.681
214.823
223.289
222.792
229.727
227.894
233.672
226.706
213.584
220.946
234.165
224.467
205.508
217.25
240.356
219.901
219.25
241.4
213.015
216.802
246.883
227.635
205.002
221.508
243.605
241.692
219.611
210.97
228.912
213.265
200
202.634
224.24
235.96
224.492
224.896
226.732
202.614
200.723
231.642
174.932
172.726
231.348
206.207
210.659
252.653
236.742
206.079
206.975
214.846
212.721
224.039
229.991
224.921
218.914
216.732
226.757
230.097
211.372
214.385
236.798
240.703
218.15
219.877
252.462
239.149
214.064
228.493
237.304
232.288
230.894
233.672
238.322
240.183
235.933
218.15
227.661
233.891
201.309
201.654
236.1
212.337
188.911
206.249
176.741
172.087
216.614
194.024
189.825
219.082
223.439
212.698
217.391
215.564
206.122
217.202
212.789
223.714
243.22
227.609
233.945
227.842
197.453
210.416
234.714
229.7
230.044
240.645
250.313
216.638
213.174
250.313
238.209
164.528
148.324
200.04
234.274
234.384
224.871
230.92
236.967
213.675
216.873
210.172
196.021
191.296
210.194
217.061
185.477
176.523
185.168
208.616
202.819
197.55
208.095
203.273
219.853
222.568
206.016
218.627
240.414
208.333
206.548
226.835
193.349
192.345
217.77
188.182
188.893
230.441
218.579
197.746
209.578
214.431
205.212
218.293
217.297
219.346
227.221
206.932
213.47
241.022
225.048
221.926
244.29
242.189
224.014
225.175
245.761
217.912
199.82
209.49
212.359
208.225
199.96
191.755
193.05
216.053
220.24
222.123
221.926
197.414
211.64
222.668
215.75
233.209
233.699
205.065
206.569
239.349
237.023
207.684
211.618
242.483
200.08
201.086
251.636
229.148
208.899
223.689
241.604
238.892
224.391
197.044
202.922
219.178
208.746
218.866
236.742
212.608
206.612
219.78
204.771
216.169
230.76
219.515
202.143
198.629
178.492
178.54
221.951
209.644
204.625
216.661
200.904
216.967
230.84
194.989
196.175
229.885
211.149
209.49
240.703
213.288
208.247
233.945
224.417
208.117
221.484
239.234
229.885
208.551
216.661
213.858
198.079
223.914
230.176
231.857
228.389
215.517
235.045
249.097
229.727
223.189
242.807
221.41
