2.83228
14.5499
15.1166
17.7971
16.9965
16.6902
20.5406
21.7136
20.5776
21.0077
22.8744
22.479
21.9937
21.5785
21.7228
22.0794
22.0753
21.1216
20.8312
22.0926
22.0729
21.8167
21.2341
21.1656
21.9101
21.9339
21.079
21.1519
22.2215
22.3147
21.0265
20.8158
21.8248
22.2341
22.5091
20.8492
20.6834
22.1192
22.3871
21.8965
21.0573
21.3972
22.0155
22.0911
20.1662
19.1972
19.0831
18.4538
18.4778
19.2658
19.3379
19.5783
20.7943
21.2852
22.1398
22.3434
21.1401
20.9681
21.4929
21.7096
22.0374
21.252
20.7089
20.9253
21.8167
21.7221
20.6868
20.7773
21.5592
22.1457
21.4777
21.0517
20.5744
20.3793
21.2664
21.1506
21.3895
21.68
21.6722
21.5098
21.4482
21.6654
21.6567
20.6644
20.4541
21.5019
21.9484
21.5841
20.5766
20.8877
21.7576
21.5047
19.4282
17.3531
17.9632
19.8401
18.9437
18.0566
17.947
19.0179
20.3333
20.9782
21.707
21.2836
20.6582
20.3066
20.8738
21.2434
20.9795
20.9039
21.143
21.038
21.1475
19.7486
20.0997
21.7879
21.3659
21.1768
20.3527
20.6469
21.7214
21.5952
20.6684
20.4407
20.9635
21.1515
21.1419
20.3304
20.483
21.1408
21.0566
20.2079
20.3017
20.2998
19.9591
19.9211
20.4084
21.1282
20.969
20.7344
20.2122
20.847
20.9002
20.6407
20.5013
20.3029
20.6445
20.6303
20.2456
20.4323
21.0303
20.6496
20.089
20.6484
20.3842
20.21
20.5191
20.3886
20.8299
20.2126
20.3279
19.4899
19.755
21.386
21.0662
20.3797
19.9201
21.0159
21.5994
20.1538
19.9171
20.5544
20.4641
20.3838
20.011
19.5781
19.7141
20.3417
19.78
18.6119
18.8395
18.4067
17.3733
17.6426
17.7228
17.4131
18.7557
20.2124
20.4985
19.7738
19.477
20.1469
20.2737
20.3612
18.6362
18.7503
20.2914
20.0106
19.608
19.7369
20.2723
20.3548
19.773
19.7816
19.7126
19.7147
19.8342
19.9285
20.09
19.9844
19.6591
19.5368
19.5823
19.16
18.9217
19.3832
20.2969
20.1227
18.8891
18.9541
19.7783
20.023
19.474
19.2057
19.7013
19.93
19.8346
19.006
19.2643
19.9635
18.8667
18.7505
19.5314
19.1477
18.8761
19.2001
20.0594
20.1733
18.8711
18.9937
19.8324
19.4776
18.4447
18.3488
18.5962
17.373
16.4309
16.9322
18.0086
18.5216
18.7896
18.7818
19.0685
18.5751
18.3405
19.197
19.4492
19.3714
18.6218
18.2901
18.9998
18.9694
19.1073
19.265
18.3301
18.1483
18.6274
18.5259
18.9609
18.7508
17.9348
18.4361
17.9808
17.8658
19.4203
19.3474
19.0129
18.1609
18.2742
19.1465
18.4568
17.9791
18.5142
18.8278
18.6029
18.394
18.3781
18.8754
18.4228
17.8063
16.9663
16.2184
16.2739
16.9879
16.6983
15.5134
15.7594
17.2548
17.904
17.5772
17.9682
18.9217
18.5529
17.6677
17.9343
18.3237
17.3587
17.0179
18.2279
18.6095
17.907
18.144
18.6234
18.2974
17.9115
18.1199
18.267
18.3409
18.2467
18.1038
18.3591
18.0961
18.0198
18.2592
17.7737
17.4025
18.0054
18.5098
18.6301
17.5296
17.7033
18.8596
18.2487
17.6863
18.1168
18.3984
17.6941
17.967
17.9927
17.8156
17.4925
17.3393
17.5988
17.3354
17.7781
18.3377
18.4613
17.625
17.1792
17.8726
17.6438
16.8202
17.3611
18.2124
17.9139
17.1984
17.301
18.0378
17.186
15.8048
15.2843
14.8404
14.5709
15.1985
16.4887
17.1069
17.2368
17.7481
17.2716
17.1656
17.5056
17.4161
16.7532
17.0705
17.5637
16.9667
16.7949
17.055
17.5597
17.0838
17.2922
18.2822
17.7653
16.8481
17.3289
18.0034
17.7027
16.8803
17.2233
17.9229
17.351
16.9752
17.4918
18.0015
16.0592
15.8492
17.6491
17.6739
17.1499
17.1948
17.4837
17.0685
17.1418
17.3453
16.581
16.8628
17.5525
17.3569
17.051
17.0221
17.5256
16.6008
15.8825
16.8927
17.8044
17.3507
17.0348
17.3955
17.8004
16.1667
15.1027
15.4616
14.9195
14.7309
15.7721
16.5696
16.5802
16.7478
16.8734
16.7836
16.837
17.1941
16.8711
16.3034
16.8152
17.426
16.7371
16.3046
16.7335
17.0939
16.5248
16.3415
16.826
16.4796
15.9996
16.3726
16.8445
15.9134
15.9921
17.0174
16.5968
16.1123
16.3844
17.1157
15.1609
14.4495
16.2786
16.4434
16.4514
17.2338
16.2664
15.7618
16.6356
16.5304
16.2234
16.5787
16.9653
16.7223
16.1381
16.2775
16.3906
14.5488
14.1508
13.9692
13.701
14.7998
15.9523
16.5684
16.3659
16.6492
16.3181
16.1685
16.4756
16.3207
16.4898
16.7856
16.8454
15.6852
15.8534
16.855
15.6366
14.7897
15.6151
15.8114
15.4853
15.6027
15.9626
14.814
14.5349
15.6956
15.5648
15.7868
15.9815
15.8043
16.2352
16.1396
15.3387
15.3498
15.6094
15.6213
15.4437
15.856
16.039
15.3068
15.4089
16.3694
15.6656
15.591
16.1992
15.6783
15.1578
15.637
16.2583
14.9858
15.1189
16.4811
15.9047
15.6084
15.9294
15.3539
15.2864
15.5993
15.4391
15.3244
15.7089
15.7561
15.4407
15.4221
15.2892
14.4053
14.4441
15.0116
13.8635
13.7093
13.4701
12.9913
14.336
15.0459
15.0623
15.7516
15.2094
14.9174
15.4675
15.2185
14.7137
15.4313
15.8133
14.9507
14.8948
15.855
15.5041
15.0934
15.5196
15.5913
15.4114
15.5615
15.5441
15.509
15.5157
14.7343
14.7139
15.4011
15.4817
14.8272
14.9867
15.5653
14.8604
14.9628
15.6176
15.0071
14.848
15.3808
14.991
14.9096
15.1289
14.717
14.9842
15.5158
15.7953
15.227
14.9413
14.0073
13.5354
13.6723
12.9816
13.9532
14.8279
14.8321
15.0842
15.1355
15.3225
15.2986
15.0536
15.034
14.9504
14.6966
14.7139
14.9102
15.316
15.1949
14.7229
14.7153
15.3158
14.3515
14.6136
15.8607
14.359
14.2088
15.0096
14.5396
14.3192
13.7528
12.6245
12.6078
12.9196
13.9008
15.3261
14.3185
14.1025
14.9191
14.6716
14.9954
15.3869
14.1049
14.1264
15.295
14.6078
14.433
14.8295
14.3675
14.2034
14.5694
13.8095
13.7376
14.7911
14.5745
14.4533
15.1072
14.6778
14.2605
14.7779
14.6736
14.417
14.4953
13.7983
14.2585
15.0286
14.2781
14.0929
14.4868
14.5062
14.4499
14.8914
14.9695
14.564
14.3749
14.7106
13.8161
12.7206
12.2806
12.5156
13.8443
14.3982
14.5084
14.3823
13.9144
14.3944
14.4973
14.1554
14.5584
14.807
14.1664
14.1803
14.3648
13.308
13.2399
14.0194
14.2164
14.2342
14.0408
14.3795
14.8166
13.8486
13.6252
14.4716
14.2699
14.1573
14.3544
14.211
14.0983
14.0639
13.8933
14.1712
14.3968
13.8985
13.9856
14.4548
14.0148
13.929
14.2532
13.793
14.0427
14.4425
13.2878
13.2595
13.7391
13.3925
12.6775
11.8134
12.8141
14.2548
13.7136
13.7029
14.2591
13.2215
13.4189
14.4539
13.2765
13.3562
14.3052
13.7488
13.6337
13.9559
13.5801
13.7845
14.0631
13.8296
13.7865
14.0053
14.0483
13.5687
13.0536
13.4421
14.236
13.7365
13.5258
14.1592
13.8794
13.4179
13.6964
13.6762
13.7803
13.4865
12.7688
13.5201
12.8201
12.0926
13.5077
14.1866
13.8762
13.6629
13.4624
13.5159
12.7944
12.1759
12.8983
13.4024
12.1222
11.3801
11.8499
13.0908
13.9185
13.1758
13.2972
13.8477
13.63
13.4032
13.5471
13.5816
13.6605
13.0407
13.1608
13.789
13.2779
13.3374
13.7967
13.409
13.2638
13.5798
12.8949
12.9359
13.1776
12.8812
13.3589
13.3613
13.3983
13.7945
13.4523
13.2536
13.2397
12.9613
13.1117
13.1244
13.1489
13.2784
12.8854
12.7843
13.2011
12.678
12.7471
13.4645
13.2595
13.315
12.9514
12.9802
13.4989
13.0946
13.0129
13.5987
12.715
12.3177
13.0135
13.1699
13.4131
13.0185
13.041
13.6754
13.2
12.9681
13.4209
13.0732
13.0267
13.1877
12.8213
13.1152
12.8282
11.8575
11.4782
11.5602
12.3788
12.8893
12.9064
13.3169
12.9146
12.9587
13.0023
12.4418
12.7516
12.8002
12.7586
13.2626
13.1496
13.0609
12.8904
13.0169
13.5183
12.9763
12.8289
12.5454
12.1376
12.9349
13.1474
13.0872
13.3248
12.7406
12.9488
13.1971
12.7633
12.9369
12.6442
12.6302
12.5315
12.0421
12.7931
12.8906
12.9735
13.1841
12.0236
12.0915
12.5516
12.5494
12.9937
12.8942
12.5163
12.5754
12.5883
12.6185
12.5929
12.5308
12.819
12.5993
12.6475
12.7658
12.6484
12.6598
12.3292
12.3311
12.8858
12.8139
12.3801
12.5896
13.0182
12.9734
12.405
12.4383
12.7824
12.5632
12.5377
11.6734
11.8794
13.0355
12.4247
12.4215
12.8938
13.0536
12.9726
12.3175
12.4041
12.8158
12.3975
12.4815
12.7672
12.233
12.2307
12.1378
12.0668
12.7236
12.3989
12.3469
12.5258
12.3667
12.3875
12.1021
12.0948
12.0839
12.2281
12.8886
12.5373
12.2448
12.2524
12.2903
12.7075
12.1839
12.0608
12.5096
12.2867
11.8411
11.8653
12.4814
12.6399
12.1195
11.9663
12.0105
12.326
12.4452
11.863
12.0939
11.7504
11.5853
12.0798
11.929
12.3365
11.9253
11.2267
11.5933
11.8342
11.6023
11.0373
11.2782
11.4952
11.65
12.3625
11.8164
11.8975
12.5358
12.171
12.3681
12.4755
12.3322
12.5242
12.1258
12.1686
11.8621
11.8847
12.2199
12.0784
12.2736
11.8178
11.885
12.1196
11.7334
11.9491
11.8902
11.9019
11.6124
11.3614
12.1174
11.9241
11.7766
12.0905
11.926
12.1881
12.2551
12.1445
12.067
11.8885
11.9568
11.6452
11.9782
12.0755
11.8349
12.1293
11.9996
12.1151
12.2497
12.0079
12.2656
12.2043
11.61
11.8492
12.5161
12.6891
11.8845
11.8281
12.3828
12.0283
12.0532
11.7859
11.7608
11.7365
11.6777
12.2206
11.5828
11.4972
11.5068
11.4668
12.1078
11.8008
11.8839
11.793
11.5966
11.5798
11.4559
11.8438
11.9099
11.6943
10.9168
10.9658
11.5458
11.4105
11.5892
10.9736
11.1954
11.8761
11.6518
12.2683
11.9165
11.5205
11.6141
11.7131
11.7788
11.8184
11.7601
11.2351
11.3358
11.3068
11.5652
12.0279
11.489
11.6011
11.9838
11.7581
11.6672
11.1779
11.3272
11.5852
11.2817
11.3961
11.4813
11.8629
11.5321
11.4071
11.6587
11.3145
10.684
10.4408
10.7043
10.6003
10.3521
10.2314
10.9147
11.6239
11.518
11.2632
11.3287
12.0032
11.6629
10.8231
10.4298
11.0722
11.9077
11.5579
11.4586
10.964
11.0615
11.4085
11.268
11.3345
11.0375
11.411
11.1495
11.0038
11.5455
11.5552
11.8521
11.5159
11.386
11.4172
11.1812
11.434
11.3913
11.0878
10.535
10.3769
10.6504
11.1265
10.801
10.4762
10.9376
10.9247
10.9129
10.9284
10.7148
10.8504
11.4625
11.3884
11.2286
11.1737
11.1045
11.44
11.1952
11.3567
11.6744
11.0922
11.1742
11.0932
11.1295
11.1547
11.1093
11.393
11.4334
11.3356
11.1088
11.276
10.6728
10.6457
11.3166
11.2747
11.2691
11.2036
11.3722
11.1445
11.0705
10.9507
10.8746
10.9646
10.6564
11.026
11.2621
11.4058
10.9702
10.9082
10.635
10.2047
10.2062
10.154
10.2187
10.5866
11.1912
10.8515
11.0246
10.9162
10.6512
11.2378
11.5124
11.3742
11.0459
10.6093
10.5111
11.0141
11.052
10.8834
11.28
10.7619
10.5312
10.5048
10.3185
10.1087
10.0582
10.0824
10.5359
11.1437
11.0294
10.89
10.4008
10.8223
11.0366
10.9724
10.9759
10.6966
11.1736
11.2546
11.2034
10.5916
10.5322
11.4101
11.359
11.2678
10.8798
11.0025
11.113
10.9099
11.1576
11.2321
11.4089
10.9715
11.1188
11.3505
11.1008
10.6775
10.1911
10.084
10.233
10.3017
10.3097
10.5322
10.6389
10.8354
10.4135
10.3987
10.5378
8.9125
8.4122
8.92001
9.38086
9.93823
10.3116
10.8614
11.0084
11.1861
10.7755
10.6535
10.7191
10.9032
11.1049
10.951
10.5487
10.3704
10.7699
10.5041
10.7903
11.0849
10.9817
11.1062
11.0118
10.8348
10.7242
9.91537
9.38782
10.0205
10.216
9.93562
9.85435
10.3129
10.8366
10.8294
10.715
10.6132
10.7753
10.4282
10.2503
10.0709
9.67553
9.95272
10.2942
10.0327
10.1412
10.1776
10.007
10.0396
10.0041
10.0368
10.1952
10.0749
9.90486
10.2433
10.5017
10.4557
9.27304
8.84721
9.10643
8.92841
9.42227
9.8845
9.99186
9.97307
9.95421
8.98105
8.57082
9.26484
10.1027
10.7425
10.1595
10.1691
11.0593
10.9253
10.5927
10.9766
10.4489
10.4599
9.51964
9.24484
10.218
10.1289
9.45747
8.53997
9.09136
10.2957
9.7371
9.72186
10.5062
10.5369
10.0001
9.7788
9.83661
9.92664
10.0942
10.1247
10.1738
10.1046
10.1236
10.4818
9.59536
8.99171
9.73473
10.0506
10.0174
9.98004
10.0466
9.61469
9.13572
9.46911
9.70591
9.45966
9.61155
10.0437
9.96974
9.95599
10.2141
10.1633
10.2086
9.9456
9.78622
9.74497
9.90796
10.0647
9.72105
9.81523
10.2162
10.0882
9.79677
9.62747
9.92019
10.3614
10.3553
10.3124
10.4513
10.4118
10.2031
10.1128
10.129
10.0633
10.0196
10.1589
10.2388
10.4903
10.2271
9.84039
9.65782
9.81027
9.8312
9.66342
9.38342
9.84097
9.86276
9.59477
9.45434
9.32662
9.47688
9.298
9.54677
9.68274
9.66978
9.70384
9.70954
9.68495
9.33184
9.33955
9.58975
9.28656
9.07252
9.18295
9.54581
9.59357
9.6918
9.55836
9.28359
9.19938
9.46226
9.51556
9.40384
9.61344
9.64381
9.47521
9.21956
9.27911
9.54677
9.55689
9.3887
9.12305
9.09765
9.2395
9.44336
9.66599
9.9616
9.97959
9.72517
9.50227
9.50706
9.46844
8.92646
9.01917
8.98368
8.84924
8.9127
9.1353
9.1851
9.22182
9.14357
9.25767
9.55922
9.3936
9.0162
8.98404
9.18413
9.12571
9.10075
8.94266
9.30652
9.29662
9.29403
9.45752
9.17705
9.26784
9.49239
9.48254
9.51303
9.11145
9.11295
9.39311
9.25682
9.3204
9.1591
9.17629
9.19185
8.71722
8.72406
9.26814
9.39055
9.32927
9.26681
9.3832
9.42551
9.34986
9.22858
9.04908
8.86776
8.46851
8.19961
8.2513
8.60707
9.25789
9.38443
9.04061
9.32149
9.65316
9.27756
8.97815
