3.16448
14.1766
18.2702
25.01
24.5083
23.777
18.7936
19.908
27.8474
28.7675
27.8102
26.6884
26.5241
27.2187
27.4854
26.9309
26.8125
26.3425
26.2254
26.9745
26.6042
26.2161
26.6454
26.7294
27.0603
27.7758
27.5387
27.2138
26.7806
26.1739
26.9625
27.8145
26.7301
26.5844
26.3137
26.7541
27.5005
26.7137
26.9458
26.7928
25.8131
26.2515
27.1913
27.1017
27.3834
25.4605
24.5715
26.8104
26.5622
25.1918
23.8407
23.0471
23.3579
25.5421
26.9589
25.4605
24.4547
24.2713
24.4606
24.5203
24.7681
24.1856
24.5909
26.5414
27.6499
27.4582
26.9183
26.4992
26.8752
27.7554
27.9236
26.9038
25.9693
26.1551
26.5115
26.6692
27.0325
27.3819
25.5167
25.6865
27.5919
27.6794
27.8315
27.6178
25.2458
24.9719
27.5702
27.5501
27.5296
26.2557
25.3946
26.2206
26.6805
27.1194
26.8908
25.7404
25.9339
27.1518
26.8309
26.7344
27.1183
26.8079
26.7373
27.0566
27.6442
27.513
26.2271
25.8548
26.7151
27.7573
27.7913
26.3929
25.6193
26.5154
27.3082
27.757
27.0559
26.4414
26.6905
26.4743
26.5449
26.6457
26.2443
25.4576
25.4026
25.9814
26.4396
26.7516
25.6951
25.7599
26.5066
26.3685
27.3373
26.9031
25.9229
26.7516
27.2142
26.7301
26.8521
25.9592
25.8218
26.7465
26.5301
26.8111
26.8821
25.6509
25.9202
26.7001
26.7269
26.6446
24.8926
24.2913
25.5611
26.7251
26.5904
25.6443
25.7347
26.6766
27.3958
27.1061
26.2164
24.8868
24.9029
26.4683
26.8759
26.841
25.1566
24.0561
25.5209
24.7822
23.7099
23.8663
22.3959
23.2951
25.5921
25.4881
24.446
24.1147
25.6842
26.9836
26.6039
26.2017
25.3229
25.3717
26.4655
26.5467
25.9383
25.0019
25.3181
25.9346
26.0868
25.9683
25.702
25.2573
25.8108
26.5594
26.5696
26.5876
25.1462
24.6275
25.8311
25.0821
24.5218
25.0072
25.1699
26.0362
26.2902
26.418
25.7778
24.7304
25.2902
26.3703
25.9067
24.9473
24.8992
25.6239
26.2391
26.5805
26.7144
24.6114
24.1826
25.6667
25.9528
25.3136
23.9733
23.6958
23.6801
23.4351
22.8063
21.815
22.0495
22.066
21.4112
22.9037
24.2327
24.2559
25.5249
25.7885
24.7115
24.4933
24.8707
25.4391
26.0305
25.5712
24.8475
25.4379
25.4884
24.9333
25.7248
24.7764
24.291
23.9418
23.749
24.9987
24.6636
24.8084
25.2688
25.1557
25.1769
24.2354
24.3647
25.2787
25.0091
24.8139
24.0489
24.2854
25.4605
25.0671
24.656
23.1709
23.1511
24.825
24.9364
25.3579
24.4879
23.8732
25.1867
26.5421
26.5087
24.7228
24.1281
24.4126
24.7436
25.3579
24.5342
24.7127
25.7569
24.9482
24.8892
25.236
24.5652
24.4639
25.1762
25.1225
24.3677
24.4343
24.4813
24.7362
25.0391
25.1962
24.0906
23.3076
24.9433
25.7612
24.5733
22.5162
23.0569
24.7699
24.4406
22.9048
20.9707
21.2836
21.6289
21.9063
21.6711
21.427
21.4659
22.5767
24.4227
22.9229
23.5802
24.9613
24.5782
24.3463
22.4361
22.4039
24.0214
24.2657
24.5209
24.2963
24.0408
23.7971
23.9975
24.5254
23.9429
24.2254
24.4305
24.2427
24.1438
23.486
23.7507
24.0416
24.1622
23.0232
22.8859
24.3885
24.1955
22.539
22.0488
22.9529
24.3766
24.6078
23.7877
23.6723
23.4678
24.1237
24.2639
23.6583
23.0224
23.2994
24.7329
24.5709
23.932
23.4395
23.7674
24.133
24.2996
23.1099
22.6526
23.9636
23.9909
23.175
21.8577
21.8169
21.9411
21.1026
19.7155
18.7294
19.6363
21.8929
23.3399
23.2366
23.3184
23.7349
23.6222
22.9764
22.6398
23.2918
24.1625
23.5671
22.6086
23.1852
23.6331
23.3765
22.8014
22.0136
22.9479
24.0981
24.0053
23.092
22.4578
23.3367
23.548
23.6558
23.9037
22.087
22.0257
23.3683
23.6485
22.9555
22.1589
23.0099
23.3536
22.4178
21.9305
22.8279
22.5286
22.4384
24.263
23.7883
23.2526
23.8388
23.6899
23.1398
22.3894
22.6293
23.4467
23.2067
21.8584
21.9911
23.2261
23.5427
23.1278
22.4734
22.6927
23.1559
23.075
22.7386
21.9848
21.352
22.4866
23.3855
22.6104
21.8787
21.7429
22.4321
23.172
22.1668
21.4041
22.6956
23.3798
23.3814
22.8188
22.0914
22.3886
23.2645
23.0715
21.6877
22.1673
23.1567
22.6542
18.8368
17.8875
19.7248
19.5819
19.1738
20.4522
22.4906
23.0229
23.5214
21.1793
21.095
23.0216
22.8647
23.0878
22.2425
21.9998
22.7993
23.2842
22.0721
21.2064
22.2638
22.4886
21.4424
21.4844
22.2936
22.2462
22.6257
22.2554
21.6172
21.937
22.2948
21.6495
21.019
21.4786
22.4611
22.8284
21.8481
21.132
21.1815
22.1875
22.1239
20.5326
21.0879
22.9092
22.8574
21.8017
21.3833
21.7948
21.9423
21.8305
21.5264
22.1004
22.8689
22.2705
21.9149
21.9452
22.0658
22.059
21.856
21.2049
21.3022
22.2146
21.6699
20.7851
21.1432
22.0003
21.309
20.4721
20.8249
21.5736
21.8744
21.9462
21.3897
20.7827
21.5352
22.1036
22.0792
21.6336
21.3789
21.6006
22.3546
22.2849
21.2172
21.177
21.5852
21.592
20.7132
20.5787
21.609
21.489
20.993
21.3322
21.7045
22.1097
21.8613
19.9053
18.8193
19.0056
18.1381
17.5334
18.4543
18.9906
19.2769
20.7265
21.1638
20.9983
20.9229
20.7937
20.7179
21.0611
21.3272
20.3132
20.9089
22.1256
21.3488
20.2626
20.3019
21.5675
22.1379
21.16
20.3849
20.8277
21.8735
22.1604
20.7598
20.3664
21.8022
22.2356
20.6693
19.5427
20.5785
21.6338
21.2934
20.0781
20.3469
21.1544
21.5785
21.1676
20.9589
21.2838
21.1441
21.228
20.6158
20.7555
21.4385
21.1166
20.0443
20.4055
21.4795
20.7432
19.4233
19.7533
20.8227
21.2294
19.581
19.4082
21.0682
21.2276
20.5609
20.1205
20.7217
20.8153
20.3853
19.6636
19.9279
20.8751
20.8067
20.0813
19.9649
20.4645
20.1704
19.4396
20.003
20.8923
20.7177
20.484
20.404
20.8818
20.5067
20.2638
20.4346
20.3577
20.5649
20.9369
19.7773
19.5576
21.025
21.24
19.3267
18.487
18.473
18.3043
18.2942
18.6055
19.1258
18.618
17.943
17.9586
18.6195
18.91
19.406
20.313
20.8736
20.5177
20.01
19.8194
20.2515
20.2813
19.6034
19.5802
19.9784
20.6154
20.6894
19.772
20.1532
20.7396
19.6275
19.1033
19.8458
20.2772
20.6317
20.084
19.8657
20.4539
19.6572
18.864
19.4594
20.4578
20.5544
19.341
18.7271
19.9029
20.0393
18.8654
19.4928
20.5109
20.3988
19.3774
18.7371
19.4659
20.1013
20.1894
19.3364
18.8791
20.2405
20.5143
18.8886
19.1203
20.5147
19.5737
18.5599
19.9533
20.8797
20.1735
19.1461
18.0771
18.1612
18.2191
16.8937
16.5437
17.085
17.6985
18.5256
19.8627
20.8869
20.1013
18.8347
19.377
19.7609
19.7842
18.9145
19.0333
20.6003
20.0397
18.5656
18.5689
20.2889
20.7521
19.9982
19.7305
20.2153
20.4721
20.4284
19.7617
19.6736
19.7231
19.6138
19.3958
19.8981
20.348
19.2097
19.0761
19.6406
20.3409
19.5351
18.3019
18.9995
19.5714
18.3847
16.6536
16.2805
16.1738
15.5158
15.8217
17.0481
18.8589
19.2261
18.5372
19.3872
19.9239
19.6048
19.7543
19.516
18.8437
19.1155
19.4816
20.1755
20.3757
19.6
19.2879
19.7352
19.686
17.9462
18.6365
20.1973
18.1813
17.5044
18.76
19.9436
19.1542
18.8133
19.727
19.615
19.6178
19.3648
19.2167
19.396
19.2378
18.6104
18.7637
18.9473
18.8879
18.9014
18.728
18.0448
17.596
18.8219
19.7155
19.271
17.8749
17.9527
19.0101
19.0807
18.2241
18.0258
18.6595
18.8347
18.0309
18.2071
19.0304
18.5729
17.991
17.1908
16.6614
16.3312
16.6767
16.8316
17.5259
18.5469
18.7961
18.8505
18.77
17.6101
17.6432
19.1217
18.591
18.3097
18.4737
18.9424
18.5117
17.9961
18.7825
19.0731
18.512
18.5822
19.3283
19.0975
18.3827
18.3587
19.0885
19.1514
18.1787
18.3263
19.1576
19.5777
18.0822
17.2068
18.2832
18.0372
17.575
18.4626
18.0203
17.4779
17.6971
17.7401
17.2123
16.0761
16.433
18.396
19.856
18.5915
18.1084
18.5125
18.7206
18.3845
18.2672
18.5069
17.7738
17.2424
17.9854
18.9955
18.5706
18.3185
19.0152
19.1961
18.4286
17.9772
18.3927
18.6315
18.0046
18.3876
19.1617
18.5376
17.4222
17.8307
18.8986
18.8391
18.0143
18.1284
18.8304
18.4289
18.1135
18.3574
18.5843
17.3139
18.062
18.8806
17.8504
17.9627
18.2777
17.7546
16.8739
17.4915
18.2394
18.0167
17.7629
17.9709
18.1385
18.4276
18.2638
18.0492
18.381
18.4374
16.1324
15.5836
16.8638
15.5883
15.4285
16.7177
17.0091
17.0866
17.2695
17.7451
17.3978
17.2885
18.3748
17.9314
17.296
18.2212
18.5211
18.0606
18.383
18.0817
18.3537
17.5789
16.8709
17.7402
17.6924
17.1991
17.1223
17.8613
17.4048
17.066
18.447
18.4189
17.211
17.4773
18.1717
18.1214
17.4946
17.2375
17.6373
17.8396
17.8033
17.5417
17.7008
16.4749
16.6515
18.6958
18.3345
17.4671
17.7143
18.5345
17.7549
16.9687
17.7035
18.3944
17.6646
17.523
17.9536
17.635
17.4111
18.0278
17.6913
15.6691
14.6345
15.0158
15.1864
15.4126
16.4806
17.5823
16.9696
16.8712
17.9927
17.1034
17.2389
17.6888
17.5761
16.9517
16.9671
17.6187
16.7156
17.1338
17.7096
17.6331
17.0943
17.055
18.026
17.7702
17.5207
17.745
18.0023
17.2506
16.9625
17.5953
17.0203
16.4966
16.8288
17.0491
16.6388
16.9122
17.6115
17.3564
17.1122
17.3638
17.9301
17.1502
16.966
18.1987
18.1207
16.6072
16.4942
17.6255
17.3154
16.2715
16.2444
17.0313
16.9523
15.7715
15.4612
15.1426
14.5625
14.7945
15.0737
16.4247
17.852
17.3025
16.4222
16.686
17.4316
16.8211
16.3444
17.3019
17.9134
17.265
16.7849
17.1299
16.7279
16.6836
17.675
17.47
16.7052
17.1019
17.297
15.5792
15.9001
17.1694
16.7602
16.4483
16.3467
16.8377
16.5645
16.4732
16.9785
16.1897
16.4387
17.2087
17.0266
15.8331
15.9549
17.2798
16.2999
16.5546
17.0643
15.7935
15.8864
16.6704
17.2515
16.7246
16.6388
17.1911
16.679
16.5441
16.7221
16.5649
15.3393
14.9906
16.4497
15.3556
14.3669
15.4304
15.2783
15.4981
16.2256
16.3716
15.8545
15.8781
16.9387
15.5717
15.3252
17.0563
16.7128
16.951
17.4874
16.204
15.1979
15.5597
16.4885
16.6153
16.8566
17.4331
16.4535
16.5442
16.7266
16.361
16.3247
16.0254
16.5261
15.3943
15.0973
16.3866
15.9741
15.4564
15.575
15.6793
16.3185
16.9152
17.4409
16.056
15.129
16.4594
16.7384
16.5183
16.303
15.5078
15.8441
16.6127
16.1657
14.5803
13.9593
13.9603
13.5631
13.6391
14.3751
14.9457
15.5411
16.4289
15.8663
15.6469
16.4329
16.7802
16.3167
15.8212
16.1221
15.6307
15.3882
16.5155
16.3765
16.4077
16.8281
15.9944
15.5278
16.308
16.1697
15.1947
15.9001
16.6299
15.4789
15.7994
16.8688
15.2637
15.3033
16.4943
16.0597
16.4276
16.4103
16.4019
15.9641
15.7077
16.6557
15.4941
15.5171
16.6248
15.778
15.5311
15.8619
15.5218
15.2661
15.326
15.8039
15.9913
16.0794
16.0791
14.6732
13.1863
13.1989
13.6386
14.6634
15.6837
14.1476
14.1394
15.2475
15.2229
14.8292
15.4037
15.8174
16.0723
16.7618
15.7813
15.4832
16.261
16.3891
15.6978
15.9245
16.2747
15.5331
15.1372
15.7108
15.6425
15.0664
15.9755
16.2602
15.311
15.6878
16.1045
15.7327
16.4357
16.7818
15.8188
15.5176
15.9761
15.7542
15.1991
15.3997
16.2509
15.6626
15.1161
15.9408
15.5795
15.4453
14.8849
14.2525
15.0252
14.6354
14.1227
14.0521
14.6622
14.8445
15.0795
16.1518
15.3796
16.7063
17.7222
15.8033
15.2319
15.4896
15.928
14.4816
13.7066
14.9654
15.4478
15.3122
15.5
15.301
14.9799
15.766
15.7514
15.4908
15.95
15.4858
14.9691
15.38
15.7395
14.1673
13.3774
13.6775
12.7586
12.3458
14.1697
15.4818
15.6427
15.749
14.9749
14.9701
15.4095
15.0741
15.1928
15.6328
14.733
15.0946
15.8878
15.2155
15.1663
14.7827
14.5564
15.248
15.5998
15.1629
14.2772
14.7382
15.1406
14.9617
14.8976
15.0908
14.6552
14.3211
15.819
13.9822
13.4991
15.9794
15.1041
14.9226
15.5745
14.6465
15.1827
15.3291
15.0883
15.8511
15.7154
14.8388
14.7026
15.1078
15.5435
14.0119
12.8953
13.0657
13.3664
14.3792
13.1235
12.8163
14.9149
15.2357
15.0718
15.5307
14.599
14.5372
15.8269
14.5062
14.0972
15.8122
15.6299
14.7048
14.7335
15.0016
14.6197
14.5617
15.1096
14.6136
14.4809
15.2154
15.1983
15.1871
14.9908
14.2817
14.4339
15.3727
15.0475
14.5734
15.417
15.1852
14.8537
15.3427
14.916
14.8154
15.1355
15.5063
16.1176
15.4707
14.2363
14.8967
15.1975
14.6808
14.8687
14.6771
13.6226
13.5532
13.7061
12.5303
12.639
14.8602
15.4147
14.702
15.4564
14.8506
14.3045
14.9582
14.7635
14.6129
15.4035
15.2128
14.3036
14.7485
15.4635
14.5175
14.5062
15.2198
14.1544
13.9755
14.8862
14.2681
14.2679
15.4316
14.9452
14.6677
15.5825
15.2798
15.0932
15.027
14.5871
14.5482
14.9009
14.5601
14.377
15.1231
15.2142
14.7069
14.7508
15.2519
14.9749
14.809
15.4273
13.519
11.7334
11.5239
12.372
13.9944
14.5222
14.9127
15.3538
14.6826
14.3486
15.1168
14.8955
14.4131
14.8178
14.275
13.7147
14.6903
14.7443
14.4589
14.8381
14.4363
14.5275
15.4055
15.1024
14.2116
14.9061
14.062
13.7717
15.0054
14.3492
14.2961
14.4716
12.9285
13.0026
14.4706
14.0148
14.3539
14.8115
14.2905
14.522
15.2449
14.8711
14.3358
14.8124
14.1503
14.1275
14.6802
13.7353
13.3903
13.7069
13.6825
13.5814
13.7792
13.5135
13.0244
13.2466
14.038
14.6001
14.3714
14.4225
14.6309
14.0653
14.1401
14.2101
14.2487
14.2495
