5.72429
14.0321
15.9867
14.5759
14.0666
18.581
21.1788
21.4742
13.2537
13.2439
21.177
21.2612
20.5778
20.4267
21.2339
21.1175
20.6584
20.9729
20.9916
20.8143
20.8355
20.7497
20.9657
21.4268
20.9142
19.9505
19.7763
20.3872
21.0984
20.862
20.7247
21.5757
21.4954
20.4648
20.536
21.0122
21.5072
21.6795
20.6896
19.3276
18.5544
18.5957
17.9614
18.5211
20.8836
21.3598
19.9704
20.0578
21.256
21.0611
20.62
20.7952
21.095
21.1651
21.1988
21.0289
21.0438
21.4781
21.6067
20.9828
20.6894
21.0595
21.5042
21.0584
20.7989
21.6635
21.3117
20.1613
20.1743
21.0964
21.4832
21.3179
21.0166
20.9345
21.3488
21.6375
21.0666
20.6986
20.9745
21.2524
21.2947
20.4401
20.7967
21.4703
19.5109
17.6459
17.6878
18.7412
18.5893
19.0242
20.929
21.6223
21.3481
20.8773
20.8524
21.2813
21.5061
21.0144
20.7497
21.0688
21.1685
20.9978
20.7976
21.0442
21.4581
21.2141
20.801
20.9207
21.5225
20.9459
20.2086
21.0695
21.4899
21.1986
21.302
20.8069
20.8847
21.6233
21.4901
21.2599
20.7222
19.9376
19.1488
17.9767
17.7475
19.6647
21.403
21.4684
20.4968
19.8421
20.6695
20.8681
20.7941
21.2143
21.0913
21.0757
21.0904
20.8879
21.0005
21.2569
21.5262
21.1071
21.0739
21.0879
21.0504
21.2332
20.9679
21.0022
21.0183
20.6885
20.1977
20.5223
20.8997
20.6684
20.867
21.35
21.4286
21.4814
20.806
20.4756
20.9148
21.2366
21.613
21.0016
20.6288
19.657
18.4698
17.9248
18.7707
20.8108
21.5341
20.1325
19.7174
20.965
21.5899
20.9107
20.7594
21.6277
21.8658
21.5976
21.1276
21.2671
21.0471
21.0595
20.8479
20.7389
21.3047
21.2841
20.5717
20.5907
20.9365
21.3445
21.2741
20.6337
21.0029
21.8613
22.2388
21.6598
20.9593
21.0797
21.6572
21.5445
21.0586
20.6954
19.6825
18.8546
19.171
20.3347
21.2727
21.6833
21.4257
20.4893
20.9214
20.8805
20.5952
20.6222
21.0009
21.1291
20.9641
21.2925
21.1627
21.208
21.4516
21.6746
20.7157
20.658
21.3101
21.3106
20.8864
20.2458
20.7422
21.4818
21.0668
21.0179
20.7082
20.5744
21.2551
21.1663
20.7151
20.8518
21.3684
20.9991
20.7788
20.8675
21.2368
21.6289
20.8877
20.7114
20.4228
18.6741
17.8876
19.4761
20.8653
20.8333
20.1134
19.9116
20.8047
21.5422
21.0584
20.5436
21.1057
21.3286
20.6443
20.0878
20.5099
21.2085
21.2337
20.0898
20.3944
21.1519
21.3056
20.0032
19.5059
21.0608
21.4183
20.5785
20.166
20.439
20.7503
20.912
20.368
20.7678
21.1071
20.8518
20.7749
20.8709
21.169
20.1068
18.826
18.5127
18.5322
19.7009
20.8958
20.9969
21.0245
20.7213
20.9374
20.4436
20.3878
21.1548
21.0868
20.9894
20.7121
20.4648
21.21
21.4975
21.114
21.4929
21.3126
21.118
20.7095
20.9118
21.6779
21.5978
20.9624
20.439
20.3732
20.8028
21.0047
20.4685
21.169
21.7413
21.4952
21.0124
20.6787
20.9883
21.1414
21.3011
20.9481
20.7323
21.0387
20.9868
19.5616
18.6055
18.8021
19.5313
20.5533
20.567
20.7639
21.1797
21.2605
20.8546
21.1698
21.4348
21.2642
21.2651
21.0298
21.3311
21.2348
20.8707
20.9985
21.5866
21.6772
20.6488
20.9188
21.7756
21.656
21.8931
19.9798
19.9471
21.6767
21.2042
20.6328
20.7717
21.0327
21.1997
21.4503
21.0846
21.3938
21.5399
19.9541
17.1221
16.3317
18.2229
20.2675
20.6958
20.8385
21.3575
21.1519
20.366
20.4627
21.1528
21.4509
21.2051
20.7368
21.015
21.2307
21.3504
20.7411
20.8364
21.4673
21.3744
21.4192
20.5451
20.9223
21.7094
20.5624
20.2407
20.7611
20.3722
20.4589
20.6358
20.5375
21.0553
21.5554
20.2083
20.2694
21.2823
21.0617
21.0254
20.7635
21.0292
20.993
19.5605
18.3068
18.6097
19.2044
19.9422
20.1428
20.5994
20.6445
20.425
20.5924
20.5846
21.2974
21.2346
20.9947
20.9422
21.0584
21.0529
21.1894
21.0815
20.9998
21.5339
21.3648
21.0018
20.8032
20.9828
21.3104
20.9437
20.64
20.6135
20.9155
20.9247
20.3471
20.368
20.5179
20.9613
21.056
20.7121
20.552
20.7065
20.8524
20.8592
21.1627
21.0504
20.2936
18.88
18.744
19.2495
18.578
17.6452
18.861
20.8792
21.6455
21.3557
20.8149
20.6539
20.9118
21.5733
20.7329
20.7766
20.8342
20.7097
20.0072
20.1599
21.1741
20.991
20.7768
21.013
21.3707
21.2943
20.5385
20.1007
20.4474
21.1645
21.2813
20.6665
21.1178
21.5313
21.4751
20.5791
20.5804
21.1685
20.5782
18.1752
17.4374
18.8402
20.2073
19.6369
19.1937
20.9705
20.8869
19.6887
20.0588
21.317
21.292
20.7905
20.7702
21.0175
21.0038
20.5236
20.6862
20.9784
21.1909
21.7389
21.5315
21.1004
21.004
21.1714
21.0502
20.7329
21.2594
20.9102
20.1296
20.2998
21.0835
21.3614
20.9694
20.7121
20.5922
21.1622
21.445
21.1748
20.6584
20.8466
21.2344
21.4684
20.6364
18.9159
18.7491
18.7299
18.8074
19.7871
20.6881
21.2431
20.8801
20.8322
21.3024
21.0122
21.4413
21.5204
21.0044
21.3947
21.3552
21.1602
21.4413
21.5285
21.0562
20.6179
20.4344
20.8119
20.9626
20.7987
20.6673
20.656
20.8644
21.2375
21.3388
21.1011
21.087
21.3915
21.0424
20.4712
21.3502
21.5647
19.9651
18.6651
18.6419
18.9934
19.1071
20.0202
21.2877
21.327
21.5038
20.0419
19.7099
21.0011
20.8659
20.5356
20.393
21.0513
21.4011
21.4678
20.8316
20.7166
21.0575
21.0864
20.9015
20.7533
20.9155
21.1158
20.9565
20.3766
20.6795
20.7712
20.7136
21.143
20.6247
20.8205
21.6478
20.8349
20.5242
21.0739
21.268
20.8279
20.4742
20.6624
19.5211
18.2088
18.6759
20.0236
20.9494
20.7542
20.4361
20.4996
20.2175
20.7054
20.5685
20.1953
20.7149
21.1224
20.8884
20.6126
20.7396
20.8442
21.6408
21.1546
20.592
20.9901
21.0586
20.4736
20.1798
20.8286
21.2529
20.6509
20.4217
20.0166
20.1957
21.0256
20.3649
20.5448
21.3815
21.2051
20.958
20.7784
20.4608
20.7222
21.3655
20.6441
20.4355
21.4749
21.3108
19.2103
18.3808
18.3515
18.5796
19.2511
20.0042
20.8794
20.7587
20.1187
20.094
20.8816
21.4404
21.4358
21.1439
21.1862
21.2911
21.3311
20.7699
20.9306
21.2639
21.0194
20.0938
20.0787
20.5582
20.9666
20.6928
19.9784
20.5899
21.0715
21.0522
20.5948
20.6821
20.8751
21.0323
20.7807
20.6892
20.1459
18.4452
17.8209
17.6477
18.434
20.2462
20.6964
20.3324
20.8786
20.4175
20.2004
20.5768
20.8533
21.2398
21.1026
20.4388
20.4228
21.4767
21.3486
21.038
20.5236
20.5916
21.1916
20.8764
20.8052
20.8644
20.8775
20.7954
19.8813
20.5617
20.8753
20.3004
20.4259
20.4884
21.3179
21.568
21.3831
20.7646
20.7665
21.0509
21.3254
20.8908
20.5791
20.9989
20.2476
18.9572
17.8126
18.31
20.1473
20.6043
19.2632
19.5973
20.8529
20.9225
20.1371
20.029
21.0278
21.2051
20.7211
20.8344
21.124
20.5278
20.5793
20.745
20.8973
21.2049
20.6373
20.5611
21.1374
21.0684
21.0642
20.5533
20.2086
20.7061
21.008
20.5958
20.62
20.9582
20.9657
20.5575
19.7095
19.7241
19.2912
18.0815
18.478
20.2493
20.9496
21.1363
20.313
20.2673
21.1446
20.0415
19.537
20.6712
21.2179
20.8309
20.6481
20.8431
21.3201
21.2734
20.8731
20.443
20.6016
21.3616
21.1303
20.3633
20.6079
21.2868
21.0256
20.0515
20.0507
21.0161
21.0635
20.3496
20.3616
20.8188
21.2863
20.7394
20.2534
20.991
21.3061
20.7031
20.36
20.847
21.2148
20.958
19.2769
18.3068
18.413
19.5358
20.8494
20.8768
20.5299
20.5495
20.4459
20.4401
20.7469
21.0491
20.8546
20.5413
21.1102
21.1229
20.7814
20.2928
20.3932
21.2258
21.4059
20.6381
20.6594
20.9135
20.8403
20.456
20.7396
20.5202
20.2513
20.3314
20.2169
20.7286
21.0197
21.1164
20.1104
20.372
20.9135
20.6646
20.4478
20.1886
20.8965
20.9269
19.4245
18.7843
18.4648
18.552
19.8541
19.5179
19.6437
21.0108
21.0053
20.1452
20.3037
21.19
21.2307
20.901
20.7499
21.1343
21.3714
20.7564
20.6386
21.1544
21.1887
20.7106
20.2028
20.6296
21.0108
20.5984
19.9436
20.457
21.1238
20.8879
20.4432
20.5297
21.1401
20.989
20.8199
20.2415
20.2573
20.6251
19.8419
18.6511
18.2335
18.5142
19.6311
20.4365
20.3537
20.9672
20.5246
19.6383
20.6922
21.4751
21.0351
21.0761
20.3888
20.5124
21.4994
20.8242
20.5857
20.9409
20.9725
21.1746
20.9273
20.7764
21.1611
21.6118
21.245
20.3266
20.5078
20.8114
20.922
20.7162
20.3128
21.0739
21.4555
20.9848
20.8614
21.1095
20.8965
20.4939
20.3734
20.5715
21.3138
21.3808
19.3855
18.1363
17.7639
17.7786
19.1674
19.9384
20.0096
20.889
20.7933
20.2795
20.612
20.6753
20.462
20.4005
20.5413
21.0418
21.2657
20.6825
20.5177
20.6356
20.5223
20.3587
20.6294
20.8781
20.5567
19.7955
19.9736
20.7226
20.7779
20.588
20.5814
20.6939
20.6947
20.8283
20.466
20.8792
21.4526
21.1835
20.2398
19.0814
17.9509
17.6448
19.2582
21.0354
20.9543
20.7033
19.6215
19.3517
20.5107
21.2565
20.319
19.5454
20.4947
20.9356
21.0462
20.7874
21.0133
21.3395
21.219
20.4186
20.3007
20.8709
20.98
20.3155
19.9994
20.5013
20.0156
20.3461
20.6924
20.7465
21.1282
20.8622
20.3571
20.6173
21.5068
21.3648
19.9643
18.6242
18.8398
19.2927
18.0039
18.8517
21.0595
21.1811
20.5444
19.9509
20.093
20.5512
20.4369
20.2513
20.9168
21.2445
20.9435
20.0062
20.2059
21.2501
21.1885
20.4415
20.7572
21.2006
20.723
20.7151
20.5486
20.6667
20.509
20.5204
20.8212
20.3225
20.7704
20.7883
20.2325
20.1892
20.3554
20.9657
20.4524
20.4639
21.1113
21.2596
20.4497
20.2636
20.1767
18.7996
17.8552
17.5677
18.5166
20.4413
21.1341
19.9732
20.0711
20.5314
20.9356
20.5789
20.2932
20.9325
21.0398
20.7814
20.6292
20.8618
20.7991
20.7646
20.8357
20.3782
20.238
20.5198
19.9051
20.0662
20.2721
20.4127
20.2192
20.1519
20.4692
20.4874
20.6755
20.6992
20.8816
20.6103
20.8965
21.083
19.7949
18.5618
18.0029
17.8878
18.4882
19.8236
20.7892
20.8444
20.9806
21.2666
20.6725
20.2386
20.6607
21.1077
21.3716
20.4509
19.8499
20.17
20.8869
20.6443
20.0648
20.6569
21.233
21.4894
20.4361
20.3448
21.2071
21.0977
20.5004
20.4652
20.9499
20.6821
20.4349
20.6635
21.0256
21.2977
21.4199
20.7641
20.2063
20.6405
21.3117
20.5004
20.0842
19.4237
18.1511
17.6063
17.9898
19.9806
21.1506
20.4553
20.0525
20.5017
20.7132
20.6883
20.6592
20.438
20.8277
21.1097
20.4242
20.6819
20.8831
20.7357
20.824
20.7114
20.8664
20.6541
20.336
20.2157
20.0317
20.3892
20.8864
19.0498
19.0789
20.8422
20.9216
20.7359
20.6569
20.9336
20.9685
20.7622
20.8895
21.0325
20.9446
20.6462
19.9302
18.7036
17.9493
17.6406
17.7137
19.5305
21.0755
20.3801
19.6123
20.3271
21.2416
20.696
20.4801
20.9115
21.0066
20.7786
19.8778
20.0182
20.6109
20.6684
20.7842
20.4434
20.6081
20.5368
20.4177
20.0449
20.3153
20.8474
20.5973
20.3085
20.7243
21.4293
21.2335
20.6945
20.69
20.9558
21.1707
20.5609
20.1723
20.8398
19.5459
18.0636
17.9699
19.0087
20.2357
21.008
20.5149
20.3635
20.3913
20.1943
20.3209
20.1623
20.64
21.0566
20.7005
20.2696
20.6851
20.5265
20.5111
20.5017
20.326
20.4399
20.378
20.6859
20.8
21.073
21.2094
20.1187
19.9019
20.5221
20.6945
20.3685
20.2251
20.4929
20.7376
20.414
19.9828
20.6614
20.8045
20.7336
20.6115
20.0604
20.27
19.834
17.7016
17.9279
20.1102
20.588
19.8434
19.862
20.6311
20.7462
20.5988
20.6016
20.4046
20.3295
20.4248
20.2392
20.5776
20.9115
20.7615
19.9942
20.1009
21.0693
21.2993
20.388
20.4225
21.3381
21.1305
20.0296
19.5955
20.4759
20.9238
20.5575
20.3957
20.6322
20.7336
20.8995
20.5116
20.1879
19.9782
18.9874
18.3962
18.1569
18.0595
17.9614
19.1778
20.5381
20.8945
19.9096
19.6019
20.9378
20.9749
20.9056
20.6341
20.483
20.5626
20.3353
20.2319
20.6175
20.8583
20.813
20.3788
20.1383
20.6381
20.714
20.3477
20.0715
20.0963
19.8486
19.9404
20.1528
20.4386
20.8884
20.9328
20.0419
19.9384
20.7881
20.9791
20.5935
19.9794
19.2332
18.3461
17.4659
18.6525
20.7801
20.616
20.5196
20.3101
19.9545
20.3986
20.4662
20.1564
21.0495
20.9507
20.0694
20.0052
20.3915
20.7758
20.8385
19.8582
19.7004
20.7508
20.8268
20.2012
20.1041
20.5198
20.8914
20.4057
20.3194
20.6652
20.5662
20.312
20.1051
20.6373
20.8605
20.677
20.3176
20.5031
21.2163
20.7635
20.1906
20.2421
19.9005
18.4793
17.9167
18.0873
19.3104
20.199
19.7902
19.9862
20.3349
20.4057
20.0652
20.3685
20.6969
20.9148
20.3745
20.368
20.4472
20.3149
20.4719
20.2286
20.1886
20.3519
20.8351
20.5901
19.8318
19.9692
20.6678
19.9471
19.6386
21.1122
21.3097
20.2433
20.2714
20.7389
20.5425
20.2353
19.8436
20.0692
20.6373
19.5821
17.7469
17.4659
19.1615
20.5702
19.9543
19.8181
20.8375
20.5309
19.9928
20.6415
21.0469
20.4551
20.6362
21.2186
20.7615
20.8577
20.3523
19.8746
20.7159
21.0602
20.1615
19.8685
20.3566
20.6196
20.8675
20.4509
20.3934
20.3494
20.2729
19.9213
19.856
20.4952
20.8925
20.5324
19.8851
20.428
20.9067
21.0722
20.8568
20.6375
20.8283
19.6705
18.1807
17.891
17.994
19.2671
20.0437
19.999
20.332
20.1459
20.2045
20.4788
20.7555
20.4811
20.2852
20.9499
21.2152
20.9225
20.229
19.7934
19.9013
20.4071
20.3052
19.9499
