1.06697e-311
inf
10.6323
62.822
62.1253
63.4457
65.6448
65.9044
63.7836
63.8345
66.0764
60.1993
47.3115
46.7935
57.9609
57.0012
47.3138
45.4949
49.6771
53.5791
58.2666
61.9138
56.7988
57.8503
66.1266
65.5996
64.2756
64.9878
66.7824
67.3991
66.5402
65.8566
21.9843
21.9787
66.0001
66.5071
67.1479
67.6888
67.7966
66.4011
65.43
64.5974
63.6234
63.7775
65.2592
67.3355
68.8848
65.9565
64.4558
67.3809
68.2687
68.3364
67.1344
66.3152
64.8635
65.9544
67.4013
65.1827
67.2224
69.6913
68.6389
69.752
68.7805
68.5213
69.0846
68.2874
70.1213
69.4444
64.8971
62.0713
63.3392
66.7936
69.1539
69.957
71.1111
69.9447
68.5589
68.6648
69.2113
69.7642
70.9572
70.0305
69.604
66.6733
65.6642
69.8153
70.3087
71.1896
70.2223
70.2617
72.1579
71.4235
67.8219
67.6133
70.7564
71.0783
72.2674
72.0825
66.6023
66.9031
71.1465
71.3089
70.6564
70.2889
71.9269
71.5564
71.7489
73.4134
71.053
66.3967
66.8472
70.8918
68.2338
67.6064
70.7314
71.7695
72.5347
71.883
71.7103
71.6307
71.2733
71.7695
72.3118
71.1263
72.5874
74.6603
70.6215
66.1704
66.0611
69.1276
69.5434
69.5289
73.6648
76.0485
75.7547
75.1258
74.3246
73.6458
73.7654
71.4439
71.1896
71.4082
70.599
72.1917
73.0007
72.6797
71.3623
72.4139
73.888
72.1761
71.6589
73.888
73.929
73.2574
72.1657
72.304
70.9925
72.2961
71.682
70.2124
73.654
74.9344
73.7898
71.5948
71.8856
72.2178
72.812
73.2145
73.5889
74.5351
73.9098
71.7772
73.3299
71.8184
69.3866
71.9192
73.779
74.3854
72.0461
72.3511
73.8689
74.5129
73.5024
73.0007
75.6115
75.2927
72.6375
72.4349
75.0638
73.9098
73.7028
75.503
74.0439
73.038
71.9761
73.1288
74.4602
73.8907
75.3466
75.3835
75.1541
76.5287
75.7461
71.9528
68.7285
71.5103
75.1399
74.011
74.0138
75.2615
75.2106
73.408
73.8253
74.6882
74.5879
75.4404
76.1586
77.5344
73.5916
69.5024
70.3581
71.7927
73.1984
74.3025
75.1964
75.7461
75.6201
76.1847
77.6488
77.7152
77.9606
77.7484
79.0389
80.2826
75.4404
69.6112
70.5592
75.1993
76.802
77.241
76.6871
75.6229
77.3994
76.8079
76.089
79.425
79.017
76.7077
77.9757
77.0446
71.7875
73.1154
75.4546
75.304
76.6871
76.932
76.9408
77.0119
78.2932
78.1616
78.5731
79.6622
79.6242
80.5867
80.0352
74.985
74.6157
77.994
75.9705
75.6744
77.8786
80.1892
81.5727
80.6452
78.7402
78.6844
80.0897
78.9391
78.9453
79.4881
79.4755
76.6842
75.2502
79.3273
82.0681
82.9016
79.2581
79.1922
82.2267
81.2975
81.1985
79.5387
80.9618
82.991
81.5794
80.1925
81.3637
78.9921
77.6036
83.5492
83.4934
81.636
82.573
80.125
77.8271
80.3568
82.9944
82.3757
82.0345
83.5527
85.3461
85.1716
84.3882
82.8741
80.0961
76.926
78.8892
81.8029
81.6727
81.9907
83.5387
81.2348
81.3868
85.1571
82.2571
81.3041
82.9119
84.6489
85.1535
85.1789
85.2697
79.9456
77.6548
82.0782
83.8153
82.9394
83.3785
83.2016
83.3403
84.674
83.7872
85.9291
88.6957
87.222
88.6368
88.8889
88.2106
86.7717
83.2154
76.8935
78.0518
86.6776
85.859
83.2605
85.7302
88.8178
89.5335
86.7378
84.2531
83.8715
85.0629
86.8282
86.1809
85.1317
85.034
87.2638
90.212
85.907
79.5925
82.4097
86.5164
86.2329
87.0777
87.3096
89.0274
89.4134
87.2486
85.4372
86.9981
89.5175
89.8352
89.6057
89.5295
90.9132
83.8504
80.0608
84.1857
86.3036
88.2301
89.0789
89.67
90.9008
90.3506
90.2894
90.1957
87.4088
82.7609
85.2188
90.4814
88.523
89.5616
92.7214
91.0208
89.7585
87.0208
86.8169
84.406
85.1064
91.1577
91.3325
92.366
93.4099
93.0622
91.391
91.2367
94.1664
90.151
87.8272
91.4411
91.9371
91.8442
88.0475
86.0622
88.4917
92.4001
92.1871
87.3401
89.3535
94.069
93.201
91.638
91.0291
93.7163
95.3607
94.3218
92.967
91.9836
91.5919
92.0387
92.4642
88.5818
89.8029
91.4119
89.6459
91.7137
95.0254
91.7557
91.8695
92.2382
90.2812
94.2729
95.229
94.5537
93.9585
94.1664
94.6298
92.7343
92.1489
94.5671
90.4077
88.1407
91.0374
91.9709
92.9195
94.1487
95.6801
92.7945
92.1914
97.0026
98.6339
95.8727
93.9761
96.1354
97.8857
97.8857
96.4553
96.4878
93.0665
92.4684
87.1726
84.3384
92.0937
96.2742
96.7914
95.3743
95.9739
95.8727
91.6296
92.9282
98.5561
97.9048
96.103
97.5086
96.7165
95.8911
97.0968
96.3159
94.7912
96.2742
94.7373
94.2463
92.477
90.9008
97.58
99.1965
97.0544
96.0015
98.3188
96.768
94.3975
95.6206
96.623
98.7606
97.5324
98.0392
100.316
100.01
101.071
100.918
95.229
90.2609
95.3471
99.3049
92.0217
93.0276
100.261
100.593
98.5902
100.351
98.6923
96.4739
99.0982
98.9462
98.5804
97.924
99.7258
100.558
99.7656
102.464
102.622
97.2101
93.0189
96.8289
98.1981
97.3994
98.8142
98.7167
98.2125
97.8522
100.873
102.161
95.3834
95.511
102.606
102.775
102.004
101.348
102.564
104.871
101.642
100.903
103.119
97.4469
97.111
97.4184
98.7411
102.208
100.639
103.999
102.077
100.175
102.997
104.838
105.235
106.729
107.061
105.169
106.61
106.129
103.654
104.319
105.697
105.23
104.8
101.709
101.184
101.719
102.801
104.439
103.697
105.152
104.899
105.396
106.746
107.29
109.325
102.067
100.306
108.061
108.631
107.573
107.015
106.872
106.986
108.143
101.817
98.7362
95.4107
96.609
100.226
97.4089
101.994
104.893
104.422
107.434
109.164
107.233
106.417
104.341
99.3641
100.397
102.648
103.295
108.578
109.763
106.502
105.719
100.639
97.6563
102.15
100.06
100.075
103.332
104.21
104.14
108.419
111.632
107.175
106.496
109.926
108.844
105.736
106.174
107.863
111.34
110.284
108.707
105.938
105.23
107.881
101.984
101.823
102.585
102.365
109.278
111.938
113.941
113.366
114.837
113.649
108.513
110.503
110.571
107.881
108.056
105.374
108.672
113.379
109.866
112.114
110.797
108.938
106.276
105.507
105.546
107.77
112.29
106.191
108.962
112.442
110.339
112.152
110.982
111.495
111.988
112.556
115.234
115.727
115.487
108.737
106.9
112.816
111.241
109.212
106.998
102.522
97.2621
103.157
110.211
109.266
114.462
110.108
109.457
113.98
114.633
115.761
112.126
110.773
114.168
113.999
113.824
113.129
113.359
117.599
111.782
112.108
117.931
109.981
112.467
111.006
106.576
113.43
112.467
113.27
115.393
112.511
111.645
113.052
114.338
114.817
116.043
113.494
115.487
117.994
116.381
116.279
116.577
117.723
116.029
117.897
120.106
109.075
100.71
104.57
114.266
116.734
114.423
117.165
115.174
113.379
114.857
109.559
109.469
114.006
116.205
120.048
117.461
118.099
119.225
119.19
119.012
115.989
116.198
118.071
116.029
108.696
111.198
122.309
115.614
110.564
113.98
113.578
119.041
120.214
118.42
119.962
111.105
111.957
119.339
118.385
119.012
115.487
119.99
121.907
118.448
120.853
117.647
116.911
118.092
115.34
109.409
112.032
117.392
111.117
108.909
115.734
119.168
120.026
117.523
113.804
119.175
121.036
117.502
117.786
122.564
122.309
118.575
119.567
119.211
118.892
119.076
115.929
118.161
116.918
112.259
107.933
104.981
110.029
115.46
116.618
120.569
122.624
120.265
117.793
119.253
120.802
117.876
114.923
115.64
123.062
124.883
123.472
122.79
117.412
118.956
122.542
120.89
120.715
119.133
119.56
116.836
117.619
113.359
111.726
120.33
120.525
123.282
122.414
121.684
126.056
121.818
121.036
122.227
116.394
117.543
124.316
124.867
122.519
123.442
121.433
121.359
121.374
120.788
122.302
121.751
124.324
119.218
111.707
115.527
115.895
114.91
118.977
121.847
122.048
117.048
118.617
115.982
117.151
123.419
118.315
115.134
119.432
125.478
124.977
124.116
123.267
122.347
123.847
124.085
124.463
121.914
121.529
122.979
109.914
112.835
122.963
122.542
123.434
123.632
125.802
121.862
124.17
124.208
122.145
121.551
122.399
126.08
118.716
119.976
127.202
125.384
124.969
127.763
128.238
124.86
123.678
121.581
124.595
116.604
117.661
120.424
115.407
125.266
125.834
123.693
125.133
123.51
120.751
122.011
125.992
122.632
122.257
124.363
123.305
123.586
127.049
126.67
122.692
126.976
126.287
121.795
122.436
125.125
119.296
118.05
123.518
121.684
122.805
121.433
123.145
124.278
125.345
131.415
128.957
128.131
127.722
124.208
123.594
128.65
129.744
122.332
119.617
120.185
123.762
126.67
125.897
124.208
124.401
124.394
126.59
122.572
119.911
125.66
117.647
109.105
117.24
120.388
120.511
125.849
126.968
128.222
127.226
129.938
130.107
128.766
127.836
127.943
129.425
122.519
121.654
128.916
126.879
125.573
130.081
130.421
129.408
129.938
117.8
113.321
127.178
130.132
116.55
119.012
126.992
128.609
128.576
126.534
127
126.558
127.665
129.576
133.663
134.192
135.694
133.218
121.803
120.38
129.425
130.651
128.982
128.23
127.016
130.174
124.743
126.326
128.899
127.057
124.836
125.905
133.049
130.659
131.631
136.37
132.829
130.251
135.787
136.416
136.454
133.556
131.406
131.484
131.917
131.354
133.245
124.603
123.047
130.668
131.337
133.761
137.221
139.821
130.421
128.148
131.996
132.591
126.048
127.551
133.049
128.742
126.342
129.609
134.183
135.217
132.793
131.735
135.428
132.485
131.518
132.319
132.083
132.258
131.441
132.582
132.573
134.989
138.475
133.878
132.319
130.081
125.731
131.259
131.83
125.408
130.225
137.969
136.045
136.705
127.82
129.141
138.956
138.408
137.779
134.834
130.319
129.693
130.319
132.118
137.912
137.08
130.514
131.13
134.916
129.626
131.277
134.862
135.971
128.082
129.997
126.04
122.369
134.21
136.379
131.087
130.523
134.898
136.799
130.378
125
131.139
132.802
131.692
132.652
137.495
136.184
132.784
132.899
132.979
133.103
134.345
133.949
135.511
128.634
128.074
138.179
135.272
130.395
134.834
133.058
127.951
132.538
133.165
135.575
138.313
137.325
135.153
126.215
128.75
140.321
140.657
140.964
140.311
138.322
136.027
138.821
138.293
135.842
136.351
138.141
135.74
134.012
137.363
129.291
119.646
125.699
124.208
118.322
129.693
132.846
134.807
136.958
135.135
134.871
135.731
137.912
137.646
135.805
136.808
141.014
140.371
135.907
137.325
141.713
139.034
134.635
138.754
142.146
139.47
138.456
139.841
131.614
130.031
127.763
125.415
134.871
132.899
134.944
139.558
139.46
137.58
138.37
140.479
139.821
134.953
137.836
136.351
137.637
142.369
138.045
138.552
140.667
141.703
140.292
139.958
140.4
140.667
137.504
138.427
143.451
137.807
136.017
129.668
123.396
128.659
134.653
136.659
136.147
139.489
141.293
139.841
139.938
141.333
139.538
140.017
136.883
126.056
131.475
145.264
145.635
141.044
141.233
144.456
140.835
139.811
141.784
142.035
137.608
139.587
143
132.503
133.245
130.617
132.284
139.285
133.708
138.533
141.703
141.955
141.393
139.276
139.034
140.865
144.928
138.533
136.147
140.371
127.755
131.027
143.802
143.864
144.051
142.582
139.978
141.713
137.675
134.944
142.816
144.467
141.273
140.046
143.647
133.788
129.643
141.603
141.593
140.105
140.017
141.313
147.406
147.156
146.649
144.082
140.924
140.154
140.746
140.815
141.673
137.703
140.361
147.776
146.864
147.178
147.493
145.285
144.97
146.962
146.994
146.113
135.787
133.609
142.776
138.36
129.955
134.644
143.647
141.473
140.095
141.363
144.802
146.445
140.805
141.313
144.227
138.036
137.315
145.096
145.847
139.421
140.647
144.404
143.451
146.767
144.592
139.587
141.864
142.207
139.616
140.696
140.776
131.926
129.576
136.771
145.169
137.372
136.24
145.402
139.315
139.762
146.908
149.142
146.962
145.507
144.802
144.97
139.919
138.141
145.783
146.113
147.308
139.101
135.676
147.71
147.438
146.017
140.855
140.262
134.635
126.502
133.253
133.023
131.406
131.544
132.811
133.779
134.617
141.383
145.148
148.699
148.17
144.279
142.99
144.207
142.827
143.021
145.698
146.585
146.21
145.985
142.745
145.507
145.879
144.477
146.06
147.547
148.181
146.434
140.351
138.198
111.142
99.3888
124.977
143.585
140.855
141.313
138.093
137.58
143.885
103.189
94.1841
126.064
139.616
136.156
133.887
140.558
144.645
146.563
147.438
148.291
144.248
144.655
156.446
150.365
146.359
145.18
138.715
133.976
139.48
148.28
141.854
140.736
150.886
154.416
149.633
149.499
152.52
142.765
143.113
144.98
142.786
147.048
150.886
154.048
144.144
144.928
152.672
149.555
146.477
151.688
150.682
145.338
142.521
137.969
139.645
149.254
145.264
136.949
140.736
151.504
153.351
141.854
142.076
153.846
148.291
141.673
139.909
146.617
151.137
144.227
150.286
146.854
149.298
158.831
153.046
144.009
149.22
152.777
147.765
151.023
153.516
152.858
148.302
148.721
151.814
156.814
141.854
134.907
146.274
143
143.421
157.816
154.607
150.444
151.092
149.936
150.083
153.728
158.705
154.763
157.816
144.645
144.3
151.378
153.092
157.122
152.718
152.579
156.949
156.262
154.095
153.704
151.55
157.456
154.357
147.787
146.994
150.263
134.816
137.165
144.331
142.888
145.996
144.509
147.308
148.566
149.97
151.63
153.539
148.787
151.768
146.962
147.265
152.835
154.859
144.97
141.123
150.387
147.743
147.71
156.201
152.753
149.723
148.721
142.42
144.739
150.365
152.637
139.198
139.577
138.879
140.027
152.114
152.625
151.24
146.875
145.858
143.092
142.99
149.925
148.887
149.154
155.812
150.955
151.4
152.439
138.399
142.98
154.56
152.52
159.363
154.512
149.544
151.757
152.683
151.872
154.919
153.457
148.225
151.309
149.622
149.477
153.704
142.867
137.24
146.628
143.988
143.431
150.015
150.376
151.734
156.568
154.859
147.275
147.189
152.532
154.967
154.178
158.103
155.812
149.276
149.768
154.679
157.828
153.894
149.589
155.885
154.967
149.265
155.751
154.979
142.025
144.02
155.958
149.343
141.774
147.037
156.458
152.184
153.233
156.421
157.679
162.84
156.189
155.933
157.097
157.518
153.692
152.952
159.757
157.505
158.567
156.974
150.784
155.703
160.398
153.953
153.681
152.091
153.069
163.145
156.189
143.266
145.085
153.257
152.637
157.048
156.678
153.445
149.466
146.263
147.265
153.811
163.666
158.165
159.096
161.329
160.192
155.848
151.126
156.863
164.217
162.206
158.366
157.816
154.607
146.381
146.854
158.567
158.642
157.629
164.636
157.716
155.304
157.22
155.642
150.308
152.788
160.72
157.332
146.349
141.985
157.679
157.196
149.254
151.999
154.823
152.149
153.139
153.622
153.516
160.282
157.468
157.518
161.031
161.786
155.666
155.123
157.27
158.491
158.265
149.79
153.163
159.451
160.655
157.978
154.297
154.012
145.996
146.714
143.802
144.645
159.363
159.122
159.046
161.93
157.729
142.46
143.668
158.341
158.768
156.274
157.667
160.411
157.853
156.998
162.641
159.898
157.505
158.567
160.979
158.479
154.512
164.487
164.568
152.964
153.882
164.908
163.908
156.25
143.668
147.71
147.896
145.075
163.026
161.642
152.8
152.253
158.178
156.654
159.732
162.443
150.365
155.436
157.183
156.091
161.316
162.364
165.549
163.492
162.827
158.529
157.023
152.474
152.022
157.456
161.264
162.193
159.248
156.728
156.433
162.206
157.94
155.994
146.445
143.606
146.21
151.32
156.998
154.059
160.785
161.538
160.269
158.04
162.522
166.182
149.712
147.525
163.827
163.881
157.853
159.872
159.172
162.417
160.013
155.063
161.825
158.793
155.97
158.278
158.128
155.509
158.579
165.975
164.84
166.265
146.724
146.391
161.303
150.049
143.143
145.996
151.596
157.978
152.637
148.159
156.116
155.147
158.743
164.976
153.304
146.284
153.221
159.566
164.123
159.566
156.556
161.121
159.834
161.525
161.695
157.729
159.579
163.479
161.734
159.451
161.865
160.141
147.842
146.843
152.894
150.83
158.441
168.947
162.47
159.732
155.207
155.352
159.757
157.891
157.778
160.836
164.231
162.986
169.262
155.243
149.343
157.828
162.999
171.925
163.867
158.128
159.962
160.154
163.787
159.223
157.604
165.166
166.403
165.467
148.688
146.757
150.026
147.308
161.904
150.512
149.633
169.808
166.736
161.996
160.141
163.948
168.819
169.506
171.954
168.719
168.435
159.439
159.046
164.867
145.054
147.973
162.456
159.949
157.307
154.309
157.493
164.352
166.792
168.166
172.25
164.096
149.981
149.054
157.332
152.999
154.226
152.532
152.265
164.894
163.412
164.636
166.362
164.731
163.639
164.555
166.459
158.453
160.591
163.465
158.894
160.359
163.145
166.833
164.609
156.777
159.757
166.237
163.8
163.827
163.706
163.653
165.017
162.127
161.734
154.381
157.518
168.577
158.945
161.642
160.578
158.554
161.407
151.423
155.027
165.824
168.152
163.72
165.003
169.938
171.306
171.233
167.252
164.718
162.946
156.409
151.849
161.616
167.518
161.381
154.739
152.718
162.404
165.618
167.729
172.921
163.026
165.18
167.182
163.666
158.366
143.937
147.08
164.271
150.636
148.401
170.896
162.377
151
157.171
165.796
164.853
163.292
162.324
165.03
166.806
165.044
164.731
163.292
160.372
158.818
159.541
164.46
166.223
168.393
172.102
168.421
170.358
166.334
165.112
165.017
165.235
172.176
