1.8688
4.7069
4.14312
3.97617
4.4922
4.66728
4.68419
4.73933
4.70276
4.73263
4.77946
4.57322
4.46534
4.57021
4.636
4.71624
4.74533
4.74447
4.73604
4.73529
4.73329
4.64436
4.49543
4.5882
4.80649
4.80116
4.79872
4.74941
4.73651
4.74737
4.54094
4.43953
4.60167
4.74554
4.7349
4.73707
4.80767
4.72662
4.68003
4.77757
4.69104
4.41977
4.44861
4.70079
4.77976
4.74488
4.71776
4.74038
4.72518
4.49327
4.48099
4.70667
4.75255
4.78122
4.75331
4.692
4.71107
4.73608
4.74211
4.5758
4.44678
4.60606
4.71306
4.69349
4.71785
4.70411
4.70603
4.70438
4.42046
4.44657
4.74713
4.77943
4.79193
4.79858
4.74356
4.71667
4.73801
4.60724
4.48737
4.5876
4.71804
4.75182
4.72804
4.68553
4.73957
4.76836
4.51966
4.45052
4.5879
4.66222
4.74663
4.75904
4.71101
4.71272
4.71796
4.69882
4.4802
4.47393
4.72136
4.724
4.73545
4.7801
4.72524
4.6896
4.69024
4.7105
4.51846
4.48816
4.68892
4.72175
4.77375
4.66092
4.6157
4.6734
4.56268
4.42885
4.52238
4.73756
4.76465
4.7545
4.76626
4.7142
4.68929
4.74668
4.49597
4.37198
4.5955
4.69914
4.71277
4.70697
4.67291
4.68418
4.69341
4.37898
4.42226
4.70181
4.65721
4.68542
4.69152
4.56267
4.53304
4.60124
4.64297
4.49336
4.4702
4.63212
4.63983
4.59197
4.57626
4.63852
4.67191
4.43114
4.39405
4.61601
4.63389
4.68688
4.69611
4.68073
4.6681
4.6299
4.64521
4.35842
4.3258
4.62379
4.65623
4.63983
4.6296
4.60713
4.60455
4.41362
4.38382
4.54984
4.57364
4.63495
4.68496
4.6642
4.61187
4.61148
4.63932
4.3614
4.2935
4.56476
4.63466
4.6446
4.59172
4.5566
4.62787
4.68972
4.5462
4.35095
4.45425
4.57606
4.57768
4.63121
4.57728
4.50964
4.55612
4.35207
4.33402
4.57565
4.6151
4.60427
4.5737
4.55954
4.58682
4.58977
4.33728
4.37554
4.60302
4.60997
4.61725
4.58698
4.61306
4.61943
4.60953
4.38333
4.37781
4.59903
4.64523
4.64711
4.59697
4.58257
4.53231
4.55441
4.57688
4.41148
4.40376
4.60278
4.6101
4.60344
4.58877
4.56955
4.61331
4.42924
4.31664
4.47818
4.58214
4.61381
4.6232
4.56132
4.58795
4.59949
4.56255
4.32442
4.25728
4.47754
4.55355
4.58512
4.55321
4.58634
4.61107
4.26739
4.27196
4.57016
4.5857
4.61901
4.63866
4.59995
4.58045
4.60404
4.56529
4.33065
4.35156
4.57261
4.61139
4.60098
4.54807
4.54297
4.5489
4.34331
4.30775
4.48639
4.51457
4.5633
4.55906
4.49458
4.56015
4.63234
4.46349
4.31006
4.40352
4.56179
4.57539
4.55782
4.52852
4.53115
4.58201
4.5847
4.29476
4.2295
4.49065
4.56663
4.54753
4.52486
4.5283
4.55491
4.40945
4.30582
4.44622
4.54276
4.56066
4.57153
4.54069
4.51685
4.5407
4.52167
4.28149
4.30727
4.59359
4.57486
4.54284
4.5405
4.53707
4.54773
4.48149
4.29763
4.34834
4.54185
4.56503
4.56138
4.51074
4.47074
4.54184
4.34364
4.26265
4.49861
4.52777
4.52484
4.52608
4.53519
4.53458
4.51045
4.38116
4.23197
4.32631
4.51403
4.51163
4.47047
4.44316
4.40439
4.37376
4.28945
4.36539
4.53095
4.54964
4.52145
4.51665
4.49237
4.46257
4.45814
4.27086
4.25555
4.47044
4.4825
4.49437
4.53634
4.5093
4.48879
4.4876
4.41468
4.22238
4.29619
4.51439
4.4711
4.45234
4.44351
4.45761
4.37587
4.26599
4.33602
4.44324
4.49154
4.4749
4.48986
4.49229
4.46251
4.33492
4.19511
4.29527
4.49871
4.55156
4.5065
4.46596
4.4548
4.45288
4.4322
4.41446
4.3885
4.36467
4.29986
4.35479
4.49189
4.41878
4.3358
4.01172
4.0548
4.44828
4.47355
4.50358
4.47345
4.45424
4.46703
4.46619
4.40043
4.23895
4.30631
4.47799
4.4975
4.46952
4.43536
4.43868
4.23409
4.22581
4.36111
4.37456
4.4349
4.41497
4.40035
4.42826
4.4505
4.39348
4.18252
4.16854
4.35869
4.4412
4.49661
4.43642
4.4065
4.47896
4.43052
4.08297
4.11154
4.41884
4.46459
4.44298
4.36743
4.41086
4.37776
4.18643
4.22042
4.33678
4.36607
4.45675
4.47494
4.4261
4.43498
4.42799
4.16198
4.14617
4.40319
4.44899
4.40773
4.36294
4.35007
4.42108
4.1935
4.16265
4.41192
4.41602
4.44909
4.4159
4.36643
4.42325
4.40234
4.18731
4.1177
4.25453
4.33869
4.3858
4.4356
4.39499
4.35588
4.28837
4.19185
4.24942
4.39063
4.46428
4.42909
4.36266
4.37018
4.39537
4.27979
4.19818
4.26519
4.35903
4.42427
4.3918
4.33298
4.3426
4.32044
4.11141
4.11909
4.31258
4.33002
4.35903
4.366
4.3326
4.36066
4.31437
4.05666
4.10847
4.34893
4.38822
4.40281
4.35406
4.35225
4.40521
4.32101
4.1145
4.2094
4.42368
4.41474
4.38324
4.34533
4.32972
4.27765
4.13888
4.17977
4.35159
4.35055
4.31201
4.36889
4.40128
4.3816
4.33519
4.13418
4.15182
4.34171
4.35239
4.3447
4.29885
4.28252
4.37684
4.14862
4.11929
4.34546
4.31307
4.32896
4.28218
4.29485
4.37886
4.4017
4.20242
4.05902
4.20766
4.29694
4.28169
4.32226
4.36597
4.27387
4.08538
4.12738
4.29433
4.3113
4.33049
4.3514
4.30421
4.30629
4.24828
4.14546
4.22609
4.30955
4.34218
4.34082
4.28101
4.25937
4.30226
4.28601
4.0844
4.14234
4.33303
4.26902
4.2608
4.30402
4.29057
4.26427
4.04101
4.07328
4.32569
4.33628
4.33033
4.29174
4.29629
4.30916
4.17527
4.00957
4.1362
4.33384
4.33015
4.30552
4.2351
4.23465
4.1742
4.04531
4.14208
4.30476
4.30071
4.20894
4.19757
4.26082
4.30193
4.18393
4.04732
4.14225
4.28146
4.3136
4.29116
4.27678
4.29526
4.08742
4.0852
4.24401
4.25249
4.3627
4.37338
4.28237
4.26181
4.24395
3.9983
4.02266
4.29777
4.31884
4.2676
4.19964
4.19592
4.2279
4.08528
4.08615
4.26044
4.27901
4.31471
4.27193
4.21601
4.27888
4.26739
4.02675
4.02645
4.2764
4.29966
4.27926
4.25434
4.2595
4.22503
4.01761
4.05884
4.17802
4.22647
4.30753
4.20961
4.16476
4.21917
4.16818
4.02208
4.10355
4.26196
4.27798
4.26031
4.23295
4.25079
4.20516
3.97044
3.96435
4.19076
4.24842
4.20953
4.20842
4.2103
4.25525
4.22322
3.98054
4.0402
4.25691
4.24922
4.22677
4.20315
4.20643
4.08355
4.05186
4.18788
4.22245
4.25887
4.2498
4.14104
4.17349
4.24071
3.95338
3.9421
4.18927
4.1384
4.14966
4.15772
4.16821
4.19224
4.09382
3.93229
3.98471
4.14569
4.19518
4.19551
4.1568
4.16985
4.01736
3.85494
4.0157
4.16563
4.14128
4.14357
4.10827
4.10198
4.00335
3.92817
4.0194
4.10451
4.16544
4.14594
4.08922
4.11468
4.14569
3.88144
3.85658
4.12126
4.14593
4.11063
4.05985
4.03335
3.96523
3.82868
3.88813
4.08894
4.16741
4.14773
4.10535
4.12607
4.13652
3.97864
3.93143
4.09661
4.12035
4.10245
4.09025
4.05171
4.05406
3.95399
3.92862
4.03561
4.08576
4.08092
4.08659
4.06776
4.04957
3.91434
3.91036
4.1068
4.14879
4.1079
4.10145
4.10775
4.02137
3.95121
3.99678
4.06612
4.09407
4.09865
4.10389
4.06538
4.07295
3.96795
3.85661
4.00267
4.11795
4.11174
4.03391
4.0151
4.05278
3.86678
3.86575
4.01008
4.04437
4.10276
4.09615
4.08886
4.07595
3.82188
3.80209
4.04101
4.06788
4.02559
4.01951
4.07135
4.08543
4.04256
3.82789
3.81111
4.03123
4.08301
4.03243
4.06095
4.05324
3.76391
3.7467
4.00956
4.0786
4.084
4.05058
4.03796
4.0748
3.90205
3.84453
3.9947
4.02035
4.00949
3.95535
3.97863
4.02058
3.88223
3.89724
4.06305
4.08691
4.08679
4.04838
3.98066
4.01403
3.8666
3.84177
4.02441
4.03204
4.05715
4.01127
4.00599
3.97948
3.79356
3.84042
4.00856
4.02171
4.00614
3.96777
3.98755
4.06204
3.86333
3.80917
4.0175
4.05059
4.01886
3.90312
3.91336
3.88239
3.72201
3.79117
3.97485
4.02244
3.98007
3.95841
4.00796
4.04408
3.799
3.78849
4.02533
4.04442
4.04144
4.01773
3.98293
3.85371
3.81069
3.93055
3.99771
4.00194
3.97054
3.98545
4.03332
4.01801
3.70692
3.70594
3.99351
4.01667
4.01601
3.9993
4.01482
3.8328
3.7968
3.9633
3.99518
4.04944
3.96732
3.93719
3.97409
3.83007
3.81769
3.91971
3.95594
4.00517
4.01664
3.98376
3.93684
3.77356
3.76873
3.92786
4.00512
3.99039
3.9173
3.94639
4.02473
3.83126
3.78698
3.96333
3.96565
3.94684
3.97223
3.97408
3.82785
3.74422
3.8398
3.9754
4.01398
3.92638
3.85145
3.90597
3.96219
3.66592
3.62568
3.93758
3.99734
3.91649
3.89756
3.88239
3.72255
3.71538
3.89756
4.00872
4.01838
3.93841
3.92559
4.00281
3.78168
3.73559
3.88761
3.9612
3.985
3.89911
3.92316
3.81116
3.71465
3.78583
3.8787
3.93472
3.94193
3.94223
3.91412
3.87877
3.69153
3.71632
3.88996
3.90086
3.8844
3.91547
3.96024
3.72965
3.69134
3.89817
3.94189
3.9373
3.86632
3.84042
3.89394
3.7244
3.71025
3.89838
3.88675
3.86115
3.87309
3.90847
3.75554
3.66805
3.82924
3.91783
3.94381
3.8909
3.86243
3.89366
3.71529
3.69002
3.88875
3.96692
3.94839
3.86451
3.89268
3.88775
3.66371
3.64098
3.84343
3.90885
3.86488
3.80489
3.86163
3.95939
3.74938
3.67681
3.83461
3.87698
3.84199
3.79684
3.86986
3.74002
3.63526
3.80221
3.88924
3.89864
3.86497
3.84288
3.85828
3.75839
3.73324
3.80707
3.86072
3.89636
3.84168
3.8307
3.87065
3.66147
3.66414
3.91979
3.95632
3.87
3.65322
3.42106
3.39741
3.57292
3.58995
3.52412
3.11536
3.06255
3.54753
3.38749
3.41319
3.6932
3.67142
3.66354
3.68016
3.65249
3.47254
3.50714
3.61202
3.606
3.62719
3.62696
3.65694
3.70101
3.71072
3.7857
3.85629
3.86683
3.84535
3.82365
3.77817
3.68747
3.69721
3.79662
3.77271
3.71141
3.77355
3.8544
3.70362
3.64409
3.75922
3.80759
3.81603
3.74408
3.76079
3.77908
3.59343
3.59901
3.8052
3.83594
3.74936
3.73539
3.80058
3.61924
3.59609
3.86067
3.87352
3.77581
3.75025
3.82316
3.85712
3.6682
3.66226
3.8143
3.87993
3.85343
3.7817
3.73314
3.62809
3.66174
3.75795
3.81969
3.82388
3.75302
3.79646
3.76743
3.6176
3.67367
3.80683
3.77615
3.74966
3.77227
3.77647
3.68326
3.56037
3.61524
3.73089
3.78067
3.81733
3.73959
3.58413
3.59054
3.76698
3.83636
3.84302
3.82936
3.78536
3.81986
3.6957
3.64587
3.81188
3.82166
3.80327
3.77458
3.69615
3.75975
3.59313
3.51541
3.7642
3.81769
3.75988
3.74886
3.71025
3.54204
3.57944
3.77772
3.83572
3.77534
3.71445
3.76127
3.57903
3.56499
3.76099
3.7643
3.75054
3.69909
3.68478
3.68953
3.53786
3.56722
3.74921
3.78046
3.79792
3.745
3.74224
3.62556
3.57729
3.7468
3.79218
3.7296
3.74927
3.81203
3.7433
3.4368
3.48564
3.73742
3.71733
3.691
3.69009
3.60644
3.53511
3.66099
3.71409
3.70846
3.69727
3.70868
3.75473
3.6864
3.5497
3.59961
3.75855
3.75562
3.69831
3.73596
3.59846
3.56269
3.76611
3.78313
3.6979
3.67999
3.696
3.65712
3.52146
3.57484
3.69928
3.72303
3.77002
3.69988
3.62562
3.64193
3.54846
3.55237
3.69162
3.73951
3.71153
3.67194
3.56274
3.51018
3.65429
3.74037
3.70143
3.67173
3.65525
3.54352
3.5973
3.7296
3.73378
3.72448
3.68955
3.6874
3.70819
3.56189
3.51838
3.66684
3.72901
3.7527
3.67297
3.66521
3.75982
3.53677
3.51483
3.72157
3.67585
3.65647
3.72566
3.66669
3.4525
3.46283
3.62121
3.66537
3.67253
3.67341
3.68072
3.57327
3.57431
3.68701
3.7133
3.68496
3.63456
3.65332
3.54883
3.46452
3.57017
3.67137
3.71668
3.70996
3.67998
3.53431
3.51832
3.65341
3.64404
3.69833
3.70187
3.67204
3.71645
3.55899
3.46643
3.58741
3.68344
3.65969
3.69749
3.70641
3.47411
3.4738
3.63301
3.61206
3.61731
3.61904
3.54296
3.42972
3.47435
3.62322
3.68044
3.68368
3.6603
3.67844
3.6013
3.45883
3.48892
3.61044
3.60728
3.61087
3.65579
3.4792
3.45189
3.59947
3.63924
3.65224
3.63824
3.65544
3.68187
3.46849
3.44979
3.66853
3.66731
3.62255
3.621
3.5311
3.42876
3.53592
3.59811
3.64228
3.62546
3.56718
3.61629
3.49254
3.49645
3.65379
3.66103
3.64341
3.6537
3.71095
3.46455
3.37635
3.56766
3.61825
3.6427
3.56534
3.58625
3.62764
3.39368
3.43558
3.7051
3.65333
3.61032
3.66983
3.53789
3.46683
3.5508
3.58952
3.59477
3.54898
3.61787
3.63428
3.38037
3.41569
3.63552
3.63079
3.56969
3.53985
3.5114
3.44515
3.49584
3.60172
3.6388
3.60728
3.57307
3.56607
3.42381
3.44973
3.63925
3.62865
3.56938
3.56099
3.57249
3.46834
3.4355
3.56179
3.56678
3.58272
3.66345
3.66187
3.42378
3.40984
3.60553
3.59662
3.58378
3.57919
3.55355
3.41926
3.42238
3.5269
3.54961
3.50236
3.4989
3.55227
3.33919
3.33202
3.50357
3.49282
3.52584
3.50843
3.54461
3.38129
3.36418
3.62394
3.59707
3.5145
3.53831
3.54479
3.43578
3.44713
3.55011
3.57098
3.54581
3.53505
3.55078
3.41153
3.31085
3.43177
3.52597
3.49964
3.5429
3.55606
3.38821
3.37127
3.51723
3.60468
3.57377
3.52239
3.52853
3.44341
3.40219
3.4928
3.52401
3.46019
3.52371
3.52629
3.44162
3.46114
3.48754
3.49604
3.5343
3.52133
3.41344
3.43286
3.50426
3.51001
3.52828
3.53233
3.57099
3.55224
3.36317
3.38439
3.52268
3.47633
3.49943
3.53162
3.43624
3.36395
3.45067
3.47008
3.43783
3.49222
3.54858
3.48505
3.40755
3.48634
3.51182
3.30563
3.10714
3.06056
3.08488
3.01405
2.88836
2.87434
2.89479
2.91627
2.787
2.78041
2.8869
2.87389
2.87806
2.78678
2.71276
2.75068
2.87791
2.88461
2.81387
2.78593
2.77794
2.90478
2.93073
2.79152
2.81706
2.75572
2.73297
2.84177
2.86266
2.88642
2.8194
2.69396
2.72032
2.84884
2.85846
2.84193
