9.70638
117.495
118.97
96.9885
71.9424
87.0474
114.593
106.958
118.015
113.656
103.402
107.904
118.064
127.324
126.406
89.222
85.6641
110.272
118.315
107.916
110.632
108.891
102.386
114.058
102.15
92.7515
85.7155
97.0685
133.467
134.571
88.0669
70.3655
96.7867
139.528
139.929
134.698
125.172
131.234
134.599
111.97
99.995
102.722
90.4159
99.2507
139.987
147.874
137.788
138.995
145.804
100.477
65.647
21.7836
24.7942
148.931
142.531
143.781
150.139
150.297
151.32
149.499
141.844
143.875
150.207
151.137
149.779
150.218
141.804
141.563
149.656
149.948
151.435
148.622
127.518
125.707
137.391
126
130.651
128.304
125.731
103.093
98.8582
119.962
128.758
140.598
141.543
148.588
142.592
131.562
135.309
146.983
150.297
152.393
152.369
136.537
136.379
137.589
133.887
144.865
148.137
146.359
138.341
133.976
142.521
94.0159
89.8473
138.754
129.777
123.954
138.802
140.44
132.179
135.704
142.025
142.592
137.344
139.782
148.644
137.998
140.125
137.95
136.846
143.926
133.86
137.033
150.773
154.357
146.789
143.968
141.493
126.374
129.794
133.914
136.036
131.165
128.172
139.762
145.773
147.449
140.538
143.554
140.994
129.492
132.943
123.115
108.284
115.861
117.412
124.301
144.144
140.875
133.547
130.124
132.556
144.582
149.858
149.589
130.54
122.369
138.007
136.565
135.823
146.908
130.685
130.907
146.886
145.412
144.791
134.771
135.566
141.844
143.554
148.423
144.865
147.016
138.217
126.35
122.812
124.595
125.008
121.117
131.579
136.939
136.212
127.47
108.489
108.772
108.95
108.601
97.2148
96.4553
115.801
125.117
121.396
115.042
130.157
120.89
120.163
136.388
115.54
110.479
119.09
125.715
128.066
120.569
122.579
124.448
129.727
143.916
130.591
124.347
131.726
133.878
137.893
132.039
137.146
144.3
143.978
148.832
146.574
128.205
127.453
145.054
144.991
143.524
140.568
138.976
145.359
137.684
132.424
140.984
148.511
146.488
136.472
141.683
153.257
117.945
102.59
123.062
121.411
116.056
131.562
136.93
141.844
145.106
142.248
144.186
137.912
135.529
145.719
132.223
131.891
149.544
150.648
141.573
132.988
139.88
146.049
145.815
150.534
153.882
151.194
130.762
132.415
147.026
141.213
135.916
124.394
119.517
134.998
147.102
140.519
142.43
136.621
131.216
142.674
149.399
145.497
136.911
140.243
144.269
138.179
143.885
144.279
137.694
133.967
139.938
147.885
145.243
141.433
133.067
132.371
141.824
148.06
141.543
142.066
138.533
130.37
131.883
141.543
146.039
132.048
134.309
143.031
142.47
148.787
145.518
144.051
136.575
126.056
139.266
151.172
149.054
132.67
132.127
150.534
142.146
141.293
149.198
144.259
134.192
140.292
153.657
142.45
132.223
126.887
125.494
131.148
134.78
142.066
147.113
130.463
132.022
148.137
147.427
144.092
134.427
135.63
143.451
146.167
150.818
151.768
136.986
135.694
147.124
138.61
138.552
137.883
127.763
135.98
144.907
142.613
142.318
130.574
134.907
139.577
131.036
140.056
135.584
134.989
148.006
148.236
145.868
145.666
140.776
138.293
144.76
128.172
127.551
148.269
151.378
149.768
140.558
142.056
150.444
122.481
119.596
137.014
134.147
140.371
146.703
143.195
144.217
133.2
130.302
146.724
131.423
124.681
142.268
134.481
133.833
145.953
146.434
151.895
140.036
140.174
153.386
146.811
145.064
151.126
153.186
142.035
131.251
139.227
142.552
136.883
136.203
135.199
137.826
141.093
145.402
147.016
137.922
121.448
120.25
136.78
144.991
142.308
139.451
139.899
146.37
148.39
144.269
136.119
139.88
140.528
138.255
149.309
144.603
128.213
134.635
152.195
148.236
138.15
141.233
150.06
138.629
134.98
146.188
141.603
135.446
120.113
117.014
134.021
135.962
137.297
138.217
126.358
108.891
108.737
130.899
124.533
120.861
124.844
124.844
124.278
120.54
121.507
122.79
136.958
131.019
125.668
114.351
117.22
140.066
133.316
126.271
101.209
100.15
132.829
142.542
140.696
130.438
135.419
148.159
148.943
149.533
147.21
135.227
132.398
146.156
144.728
141.303
147.232
134.825
133.761
149.544
148.832
143.051
133.788
136.036
143.349
147.362
145.148
119.947
114.351
132.494
145.635
143
138.667
105.108
105.988
140.42
141.253
146.327
148.017
141.874
140.964
145.201
136.705
122.76
120.817
133.896
129.904
132.293
147.732
150.41
150.807
149.757
143.154
139.978
132.547
124.782
131.83
146.177
126.271
121.974
137.608
137.118
131.389
135.722
141.764
139.189
145.328
140.578
141.113
133.967
131.501
142.562
144.446
145.075
127.608
129.963
149.745
144.844
147.743
149.488
143.792
123.388
126.92
150.852
146.531
131.527
130.421
139.063
140.223
149.065
143.451
134.084
128.411
134.382
143.123
143.462
141.004
131.674
139.412
152.161
148.478
140.449
144.802
150.512
132.97
133.147
146.177
147.427
149.802
133.815
129.007
137.903
144.854
150.864
147.33
141.854
115.814
120.38
149.689
148.721
130.822
130.941
150.218
146.167
146.552
147.732
142.684
134.138
140.746
152.323
142.035
140.607
139.889
140.489
146.542
146.424
144.123
146.574
135.87
128.941
140.213
146.972
151.069
146.177
134.111
133.77
143.833
143.184
145.159
145.794
137.221
142.146
146.381
137.24
142.45
132.617
125.984
145.243
144.865
141.583
146.886
140.144
136.677
144.02
147.2
147.384
130.031
130.183
145.688
145.592
149.858
147.776
131.199
132.767
134.98
125.266
137.96
151.734
139.14
130.839
135.026
139.13
124.185
112.076
129.316
135.364
138.227
149.51
144.54
148.291
148.258
147.71
142.015
143.133
142.745
141.945
152.346
141.613
142.005
153.492
150.852
148.214
132.591
135.437
145.518
138.725
136.258
137.798
137.514
130.719
134.291
139.938
142.552
148.269
130.779
131.062
151.172
146.886
148.39
147.852
138.754
131.389
139.412
154.357
148.931
145.233
138.543
139.48
151.999
152.277
150.625
146.124
137.41
127.681
122.79
129.074
139.421
131.346
131.883
144.582
144.248
144.383
146.671
147.973
133.583
134.599
148.006
143.503
143.823
136.565
138.265
151.757
150.909
150.682
144.665
146.135
135.888
126.719
142.359
151.172
153.87
143.174
134.771
134.653
132.846
140.469
150.875
144.061
118.54
121.544
143.74
132.503
126.382
126.223
117.371
120.744
114.995
112.303
135.455
148.677
115.055
106.53
118.927
113.643
117.412
123.381
118.786
122.407
109.872
103.53
115.574
101.605
103.799
125.455
121.847
129.433
120.802
113.488
133.618
143.225
146.951
132.118
129.091
139.489
143.792
146.606
143.431
142.41
132.031
124.899
135.805
148.622
146.595
138.112
132.127
134.192
140.085
110.248
101.709
126.159
124.789
131.449
138.6
138.639
147.482
147.048
149.846
144.603
138.976
143.875
152.033
152.788
136.733
136.612
154.548
147.297
144.634
132.258
133.333
147.102
148.677
150.387
142.096
137.09
131.9
128.353
138.427
142.847
133.253
135.163
146.681
151.012
145.169
147.514
153.186
136.808
136.091
150.399
147.558
142.816
136.715
138.265
139.597
143.544
145.507
139.276
143.164
131.761
134.309
145.518
142.878
138.571
122.73
130.599
135.731
129.525
139.237
142.725
130.124
134.753
150.841
143.709
143.678
137.278
129.257
139.616
149.376
147.809
135.75
132.371
129.116
132.398
145.054
142.066
143.833
139.373
140.905
147.623
139.889
143.225
148.445
133.529
125.219
129.45
132.266
140.726
135.172
128.833
141.904
148.434
139.665
141.493
148.028
140.233
141.353
151.642
145.794
143.709
145.328
143.205
149.454
148.006
144.624
137.732
131.518
137.779
143.833
146.242
150.534
142.278
134.111
140.115
148.302
137.646
135.044
119.14
117.343
145.317
148.732
138.284
125.747
134.021
143.369
142.623
146.242
140.895
130.37
136.883
138.976
131.165
143.318
155.581
144.415
142.745
154.775
145.359
132.205
122.309
124.891
138.026
128.949
127.113
143.369
152.138
142.602
142.765
151.999
144.04
131.683
135.639
147.82
129.559
130.361
147.016
147.2
151.561
143.051
141.563
152.253
152.555
154.44
147.732
139.733
133.191
127.804
135.355
143.968
146.06
133.914
130.54
141.423
136.11
134.156
142.664
141.463
134.084
140.282
149.734
139.929
133.067
142.227
144.665
144.907
154.381
146.52
138.976
131.441
128.386
133.752
141.113
151.217
138.169
137.278
150.909
143.4
142.867
150.455
143.575
123.297
126.502
141.153
143.39
150.263
125.747
124.789
149.042
141.693
141.323
142.076
111.776
103.751
116.198
129.559
108.407
103.386
133.887
145.022
133.032
130.574
115.654
113.065
137.325
139.373
138.87
121.264
97.8043
100.125
124.44
136.203
107.875
102.454
125.723
131.062
132.882
141.854
146.778
142.735
143.668
144.248
134.481
137.571
143.771
145.486
151.4
154.883
136.836
129.041
141.945
136.958
141.683
140.046
127.6
131.718
143.947
146.145
134.707
122.272
128.891
141.054
142.552
147.896
134.871
133.547
143.854
138.87
136.482
142.592
147.016
142.237
143.164
143.554
142.096
126.103
118.015
136.045
140.046
133.618
134.844
140.796
144.907
130.933
131.122
130.881
122.264
135.538
149.031
142.735
129.87
134.201
141.203
143.895
136.082
129.845
140.066
148.688
150.399
141.483
144.436
136.79
131.268
145.762
152.462
147.449
134.626
138.754
150.716
149.846
151.183
145.773
134.003
128.717
129.929
132.153
141.975
131.83
129.509
142.45
145.804
149.388
140.174
141.854
130.429
131.208
150.546
151.263
152.87
144.425
143.947
152.765
152.532
152.788
151.023
141.213
143.864
136.333
134.589
146.574
147.493
131.165
121.234
125.36
124.649
132.442
143.451
147.167
133.431
130.149
143.544
144.03
142.157
139.295
138.543
146.156
152.253
149.757
142.146
142.725
137.024
133.351
145.127
150.512
133.182
134.336
152.149
150.286
141.723
143.359
139.743
124.984
133.923
144.865
137.476
133.511
130.574
132.776
140.578
147.678
148.028
138.293
130.591
132.855
143.379
147.135
138.927
132.793
138.715
146.52
143.606
144.113
148.203
131.822
130.336
144.477
143.123
147.21
151.24
132.882
128.329
134.889
137.836
129.107
129.308
146.628
138.045
139.46
151.642
149.948
144.29
147.059
151.046
141.103
126.048
113.941
125.321
150.625
135.925
132.573
145.539
149.399
140.895
140.855
153.257
142.015
132.039
141.024
146.017
124.821
123.739
145.033
144.802
145.201
135.547
130.251
144.311
152.381
149.131
139.266
144.436
144.404
142.704
151.642
152.917
144.875
133.941
138.207
146.445
139.315
144.363
154.012
143.318
134.183
139.431
142.949
144.436
146.638
129.324
127.673
138.036
134.671
132.371
136.939
135.98
132.547
140.627
144.991
146.06
136.101
136.537
146.477
144.812
146.972
145.402
147.776
141.753
135.181
144.854
148.931
146.477
136.78
138.485
150.818
145.486
144.865
148.588
151.435
143.513
137.514
143.823
145.264
136.295
126.247
131.987
143.021
146.391
142.45
140.489
144.279
135.089
135.309
147.721
151.757
145.37
126.863
132.31
137.969
118.659
119.667
111.025
119.346
132.45
118.857
124.293
119.076
108.855
115.34
120.171
108.778
103.434
114.534
122.122
120.257
117.689
107.55
117.028
122.078
112.79
123.962
142.806
152.184
151.941
149.354
137.675
137.344
146.349
147.732
148.115
138.793
129.618
130.736
129.266
129.509
140.964
144.134
139.159
141.403
148.159
146.039
136.93
116.98
123.358
149.858
141.193
139.198
135.759
137.571
145.486
144.425
148.258
137.589
127.551
138.284
148.677
130.83
134.445
152.439
142.674
138.715
135.044
134.807
136.603
139.034
144.061
142.268
147.037
132.118
123.993
141.904
153.046
145.688
135.511
140.835
145.826
144.53
150.568
151.515
145.836
134.916
141.183
147.929
143.082
135.63
132.776
141.814
145.932
149.098
147.558
143.534
143.844
124.216
123.464
136.277
141.924
140.135
135.953
138.629
138.725
149.365
145.222
145.73
143.616
142.898
152.381
148.832
146.081
131.277
132.652
150.966
143.143
141.423
149.287
149.499
131.406
131.372
149.835
144.04
144.04
132.083
129.668
145.677
145.964
142.552
143.627
133.236
130.83
142.929
146.413
149.79
141.113
133.023
139.46
141.784
141.794
148.423
149.477
139.111
139.528
149.813
144.886
142.298
136.79
134.246
144.676
144.279
136.649
135.19
124.922
123.403
134.075
140.568
144.844
137.589
137.646
142.765
141.403
144.436
147.07
135.017
137.259
148.423
138.007
137.315
135.676
133.779
143.75
147.275
146.017
142.217
128.469
130.319
135.236
131.761
140.974
146.252
144.456
131.216
132.732
142.41
137.344
119.596
117.028
135.897
137.287
141.874
151.504
143.297
134.183
140.459
142.227
141.965
137.618
136.11
143.184
134.463
137.193
146.092
138.399
142.308
135.584
124.316
137.315
139.014
134.03
