1.12005e-311
inf
13.7567
291.63
490.677
1792.11
2314.81
2673.8
2490.66
2164.5
2219.76
2844.95
3460.21
3338.9
3316.75
3278.69
3616.64
2301.5
2257.34
3976.14
4366.81
4535.15
4662
4784.69
4807.69
4889.98
4938.27
4950.5
4987.53
4975.12
4962.78
4938.27
4950.5
5000
5025.13
5037.78
5037.78
5050.51
5063.29
5089.06
5115.09
5141.39
5154.64
5102.04
3738.32
3484.32
4149.38
3766.48
3278.69
3350.08
3484.32
3508.77
3731.34
2280.5
1876.17
2869.44
4415.01
4662
4024.14
3527.34
3649.64
4081.63
4454.34
4545.45
4576.66
4618.94
4705.88
4784.69
4819.28
4878.05
4926.11
4938.27
4739.34
4587.16
4566.21
4415.01
2024.29
1336.9
1343.18
1607.72
2358.49
2954.21
2717.39
2352.94
2518.89
2805.05
2785.52
2865.33
2894.36
2739.73
3246.75
4073.32
3929.27
4024.14
4395.6
4089.98
3407.15
3053.44
3584.23
4750.59
4950.5
5012.53
5000
5012.53
5076.14
4347.83
3184.71
2911.21
2923.98
2962.96
2971.77
2739.73
2820.87
3361.34
3656.31
3367
1036.27
716.076
1403.51
4089.98
3384.09
3134.8
3442.34
3460.21
3044.14
3025.72
3490.4
3539.82
3407.16
2971.77
3025.72
3724.39
3590.66
3316.75
3169.57
3169.57
3960.4
3913.89
3395.59
3012.05
2989.54
3490.4
3809.52
4219.41
4484.3
1512.86
1409.44
2770.08
2789.4
3220.61
3490.4
4081.63
4878.05
4040.4
3407.16
3976.14
3273.32
1135.72
994.036
2252.25
3960.4
3724.39
3533.57
3350.08
3787.88
4424.78
3683.24
3257.33
3205.13
3367
3656.31
3690.04
2717.39
2805.05
3305.79
3164.56
3752.35
4184.1
4089.98
3683.24
4149.38
3780.72
3868.47
4237.29
3780.72
4264.39
3913.89
3846.15
4784.69
4901.96
4608.3
3921.57
3496.5
3448.28
3656.31
4237.29
4854.37
4807.69
4662
4830.92
4807.69
4819.28
4866.18
4842.61
4878.05
4282.66
3809.52
3048.78
1308.9
1232.29
2143.62
3129.89
5235.6
4291.85
3333.33
3745.32
4056.79
3610.11
3738.32
4166.67
4081.63
3384.09
3372.68
4000
4357.3
4024.14
3868.47
4329
4048.58
3992.02
4098.36
2331
2293.58
3472.22
3478.26
3669.72
3802.28
2812.94
2309.47
2808.99
3690.04
3514.94
3236.25
3853.56
4761.9
4301.08
3442.34
3466.2
3824.09
3442.34
3831.42
4175.37
3311.26
2012.07
1593.63
1858.74
2079
2980.63
3992.02
3514.94
4338.39
4597.7
3389.83
3115.26
3496.5
3546.1
3546.1
3442.34
4000
4228.33
4291.85
4854.37
3992.02
3642.99
3584.23
3623.19
3502.63
3533.57
3883.5
3787.88
3809.52
4228.33
4115.23
3424.66
3333.33
2998.5
3267.97
3921.57
4048.58
4065.04
3787.88
3333.33
3527.34
4089.98
3636.36
4149.38
4210.53
3649.64
4219.41
4819.28
4032.26
3344.48
3091.19
1721.17
1335.11
1129.31
1293.66
2202.64
2352.94
2962.96
3086.42
3484.32
4830.92
4524.89
4587.16
5434.78
5449.59
5586.59
5865.1
5934.72
5934.72
5917.16
5076.14
4629.63
4728.13
5037.78
5649.72
5602.24
5649.72
5649.72
5665.72
5917.16
5934.72
5934.72
5633.8
5602.24
5780.35
5847.95
5115.09
4683.84
4484.31
4629.63
5464.48
5681.82
5797.1
5050.51
4545.45
4866.18
4338.39
4338.39
4854.37
4405.29
4424.78
4773.27
4950.5
5167.96
4975.12
5115.09
5681.82
5102.04
1947.42
1070.09
1038.96
1833.18
4640.37
5050.51
5347.59
5540.17
5714.29
5524.86
5050.51
5167.96
5649.72
3616.64
3091.19
3787.88
3831.42
3992.02
4587.16
5291.01
5586.59
5602.24
5405.41
5235.6
5390.84
5633.8
5681.82
5763.69
5000
4310.34
4024.14
4132.23
4301.08
4338.39
3795.07
3656.31
4106.78
4454.34
4796.16
4842.61
5141.39
5115.09
5089.06
5420.05
5291.01
5249.34
5390.84
5154.64
5479.45
5063.29
3597.12
2496.88
2793.3
4246.28
3861
844.238
716.332
2072.54
4464.29
5115.09
5333.33
5509.64
5649.72
5479.45
5464.48
5449.59
5479.45
5813.95
5830.9
5830.9
5899.7
5882.35
5763.69
5333.33
5291.01
5633.8
5714.29
5698.01
5633.8
5714.29
5865.1
5988.02
6097.56
6060.61
6006.01
6060.61
6134.97
6153.85
6153.85
6042.3
5813.95
5115.09
5025.13
5586.59
5780.35
5917.16
5952.38
5988.02
6060.61
6060.61
5988.02
5970.15
5194.8
4866.18
5347.59
5586.59
5698.01
5763.69
5797.1
5865.1
5934.72
5882.35
5899.7
3030.3
2361.28
2980.63
2699.06
3134.8
1340.48
688.705
949.217
2710.03
4065.04
4319.65
2828.85
2541.3
3086.42
3058.1
3159.56
3129.89
3184.71
2680.97
2538.07
3215.43
4301.08
3174.6
2395.21
2928.26
4024.14
4237.29
3333.33
3159.56
3846.15
3992.02
3231.02
3257.33
3690.04
3992.02
4073.32
4081.63
4166.67
4201.68
4264.39
4192.87
3913.89
2607.56
2209.94
2994.01
2341.92
2145.92
3355.7
4166.67
3787.88
3752.35
4535.15
4132.23
3984.06
4273.5
4376.37
4376.37
4291.85
4454.34
4347.83
4255.32
4878.05
5347.59
5540.17
4866.18
4524.89
5025.13
5076.14
5141.39
4878.05
4950.5
5747.13
5899.7
5970.15
6024.1
6042.3
6079.03
6116.21
6134.97
6153.85
6116.21
6097.56
6079.03
6042.3
6060.61
6097.56
6097.56
6116.21
6097.56
6024.1
6060.61
6116.21
6116.21
6116.21
6153.85
6172.84
6172.84
6172.84
6191.95
6153.85
3929.27
3305.79
3853.56
3937.01
3868.47
4140.79
4175.37
4237.29
4618.94
4098.36
3252.03
491.28
488.998
3311.26
4608.3
5115.09
4123.71
3546.1
3731.34
3780.72
3906.25
4073.32
4329
4474.27
4424.78
4434.59
4444.44
4415.01
4464.29
4140.79
3200
2721.09
2980.63
3436.43
3220.61
2853.07
2962.96
3086.42
2941.18
3327.79
3577.82
3508.77
3868.47
3846.15
4000
4424.78
3773.58
4081.63
5025.13
5050.51
3350.08
838.574
888.494
3683.24
3738.32
3636.36
2531.65
2389.49
3225.81
3724.39
3795.07
3623.19
3937.01
4329
4796.16
4273.5
4106.78
4444.44
4640.37
4683.84
4694.84
5128.21
4784.69
4672.9
4807.69
4716.98
4830.92
5141.39
4889.98
4926.11
4987.53
4901.96
5376.34
5509.64
5509.64
5633.8
4629.63
4219.41
4123.71
4140.79
4662
4662
4618.94
4587.16
4651.16
5025.13
5571.03
5208.33
4830.92
5154.64
4424.78
4255.32
4950.5
4950.5
4210.53
3436.43
2758.62
2801.12
3552.4
3766.48
3717.47
3766.48
3883.5
3906.25
3891.05
4545.45
5524.86
5602.24
4587.16
4618.94
5830.9
4987.53
4618.94
4524.89
4683.84
5479.45
5681.82
5847.95
5970.15
5988.02
6006.01
6097.56
6097.56
6079.03
6134.97
6134.97
6134.97
6172.84
6153.85
6153.85
6153.85
6116.21
6079.03
6042.3
4576.66
4237.29
5154.64
5434.78
5434.78
5479.45
5714.29
5882.35
5602.24
5420.05
5076.14
4987.53
5076.14
5115.09
5405.41
5181.35
5249.34
5012.53
4854.37
4938.27
4889.98
4962.78
5063.29
5012.53
5050.51
5102.04
4950.5
4464.29
4310.34
4987.53
5464.48
5263.16
5194.81
5305.04
5025.13
4081.63
3937.01
4618.94
4842.61
4950.5
5012.53
5037.78
5050.51
4184.1
3724.39
3656.31
3636.36
3944.77
4106.78
1839.93
1829.83
4434.59
4926.11
5037.78
4975.12
4975.12
5181.35
5128.21
5025.13
5012.53
4975.12
5025.13
4819.28
4728.13
4796.16
4866.18
5141.39
4878.05
3952.57
3703.7
4228.33
4385.97
4608.3
4914
4651.16
4842.61
5012.53
4784.69
4484.3
4651.16
5277.05
5524.86
5617.98
5698.01
5730.66
5763.69
5813.95
5899.7
6024.1
6042.3
6042.3
6079.03
6116.21
6042.3
5988.02
6006.01
6042.3
6097.56
6116.21
4158
3044.14
3205.13
3527.34
3960.4
4672.9
5181.35
5305.04
5154.64
5050.51
5037.78
5154.64
4514.67
3838.77
4166.67
5128.21
5479.45
5479.45
5509.64
1988.07
1606.43
2430.13
2739.73
3305.79
3773.59
4132.23
3853.56
3683.24
3976.14
4115.23
4219.41
4184.1
4282.66
4484.31
3460.21
3091.19
3663
3992.02
4065.04
3236.25
2743.48
2894.36
3205.13
3571.43
3913.89
4282.66
2134.47
1828.15
2702.7
490.076
495.417
2928.26
2886
3169.57
3759.4
3875.97
3861
4192.87
3502.63
3809.52
5128.21
5076.14
5194.81
5730.66
4587.16
4504.5
4975.12
3738.32
3225.81
3200
3642.99
4301.08
4158
3044.14
3300.33
5390.84
5479.45
5464.48
5681.82
5698.01
5555.56
5263.16
5319.15
5555.56
5509.64
5571.03
5665.72
5763.69
5763.69
5681.82
5747.13
5882.35
6024.1
6116.21
6134.97
6116.21
6097.56
6079.03
6079.03
6097.56
3831.42
3546.1
4629.63
4319.65
4310.34
4597.7
4807.69
4950.5
5128.21
5181.35
5221.93
5208.33
5420.05
5847.95
6079.03
6097.56
6042.3
5970.15
5899.7
3861
3174.6
2985.07
2706.36
2985.07
3361.34
3129.89
3231.02
3929.27
3809.52
2564.1
1640.69
1669.45
2162.16
3039.51
4830.92
5141.39
4761.9
4807.69
4773.27
4716.98
4842.61
4761.9
4008.02
3809.52
4081.63
4098.36
4255.32
4524.89
4338.39
4098.36
4166.67
4008.02
4264.39
4024.14
4073.32
3891.05
3710.57
4424.78
4784.69
4784.69
4819.28
4474.27
3846.15
3696.86
3738.32
3502.63
3875.97
4705.88
4901.96
5208.33
5602.24
5780.35
5882.35
5988.02
6060.61
6079.03
6024.1
5917.16
5797.1
5730.66
5780.35
5882.35
5830.9
5000
4662
5012.53
5050.51
5128.21
5347.59
5602.24
5813.95
5830.9
5830.9
5865.1
5882.35
5952.38
6060.61
6097.56
6060.61
6060.61
6134.97
6153.85
6116.21
6079.03
5970.15
5865.1
5813.95
5830.9
5934.72
6006.01
6024.1
6024.1
6060.61
6060.61
5970.15
5970.15
5681.82
5617.98
5847.95
1369.86
1277.14
3960.4
4474.27
3484.32
234.659
230.256
2200.22
2400.96
2418.38
2487.56
2538.07
2631.58
2570.69
2544.53
2375.3
2252.25
2415.46
2447.98
2881.84
3738.32
928.505
846.74
2219.76
2478.31
2570.69
2645.5
2567.39
2484.47
2557.54
2645.5
2617.8
2547.77
2534.85
2415.46
2275.31
2336.45
2604.17
3067.48
2583.98
2242.15
2865.33
3696.86
4140.79
4357.3
4484.3
4566.21
4454.34
4338.39
4291.85
4291.85
4376.37
3656.31
3372.68
3816.79
4024.14
4081.63
4264.39
1857.01
1707.94
2717.39
2793.3
3460.21
3110.42
3448.28
4056.79
4158
5037.78
5194.8
5420.05
5602.24
5602.24
5586.59
5617.98
5813.95
6042.3
6024.1
5797.1
5586.59
5524.86
5586.59
5000
4535.15
4474.27
4376.37
4291.85
4000
3831.42
3868.47
4228.33
4773.27
4694.84
4819.28
4842.61
4842.61
4901.96
4901.96
5376.34
4987.53
5000
696.621
637.755
2928.26
4246.28
4366.81
4494.38
4587.16
4444.44
4115.23
4123.71
4464.29
4464.29
4366.81
4016.06
3395.59
3490.4
3649.64
3436.43
3412.97
3558.72
3898.64
3868.47
4282.66
5263.16
5524.86
5649.72
5681.82
5714.29
5763.69
5714.29
5649.72
5633.8
5714.29
5089.06
5037.78
5277.05
5319.15
5347.59
5376.34
5830.9
5797.1
4750.59
4056.79
4597.7
5509.64
5797.1
5882.35
5830.9
5540.17
4474.27
4405.29
5361.93
5586.59
5555.56
5586.59
5602.24
4975.12
4914
5449.59
5479.45
5494.51
4750.59
4338.39
4629.63
4962.78
5361.93
5449.59
5235.6
5208.33
5479.45
5571.03
5571.03
5698.01
5633.8
5524.86
5555.56
5434.78
5291.01
5479.45
5714.29
5714.29
5665.72
5665.72
5586.59
5540.17
4796.16
4123.71
3883.5
3809.52
3846.15
3906.25
4008.02
3436.43
3412.97
3883.49
3929.27
3610.11
4008.02
5333.33
5555.56
1886.79
1609.01
2652.52
1367.05
1321.88
2666.67
3215.43
2375.3
2525.25
3407.15
2259.89
2103.05
1159.42
1213.59
2820.87
2509.41
2886
3129.89
2936.86
2587.32
2642.01
2980.63
1070.66
875.274
1823.15
3311.26
4040.4
4716.98
4926.11
4024.14
3838.77
4716.98
4081.63
3552.4
3745.32
4106.78
4705.88
4889.98
4987.53
5263.16
5449.59
5494.51
5494.51
4597.7
4056.8
4115.23
4357.3
4651.16
4694.84
4618.94
4444.44
4246.28
3976.14
4098.36
4651.16
4750.59
4192.87
4282.66
4889.98
5291.01
5390.84
5208.33
5277.04
5586.59
5780.35
5602.24
5405.41
5420.05
5390.84
5347.59
5405.41
5509.64
5665.72
5865.1
5917.16
5865.1
5899.71
5917.16
5602.24
4597.7
4032.26
4535.15
4376.37
3780.72
4255.32
4975.12
4750.59
4032.26
3868.47
3891.05
4106.78
4761.9
5000
4705.88
4629.63
5181.35
5617.98
5479.45
4514.67
4140.79
2932.55
3048.78
4597.7
4024.14
3745.32
3731.34
4246.28
5154.64
5434.78
5434.78
5390.84
5390.84
5434.78
5390.84
5405.41
5555.56
5617.98
4576.66
3533.57
3333.33
3690.04
3875.97
4040.4
4319.65
4319.65
4338.39
2836.88
2631.58
3030.3
3012.05
3597.12
3514.94
3484.32
3929.27
4106.78
3831.42
3968.25
4366.81
4524.89
2331
481
506.842
2919.71
3968.25
3906.25
3144.65
2706.36
2490.66
2450.98
2649.01
2635.05
1324.5
1253.92
2560.82
3344.48
1028.28
920.387
2427.18
3241.49
3095.98
2247.19
2469.14
4301.08
5208.33
5509.64
4705.88
4081.63
3929.27
3766.48
4016.06
4555.81
4950.5
5420.05
5698.01
5681.82
5813.95
5934.72
5089.06
4739.34
4728.13
4651.16
5141.39
5509.64
5449.59
5376.34
5571.03
5714.29
5780.35
5865.1
5952.38
5970.15
6006.01
6060.61
6042.3
5952.38
5882.35
5813.95
5813.95
5847.95
5813.95
1382.17
1134.43
2249.72
1196.89
1016.26
1673.64
2217.29
2663.12
3412.97
3395.59
3590.66
3809.52
3125
3780.72
4683.84
4576.66
4618.94
3273.32
593.824
617.475
3472.22
3091.19
3738.32
3367
2044.99
2036.66
3129.89
3149.61
2958.58
3442.34
3992.02
4140.79
2958.58
2928.26
2919.71
2998.5
3960.4
3795.07
3466.2
3816.79
3378.38
3401.36
3802.28
3690.04
4115.23
3875.97
3752.35
4065.04
4115.23
4166.67
3115.26
2472.19
2773.93
2812.94
2610.97
791.766
822.03
3766.48
3322.26
2481.39
1230.01
1386
3067.48
2631.58
3067.48
3929.27
4246.28
4210.53
4504.5
4914
4683.84
4694.84
5000
5128.21
5263.16
5115.09
5181.35
5376.34
5208.33
5063.29
4773.27
4819.28
5102.04
5208.33
5291
5063.29
5115.09
5305.04
5000
4842.61
4901.96
5076.14
5181.35
4405.29
3759.4
3508.77
3571.43
3853.56
3642.99
3418.8
522.33
498.256
2051.28
2463.05
2828.85
2941.18
3044.14
2554.28
2989.54
936.33
850.34
2594.03
3289.47
3210.27
3454.23
3215.43
2923.98
2739.73
2600.78
2331
2564.1
3508.77
3663
3906.25
4237.29
4310.34
4282.66
4366.81
4484.3
4385.97
851.789
824.063
3710.57
4132.23
4056.79
4000
3883.5
4301.08
4587.16
4662
4901.96
4914
4830.92
5154.64
4694.84
4454.34
5000
5181.35
4484.3
4282.66
4376.37
4192.87
4132.23
4065.04
3868.47
3984.06
4000
3992.02
4587.16
4926.11
5167.96
5361.93
5347.59
5420.05
5540.17
5681.82
5813.95
5479.45
5464.48
4784.69
3590.66
3430.53
3984.06
4608.3
4694.84
4694.84
4796.16
4819.28
4750.59
4784.69
4716.98
4385.97
4629.63
4040.4
4000
4618.94
4282.66
3663
3773.58
3430.53
2877.7
3565.06
3984.06
3795.07
4081.63
4008.02
4201.68
3868.47
3649.64
4228.33
911.162
872.6
3412.97
3846.15
4081.63
4201.68
4246.28
3868.47
3696.86
3759.4
4008.02
4073.32
4056.79
4566.21
4576.66
3853.56
3773.58
3745.32
3552.4
3252.03
2583.98
1881.47
1888.57
2433.09
2463.05
2366.86
2301.5
2364.07
2808.99
580.046
546.299
26.4676
26.5287
3623.19
4975.12
5479.45
5649.72
5780.35
5797.1
5763.69
5763.69
5730.66
5665.72
5714.29
5830.9
5899.7
4301.08
3724.39
4640.37
5390.84
4926.11
4576.66
5025.13
4807.69
4424.78
4524.89
4301.08
4089.98
4255.32
4385.96
4228.33
4264.39
4474.27
4597.7
4237.29
3361.34
940.734
960.615
3241.49
3466.2
3610.11
3316.75
3616.64
4115.23
3853.56
4040.4
4192.87
3929.27
3937.01
3787.88
4201.68
5000
5249.34
4338.39
4255.32
4273.5
4246.28
4662
4201.68
4338.39
4830.92
4683.84
4608.3
4662
4761.9
4866.18
4672.9
4184.1
4357.3
4830.92
2631.58
2380.95
3929.27
4576.66
3623.19
3139.72
2906.98
3025.72
3861
4228.33
4140.79
3795.07
3787.88
2496.88
1951.22
629.921
634.719
2249.72
2453.99
3067.48
3656.31
3752.35
3773.58
3663
3016.59
2594.03
3044.14
3629.76
4065.04
4166.67
3824.09
4115.23
4192.87
4166.67
4310.34
4201.68
4219.41
3577.82
3656.31
4962.78
3378.38
2857.14
2877.7
2656.04
3105.59
3649.64
3676.47
3478.26
3745.32
3663
3590.66
3809.52
3891.05
3861
3623.19
806.777
775.194
3007.52
2237.14
1597.44
2148.23
3076.92
2554.28
2460.02
2557.54
3012.05
3802.28
3929.27
3824.09
4115.23
4878.05
5319.15
5434.78
5449.59
4494.38
3472.22
3891.05
5235.6
5602.24
5780.35
4210.53
4098.36
5633.8
5899.71
4750.59
4761.9
6042.3
6079.03
6060.61
5970.15
5780.35
5730.66
4608.3
4587.16
4514.67
4474.27
5698.01
5797.1
5780.35
5813.95
3460.21
2103.05
542.299
548.697
2277.9
2886
3189.79
3623.19
3960.4
2894.36
2239.64
2339.18
2500
2070.39
2134.47
3231.02
4484.3
5102.04
4175.37
3968.25
4830.92
3676.47
3389.83
4089.98
3430.53
2781.64
3333.33
4842.61
3824.09
3389.83
3514.94
2840.91
2574
2195.39
2372.48
2805.05
1915.71
730.994
825.423
3389.83
4454.34
5291.01
4796.16
4264.39
4524.89
4830.92
5037.78
4329
4140.79
4854.37
5037.78
5181.35
4310.34
3816.79
4024.14
4464.29
4962.78
5000
4385.96
4301.08
4608.3
4504.5
4938.27
5154.64
5128.21
5102.04
5089.06
5025.13
5167.96
4773.27
4424.78
4640.37
5037.78
5154.64
4784.69
4750.59
4889.98
5000
4975.12
4672.9
4739.34
4842.61
4672.9
4807.69
4866.18
4926.11
4761.9
4807.69
5141.39
4938.27
4842.61
4246.28
4434.59
5405.41
3816.79
3200
3016.59
3284.07
3656.31
3502.63
1160.77
1184.13
4149.38
3906.25
4329
3984.06
2717.39
2600.78
3129.89
3533.57
4282.66
5012.53
4357.3
4073.32
4282.66
4073.32
4444.44
4651.16
4796.16
5347.59
4651.16
3976.14
4175.37
4694.84
4618.94
4376.37
4434.59
4716.98
5154.64
5347.59
5571.03
5540.17
5571.03
5555.56
5540.17
5780.35
4926.11
4385.96
3636.36
3690.04
4282.66
4484.3
4807.69
4739.34
5181.35
5291.01
5305.04
5633.8
4514.67
3367
3378.38
3012.05
3139.72
2881.84
2881.84
3809.52
2853.07
2998.5
3968.25
4444.44
5420.05
5698.01
5730.66
5797.1
5882.35
5882.35
255.624
253.936
4329
4494.38
4807.69
5115.09
5665.72
5847.95
5988.02
6097.56
6097.56
6116.21
6172.84
6153.85
6116.21
4796.16
4081.63
4395.6
4424.78
4158
4405.29
4889.98
4975.12
5076.14
5464.48
5730.66
4854.37
4464.29
4866.18
4672.9
4651.16
4938.27
5115.09
5319.15
742.115
684.463
2812.94
2522.07
2178.65
3048.78
3802.28
2111.93
2259.89
4830.92
5263.16
5390.84
5633.8
5665.72
5747.13
4405.29
3937.01
4662
5037.78
5025.13
5012.53
4566.21
4672.9
5434.78
5617.98
5181.35
4987.53
5390.84
5602.24
5747.13
5797.1
5934.72
5830.9
5586.59
4739.34
3968.25
4166.67
4842.61
5154.64
5208.33
4842.61
4219.41
4016.06
4115.23
4264.39
4796.16
5333.33
5509.64
5617.98
5633.8
5730.66
5780.35
5698.01
5586.59
5665.72
5571.03
4830.92
4545.45
4842.61
4866.18
4901.96
5194.81
5333.33
5347.59
5479.45
5665.72
5747.13
5571.03
5405.41
5291.01
5305.04
5464.48
5494.51
5464.48
5509.64
5540.17
5571.03
5698.01
5763.69
5780.35
5665.72
5698.01
5882.35
5899.7
5934.72
6042.3
6134.97
6172.84
6172.84
6153.85
5988.02
5988.02
6153.85
6230.53
6269.59
5012.53
4914
6024.1
6116.21
6134.97
6153.85
6172.84
6211.18
6250
6230.53
6230.53
6269.59
6250
6250
6289.31
4926.11
4301.08
4878.05
5167.96
4987.53
3968.25
3514.94
3780.72
4000
4201.68
3752.35
3372.68
3129.89
3430.53
4184.1
4016.06
4415.01
5263.16
5571.03
5797.1
5865.1
5917.16
5988.02
6042.3
6079.03
6097.56
6134.97
6172.84
6191.95
6211.18
6230.53
6211.18
6211.18
6269.59
6269.59
6250
6024.1
5882.35
6097.56
6230.53
6230.53
6269.59
6269.59
6230.53
6230.53
6250
6269.59
6289.31
6289.31
6230.53
6191.95
6250
6289.31
6309.15
6329.11
6329.11
6116.21
5917.16
4504.5
4089.98
5037.78
5586.59
5847.95
5763.69
5780.35
5865.1
5917.16
5882.35
5882.35
6172.84
6230.53
6024.1
6024.1
6230.53
6230.53
6060.61
6060.61
6250
5012.53
4566.21
4319.65
3759.4
4089.98
4672.9
4889.98
5063.29
5167.96
5167.96
5089.06
5076.14
1062.13
1021.97
4048.58
4545.45
4819.28
4842.61
4739.34
4914
4878.05
4842.61
4098.36
3929.27
4854.37
4273.5
4098.36
5141.39
4878.05
4761.9
4319.65
4246.28
4405.29
4474.27
4566.21
4123.71
4716.98
5076.14
4878.05
4338.39
4149.38
4683.84
4938.27
5063.29
5063.29
4750.59
4830.92
5050.51
4385.97
4597.7
5390.84
5089.06
5076.14
5181.35
5141.39
5128.21
4950.5
4524.89
4662
4651.16
4819.28
5509.64
5277.05
5012.53
4376.37
4032.26
4424.78
4761.9
4938.27
4819.28
4796.16
5050.51
5208.33
5319.15
5025.13
5050.51
5665.72
6060.61
6042.3
5952.38
5934.72
6006.01
6060.61
6024.1
6079.03
6191.95
6191.95
6211.18
6269.59
6309.15
6309.15
6309.15
6309.15
6269.59
6289.31
6329.11
6309.15
6309.15
6289.31
6289.31
6329.11
6329.11
6329.11
6329.11
6134.97
5291.01
4016.06
4291.85
5208.33
5012.53
5181.35
5263.16
5291.01
5221.93
4926.11
4854.37
5037.78
4926.11
4301.08
4504.5
5063.29
5000
4514.67
3968.25
4273.5
4728.13
4830.92
4301.08
4504.5
4555.81
4662
5464.48
5128.21
4901.96
4089.98
2857.14
2928.26
2902.76
2406.74
3095.98
4081.63
4065.04
4219.41
4048.58
3831.42
3861
3898.64
3883.5
4291.85
5089.06
5154.64
5128.21
5025.13
4395.6
4545.45
4914
4807.69
4366.81
4048.58
4629.63
4494.38
4494.38
5141.39
4889.98
4264.39
4040.4
4192.87
4807.69
5390.84
4424.78
4535.15
5319.15
4357.3
4424.78
5263.16
4444.44
4395.6
4914
4807.69
4938.27
5141.39
5102.04
4901.96
4784.69
4098.36
3558.72
4201.68
4901.96
4219.41
4089.98
4291.85
4784.69
4545.45
4514.67
5235.6
4301.08
3937.01
3913.89
3372.68
3300.33
2958.58
3205.13
3284.07
3284.07
4149.38
3984.06
3898.64
4454.34
5479.45
5797.1
5797.1
5830.9
4255.32
3466.2
3868.47
4597.7
4618.94
4089.98
4640.37
4175.37
3787.88
4056.8
4424.78
5128.21
4901.96
4889.98
4914
4784.69
4750.59
4889.98
4796.16
4866.18
5167.96
5076.14
5025.13
4962.78
4219.41
4395.6
5050.51
4950.5
5025.13
4889.98
4291.85
4504.5
5154.64
4926.11
4926.11
4987.53
5167.96
5221.93
5181.35
4962.78
4424.78
4629.63
4504.5
4618.94
5390.84
5089.06
4494.38
3992.02
3868.47
3676.47
3164.56
3215.43
3584.23
3656.31
3696.86
3710.57
3952.57
4175.37
4273.5
3976.14
4357.3
5494.51
4889.98
4683.84
4819.28
4132.23
4385.96
4866.18
4784.69
4914
4914
4830.92
4784.69
4807.69
4773.27
4914
5000
4914
4842.61
5012.53
4962.78
4329
4716.98
5509.64
5000
5050.51
5076.14
4889.98
4842.61
5141.39
5141.39
4950.5
4975.12
4819.28
4842.61
4376.37
4385.97
4728.13
4950.5
5115.09
4962.78
4842.61
4842.61
4950.5
4878.05
4807.69
4366.81
4629.63
5102.04
4819.28
4773.27
4291.85
3984.06
3367
2378.12
2724.8
4073.32
4008.02
3139.72
3215.43
4158
4065.04
3225.81
2906.98
4081.63
5681.82
5813.95
5847.95
5899.7
6024.1
6153.85
6172.84
5333.33
5037.78
5617.98
5882.35
5167.96
4807.69
5390.84
5780.35
5730.66
5665.72
5780.35
5882.35
5952.38
6060.61
6060.61
6060.61
6079.03
5970.15
5730.66
5698.01
5882.35
5882.35
5763.69
5649.72
5555.56
5617.98
5813.95
5988.02
6060.61
6024.1
6079.03
6153.85
6134.97
6172.84
5970.15
5208.33
5141.39
5681.82
5830.9
5952.38
6024.1
6024.1
6060.61
6116.21
6153.85
6191.95
6172.84
6172.84
6211.18
6211.18
6211.18
6211.18
6211.18
6230.53
4545.45
3442.34
1814.88
1514
2560.82
4192.87
4739.34
4926.11
5000
5025.13
5076.14
5128.21
5089.06
5063.29
1246.11
938.526
1694.92
2604.17
3759.4
4405.29
4535.15
5025.13
5128.21
5235.6
4950.5
4166.67
3787.88
4140.79
4504.5
4566.21
4065.04
3676.47
4237.29
4938.27
5405.41
5617.98
5649.72
5649.72
5747.13
5813.95
5763.69
5586.59
4576.66
4264.39
4761.9
5050.51
4866.18
4975.12
5235.6
5277.04
5434.78
5128.21
5263.16
5376.34
4494.38
3868.47
3327.79
2583.98
2911.21
3952.57
1742.16
1712.33
3484.32
4032.26
4819.28
4950.5
5208.33
5037.78
5181.35
5102.04
5167.96
4975.12
4889.98
5540.17
5479.45
5333.33
4246.28
4219.41
5479.45
4889.98
4494.38
4728.13
4301.08
4264.39
4866.18
4434.59
4587.16
4587.16
4405.29
5037.78
4901.96
4291.85
4608.3
4962.78
4081.63
4192.87
5025.13
4784.69
4618.94
4319.65
4484.3
5115.09
4395.6
4566.21
4962.78
4889.98
5000
4566.21
4672.9
5076.14
4938.27
4819.28
4535.15
4750.59
4819.28
3853.56
3773.59
3663
3418.8
3759.4
3539.82
3496.5
3159.56
2911.21
3327.79
3773.58
3913.89
4149.38
5037.78
5633.8
5747.13
5830.9
5865.1
5934.72
5714.29
5681.82
5830.9
5050.51
4545.45
4728.13
5000
5000
4987.53
5102.04
5208.33
5249.34
5208.33
5208.33
5208.33
5235.6
5249.34
5263.16
5263.16
5249.34
5263.16
5277.04
5291.01
5277.04
4830.92
4166.67
4454.34
5263.16
4796.16
4219.41
3960.4
4618.94
5555.56
5235.6
4901.96
4739.34
4866.18
4987.53
5063.29
4830.92
4301.08
4149.38
4683.84
5128.21
4914
4761.9
4901.96
4175.37
3484.32
3430.53
3717.47
3091.19
3129.89
4040.4
2958.58
3053.44
4149.38
4149.38
3412.97
2941.18
3610.11
4830.92
5479.45
5747.13
5865.1
5633.8
5681.82
4938.27
4032.26
3929.27
4514.67
5235.6
5012.53
4901.96
4854.37
4819.28
5037.78
5128.21
4914
4329
4566.21
4950.5
4773.27
4962.78
4830.92
4716.98
4938.27
4914
4830.92
5102.04
5221.93
5037.78
5115.09
5000
4938.27
4415.01
4524.89
5333.33
4938.27
5000
5221.93
4618.94
4106.78
4651.16
5249.34
4878.05
4773.27
4938.27
5063.29
5154.64
5208.33
5154.64
4405.29
3454.23
2624.67
2424.24
3205.13
4587.16
5390.84
5730.66
5882.35
5361.93
4587.16
4796.16
5571.03
5830.9
5934.72
6042.3
6060.61
6042.3
6079.03
5988.02
5714.29
5602.24
5235.6
5115.09
5524.86
5747.13
5865.1
5813.95
5865.1
5988.02
5934.72
5882.35
5934.72
4474.27
4192.87
4434.59
4608.3
5141.39
4926.11
5167.96
5194.81
5167.96
5181.35
4329
4000
4385.97
4228.33
4282.66
4640.37
4201.68
4474.27
5221.93
4728.13
4819.28
5154.64
4376.37
4415.01
5479.45
5277.05
4629.63
4866.18
5063.29
4819.28
4842.61
5128.21
5319.15
4866.18
5050.51
4914
4149.38
3952.57
3007.52
2853.07
2886
2732.24
3508.77
4192.87
4056.79
4166.67
4376.37
4158
4081.63
4464.29
5277.04
5780.35
5865.1
5934.72
4514.67
4115.23
4901.96
4866.18
4484.3
4329
4301.08
4132.23
4016.06
4405.29
4938.27
4830.92
4878.05
5128.21
4914
4618.94
4854.37
4415.01
4597.7
5509.64
5263.16
5208.33
5235.6
5181.35
4464.29
4464.29
5154.64
4962.78
4716.98
4926.11
4938.27
4329
4597.7
5235.6
4914
5000
4464.29
4474.27
5376.34
5319.15
5221.93
5249.34
5263.16
5235.6
5249.34
5305.04
5305.04
4597.7
3717.47
2797.2
2886
3696.86
3875.97
4106.78
4140.79
3992.02
3816.79
3883.5
3937.01
3913.89
4008.02
4716.98
5714.29
5847.95
5797.1
4504.5
4264.39
4651.16
4683.84
5405.41
5102.04
4784.69
4878.05
4819.28
4975.12
4926.11
4914
4889.98
4938.27
4914
4866.18
4494.38
4587.16
5181.35
4926.11
4784.69
5000
4950.5
4842.61
4987.53
5128.21
5235.6
5208.33
5235.6
5141.39
4901.96
4796.16
5025.13
4273.5
4040.4
4819.28
4975.12
4683.84
4739.34
4773.27
4784.69
5000
5012.53
5037.78
4975.12
4914
4878.05
5012.53
3696.86
2670.23
3016.59
3868.47
3003
3072.2
3861
3759.4
3745.32
3683.24
3663
3738.32
4629.63
5698.01
5797.1
5813.95
4545.45
4464.29
5420.05
5089.06
5128.21
5249.34
5115.09
4535.15
4566.21
5089.06
5012.53
4938.27
4878.05
4201.68
4415.01
5333.33
5063.29
4878.05
4750.59
4830.92
5000
4866.18
3968.25
2781.64
2998.5
3816.79
3802.28
4310.34
4273.5
3992.02
4545.45
5540.17
5249.34
5089.06
5449.59
5263.16
4576.66
4024.14
3683.24
3424.66
3683.24
4089.98
4484.31
4255.32
3690.04
2706.36
2621.23
2873.56
2554.28
2677.38
2695.42
2628.12
1386.96
1517.45
3913.89
4228.33
4494.38
4524.89
4008.02
4184.1
4938.27
4683.84
4246.28
4098.36
4651.16
4878.05
5050.51
5063.29
4608.3
4705.88
4796.16
4773.27
4784.69
4842.61
4889.98
5221.93
5154.64
4866.18
4830.92
4761.9
5154.64
5509.64
5617.98
5813.95
5917.16
5524.86
5509.64
5479.45
5102.04
5115.09
5050.51
5154.64
5291.01
5249.34
5249.34
5154.64
5524.86
5899.7
4750.59
4494.38
4264.39
4366.81
4555.81
4040.4
4454.34
4056.79
3311.26
3610.11
4830.92
5571.03
5698.01
5988.02
6060.61
6097.56
6079.03
5376.34
5181.35
5291.01
5333.33
5763.69
5763.69
5830.9
6060.61
6097.56
6134.97
6024.1
5882.35
6006.01
5917.16
5899.71
5698.01
4962.78
4901.96
4347.83
4545.45
5602.24
5277.05
4618.94
4376.37
4716.98
4842.61
4830.92
4914
4842.61
4395.6
4366.81
4716.98
4854.37
5012.53
5000
4878.05
4773.27
4842.61
4395.6
4618.94
5376.34
5050.51
5037.78
5012.53
4962.78
4950.5
4854.37
5000
4938.27
4854.37
4576.66
4739.34
5063.29
4819.28
4640.37
4784.69
4975.12
4683.84
4694.84
4282.66
4246.28
4301.08
3984.06
4016.06
4081.63
4032.26
3898.64
3663
3478.26
3565.06
3773.59
3944.77
3968.25
4237.29
5063.29
5167.96
4545.45
4784.69
4807.69
4566.21
4830.92
4705.88
4662
4807.69
4962.78
5000
4889.98
4914
4889.98
4889.98
4950.5
4683.84
4796.16
5012.53
4319.65
4524.89
5617.98
5154.64
4739.34
4830.92
4784.69
4246.28
4474.27
5050.51
4784.69
5115.09
5167.96
5115.09
5154.64
5115.09
5141.39
4975.12
4878.05
4926.11
5050.51
5128.21
5128.21
5181.35
5305.04
5319.15
5263.16
5249.34
5249.34
5263.16
5277.04
5208.33
4587.16
4081.63
2212.39
1620.75
1862.2
1752.85
1458.79
2030.46
4210.53
5063.29
5154.64
4255.32
4415.01
5000
4842.61
4347.83
4504.5
5167.96
4830.92
4739.34
4866.18
4415.01
4587.16
5076.14
4866.18
4926.11
4938.27
4901.96
4889.98
4950.5
4950.5
5050.51
5089.06
5063.29
5167.96
5194.8
5277.04
5263.16
5194.8
5221.93
4597.7
4761.9
4705.88
4347.83
4773.27
4987.53
5025.13
5076.14
5235.6
4938.27
4796.16
5000
5012.53
5000
5128.21
4434.59
4514.67
5115.09
5076.14
4504.5
3546.1
1527.88
1386
1722.65
1779.36
3401.36
4524.89
4545.45
4273.5
3780.72
4201.68
4415.01
4716.98
4975.12
4878.05
4301.08
4640.37
5361.93
4975.12
4434.59
4424.78
4739.34
4878.05
5128.21
5076.14
5037.78
4950.5
4938.27
4962.78
4866.18
4962.78
4938.27
4962.78
4889.98
4975.12
5000
4415.01
4576.66
4608.3
4587.16
5025.13
5000
4987.53
5076.14
5208.33
4938.27
4950.5
4938.27
4878.05
5181.35
5235.6
5208.33
5221.93
4444.44
4474.27
5249.34
5208.33
5012.53
4889.98
4024.14
3546.1
4040.4
4149.38
4008.02
4008.02
3898.64
3690.04
3546.1
3738.32
3992.02
3984.06
4464.29
4830.92
4672.9
4842.61
4878.05
4926.11
4866.18
4415.01
4576.66
5025.13
4474.27
4683.84
5000
4739.34
4842.61
4192.87
4201.68
4914
4938.27
4739.34
4866.18
4524.89
4524.89
5208.33
4237.29
3636.36
3663
3773.59
3898.64
3759.4
4255.32
5376.34
5194.81
3891.05
3322.26
3656.31
4192.87
4773.27
4347.83
4366.81
5494.51
5277.05
4807.69
4761.9
4842.61
4878.05
4878.05
4914
5037.78
4962.78
3853.56
3984.06
3502.63
3058.1
3683.24
4319.65
4494.38
4576.66
4975.12
4866.18
5319.15
5714.29
5899.71
5952.38
5813.95
5780.35
5952.38
6060.61
6116.21
6153.85
6134.97
6116.21
6153.85
5681.82
5633.8
5865.1
5747.13
5714.29
5899.7
6191.95
3816.79
3669.73
5698.01
5586.59
4434.59
4618.94
5509.64
5208.33
5194.8
5208.33
5208.33
5221.93
5249.34
5249.34
5249.34
5263.16
5263.16
5249.34
5235.6
5249.34
5277.04
4264.39
2570.69
2610.97
2614.38
2096.44
2670.23
3496.5
3316.75
3577.82
3205.13
2512.56
2919.71
3210.27
3533.57
3913.89
3717.47
2928.26
2967.36
4008.02
3831.42
3861
3642.99
3649.64
3809.52
3759.4
4405.29
4784.69
3831.42
3338.9
3300.33
3703.7
4219.41
4347.83
4796.16
5128.21
5333.33
5714.29
5540.17
5586.59
5970.15
6024.1
6006.01
5988.02
6024.1
6079.03
6134.97
5882.35
4444.44
4201.68
4950.5
4854.37
4784.69
4866.18
4385.97
4073.32
4166.67
4683.84
5102.04
4866.18
4950.5
4987.53
4830.92
4338.39
4555.81
4444.44
4545.45
5390.84
5063.29
4310.34
4494.38
5305.04
5050.51
4889.98
4819.28
4889.98
4376.37
3992.02
4219.41
3327.79
1000
843.526
1800.18
3565.06
4347.83
4291.85
4444.44
4514.67
5141.39
4338.39
4514.67
4629.63
4514.67
5141.39
4889.98
4282.66
4048.58
4705.88
5181.35
4854.37
4158
4081.63
3802.28
3636.36
4576.66
4975.12
4807.69
4291.85
4310.34
5012.53
4376.37
4545.45
5235.6
4329
4454.34
5141.39
4357.3
4555.81
5390.84
4950.5
4854.37
4357.3
4587.16
5449.59
4950.5
4739.34
4796.16
4796.16
4962.78
4385.96
4535.15
5361.93
5128.21
3448.28
1956.95
1955.03
2000
1525.55
2024.29
3976.14
4728.13
4246.28
4545.45
5141.39
4889.98
5076.14
5089.06
4950.5
5376.34
5194.8
4901.96
4938.27
4842.61
5128.21
5235.6
4926.11
4796.16
5000
5115.09
4950.5
4878.05
5115.09
5128.21
5167.96
5181.35
4889.98
4694.84
4716.98
4854.37
5025.13
5115.09
4914
4866.18
5141.39
5263.16
4938.27
4926.11
5221.93
5221.93
5235.6
5263.16
5263.16
5277.04
5277.04
5291
5235.6
5221.93
5291.01
5319.15
5319.15
5089.06
5347.59
4773.27
4854.37
6172.84
5970.15
4175.37
3846.15
4750.59
4796.16
4132.23
4175.37
5128.21
5194.8
4415.01
3584.23
3484.32
4149.38
4773.27
4987.53
5347.59
5730.66
5882.35
5970.15
6024.1
5988.02
6006.01
6097.56
6153.85
6211.18
6230.53
6230.53
6230.53
6250
6289.31
6289.31
6289.31
6289.31
6309.15
6329.11
6329.11
6309.15
6289.31
5390.84
5025.13
5449.59
5665.72
5899.7
5797.1
5847.95
5917.16
5934.72
5970.15
5988.02
6172.84
6191.95
6024.1
6024.1
6250
6269.59
6060.61
5076.14
4750.59
5025.13
5390.84
5970.15
6079.03
6134.97
5970.15
5076.14
4975.12
5813.95
6191.95
6250
6060.61
6060.61
6042.3
4424.78
4089.98
5037.78
5076.14
5347.59
5970.15
5847.95
5063.29
4555.81
3898.64
3436.43
3656.31
4264.39
1719.69
1220.26
1736.11
2713.7
4405.29
4555.81
4444.44
5154.64
4878.05
4504.5
4796.16
5208.33
4385.97
4424.78
5208.33
5167.96
5154.64
5181.35
4914
4739.34
4987.53
5194.8
4338.39
3724.39
4273.5
4184.1
4291.85
5000
4784.69
4854.37
4376.37
4566.21
5012.53
4773.27
4854.37
4962.78
4830.92
4854.37
4926.11
4395.6
4629.63
5235.6
4405.29
4608.3
5509.64
5249.34
3546.1
3629.76
5076.14
4255.32
4608.3
4739.34
3913.89
3407.16
2583.98
1945.53
1628.66
1576.04
2079
3278.69
3891.05
3384.09
3355.7
4484.3
4773.27
4761.9
5154.64
4901.96
4807.69
4716.98
4264.39
4662
5390.84
4494.38
4273.5
4662
4796.16
4376.37
4608.29
5390.84
5115.09
5076.14
4608.3
4662
5076.14
4385.97
4504.5
5221.93
5037.78
5050.51
5208.33
4901.96
4796.16
4987.53
4901.96
4750.59
4608.3
4854.37
5167.96
4866.18
4866.18
4914
4264.39
4008.02
4566.21
4914
4866.18
4926.11
4987.53
4901.96
4395.6
4201.68
2890.17
2219.76
1784.12
1199.76
1632.65
4329
4662
4761.9
4728.13
4784.69
4555.81
4761.9
4750.59
4282.66
4201.68
4640.37
4514.67
4524.89
5154.64
4830.92
4773.27
4329
4524.89
5128.21
4716.98
4830.92
4889.98
4842.61
4424.78
4201.68
4773.27
4329
4376.37
5509.64
5291.01
4878.05
4819.28
4914
4914
4773.27
4926.11
4962.78
4842.61
4329
4566.21
5221.93
4796.16
4750.59
3853.56
3883.49
4750.59
4651.16
4819.28
