1.21419e-311
inf
9.00114
34.8214
35.7143
35.3033
30.8771
26.1441
25.9047
25.5578
25.9609
30.9636
34.5608
36.0075
37.1223
37.4322
36.8175
36.8392
17.6629
17.5696
37.0144
37.3755
36.8521
35.6901
34.9034
36.0445
37.0158
36.972
37.3762
37.9788
36.8677
35.6971
36.5885
36.3577
33.1669
33.8209
35.4516
34.1647
35.6411
36.7762
36.8439
37.1188
37.3895
37.4021
37.2703
36.0815
34.4578
35.7398
37.6294
38.2592
37.2696
36.2772
36.479
36.1011
35.664
35.8339
36.1808
35.1235
35.0625
36.4524
35.6278
33.8776
34.1962
36.1455
36.6468
35.8584
35.5821
34.5352
34.2372
34.7035
34.901
35.0195
34.5262
35.444
35.2063
34.3454
35.7034
36.8473
36.8704
35.8905
35.6818
34.926
33.7342
34.9528
35.292
35.1154
35.2827
35.3213
35.3132
34.4774
35.1136
36.1729
36.6562
36.167
35.6195
35.3457
34.3271
34.9724
36.737
37.4021
36.3676
36.3802
37.7302
37.9089
37.2544
36.6079
37.1243
38.0402
36.3663
34.1495
34.0588
33.2889
30.8561
31.321
33.8444
34.366
34.5823
34.3024
31.9852
31.7229
33.4124
33.631
34.1682
35.9628
37.2884
36.2845
35.8938
36.9167
36.0985
35.2522
35.7628
35.4346
35.6271
35.6132
35.7054
36.2917
35.524
36.6267
37.3671
37.342
37.4181
36.7094
37.8558
37.8774
37.423
36.5043
35.8429
37.0666
34.915
34.5507
37.2655
37.7515
38.3142
38.7702
38.5899
37.3378
37.4693
39.1458
39.9345
39.0366
38.4771
39.2488
39.2326
38.1272
37.1595
38.0076
39.2126
39.4034
39.7543
40.4809
40.4343
40.6661
39.1497
38.2475
39.7007
40.0585
39.9664
40.0128
40.2406
40.4883
39.4431
38.6533
39.0823
38.0431
38.2146
39.6479
39.9401
40.3902
39.1742
38.1789
38.4904
39.6385
40.2293
39.3329
39.8303
40.3015
40.4081
39.4586
39.0023
39.7117
39.8621
39.6267
39.5851
40.4621
40.6025
39.3654
38.5023
39.2072
40.3128
40.5795
40.6769
40.4253
40.2585
39.9521
38.0749
38.2826
40.201
40.5326
40.6611
40.6108
40.8305
41.1946
40.0192
38.9567
39.454
40.1083
40.4155
41.3822
41.0678
40.3902
40.0609
39.9026
40.036
39.6448
40.1469
40.828
40.8338
39.6456
38.8463
38.693
38.6242
38.9355
39.9904
41.8261
41.4405
40.7224
39.5859
38.2175
39.9337
41.6641
41.1083
40.0914
40.4212
41.5991
41.7868
40.3836
39.1627
40.5787
41.876
41.4542
41.4903
41.8253
41.9252
41.927
40.0617
40.3918
42.0486
41.6086
41.4224
41.8156
42.5858
42.9553
42.1283
40.2067
40.5943
41.8594
41.8848
37.5382
31.8385
23.3558
19.5151
24.8506
36.0855
40.2917
41.7632
42.7387
42.6403
41.9983
40.4277
40.7664
42.3039
42.8339
41.2558
41.3018
42.983
42.6995
40.8781
39.6487
41.6571
42.9599
42.5867
41.7145
42.4061
43.6557
43.5853
41.0299
40.0561
42.5016
43.0682
42.9028
42.5469
42.1115
42.7332
43.4905
41.6086
41.1286
42.9784
43.2096
43.0951
42.8697
42.2699
42.425
43.5948
42.2083
41.9015
43.2732
42.389
40.9794
40.4654
39.514
39.329
40.8163
41.0576
41.6858
42.4385
43.5739
44.1608
43.7149
44.2831
41.8445
38.8901
39.093
40.818
40.4498
37.3546
37.7508
40.3055
39.9289
40.5277
42.9793
44.288
43.3839
42.5315
43.0302
43.3351
43.9329
42.0946
40.3201
40.4245
42.2494
43.9705
43.2751
44.0151
43.2339
43.0431
43.7397
42.7899
42.8293
43.5701
44.9388
45.3834
44.5971
44.6508
44.7307
45.1457
44.827
43.1509
43.3257
44.3813
44.287
43.7273
44.62
45.3947
44.5395
44.2253
44.7808
44.9065
44.4336
45.1029
44.8521
44.6409
45.2858
45.6225
43.5863
43.1565
44.4247
44.6847
45.3813
45.7886
45.5353
44.6
45.6819
45.3196
44.0306
43.1919
42.1843
42.8688
43.3116
43.1639
44.3056
43.7694
42.604
42.5994
42.9784
43.7168
44.1277
44.1287
44.5068
44.7948
43.0672
39.6597
39.3128
42.5062
44.3498
44.2106
45.4514
44.829
43.851
44.3439
43.352
42.5134
42.7223
45.296
46.5549
45.995
46.3596
46.2867
46.118
44.1394
44.4168
46.7858
46.845
47.5127
47.2367
47.2277
47.4913
47.132
47.5647
46.594
44.1443
42.4755
44.2018
46.5289
46.6712
43.4367
43.4018
46.4199
44.6349
43.5825
44.9671
46.7639
47.5783
47.5455
44.8612
43.1472
43.8635
43.0413
41.0029
42.5985
44.963
44.7557
44.3331
44.5653
44.1686
44.3941
44.603
43.7915
45.1814
45.7247
43.8808
44.0199
46.6548
48.107
47.8664
46.3897
43.7608
42.4286
43.1574
44.3184
45.4742
45.5156
45.5903
46.729
47.1098
44.194
40.8923
42.7378
45.1794
45.0907
46.0904
46.5474
47.6259
46.8099
46.5203
46.1883
44.1969
44.3636
46.0787
46.7913
47.2813
48.6145
46.6919
46.7858
46.2278
43.5578
44.6618
45.0562
43.6605
44.7968
45.3011
45.6142
46.5755
46.0384
45.8937
46.8669
47.4789
45.7164
46.4317
46.5896
46.2759
46.7716
44.8109
41.4499
42.5804
45.8558
45.7676
47.4868
47.3732
46.2428
45.9232
45.9559
47.381
45.0349
45.2141
47.3306
46.5777
47.3003
47.3575
45.5591
46.8461
48.6879
46.0766
43.2049
42.6176
45.7844
47.3317
46.1063
46.6342
46.4403
46.7093
47.5907
46.6016
44.7487
45.4566
45.8484
46.0384
47.9823
48.4449
49.0653
48.7662
49.2914
47.0212
44.0529
45.9548
47.6372
47.3765
48.4273
49.5896
49.2041
48.676
49.57
49.1666
48.8377
49.0028
49.4059
48.7365
47.4102
46.5073
47.297
48.01
47.6032
49.0473
49.5184
50.0563
49.9201
47.8709
47.2791
50.04
52.5832
50.3119
45.5789
43.1537
44.2978
46.582
48.7852
47.6803
46.4878
46.8955
44.9792
45.7112
44.0985
44.8229
50.5076
49.5675
36.5377
36.5584
49.4523
51.0282
48.4297
46.955
44.0335
42.5233
45.5353
48.5213
50.1354
50.5318
51.8914
52.203
51.4893
49.2283
46.9473
46.0617
48.3138
51.1391
50.7202
48.2952
48.4978
50.1983
50.0902
47.5217
47.9398
50.5791
49.3852
50.3233
51.4708
50.355
48.765
49.0448
50.1869
48.6299
47.132
48.4109
50.1567
50.3284
49.7958
50.8104
51.5889
49.9451
51.1169
52.3314
51.083
48.9021
49.4731
51.6849
50.7898
51.3294
51.6462
51.8121
52.3642
51.9832
50.7009
48.8222
49.2368
50.3259
49.8095
50.9866
50.9814
50.6393
51.0425
51.4417
51.5517
50.4757
50.2487
51.5983
53.0082
51.9602
51.9481
53.4359
53.3889
52.7079
52.8388
52.6621
51.2807
50.4643
52.6801
55.4078
55.2532
53.0828
53.0926
53.7938
52.7037
54.0307
54.772
52.0766
52.694
55.8972
56.0491
56.1498
54.5078
54.1111
55.4431
54.9466
54.9904
55.4093
52.8025
50.4617
52.2384
54.5241
54.6777
54.4425
53.2552
53.5088
54.9134
54.778
53.6021
52.2016
52.4301
53.1194
53.9345
54.7151
54.5628
54.4722
54.4277
54.1594
55.0237
54.4129
50.2778
48.4637
49.3925
49.899
50.6894
50.6073
49.7934
49.3864
49.4169
50.1605
53.0391
53.6639
52.7176
54.0482
54.8441
55.4047
55.2257
54.5212
54.939
53.3148
53.0588
53.9316
52.2111
52.7273
54.1345
54.1771
53.0532
52.2725
52.5555
53.0462
53.0588
52.2466
52.3725
48.4051
45.8537
49.0424
50.9814
51.8995
52.6718
52.2958
51.9359
52.5114
52.8723
51.5889
51.5437
53.5619
54.8622
54.8186
51.2216
51.796
55.4339
54.2741
54.9768
56.0805
53.1576
51.581
53.8517
55.0161
54.6403
53.8938
53.5003
54.4929
54.939
55.0055
55.3802
54.3626
53.4045
54.2697
55.0615
54.8802
55.2608
54.5598
53.1519
54.5019
56.7714
57.3691
54.9149
52.1744
53.0068
55.1283
55.2547
54.6837
54.7795
54.2035
55.1542
56.0727
55.802
55.3312
53.6236
54.4484
56.4191
54.8697
54.2564
55.9378
57.0142
55.4139
55.4324
57.1559
55.5957
54.2152
53.7692
54.3213
55.2593
55.7647
56.3857
55.5185
54.4692
52.6857
52.8192
54.1301
53.0321
53.3889
54.5569
55.4032
57.7351
58.9779
59.1191
59.2575
55.76
55.0418
54.787
53.0321
53.0701
55.5155
55.6452
54.202
55.746
56.959
58.4471
59.2066
59.0214
57.8587
56.1356
52.597
53.2297
57.1265
57.929
58.5857
57.8905
54.1213
55.1679
59.058
58.1988
58.1903
53.5088
48.8532
50.8001
56.3237
59.9269
59.4972
58.1818
57.7217
58.9188
58.326
57.8854
57.1821
57.1592
56.6235
53.526
53.4631
55.8067
58.5292
57.3082
56.4159
58.6854
57.7751
55.145
55.0934
55.6468
52.1485
51.6542
56.1372
56.5499
56.7038
58.6459
55.8472
54.3626
56.4493
57.7818
57.5407
55.4816
51.8001
50.5766
53.6898
57.2443
58.3601
57.1853
55.0115
54.3862
56.0491
57.8051
59.1104
59.7854
57.0451
55.9394
58.0383
57.5093
56.8715
58.4385
58.0434
57.5705
58.0316
56.5707
57.4746
59.7389
57.8704
55.4754
56.2224
57.1641
58.3345
59.9934
60.0024
58.9466
58.9466
59.9484
59.9484
59.9197
59.0075
59.0877
56.5451
56.0868
59.4248
59.7265
59.7318
59.4972
57.7051
54.8426
56.002
59.4301
58.5292
57.8336
56.878
57.1282
59.5433
59.9826
59.9826
59.9898
59.4371
58.8582
59.1261
59.1104
57.1167
56.7537
57.8938
57.1298
58.1988
57.8202
55.9409
55.8441
55.497
53.9258
55.701
59.6374
60.0024
56.9217
56.9217
60.0024
59.8874
59.4707
59.5841
59.7657
58.846
59.0755
58.7389
58.7389
58.5429
56.9638
56.7199
57.2328
57.9358
57.3197
57.9223
59.6534
59.4142
59.4142
60.0024
59.8695
56.09
55.2746
58.9414
60.0024
60.0024
58.997
58.4573
59.1523
59.4424
59.7372
60.0024
60.0024
55.2196
53.6581
57.0499
57.496
58.3192
59.6801
57.8252
57.8252
60.0024
60.0024
60.0024
58.1971
57.0548
58.7751
59.9664
59.9808
60.0024
60.0024
60.0024
59.2312
59.2312
60.0024
60.0024
60.0024
59.997
58.4812
58.4864
60.0024
54.5658
54.5658
60.0024
59.9287
57.3148
57.3543
58.4283
58.4573
58.8339
57.1363
58.2377
60.0024
60.0024
60.0024
59.6997
59.6997
58.9206
58.898
56.7553
56.5659
59.0947
56.6749
57.1968
57.0532
57.0695
58.5789
58.6631
60.0024
60.0024
59.9161
59.9161
60.0024
60.0024
60.0024
56.7956
55.7522
56.7102
57.1821
59.3472
60.0024
59.3595
59.3595
60.0024
59.714
59.1401
59.4142
59.6552
59.6641
56.8085
48.9944
44.0635
48.5048
57.4861
42.7597
38.2263
33.0327
29.8619
32.1642
37.0192
52.8653
57.6236
58.1277
58.67
58.6665
59.3261
60.0024
59.6801
59.6712
59.9934
58.4129
58.4129
59.9988
57.9609
57.9643
60.0024
59.5894
58.7061
58.7924
56.5291
55.0691
58.0535
58.7855
58.7855
58.4915
58.4761
59.9862
59.6019
58.9345
59.3261
60.0024
59.7193
59.5948
58.8339
58.1564
58.6459
59.4583
60.0024
59.8337
59.1558
58.6682
59.3349
60.0024
59.7604
59.3983
58.6717
58.372
59.3278
60.0024
56.8602
56.4764
59.5699
58.7527
58.3754
59.6036
59.2136
56.9379
56.3841
58.6081
59.4106
59.4177
59.4866
58.1784
57.6053
56.1325
57.1445
59.9988
58.126
55.2868
56.9233
59.9413
60.0024
60.0024
59.8229
58.3482
58.5103
59.9934
58.6872
58.0164
59.3014
60.0024
60.0024
60.0024
60.0024
59.7033
59.6926
58.0855
57.9945
59.8946
60.0024
59.9251
59.2364
58.9849
58.9154
59.2417
59.988
59.254
58.7458
58.682
58.5754
58.8028
58.6889
59.2417
60.0024
60.0024
60.0024
53.4374
46.3521
51.2125
57.9761
55.9926
57.8804
60.0024
59.2821
57.8704
58.0333
59.453
58.9484
58.9484
60.0024
60.0024
59.9431
59.9431
60.0024
59.4566
59.4371
59.9826
60.0024
60.0024
59.5149
59.5149
60.0024
60.0024
59.7318
58.9293
58.4898
58.67
58.7096
59.3067
59.988
59.9664
59.9664
60.0024
59.5717
59.1034
58.8183
59.2821
60.0024
60.0024
60.0024
60.0024
59.4742
58.8097
58.4727
58.4795
58.7734
58.651
58.5617
55.5803
56.1214
59.9556
59.3807
59.3807
59.9808
59.5646
57.6918
57.1086
58.964
58.7268
58.7268
59.9934
59.5859
58.9293
58.639
58.5532
58.6218
58.8668
58.6373
58.6562
58.6562
58.4864
58.8045
58.651
58.3618
59.1628
60.0024
59.9341
59.261
58.6648
59.3243
58.782
58.782
60.0024
59.6001
58.9362
58.67
58.6665
59.3261
60.0024
59.7639
59.0894
58.6596
59.3243
59.1909
59.1909
59.9143
59.9143
60.0024
59.9826
59.0894
58.4539
58.6631
58.6631
58.6751
58.6717
59.3243
60.0024
59.5557
58.9327
58.846
58.5823
58.5412
58.8737
58.8149
59.3648
60.0024
59.7675
59.0964
59.3261
58.6734
57.9492
58.6665
59.4089
60.0024
60.0024
60.0024
58.4232
57.6585
59.1961
60.0024
59.7015
59.2207
58.6889
58.5257
58.6854
59.3243
60.0024
59.9359
59.9359
58.6734
58.0282
58.6614
59.3208
60.0024
59.7604
58.9623
59.1979
60.0024
59.7621
59.7621
60.0024
59.7122
59.7122
60.0024
60.0024
58.8876
58.8876
60.0024
59.7836
59.0964
58.6459
58.6631
58.6682
58.6648
59.3243
60.0024
59.476
58.8097
58.6648
58.6975
58.7078
58.639
59.2874
58.6682
58.6682
58.8703
58.2157
58.6631
58.6665
58.67
58.67
58.6545
58.6717
58.6786
59.3225
60.0024
59.7639
59.7639
60.0024
59.2312
58.5737
58.7889
58.7855
58.7182
59.3824
60.0024
59.6837
59.0441
58.7078
58.682
58.6734
59.3313
60.0024
59.7532
59.7532
58.6768
58.0282
58.67
58.651
58.3993
58.6201
59.5327
60.0024
59.4919
59.0354
59.538
60.0024
59.7657
59.0929
59.3243
60.0024
59.5593
58.8062
58.2869
59.0267
58.6407
58.0248
59.3578
60.0024
59.7318
59.7318
58.4761
57.6801
58.5052
59.3243
60.0024
60.0024
60.0024
58.6081
57.9626
58.6665
58.6115
58.5737
58.6751
58.6614
58.6149
59.3261
60.0024
59.5043
58.7113
58.3754
58.4761
59.2997
60.0024
59.9054
59.2364
58.5549
58.5446
58.6545
58.6768
59.3437
58.7061
58.7061
60.0024
59.5433
59.0301
59.4813
58.5275
58.5275
58.8789
58.2293
58.2988
58.1869
58.292
58.3499
58.5377
58.5823
58.6614
58.6648
58.6132
58.4693
58.4881
59.2979
59.8838
58.9605
59.0755
60.0024
59.5096
58.8356
58.6338
58.6287
58.6854
58.6992
59.3261
60.0024
59.7764
59.7764
60.0024
60.0024
60.0024
59.5309
58.8495
58.6321
58.8478
58.7044
58.512
58.4983
58.4642
59.2979
60.0024
59.7621
58.808
58.1886
59.1226
60.0024
59.7889
59.1209
59.3014
58.4761
57.867
59.3331
60.0024
59.7354
59.0737
58.7527
59.4071
60.0024
59.7604
59.7604
58.6682
58.0248
59.3296
60.0024
59.755
59.0825
58.6682
59.3313
59.997
59.6427
59.6481
60.0024
59.8176
59.0999
58.6665
59.3736
60.0006
59.7175
59.0458
59.3225
60.0024
59.7657
59.7657
60.0024
59.7604
59.7604
60.0024
59.5522
59.1104
59.5539
58.1598
57.5275
59.3296
59.988
59.1979
58.5909
58.67
58.3873
58.6012
59.5132
60.0024
60.0024
60.0024
59.814
59.2382
59.423
60.0024
59.8498
59.8498
60.0024
59.7086
59.7086
60.0024
60.0024
60.0024
60.0024
60.0024
60.0024
59.7443
59.2786
59.5327
60.0024
59.7568
59.0825
59.3225
60.0024
60.0024
60.0024
60.0024
59.3243
59.3243
59.9862
59.5557
59.5717
60.0024
59.9592
59.9592
60.0024
59.7568
59.7568
60.0024
59.7693
59.7693
58.6734
57.872
58.6441
58.8183
58.6923
58.6682
59.3102
59.9952
59.7746
59.1104
58.512
58.4949
59.3155
60.0024
58.9431
58.3737
59.4124
60.0024
59.8641
59.1768
58.6648
58.4607
58.6081
59.4919
60.0024
59.522
58.801
58.6218
58.4966
58.6941
58.7406
59.1891
58.7354
58.1835
58.6941
58.6046
59.3349
58.67
58.0282
58.5806
59.2347
60.0024
59.6588
59.6588
60.0024
59.641
43.3323
43.3774
59.0179
58.732
57.6851
58.2208
59.814
59.0982
58.6218
58.7389
59.4018
60.0006
59.7015
59.1017
59.3948
60.0024
59.673
59.673
58.7475
58.7475
60.0024
59.7443
59.0807
59.3331
58.6373
58.003
59.3384
59.9988
59.8032
59.8068
58.682
58.0434
59.3349
58.6648
58.6648
60.0024
59.755
59.755
60.0024
60.0024
60.0024
59.7104
59.1121
58.8166
58.6958
59.2751
58.4744
57.8219
58.4761
58.6098
58.67
58.3822
58.236
59.0545
58.5892
57.7934
58.7044
59.5256
60.0024
59.7675
59.7675
60.0024
59.7729
59.7729
60.0024
60.0024
60.0024
60.0024
59.5043
59.5043
60.0024
59.7496
59.0145
59.261
60.0024
59.6232
59.6232
58.6768
58.0333
58.682
59.3401
60.0024
59.7033
59.7033
60.0024
59.8337
59.8337
59.8659
59.1733
45.1702
43.7187
56.8263
59.8749
59.8784
60.0024
59.7872
58.9988
58.6287
59.3842
59.979
60.0024
59.1156
58.3805
58.5292
59.268
60.0024
59.6837
59.1314
59.4442
60.0024
59.561
59.0825
59.5167
60.0024
59.3261
58.5035
58.4112
59.2312
60.0024
59.5327
59.5327
60.0024
59.8337
59.1681
58.6442
59.2979
60.0024
59.6979
59.6979
60.0024
59.7604
58.957
58.5857
58.7596
58.7786
59.3983
60.0024
59.7122
59.7122
58.732
58.0248
58.6287
58.6992
58.7096
59.3613
59.9862
59.7158
59.7318
58.7027
58.0636
58.1886
58.1801
59.3261
60.0024
59.5291
59.0999
58.8841
58.4095
58.6029
58.8512
58.5737
58.2208
58.4283
59.4407
60.0024
59.6534
58.9293
58.7078
59.4265
59.9862
59.7818
59.1156
58.5823
58.4778
58.548
58.5686
58.7406
59.5008
60.0024
59.4707
58.7044
59.2224
60.0024
59.561
58.9015
59.3331
59.997
59.997
60.0024
59.7675
59.7675
60.0024
60.0024
60.0024
59.6801
59.6712
59.9934
59.2628
59.2628
60.0024
60.0024
60.0024
59.882
59.882
60.0024
59.6054
59.6054
60.0024
59.3049
59.3049
60.0024
59.689
58.7613
58.0804
58.4744
59.4725
59.9898
59.6588
58.964
58.7061
58.6648
59.2452
60.0024
59.8534
59.8534
59.9916
59.9916
60.0024
59.8229
59.1523
58.4642
58.2717
58.1818
59.0267
59.6855
59.673
59.9323
59.1069
59.1628
60.0024
59.8677
59.8677
59.9898
59.9898
60.0024
60.0024
60.0024
59.997
59.5557
59.561
58.6527
58.6527
58.6562
58.6459
59.9916
59.4583
58.8374
59.3701
59.7086
58.8426
58.4727
58.1514
58.1497
58.2072
58.8582
60.0024
59.6623
58.6321
58.4505
58.8668
58.536
58.0215
57.8938
58.4044
59.3578
59.9772
59.5805
59.5805
60.0024
59.6623
59.6623
59.9844
59.2119
58.3482
58.2089
58.1074
58.2581
58.782
58.8564
58.6665
59.3366
60.0024
59.5788
58.971
58.7285
58.6631
59.319
60.0024
60.0024
60.0024
60.0024
60.0024
60.0024
59.7229
59.7229
59.9502
59.9502
59.9736
59.9736
60.0024
60.0024
58.6063
58.6063
60.0024
59.1961
58.8616
58.4385
58.7682
58.6751
57.966
