1.06243e-311
inf
14.5881
268.962
367.782
581.058
490.196
472.255
534.188
503.271
474.721
537.057
181.984
182.532
627.746
603.682
618.429
663.79
610.128
556.174
584.454
606.428
476.304
390.625
427.716
486.381
521.241
586.682
619.579
634.317
654.45
635.93
595.238
418.585
424.448
591.891
595.238
609.385
607.533
616.333
625.978
370.302
345.066
538.503
609.199
638.978
654.236
661.813
576.868
491.521
503.271
583.26
547.945
532.198
603.5
619.771
639.182
569.638
568.99
602.954
588.755
644.122
667.334
668.003
661.157
646.412
573.559
577.367
666.445
674.764
672.043
657.895
637.349
657.03
685.401
609.385
564.493
617.665
593.824
588.235
581.395
554.017
624.22
693.241
615.953
337.041
345.006
634.518
686.577
689.893
703.235
611.995
592.417
602.773
602.773
682.128
636.335
613.685
681.199
708.466
617.475
591.191
678.196
672.043
641.437
663.35
700.525
718.907
221.508
171.16
314.861
476.985
601.866
700.771
707.965
742.39
772.201
752.729
725.953
735.565
728.597
713.267
712.251
731.797
757.289
769.527
776.699
778.513
775.194
765.404
749.344
750.751
767.165
755.572
733.138
734.754
739.372
744.048
767.165
785.238
799.041
802.89
790.514
771.605
768.935
772.201
795.545
830.91
822.03
807.754
813.339
802.246
791.452
647.249
631.712
775.494
788.644
787.712
795.545
810.045
832.986
821.018
805.802
794.281
809.717
848.176
836.47
828.157
823.045
824.063
836.12
839.631
835.771
797.13
793.021
809.389
806.452
791.452
795.545
833.333
846.024
846.382
857.633
860.956
843.882
531.491
507.228
715.563
719.683
689.18
269.76
272.963
691.324
742.115
772.201
791.452
460.193
423.639
566.733
616.713
810.045
832.986
866.176
874.891
861.698
877.963
805.153
808.407
900.901
932.401
950.57
958.313
949.217
919.963
885.74
871.08
887.311
918.274
963.855
980.392
900.901
865.052
892.061
922.084
950.119
902.935
879.507
911.162
931.532
942.063
953.743
977.517
957.854
895.255
889.284
920.81
932.836
925.069
910.747
919.54
951.475
988.142
996.016
1018.85
1042.21
1055.41
1017.81
962.927
954.198
911.162
933.271
1010.1
1056.52
1119.19
1164.14
1183.43
1154.73
1143.51
1117.32
1018.85
963.855
949.217
924.642
938.527
968.523
1028.28
1121.7
1150.75
1158.75
1174.4
1192.61
1194.03
1188.35
1204.82
1219.51
1187.65
1189.06
602.773
564.175
961.538
1036.81
1137.01
1114.83
1101.32
1103.14
1064.96
1130.58
711.997
664.894
611.06
613.685
974.659
935.454
997.506
1098.9
1098.9
1134.43
1196.17
1182.03
1069.52
986.68
1027.75
1074.69
842.815
805.153
1042.75
1205.55
1220.26
1186.24
1184.13
1189.06
1230.01
1271.46
1183.43
891.266
797.766
747.384
565.451
643.915
1032.52
1190.48
1220.26
1257.07
1249.22
1250.78
1297.02
1237.62
1257.07
1276.32
1245.33
1303.78
1294.5
1285.35
1269.04
824.402
642.467
785.238
1053.19
1171.65
1191.19
1223.24
1214.33
1215.07
1300.39
1349.53
1278.77
1284.52
1320.13
1261.03
1109.26
878.349
893.256
1029.34
854.701
811.359
946.522
913.242
982.801
1173.71
1186.94
1199.76
1203.37
1226.24
1243.01
994.53
962.464
1158.75
1239.16
1355.93
1357.77
1283.7
1257.86
1314.06
1355.01
1328.9
1302.93
1285.35
1303.78
1329.79
35.1648
35.1377
1246.11
1245.33
1285.35
1154.07
1075.85
1154.07
1248.44
1350.44
1367.05
1343.18
1240.69
1137.66
1187.65
1325.38
1334.22
1319.26
1346.8
1375.52
1329.79
1138.3
1052.08
1050.42
1047.12
1083.42
1129.94
1225.49
1248.44
1256.28
1271.46
1267.43
1225.49
1251.56
1385.04
1360.54
1253.13
1230.77
1316.66
1282.05
727.537
737.735
1313.2
1386.96
1435.75
1413.43
1397.62
1440.92
1449.28
1230.01
1185.54
1292.82
1247.66
1261.83
1287.83
1315.79
1325.38
1079.91
968.054
1093.49
1265.02
1391.79
1439.88
1472.75
1498.13
1495.89
1481.48
1473.84
1436.78
1412.43
1432.66
1380.26
1401.54
1424.5
1428.57
1349.53
1236.09
909.918
892.061
1253.13
1329.79
1335.11
1342.28
1358.7
1321.88
1292.82
1336.01
1333.33
1302.08
1305.48
1360.54
1374.57
1421.46
1436.78
1403.51
836.47
744.048
1100.11
1287
1300.39
1194.03
1216.55
1294.5
1261.83
1265.02
1367.99
1358.7
1335.11
1350.44
1392.76
1449.28
1344.99
1164.82
887.311
982.801
1352.26
1230.77
1175.78
1242.24
1378.36
1436.78
1404.49
1385.04
1430.62
1322.75
1269.84
1379.31
1425.52
1433.69
1421.46
1321
1138.3
1068.95
1259.45
1455.6
1443
1439.88
1304.63
1322.75
1316.66
1187.65
1261.03
1402.52
1432.66
1446.13
1356.85
1347.71
1310.62
1269.84
1144.82
965.717
1106.19
1376.46
1430.62
1488.1
1158.75
870.701
845.309
979.432
1140.9
1234.57
1122.33
1108.65
1273.07
1335.11
1250.78
1140.9
1218.77
1255.49
1219.51
1284.52
1308.04
1238.39
1102.54
1072.39
1036.27
886.132
764.526
823.384
995.025
615.385
617.475
1082.84
1232.29
1321.88
1344.09
1339.58
1348.62
1252.35
1216.55
1336.9
1352.26
1273.89
1287
1258.65
1095.29
1023.54
780.031
769.527
1065.53
1191.9
1122.33
1089.32
1201.92
1360.54
1416.43
954.654
913.242
1237.62
1236.86
1328.02
1424.5
1291.99
925.069
957.396
1326.26
1374.57
1459.85
1452.43
1386.96
1392.76
1378.36
1317.52
1321.88
1394.7
1372.68
1373.63
1359.62
1277.96
1291.99
1351.35
1315.79
1026.69
1060.45
1390.82
1426.53
1407.46
1445.09
1456.66
1424.5
1434.72
1401.54
1385.04
1386
1402.52
1450.33
1474.93
1436.78
1319.26
1267.43
1179.25
972.29
904.568
1047.67
1260.24
1345.9
1386.96
1447.18
1452.43
1368.93
1399.58
1435.75
1420.45
1446.13
1396.65
1422.48
1460.92
1437.81
1447.18
1221
1002.51
1092.9
1253.92
1263.42
1308.04
1371.74
1453.49
1529.05
1543.21
1531.39
1537.28
1560.06
1561.28
1569.86
1449.28
1393.73
1344.99
1264.22
805.477
767.754
1160.77
1201.92
1265.82
1302.93
1292.82
1221
1270.65
1437.81
1364.26
1201.2
1230.01
1370.8
1348.62
1298.7
1302.08
1249.22
1207.73
1354.1
1516.3
1546.79
1538.46
1539.65
1544.4
1405.48
1208.46
1255.49
1395.67
1357.77
1245.33
1264.22
1352.26
1381.22
1269.04
1209.19
1294.5
981.354
1011.63
1443
1486.99
1501.5
1503.76
1504.89
1512.86
1422.48
1372.68
1418.44
1402.52
1423.49
1479.29
1498.13
1495.89
1485.88
1495.89
1472.75
1407.46
1078.17
1092.9
1383.13
1341.38
1152.74
1110.49
1201.92
1230.01
1333.33
1354.1
1356.85
1379.31
1236.86
1230.01
1395.67
1440.92
1376.46
1164.14
876.04
959.693
1343.18
1379.31
1388.89
1367.99
1391.79
1344.99
1333.33
1267.43
1253.92
1249.22
1141.55
1255.49
1302.93
1299.55
1382.17
1323.63
952.835
986.193
1379.31
1392.76
1333.33
1317.52
1386
1385.04
1364.26
1355.93
1269.84
1266.62
1353.18
1297.86
1294.5
1319.26
1308.04
1243.78
880.669
885.348
1258.65
1322.75
1309.76
1393.73
1512.86
1510.57
1516.3
1526.72
1341.38
1260.24
1335.11
1333.33
1287.83
1275.51
1223.99
1227.75
1002
967.586
1215.81
1315.79
1348.62
1237.62
1109.26
1084.01
1089.32
1117.94
1248.44
1299.55
1284.52
1243.78
892.061
594.884
654.45
916.59
1065.53
1191.19
1149.43
1186.94
1235.33
1213.59
1213.59
1222.49
1297.86
1344.99
1337.79
1434.72
1443
1374.57
633.513
571.429
1027.75
1185.54
1182.73
1059.88
1056.52
1223.24
1282.87
1246.11
1194.03
1072.96
1011.12
1078.17
737.463
733.407
1106.81
1238.39
1214.33
1165.5
1302.93
1285.35
1264.22
1314.06
1250.78
1277.96
1290.32
1212.12
1293.66
1246.88
1102.54
1116.69
1223.24
1279.59
1349.53
1398.6
1414.43
1368.93
1316.66
1316.66
1358.7
1370.8
1336.01
1269.04
1303.78
1414.43
1383.13
1386
1402.52
1278.77
1203.37
1226.24
1265.82
1305.48
1358.7
1394.7
1403.51
1387.93
1376.46
1379.31
1390.82
1411.43
1386.96
1382.17
1408.45
1422.48
1424.5
1449.28
1434.72
1261.83
1184.13
1217.29
1233.81
1228.5
1253.13
1354.1
1396.65
1367.05
1371.74
1387.93
1362.4
1381.22
1382.17
1347.71
1269.84
1227.75
1320.13
1275.51
892.061
968.054
1448.23
1344.09
1314.06
1281.23
1157.41
1232.29
1277.96
1277.96
1413.43
1402.52
1384.08
1402.52
1333.33
1303.78
1346.8
1277.96
1002.51
1052.63
1388.89
1239.16
1124.23
1111.11
1154.73
1135.07
1081.67
1233.81
1398.6
1336.01
1230.77
1260.24
1332.45
1357.77
1388.89
1133.14
982.801
1137.66
1304.63
1350.44
1347.71
1250
1276.32
1199.76
1186.94
1340.48
1351.35
1332.45
1287.83
1337.79
1406.47
1418.44
1416.43
1318.39
942.063
964.785
1308.04
1333.33
1352.27
1383.13
1370.8
1344.09
1369.86
1362.4
1358.7
1319.26
1327.14
1387.93
1421.46
1186.94
1151.41
1237.62
1012.15
1110.49
1427.55
1440.92
1435.75
1431.64
1463.06
1463.06
1313.2
1313.2
1332.45
1210.65
1262.63
1371.74
1427.55
1346.8
1307.19
1356.85
1082.84
972.763
1179.94
1320.13
1369.86
1390.82
1342.28
1340.48
1325.38
1345.89
1355.93
1349.53
1212.12
1178.55
1314.06
1338.69
1367.99
1378.36
1280.41
909.504
921.659
1281.23
1349.53
1315.79
1291.99
1322.75
1352.26
1429.59
1468.43
1483.68
1494.77
1499.25
1357.77
1262.63
1341.38
1411.43
1409.44
1051.52
862.441
1067.24
1309.76
1318.39
1391.79
1443
1287
1241.46
1423.49
1387.93
1331.56
1349.53
1363.33
1384.08
1314.92
1288.66
1365.19
1263.42
1030.93
1040.58
1088.14
1045.48
1122.33
1184.83
1162.79
1269.84
1206.27
1160.77
1291.16
1306.34
1344.09
1384.08
1265.02
515.331
506.842
1132.5
1312.34
1401.54
1380.26
1409.44
1444.04
1342.28
1302.93
1354.1
1343.18
1285.35
1273.89
1326.26
1332.45
1283.7
1121.08
993.049
1170.96
1430.62
1391.79
1127.4
977.517
1089.92
1296.18
1455.6
1396.65
1377.41
1427.55
1423.49
1419.45
1401.54
1389.85
1363.33
1242.24
1039.5
1034.13
1248.44
1387.93
1363.33
1358.7
1425.52
1328.9
1288.66
1240.69
1168.91
1313.2
1355.01
1280.41
1238.39
1294.5
1435.75
1249.22
919.54
982.801
1261.83
1260.24
1340.48
1367.05
1283.7
1331.56
1461.99
1478.2
1457.73
1473.84
1417.43
1352.27
1362.4
1371.74
1334.22
1299.55
981.836
971.345
1332.45
1355.93
1319.26
1336.9
1287
1279.59
1265.02
1212.86
1239.93
1329.79
1458.79
1444.04
1394.7
1326.26
1340.48
896.459
707.965
961.076
1309.76
1176.47
1155.4
1277.96
1297.86
1347.71
1321
1262.63
1284.52
1371.74
1445.09
1314.92
1192.61
1206.27
1162.79
912.825
922.509
1239.16
1341.38
1330.67
1389.85
1460.92
1411.43
1330.67
1269.04
1172.33
1223.99
1404.49
1432.66
1293.66
1233.05
1330.67
1265.02
1115.45
1212.12
1398.6
1455.6
1336.01
1331.56
1477.1
1417.43
1333.33
1333.33
1372.68
1354.1
1357.77
1385.04
1398.6
1159.42
1063.26
1162.79
1176.47
1152.74
1256.28
1410.44
1328.9
1297.02
1315.79
1353.18
1397.62
1416.43
1383.13
1343.18
1392.76
1341.38
1313.2
1305.48
1287.83
1354.1
1367.05
1225.49
1142.86
1291.99
1451.38
1457.73
1409.44
1359.62
1417.43
1476.01
1427.55
1431.64
1493.65
1499.25
1393.73
1345.89
1356.85
1311.48
1311.48
1345.9
1336.9
1023.54
1009.59
1315.79
1424.5
1386
1282.87
1286.17
1344.09
1426.53
1493.65
1418.44
1379.31
1448.23
1414.43
1408.45
1463.06
1494.77
1458.79
1455.6
956.938
914.913
1395.67
1423.49
1416.43
1461.99
1414.43
1390.82
1435.75
1430.62
1391.79
1386
1396.65
1424.5
1386.96
1363.33
1449.28
1427.55
1371.74
1186.24
993.049
1110.49
1361.47
1386.96
1265.02
1219.51
1302.93
1245.33
1244.56
1344.09
1318.39
1380.26
1469.51
1433.69
1431.64
1407.46
1399.58
1308.9
910.747
879.121
1056.52
978.474
1030.4
1162.79
1274.7
1334.22
1291.16
1304.63
1389.85
1403.51
1384.08
1454.55
1393.73
1328.02
1342.28
893.655
884.173
1345.89
1470.59
1481.48
1479.29
1450.33
1314.92
1267.43
1270.65
1295.34
1304.63
1178.55
1192.61
1363.33
1421.46
1407.46
1422.48
901.713
846.024
1253.92
1279.59
1343.18
1393.73
1084.6
1026.17
1100.72
1160.09
1406.47
1439.88
1391.79
1432.66
1453.49
1380.26
1260.24
1108.65
1084.6
1282.05
1460.92
1424.5
1410.44
1351.35
1281.23
1351.35
1440.92
1426.53
1358.7
1374.57
1402.52
1399.58
1388.89
1358.7
1324.5
1331.56
1266.62
985.707
1061.57
1476.01
1502.63
1454.55
1441.96
1435.75
1365.19
1362.4
1437.81
1281.23
1213.59
1324.5
1368.93
1407.46
1375.52
1346.8
1354.1
1194.74
947.867
1058.76
1463.06
1453.49
1348.62
1369.86
1413.43
1406.47
1403.51
1417.43
1423.49
1416.43
1451.38
1428.57
1253.13
1285.35
1468.43
1459.85
1303.78
918.274
1001.5
1411.43
1354.1
1335.11
1387.93
1403.51
1355.01
1376.46
1385.04
1395.67
1435.75
1400.56
1295.34
1267.43
1263.42
1091.7
1101.32
1243.01
1166.86
1265.02
1413.43
1436.78
1415.43
1412.43
1467.35
1461.99
1468.43
1491.42
1461.99
1427.55
1488.1
1422.48
1371.74
1444.04
1499.25
1432.66
1394.7
1367.05
1284.52
1345.9
1466.28
1456.66
1437.81
1482.58
1504.89
1474.93
1453.49
1410.44
1421.46
1430.62
1339.58
1336.01
1355.01
1215.81
1154.07
1281.23
1117.94
987.167
1208.46
1444.04
1476.01
1440.92
1412.43
1457.73
1458.79
1451.38
1426.53
1440.92
1431.64
1408.45
1421.46
1422.48
1417.43
1358.7
1084.01
927.644
1005.53
1201.92
1336.01
1350.44
1358.7
1387.93
1390.82
1422.48
1568.63
1648.8
1566.17
1522.07
1523.23
1477.1
1515.15
1476.01
1484.78
1571.09
1547.99
1076.43
906.618
1203.37
1537.28
1572.33
1500.38
1346.8
1321
1371.74
1396.65
1453.49
1433.69
1403.51
1448.23
1464.13
1425.52
1448.23
1494.77
1502.63
1567.4
940.291
879.507
1351.35
1398.6
1444.04
1488.1
1478.2
1441.96
1459.85
1441.96
1410.44
1472.75
1506.02
1182.73
1091.11
1398.6
1596.17
1577.29
1576.04
1221
966.184
1131.22
1445.09
1430.62
1443
1490.31
1425.52
1419.45
1472.75
1454.55
1439.88
1460.92
1515.15
1563.72
1543.21
1488.1
1518.6
1531.39
1503.76
1365.19
1004.52
1082.84
1500.38
1464.13
1491.42
1326.26
1018.85
929.8
1036.81
1236.86
1371.74
1425.52
1459.85
1434.72
1385.04
1426.53
1489.2
1062.7
896.459
1157.41
1453.49
1520.91
1160.77
903.751
968.054
1128.03
1116.69
1173.71
1183.43
1162.79
1386.96
1426.53
1367.05
1457.73
889.68
831.601
1365.19
1413.43
1321.88
1393.73
1450.33
1334.22
1144.82
1127.4
1269.84
1360.54
1412.43
1473.84
1484.78
1495.89
1415.43
1398.6
1206.27
927.644
1064.96
1451.38
1523.23
1546.79
1500.38
1473.84
1490.31
1497.01
1520.91
1492.54
1397.62
1440.92
1544.4
1412.43
1257.07
1226.99
1220.26
1007.56
968.992
1261.83
1486.99
1449.28
1447.18
1428.57
1425.52
1509.43
1540.83
1542.02
1545.6
1396.65
1287.83
1382.17
1491.42
1406.47
1345.89
1349.53
1386
1170.96
1080.5
1281.23
1399.58
1446.13
1432.66
1399.58
1443
1454.55
1439.88
1379.31
1366.12
1443
1438.85
1410.44
1391.79
1399.58
1324.5
1303.78
1336.9
1205.55
1234.57
1429.59
1486.99
1400.56
1277.14
1339.58
1397.62
1450.33
1447.18
1395.67
1386
1405.48
1486.99
1448.23
1485.88
1489.2
1471.67
1488.1
1503.76
1274.7
1164.14
1373.63
1413.43
1321
1375.52
1465.2
1455.6
1422.48
1470.59
1501.5
1488.1
1490.31
1464.13
1443
1468.43
1431.64
1368.93
1303.78
1336.9
1355.93
1274.7
1306.34
1432.66
1470.59
1466.28
1520.91
1482.58
1456.66
1514
1476.01
1446.13
1527.88
1512.86
1474.93
1474.93
1430.62
1432.66
1484.78
1451.38
1064.96
926.784
1126.13
1307.19
1400.56
1447.18
1436.78
1460.92
1480.38
1461.99
1473.84
1501.5
1459.85
1433.69
1473.84
1493.65
1466.28
1452.43
1449.28
1429.59
991.572
965.251
1396.65
1443
1454.55
1444.04
1315.79
1244.56
1239.93
1277.14
1367.99
1391.79
1390.82
1437.81
1469.51
1408.45
1401.54
1454.55
1440.92
1025.64
978.953
1265.02
1249.22
1279.59
1367.99
1485.88
1578.53
1605.14
1561.28
1427.55
1426.53
1473.84
1438.85
1447.18
1437.81
1448.23
1490.31
1482.58
1212.86
1131.22
1319.26
1439.88
1445.09
1463.06
1425.52
1384.08
1417.43
1418.44
1412.43
1470.59
1498.13
1412.43
1394.7
1405.48
1394.7
1389.85
1401.54
1440.92
1158.75
947.418
1138.3
1499.25
1550.39
1520.91
1485.88
1514
1453.49
1299.55
1232.29
1321
1440.92
1374.57
1324.5
1425.52
1450.33
1392.76
1249.22
1058.76
975.134
1146.13
1417.43
1468.43
1506.02
1530.22
1374.57
1098.9
1025.64
1035.73
1167.54
1412.43
1488.1
1547.99
1510.57
1386
1348.62
1323.63
873.744
878.349
1367.05
1498.13
1467.35
1451.38
1427.55
1408.45
1493.65
1455.6
1207
915.332
977.517
1080.5
1064.96
1238.39
1320.13
1189.77
1135.07
1357.77
1504.89
1435.75
1432.66
1492.54
1522.07
1480.38
1433.69
1489.2
1549.19
1471.67
1481.48
1540.83
1500.38
1525.55
1366.12
1307.19
1484.78
1282.87
1164.82
1388.89
1576.04
1560.06
1527.88
1557.63
1520.91
1491.42
1567.4
1540.83
1453.49
1482.58
1467.35
1405.48
1464.13
1464.13
1440.92
1471.67
1491.42
1299.55
1147.45
1122.33
1184.83
1280.41
1301.24
1140.9
1068.38
1193.32
1274.7
1206.27
1222.49
1328.02
1288.66
1344.99
1194.74
1105.58
1162.12
1104.36
1152.07
1362.4
1466.28
1435.75
1444.04
1447.18
1416.43
1456.66
1527.88
1454.55
1472.75
1561.28
1464.13
1428.57
1530.22
1516.3
1433.69
1481.48
1483.68
1078.75
962.927
1250.78
1531.39
1360.54
1282.05
1331.56
1400.56
1500.38
1386.96
1306.34
1386.96
1440.92
1424.5
1478.2
1495.89
1456.66
1471.67
1494.77
1428.57
1342.28
1257.07
1269.84
1378.36
1441.96
1493.65
1483.68
1476.01
1494.77
1493.65
1483.68
1517.45
1517.45
1491.42
1494.77
1444.04
