3.48333
9.75172
9.63999
9.74716
7.71593
7.49833
9.05629
9.36992
9.99226
10.1161
10.0828
10.0117
10.07
10.2124
10.1781
10.2471
10.1549
9.9977
10.0147
9.99555
10.126
10.1388
10.1122
10.1383
10.334
10.1412
9.47033
9.02666
9.15659
9.42418
9.73677
9.98881
10.1018
10.0206
10.0062
9.93779
9.97646
10.0716
10.0407
10.2021
10.101
10.1028
10.2325
10.2848
10.168
9.43846
9.16468
9.64511
9.93651
9.89178
9.94708
10.2772
10.2669
10.0691
10.2163
10.322
10.2133
10.2178
10.1815
10.1457
9.92024
10.0886
10.293
10.2008
9.97407
9.35117
9.33062
9.78206
9.99815
10.0564
10.1066
10.2644
10.2207
10.0585
10.1168
10.068
10.1059
10.1852
10.0591
9.98074
10.0033
10.0191
10.1835
10.2197
10.1844
10.2396
9.76591
9.04106
9.2436
9.82637
9.94416
10.2014
10.2762
10.1364
10.188
10.1254
10.1499
10.3564
10.0737
9.93399
9.99335
10.0796
10.1602
10.2029
9.92521
9.15759
9.06881
9.66053
10.1354
10.1644
9.91941
10.1022
10.2426
10.1282
10.1029
10.0866
10.0873
10.1202
9.90663
9.86111
9.91321
9.95372
10.0793
10.0373
10.109
9.59661
8.97143
9.37954
9.97755
10.093
9.9231
9.91867
9.98228
10.0188
10.1383
10.1303
10.044
9.99905
9.9938
9.84698
9.84824
10.0589
10.2801
10.2547
10.0728
9.95055
9.34776
9.03563
9.63568
9.9931
9.99845
10.1346
10.3327
10.2554
10.2079
10.1802
10.0068
9.99181
10.0475
9.76286
9.86967
10.0493
9.99365
10.0587
9.7912
9.06688
9.3492
10.0736
10.0426
9.85319
9.79355
10.0503
10.1148
10.0517
10.0506
10.0541
10.039
10.0543
9.93759
9.79024
9.73255
10.0189
10.1247
10.0476
9.59311
9.00633
9.3234
9.9781
9.94406
9.83952
9.97695
10.2277
10.2523
10.1495
10.1243
10.139
10.0489
10.0082
9.9328
9.93562
10.0668
10.0376
9.98916
10.1357
10.0609
9.3241
9.06335
9.47921
9.80392
9.93256
10.097
10.2204
10.0995
10.0979
10.1218
10.0238
10.0539
9.9619
9.87606
9.93912
10.0128
10.0408
10.1341
10.0451
9.96895
9.9994
9.40636
8.80665
9.26758
9.92684
9.99505
10.0426
10.1602
10.1335
10.1322
10.179
10.0969
9.96135
9.97357
9.9259
10.0105
9.90923
9.83584
10.0185
9.97377
9.47777
8.95099
9.41881
9.93108
9.93868
10.0266
10.0502
9.98791
9.86475
9.98722
10.1346
9.92383
9.90276
9.87172
9.85941
10.1405
10.1951
10.0532
9.87562
9.17288
8.83951
9.54426
9.73165
9.64799
10.0763
10.1265
9.97213
10.1464
10.1626
10.0566
10.0505
10.1149
10.055
9.79739
10.0168
9.86811
9.86378
10.034
9.89056
9.95689
9.79456
9.11864
9.07482
9.65535
10.034
10.0752
9.96805
9.999
9.91012
9.84838
9.8159
9.73354
9.78383
9.68453
9.79763
9.89002
9.89286
9.90256
9.34793
8.92937
9.3766
9.93947
9.87708
9.97745
10.2037
10.1782
10.0077
10.0037
10.032
9.93813
9.75753
9.85834
9.82304
9.8045
10.0189
9.99126
9.88665
10.0436
9.62909
9.01762
9.23374
9.75691
9.88973
9.99201
10.1341
10.1169
10.1081
9.89658
9.77574
9.90133
9.7704
9.68988
9.90678
9.99775
10.001
9.9981
9.96433
10.0961
9.90835
9.58566
9.06606
8.77016
9.45059
10.1426
9.96338
9.80671
9.82106
9.88167
9.88328
9.86096
9.92694
9.85134
9.80786
10.006
9.94703
9.81412
9.89893
9.90114
9.3966
8.88099
9.22199
9.68959
9.82164
9.89874
9.99206
10.0726
10.0143
9.99021
9.9687
9.92255
9.71959
9.66487
9.93527
9.90977
9.88621
10.0738
9.41283
8.74378
9.24138
9.81557
9.82164
9.81715
9.91685
9.94961
9.88318
9.9083
10.0064
10.0085
9.77785
9.66833
9.74516
9.79245
9.96006
9.9684
9.91066
9.81841
9.84422
9.70111
8.98561
8.90857
9.42774
9.79451
9.85926
9.89854
9.93399
9.89448
9.98961
9.8462
9.90683
9.75072
9.63721
9.89883
9.86091
9.70125
9.72479
9.25549
8.66187
9.16317
9.77307
9.70718
9.50647
9.43143
9.7119
9.91847
9.89643
9.923
9.82975
9.74659
9.8935
9.71898
9.70323
9.95277
10.0525
9.99545
9.97606
9.87635
9.52685
9.03506
8.89688
9.4547
9.72881
9.87547
9.98941
9.75991
9.90329
9.94105
9.69401
9.58263
9.6774
9.82473
9.90702
10.008
9.86091
9.63804
9.28867
8.85387
9.19071
9.80334
9.62112
9.54937
9.78608
9.94827
9.92645
9.93206
9.95074
9.88802
9.8804
9.79058
9.75534
9.94837
9.9111
9.6864
9.70685
9.6673
9.31676
8.73553
8.94282
9.61414
9.66347
9.84945
9.95585
9.89399
9.79787
9.84208
9.78249
9.76739
9.74934
9.6295
9.71869
9.75962
9.80411
9.85294
9.63563
9.04814
8.77751
9.34025
9.66739
9.65158
9.74483
9.6426
9.65307
9.69716
9.70878
9.85537
9.97228
9.81089
9.738
9.6201
9.7362
9.83806
9.76768
9.71176
9.78253
9.04372
8.36484
8.96178
9.6872
9.83487
9.87108
9.85751
9.83889
9.72829
9.73307
9.78981
9.71553
9.51221
9.38276
9.68767
9.77794
9.72843
9.20442
8.70716
8.95556
9.55197
9.86811
9.63094
9.60034
9.7766
9.63359
9.61714
9.82111
9.8173
9.75477
9.8201
9.83724
9.63939
9.78991
9.78914
9.75572
9.70789
9.32653
8.71916
8.80592
9.58883
9.68481
9.54508
9.54226
9.78588
9.95376
9.8805
9.79221
9.65587
9.66053
9.69387
9.60509
9.54148
9.5835
9.63099
9.7211
9.79413
9.28708
8.70182
9.06746
9.68715
9.71798
9.68021
9.64748
9.63015
9.76744
9.68617
9.5708
9.54167
9.66847
9.6354
9.53662
9.75591
9.89218
9.79619
9.43579
8.5419
8.71418
9.55028
9.5511
9.59619
9.65778
9.8147
9.77976
9.64888
9.65577
9.65023
9.61682
9.66954
9.62487
9.55895
9.62839
9.71572
9.68622
9.6879
9.75348
9.21052
8.56153
8.97304
9.56466
9.74236
9.72346
9.67272
9.57616
9.55028
9.68894
9.77455
9.72725
9.4426
9.50114
9.66557
9.64567
9.7463
9.85717
9.57465
8.88924
9.09008
9.60356
9.60038
9.66515
9.73639
9.7281
9.64934
9.6492
9.72318
9.78359
9.70116
9.61146
9.60643
9.6232
9.71865
9.72881
9.05449
8.22629
8.6103
9.43944
9.43957
9.44992
9.60638
9.69941
9.53666
9.51937
9.66118
9.61497
9.53239
9.66538
9.54996
9.47548
9.55247
9.62714
9.77001
9.82391
9.38548
8.745
8.78094
9.26947
9.43855
9.56014
9.59118
9.63252
9.71657
9.69838
9.62658
9.58451
9.52154
9.3824
9.64627
9.7501
9.65992
9.71869
9.30016
8.73057
9.05727
9.57423
9.36137
9.26411
9.49262
9.66524
9.627
9.56668
9.6158
9.72162
9.66711
9.61169
9.41371
9.34431
9.51706
9.63048
9.64297
9.68335
9.24159
8.56986
8.72224
9.38408
9.50015
9.46893
9.50597
9.41008
9.48582
9.53489
9.62158
9.70699
9.56997
9.36097
9.31936
9.48132
9.60943
9.51574
9.48294
9.59214
8.96813
8.48313
8.68485
9.1949
9.57602
9.53662
9.58378
9.63451
9.6624
9.64413
9.64227
9.48821
9.31021
9.49627
9.65451
9.61303
9.6038
9.14056
8.72581
9.06134
9.59311
9.47616
9.41345
9.48636
9.50606
9.68045
9.64088
9.53753
9.60532
9.49726
9.4771
9.4308
9.51891
9.74184
9.60624
9.44711
9.41092
8.93639
8.50778
8.8032
9.19025
9.28419
9.46566
9.66095
9.50548
9.4923
9.60144
9.53584
9.41225
9.28548
9.37554
9.58548
9.63758
9.62709
9.67932
8.85038
8.60445
9.42694
9.54481
9.32949
9.45385
9.68725
9.51547
9.41216
9.6116
9.58267
9.54905
9.61797
9.47777
9.49618
9.62589
9.55621
9.50606
9.59711
9.50119
8.78036
8.36792
8.93408
9.48186
9.58552
9.4892
9.49104
9.63442
9.59449
9.50403
9.54658
9.49127
9.32784
9.39589
9.49875
9.49113
9.47566
8.85485
8.7496
9.29139
9.45707
9.17402
9.28639
9.52177
9.29342
9.471
9.47364
9.4513
9.46477
9.40689
9.48758
9.3854
9.38623
9.54085
9.49492
9.39801
9.13655
8.72037
8.60648
8.9922
9.31194
9.46723
9.58327
9.69006
9.56796
9.44541
9.54668
9.56384
9.46633
9.42614
9.39236
9.38531
9.58695
9.63535
9.57135
9.48812
9.10038
8.51183
8.74214
9.19769
9.28031
9.49938
9.43312
9.31459
9.42805
9.37356
9.26758
9.29627
9.33576
9.52064
9.55794
9.53789
9.55324
8.93531
8.42091
8.79585
9.29861
9.0981
9.02604
9.27304
9.43423
9.57345
9.54098
9.51561
9.50268
9.33127
9.20683
9.15705
9.20357
9.47024
9.51267
9.59058
9.35471
8.68504
8.62991
9.10071
9.33982
9.46342
9.53925
9.49032
9.40849
9.51366
9.53143
9.50245
9.42365
9.23997
9.24625
9.29187
9.43592
9.44871
8.59631
8.22795
8.98674
9.42783
9.19523
9.14938
9.39801
9.35672
9.45707
9.49469
9.43467
9.47876
9.45537
9.3403
9.20988
9.29161
9.52798
9.47998
9.34566
9.35003
8.90123
8.57368
8.74592
9.18662
9.34579
9.28816
9.22199
9.36575
9.57254
9.52354
9.44617
9.24048
9.12888
9.27003
9.35909
9.42978
9.39951
9.37299
9.4185
8.75676
8.20345
8.6801
9.17318
9.28876
9.37928
9.44046
9.46772
9.37778
9.38469
9.24496
9.19126
9.2279
9.36295
9.38967
9.29567
9.45108
8.90968
8.41255
8.80797
9.04552
9.27799
9.52767
9.47643
9.46522
9.51389
9.42894
9.42934
9.23753
9.1186
9.33354
9.47369
9.47521
9.43708
9.37954
9.29403
9.21667
8.65198
8.26378
8.73965
9.04981
8.93244
9.17305
9.26617
9.2334
9.38174
9.39708
9.20124
9.25309
9.25142
9.37045
9.39624
9.38764
9.35226
8.90016
8.32726
8.68904
9.2539
9.03187
9.22339
9.36299
9.38386
9.32836
9.36641
9.50051
9.41531
9.25125
9.17621
9.2623
9.29079
9.39276
9.44113
9.44871
9.13977
8.2751
8.41949
9.21617
9.37972
9.25754
9.29541
9.30674
9.3142
9.33859
9.31554
9.26475
9.28423
9.31467
9.3041
9.36452
9.26222
9.07808
8.79883
8.63301
8.74279
9.0638
9.2751
9.41655
9.15986
9.04364
9.02857
9.056
9.09513
9.04625
8.99159
9.04417
9.34414
9.27764
9.31541
8.68372
8.34474
8.90658
9.26458
9.05531
8.98828
9.16431
9.21969
9.28742
9.35397
9.35817
9.3194
9.19993
9.23382
9.36751
9.36308
9.27007
9.15307
9.23817
8.94346
8.49686
8.39173
8.83314
9.18666
9.22671
9.33132
9.31485
9.29394
9.31676
9.16154
9.28854
9.24821
9.14633
9.27214
9.22952
9.20942
9.22518
8.57968
8.12163
8.82702
9.01457
8.95788
9.26449
9.34361
9.35607
9.33476
9.30384
9.30163
9.13943
8.99948
9.17023
9.23579
9.22241
9.21723
9.3496
9.43374
9.3865
8.5147
8.15691
8.65089
9.01571
9.29351
9.27343
9.09972
9.18261
9.23331
9.17553
9.18286
9.17116
9.18253
9.25425
9.29848
9.22305
8.68855
8.11497
8.69637
9.15864
9.02992
9.19815
9.22884
9.29334
9.30704
9.15227
9.30336
9.35187
9.15709
9.04695
9.05715
8.98929
8.99778
9.30328
9.17389
8.38838
8.29325
9.10602
9.13972
9.08117
9.29856
9.41283
9.2045
9.11448
9.08191
8.92148
9.15261
9.11274
9.16687
9.22224
9.19346
9.17941
8.66889
8.39987
8.82624
9.10992
8.80716
8.7379
9.18299
9.26694
9.28466
9.32736
9.1171
9.28514
9.30168
9.09562
8.94915
9.03591
9.09748
9.12879
9.22858
8.95837
8.23232
8.30803
8.94438
9.06955
9.25587
9.21328
9.18438
9.19731
9.1691
9.15114
9.14206
9.06536
9.09993
9.06191
9.07869
9.02446
8.34787
8.05812
8.57508
9.09657
8.90642
8.92606
9.06458
9.06043
9.21939
9.38421
9.13342
8.99831
9.06249
8.98255
9.04323
9.07985
9.1419
9.22041
8.92196
8.266
8.30075
8.77844
8.97368
8.91329
9.04204
9.15374
8.99665
9.06836
9.22701
9.24702
9.12754
8.98456
8.98517
9.05822
9.1176
9.04339
8.99803
8.58155
8.38954
8.91329
8.96909
8.91735
8.99091
9.2009
9.17465
9.04417
9.24432
9.19173
9.18818
8.95287
8.98005
9.25999
9.18957
8.86057
8.47357
8.7149
9.12371
9.08298
9.03253
8.99916
9.00893
9.15705
9.10274
9.0099
9.02617
8.98186
8.85798
8.74745
8.86462
9.13972
9.17082
9.19574
8.8248
8.35995
8.7116
9.09711
8.89668
8.74791
9.08273
9.27928
9.12446
9.01108
9.17629
9.21175
9.15277
9.06056
8.89822
8.93356
9.11876
9.09715
8.93599
8.53035
8.26047
8.83884
9.0225
9.08509
9.17848
9.09091
9.09732
9.04265
8.96483
9.05408
9.12942
8.95407
8.96021
9.01856
9.22658
9.14859
8.40665
8.07644
8.62965
8.98356
8.91997
8.92455
8.93871
9.03865
9.09413
9.19866
9.07791
8.95171
8.77308
8.86423
9.05994
9.07886
9.01559
8.95756
9.07486
8.84463
8.4814
8.22365
8.58822
9.05211
9.01892
8.96716
9.09757
9.16699
9.1573
9.16238
8.99519
8.86533
8.94094
8.99155
8.8399
8.86513
8.37251
7.86501
8.33625
8.99074
8.99058
8.98682
9.09021
9.05424
8.97807
8.88684
8.99378
9.09446
8.98957
8.89553
8.99228
8.98977
9.07359
9.23063
9.09355
8.35495
7.76995
8.13531
8.7165
8.98146
8.94071
9.00447
9.08059
9.01348
9.05477
8.8192
8.74137
8.75438
8.87437
9.0712
9.0052
8.25743
8.02774
8.82523
9.02625
8.90484
8.97779
9.05785
8.9767
9.04433
9.15843
8.99467
9.01047
8.9546
8.79299
8.88159
8.99568
8.99175
9.05002
8.77401
8.23672
8.27181
8.82052
8.99766
8.95672
8.91619
9.02731
9.04094
8.9861
9.00832
8.71976
8.7268
8.82581
8.90242
8.96371
9.06857
8.45816
7.99456
8.57655
8.95704
8.71232
8.59864
8.91647
9.06327
8.96134
8.79763
8.77536
8.86348
9.04343
8.68987
8.58834
8.95817
8.95632
9.01953
9.01982
8.31435
8.05737
8.50886
8.70178
8.90456
8.93715
8.90056
9.09269
9.06922
8.98759
8.88537
8.78781
8.76839
8.84353
8.85669
8.75358
8.51557
7.97916
8.29573
8.89818
8.8883
8.8834
8.91599
8.90877
8.82846
8.88095
8.84451
8.90036
8.85814
8.85657
8.8851
8.8603
8.82772
8.75764
8.831
8.54799
8.2741
8.15421
8.43893
8.8171
8.93292
8.90912
9.05863
9.17945
8.95953
8.99224
8.94342
8.94606
8.88711
8.87343
8.922
8.8365
8.39761
8.24521
8.73198
8.84764
8.8951
8.97038
8.94118
8.81007
