1.26627e-311
inf
12.7333
212.134
215.077
216.661
223.339
234.935
234.082
177.968
173.868
224.568
219.106
223.589
229.095
191.205
189.609
226.244
237.982
236.239
229.753
211.349
215.866
233.454
242.307
231.428
215.936
191.681
203.066
241.284
205.994
210.04
234.824
235.849
245.61
167.35
153.362
206.59
93.4274
93.301
112.36
103.21
181.127
205.656
197.18
196.599
209.512
181.061
123.64
101.709
121.654
164.623
202.655
197.278
166.251
157.369
140.272
152.358
124.587
93.4448
131.432
234.549
242.63
222.866
218.126
235.627
237.135
232.288
240.211
229.753
227.79
238.152
217.037
217.604
240.703
242.777
229.753
230.468
245.67
244.978
251.699
257.102
254.582
246.033
248.602
261.472
246.579
243.398
256.443
256.608
242.984
239.435
257.102
246.792
222.148
236.658
266.099
235.821
219.949
243.694
31.0882
31.0607
258.699
268.709
261.643
260.552
273.635
274.386
259.841
257.798
270.234
276.817
250.658
245.7
252.749
241.896
260.62
268.637
268.456
271.481
272.963
283.046
284.86
273
269.724
273.373
276.358
271.592
263.992
277.2
287.728
269.07
225.912
227.299
251.984
259.034
263.748
255.787
255.722
253.389
244.529
248.663
257.765
263.992
272.851
247.739
241.284
265.463
281.254
257.4
258.031
288.268
292.099
284.212
272.517
287.109
299.043
289.561
286.328
294.942
274.839
262.95
275.141
286.903
300.075
281.77
280.978
298.063
296.648
292.997
292.227
305.764
317.41
314.713
284.374
283.166
302.435
298.107
284.252
281.889
294.464
304.46
302.115
294.204
301.659
299.715
282.805
286.697
286.082
266.028
262.467
281.968
279.642
267.058
272.814
300.391
336.078
308.024
275.786
276.625
291.843
303.168
314.911
290.149
288.309
314.268
317.36
316.306
321.079
333.89
326.211
301.978
286.574
309.981
326.424
323.782
306.044
304.739
333.444
324.992
318.624
316.606
312.159
318.421
324.675
316.406
322.217
336.644
328.623
325.309
306.326
304.925
332.779
346.62
353.294
342.877
333.5
347.162
359.518
360.166
326.744
318.016
326.105
318.776
323.887
335.121
350.508
356.888
366.166
343.761
343.82
374.042
334.001
303.076
311.381
338.467
345.066
346.741
370.645
301.477
290.571
357.654
355.492
351.309
287.522
278.707
348.614
361.598
336.021
336.134
373.762
385.356
370.165
328.084
329.272
366.703
361.206
355.619
331.895
323.415
362.056
383.73
376.011
361.206
353.857
366.435
382.922
388.199
387.973
371.609
371.264
373.972
373.343
388.651
368.936
369.276
397.931
375.657
336.247
330.688
360.946
372.232
379.003
403.877
409.836
377.929
375.375
406.587
408.914
359.066
336.417
372.232
387.898
361.729
365.03
381.752
344.471
351.37
397.535
362.713
356.57
363.108
370.851
408.664
387.072
324.781
300.978
343.348
396.668
413.907
353.294
293.945
316.506
370.851
398.486
397.062
349.101
358.23
410.341
418.585
420.168
425.441
343.407
335.965
418.148
422.654
415.369
402.658
398.724
418.148
396.04
392.542
422.03
386.698
338.811
362.188
414.508
424.358
418.235
388.199
389.257
416.667
400.561
395.101
389.332
392.311
419.727
422.297
427.807
431.406
386.25
389.788
441.696
405.762
366.838
364.631
369.754
381.388
396.118
404.858
403.633
398.01
404.94
425.26
445.038
451.264
446.229
440.141
410.004
389.332
396.668
411.184
416.667
393.082
400.481
423.908
432.059
443.951
387.597
338.181
363.042
413.65
446.628
452.591
452.694
396.118
361.729
406.091
449.236
462.214
463.822
380.807
342.818
391.007
424.178
430.478
449.035
408.664
359.906
375.657
424.448
460.405
450.045
378.644
383.877
454.236
461.361
426.076
422.744
403.714
355.114
380.807
439.367
459.348
452.386
394.867
379.147
418.936
441.404
464.9
462.963
428.541
442.087
484.379
488.998
488.639
479.616
396.668
402.739
490.798
488.759
479.386
472.144
480.654
443.262
439.947
490.798
503.398
503.145
499.127
479.846
409.417
410.004
450.045
455.581
472.478
412.541
368.664
409.752
462.321
470.146
477.555
458.085
418.936
436.491
484.966
458.4
456.413
480.885
482.859
454.752
453.721
485.909
477.669
475.285
473.709
449.135
407.166
428.266
484.261
459.982
459.348
492.611
426.621
338.639
368.732
465.224
474.158
477.897
385.579
382.263
464.684
384.394
357.59
356.379
372.093
443.066
476.872
492.126
497.389
474.158
329.924
305.717
400.24
454.856
466.962
445.434
438.982
465.441
487.924
488.639
485.319
487.924
457.143
437.637
462.321
475.511
484.731
492.732
479.731
439.271
432.9
467.727
492.854
489.836
478.24
439.657
445.335
463.499
462.535
493.827
497.389
498.132
433.276
425.351
480.538
465.658
449.741
455.892
474.383
455.685
451.162
500.5
520.969
524.109
532.481
502.008
425.804
425.622
467.508
469.484
483.092
466.092
443.557
471.921
506.842
509.035
507.614
513.215
523.149
517.866
453.412
428.633
464.36
483.559
467.836
483.559
496.524
500.375
508.259
501.002
498.256
492.005
506.971
465.116
465.333
428.633
360.36
401.365
456.621
423.191
434.972
479.501
416.493
381.607
414.766
409.165
427.259
469.814
489.356
476.644
479.962
515.996
424.538
414.852
498.505
512.426
514.007
504.032
473.485
424.719
433.276
471.698
480.769
505.817
524.521
532.907
442.674
434.216
505.817
501.002
502.513
474.046
449.843
466.309
497.512
515.066
490.677
490.677
516.129
513.347
461.574
470.256
533.618
539.52
541.419
542.299
539.957
506.842
486.381
505.178
522.603
521.512
521.512
530.926
492.368
467.836
497.389
520.969
535.762
544.366
533.191
499.625
451.773
471.587
523.697
515.597
520.698
534.474
545.108
504.796
457.247
472.925
478.583
473.821
481
484.731
455.373
448.833
484.848
504.541
523.423
528.541
526.732
480.769
478.698
532.34
544.959
534.045
520.427
522.193
487.329
493.218
532.481
532.765
546.597
549.904
548.095
548.396
455.789
407.747
464.684
488.162
414.422
293.341
316.356
430.849
435.635
471.476
478.126
430.849
436.777
508.388
534.902
548.847
536.337
502.892
505.817
426.439
421.852
525.21
533.333
522.466
523.423
509.165
444.148
458.19
533.618
539.957
536.481
538.793
526.039
495.909
504.159
526.177
532.765
538.648
528.541
536.625
478.813
449.438
475.964
486.381
496.032
488.639
505.05
475.511
422.208
465.983
537.346
532.056
509.165
517.464
506.586
491.401
523.286
526.177
520.021
516.262
508.001
518.001
472.255
473.149
516.262
519.886
549.149
551.876
546.001
458.61
452.08
539.229
504.668
483.91
523.013
546.299
504.159
474.383
512.295
549.3
552.181
542.005
522.603
525.901
491.28
492.975
544.514
518.001
508.906
521.921
528.681
488.52
491.521
562.43
575.043
567.215
548.697
524.246
494.315
477.555
493.827
515.996
534.759
550.964
566.572
570.613
434.499
402.172
450.958
438.982
481.928
551.572
546.597
402.253
374.252
460.723
482.276
485.437
499.251
421.053
403.307
490.316
536.481
556.328
568.02
571.592
518.538
452.182
476.19
512.689
505.051
509.944
477.441
423.729
441.306
500.25
532.481
547.795
557.258
559.754
544.366
499.251
471.476
492.975
506.971
509.554
525.21
547.196
498.38
508.906
567.054
564.175
542.299
508.906
496.278
476.077
496.155
553.097
564.972
567.376
574.878
548.998
528.402
459.453
460.087
535.475
531.491
533.76
550.812
557.569
536.913
481
473.037
501.756
518.001
533.76
531.208
523.834
457.771
464.253
544.811
552.486
537.201
542.005
517.598
436.015
453.515
523.834
534.474
547.645
556.174
566.412
564.972
506.842
475.172
509.684
539.957
549.904
558.971
573.394
531.915
516.396
544.959
564.493
574.878
535.762
527.565
538.213
468.494
414.852
459.77
533.76
549.149
555.093
552.639
428.174
390.32
461.68
516.129
564.972
559.284
550.358
487.211
474.383
550.812
560.381
546.15
545.256
540.979
518.269
446.927
455.892
532.623
508.906
494.805
484.496
452.591
458.926
482.509
507.485
543.331
578.871
583.771
574.713
521.785
476.986
487.805
512.164
524.659
534.188
532.907
455.063
455.063
532.765
543.183
538.648
553.25
580.215
594.001
527.844
490.196
490.316
502.765
519.076
522.33
544.218
485.673
501.756
586.338
591.716
589.275
565.771
486.145
486.855
471.698
455.166
528.122
553.557
563.857
567.859
572.246
532.907
532.056
579.542
584.966
589.623
584.112
539.084
509.035
477.213
490.918
534.045
516.929
521.241
524.384
521.241
511.902
486.973
510.856
564.493
582.92
591.017
591.017
544.811
473.149
467.508
514.801
538.648
556.638
547.795
540.687
554.17
526.87
522.466
471.032
453.104
527.704
572.246
568.828
473.261
464.145
529.801
541.419
493.705
437.924
464.792
451.365
467.727
546.747
546.15
558.347
564.972
571.755
585.823
460.829
439.85
543.036
565.451
553.863
535.189
535.045
518.269
515.863
548.246
548.095
545.703
556.793
567.859
572.902
503.778
480.423
531.632
550.055
558.659
559.128
535.906
508.001
515.066
552.334
569.476
580.046
588.582
593.296
578.202
558.971
518.135
485.909
518.538
557.103
568.182
572.574
569.476
462.963
433.276
500.5
536.193
570.125
555.093
554.324
560.695
505.306
513.875
576.203
584.795
577.034
584.283
590.842
561.482
477.783
480.192
542.152
551.876
561.167
544.811
554.17
512.952
511.378
568.343
567.537
551.116
537.924
535.475
542.005
540.249
543.922
576.037
590.145
595.948
598.623
599.52
587.717
530.082
527.704
570.125
577.367
585.309
586.338
590.493
594.707
557.569
549.602
582.411
589.102
572.246
537.924
531.773
532.907
487.686
509.035
597.907
615.195
586.166
437.541
417.362
460.193
478.354
560.538
580.889
602.773
575.374
559.441
596.303
577.534
515.464
532.056
584.624
574.548
579.206
589.275
534.188
434.499
458.295
569.801
598.982
605.877
602.047
605.144
601.685
523.56
498.505
552.334
551.724
557.414
583.26
561.798
511.247
471.476
487.686
544.662
577.201
590.145
602.954
606.428
608.828
537.201
508.001
522.739
539.52
583.431
585.48
585.138
588.408
492.732
444.84
500.501
546.747
549.3
561.64
592.944
556.174
480.654
506.329
573.723
584.624
601.504
577.701
568.343
534.331
534.902
585.138
587.371
581.734
578.871
577.367
581.395
564.175
505.051
462.535
474.608
524.797
558.347
578.202
562.588
503.651
506.329
558.347
561.01
549.149
579.039
596.659
602.773
548.546
541.126
602.41
612.933
593.12
571.592
574.548
567.537
522.466
532.34
593.824
600.601
603.865
575.871
507.485
498.38
480.077
499.625
584.966
602.954
614.439
568.666
383.142
333.611
446.13
558.191
572.41
594.884
619.003
574.548
508.13
443.754
470.81
575.374
590.842
586.682
550.206
550.358
489.716
479.157
542.152
510.334
523.834
548.246
527.426
436.681
457.352
586.166
611.621
624.22
624.22
618.62
564.653
518.941
441.306
443.656
520.021
557.258
583.431
584.624
596.303
535.189
524.659
569.638
582.581
592.417
583.26
574.053
589.797
519.886
513.743
557.725
555.556
593.824
589.449
590.493
597.193
542.888
543.331
599.88
605.144
595.77
576.037
568.99
575.374
511.771
492.854
559.441
587.717
581.734
583.09
583.942
587.717
542.888
523.697
560.852
577.534
584.283
585.138
577.367
586.682
615.953
542.741
511.509
565.291
587.371
592.417
595.061
555.71
517.464
487.924
510.204
569.476
585.652
555.093
535.475
570.125
542.741
546.15
556.948
543.922
568.666
587.717
585.309
525.901
447.728
480.538
581.395
596.659
603.318
469.263
429.461
428.082
399.84
417.624
474.271
583.26
629.921
636.132
638.57
509.295
498.505
609.942
615.764
616.903
604.047
556.793
554.017
515.198
498.505
583.09
616.713
613.685
610.687
624.415
640.205
544.662
504.923
560.695
596.125
599.52
589.623
614.062
595.415
527.287
537.924
583.942
591.891
550.206
552.181
589.275
575.54
519.211
512.164
539.52
534.902
565.131
592.417
588.928
606.796
539.084
522.466
580.889
588.062
581.903
571.592
582.92
596.659
606.244
544.07
535.475
563.857
573.888
602.773
607.165
590.842
581.395
537.924
548.246
606.061
606.061
614.251
607.349
588.928
580.215
529.661
550.661
642.467
638.162
615.953
605.694
609.385
602.954
581.395
526.177
533.618
588.582
593.296
597.907
607.718
619.195
616.523
559.284
561.798
619.963
628.536
578.704
557.569
594.354
610.314
543.331
535.475
568.99
578.035
603.5
600.24
608.273
605.327
573.888
534.188
554.17
594.354
594.53
593.296
591.191
585.652
588.582
548.847
553.71
591.891
599.52
511.117
460.193
536.049
596.303
515.331
446.528
441.696
467.071
489.356
511.771
464.253
442.772
507.357
509.554
523.697
559.597
557.258
553.863
501.756
506.714
598.086
636.537
638.162
638.162
645.578
644.33
599.341
536.769
540.103
583.26
554.477
533.618
557.414
559.284
505.051
524.797
590.145
588.755
608.088
621.504
628.733
608.828
583.942
543.331
554.477
613.309
615.195
615.764
618.62
618.812
622.471
556.328
543.478
583.601
556.328
568.343
585.823
570.288
568.666
546.15
547.645
585.995
595.061
589.623
599.88
612.37
607.903
603.865
550.509
541.712
605.51
628.536
628.733
631.712
634.719
633.513
550.509
515.331
552.944
556.948
548.396
566.412
589.102
564.175
484.966
499.625
595.238
611.434
578.369
557.103
592.768
619.963
558.347
557.414
582.751
573.559
593.648
589.449
593.472
603.5
568.343
508.259
535.475
596.125
610.874
631.313
603.865
584.454
591.017
554.785
571.592
638.162
597.015
555.864
486.736
483.092
589.449
527.148
521.512
611.247
621.311
642.467
631.313
552.486
430.2
382.775
455.789
592.417
591.017
583.431
620.732
621.504
580.215
475.511
486.381
586.338
606.428
596.659
584.624
588.582
575.209
505.817
526.454
619.387
576.868
570.125
622.859
645.786
622.278
528.821
506.073
567.859
593.648
595.593
610.314
610.128
542.299
465.766
506.073
584.966
591.017
572.41
506.714
521.512
526.454
511.64
551.876
552.029
571.429
582.92
580.046
594.354
544.366
489.836
522.33
570.613
570.776
581.903
551.42
553.25
532.056
483.092
536.913
579.878
578.369
575.871
581.564
617.475
586.51
529.801
522.057
556.019
609.385
653.595
659.631
642.261
634.719
574.548
549.753
593.12
617.475
642.055
637.959
605.51
587.717
561.956
556.793
556.793
551.116
579.71
599.52
599.52
614.439
601.866
533.76
537.49
578.704
567.215
542.741
565.451
593.12
577.868
530.223
536.481
562.746
572.246
614.817
581.395
494.193
410.762
451.773
597.729
633.312
624.22
626.959
614.062
609.57
618.812
419.815
400.802
572.246
618.812
592.944
594.177
636.943
515.597
465.875
545.256
601.685
617.665
617.665
618.62
592.768
510.465
519.615
587.027
597.193
579.71
574.878
605.51
611.247
591.541
501.756
491.039
571.429
603.318
610.501
597.372
612.933
610.314
541.712
570.288
636.132
615.574
601.685
579.206
579.878
593.648
507.099
523.149
630.915
612.557
598.802
619.387
636.335
628.338
613.121
527.704
519.615
598.086
611.621
618.62
587.544
569.314
603.318
539.374
523.834
561.956
548.998
584.112
614.817
585.652
551.876
462.856
469.704
567.054
560.067
559.597
602.41
631.712
619.387
527.287
504.159
569.801
605.144
621.311
634.719
640
627.549
555.864
545.108
579.039
584.624
614.439
562.43
534.759
553.71
515.331
533.333
595.77
605.144
614.251
573.066
572.41
624.61
590.319
515.464
535.189
561.798
565.611
601.504
592.944
595.061
590.145
501.505
494.315
501.756
501.63
569.801
554.785
514.801
449.135
475.511
592.417
626.763
642.055
654.236
640
601.685
478.126
424.809
481.116
573.559
645.786
651.466
646.831
625.195
452.182
444.444
600.962
621.697
613.685
598.444
613.121
635.93
541.712
472.59
523.423
584.112
594.707
621.311
646.831
650.407
642.674
551.724
551.268
643.087
636.943
543.036
527.983
605.51
627.353
539.665
543.774
608.458
604.23
630.12
628.338
613.497
609.013
613.309
556.174
560.852
598.086
591.891
611.995
625.587
632.511
641.231
570.776
573.888
647.249
645.161
654.236
651.042
598.623
577.701
593.824
513.875
515.863
603.5
602.773
604.778
618.047
586.166
575.705
503.778
504.668
602.591
579.039
588.582
585.823
571.429
605.144
555.401
520.291
575.374
606.98
608.088
619.963
607.165
569.638
522.466
527.844
574.713
609.57
625
566.893
561.956
611.808
616.333
546.001
535.906
582.242
567.698
584.112
618.047
618.429
524.521
475.964
540.249
619.387
635.324
624.61
576.868
580.72
606.796
525.348
529.661
600.601
560.381
552.792
470.699
443.066
530.223
453.926
437.637
545.852
601.504
636.537
642.674
634.317
526.87
504.159
526.87
535.475
570.776
571.919
614.817
616.333
537.057
469.925
511.509
594.001
606.612
565.771
586.338
658.328
635.728
551.42
561.01
594.53
551.268
524.934
530.926
576.037
535.332
526.177
609.385
635.728
606.428
580.72
598.623
632.311
618.812
558.347
549.753
592.768
618.62
627.944
608.828
589.102
590.667
579.878
576.037
588.928
559.754
566.733
603.865
608.273
603.5
606.796
520.698
510.334
587.544
605.877
594.354
547.645
540.103
