1.74381
3.06972
3.38302
3.77755
3.74242
3.72481
3.76783
3.77865
3.59664
3.5715
3.7651
3.78213
3.75029
3.76075
3.74822
3.53806
3.55122
3.73433
3.75382
3.7767
3.76847
3.76935
3.7737
3.51169
3.48652
3.76582
3.79412
3.75753
3.75263
3.77003
3.70015
3.55904
3.61913
3.77027
3.75054
3.73917
3.77445
3.63119
3.55983
3.68403
3.74174
3.78401
3.75973
3.76248
3.76827
3.65569
3.63431
3.66904
3.72301
3.78096
3.75678
3.74404
3.64737
3.52877
3.61818
3.7582
3.77915
3.75313
3.75449
3.79416
3.64292
3.44878
3.60065
3.79001
3.79394
3.75321
3.69764
3.51452
3.52252
3.74053
3.71239
3.72675
3.76265
3.76588
3.69329
3.5147
3.55848
3.72317
3.76281
3.78512
3.76264
3.71163
3.6818
3.67183
3.68833
3.70862
3.7149
3.69259
3.70626
3.69006
3.47309
3.52015
3.72789
3.68991
3.6937
3.73108
3.70412
3.51452
3.5311
3.73684
3.72623
3.67677
3.69493
3.60181
3.42089
3.52366
3.70366
3.72175
3.73802
3.7305
3.69714
3.45648
3.46725
3.7178
3.76013
3.7178
3.68212
3.71966
3.65755
3.51205
3.57511
3.68604
3.68372
3.71415
3.73219
3.61687
3.5279
3.65275
3.73622
3.73706
3.735
3.6788
3.65882
3.46347
3.42199
3.63539
3.70313
3.70768
3.70368
3.73077
3.49811
3.46919
3.69467
3.69464
3.68727
3.66037
3.67063
3.58804
3.51616
3.57955
3.65575
3.70633
3.65959
3.64422
3.67636
3.46031
3.45428
3.66343
3.66217
3.65447
3.6667
3.64689
3.44561
3.4655
3.63294
3.64364
3.65267
3.61669
3.63752
3.53816
3.44354
3.57527
3.68163
3.68008
3.65694
3.62591
3.42072
3.41371
3.58674
3.60124
3.6737
3.69066
3.66981
3.52588
3.42403
3.56181
3.66582
3.6584
3.61519
3.59355
3.61445
3.42094
3.42292
3.61904
3.6342
3.6492
3.6062
3.47952
3.45276
3.57693
3.6349
3.61831
3.58064
3.605
3.58319
3.42551
3.46533
3.60287
3.64062
3.63506
3.6199
3.66392
3.5657
3.43293
3.51361
3.62765
3.63516
3.62575
3.57406
3.39401
3.40426
3.56071
3.58685
3.6026
3.5607
3.59437
3.40986
3.37176
3.60677
3.60323
3.57633
3.59712
3.59053
3.43383
3.37045
3.49727
3.61124
3.64376
3.57186
3.59107
3.40604
3.31716
3.54248
3.60406
3.57921
3.54765
3.564
3.48239
3.41716
3.53213
3.58978
3.57918
3.57117
3.57078
3.57113
3.42126
3.41268
3.5589
3.58708
3.55293
3.5478
3.405
3.36878
3.52593
3.528
3.52468
3.57561
3.57253
3.5575
3.41552
3.40969
3.58818
3.54155
3.49391
3.53308
3.368
3.32964
3.5109
3.53682
3.54007
3.53747
3.52593
3.48074
3.34938
3.38554
3.4996
3.52579
3.51826
3.53225
3.41242
3.35427
3.48748
3.5135
3.52661
3.51244
3.50849
3.45878
3.35714
3.43113
3.56323
3.55743
3.50878
3.49042
3.38898
3.36339
3.4856
3.50602
3.51911
3.53067
3.5018
3.34197
3.3324
3.50771
3.51222
3.49568
3.50507
3.41599
3.35253
3.42011
3.47959
3.50998
3.52128
3.47381
3.47084
3.32897
3.32417
3.48402
3.46813
3.47055
3.47982
3.51098
3.36415
3.32968
3.47581
3.46578
3.4707
3.47141
3.41784
3.38095
3.37745
3.43736
3.46615
3.45217
3.47802
3.4521
3.28725
3.30966
3.46303
3.43695
3.43364
3.49517
3.35323
3.24637
3.37175
3.46001
3.48161
3.43589
3.439
3.38365
3.20312
3.31053
3.48645
3.44074
3.46597
3.48867
3.31114
3.27354
3.42264
3.43022
3.44005
3.48938
3.48167
3.47086
3.24651
3.22636
3.44665
3.40074
3.40384
3.29259
3.28371
3.43324
3.44728
3.45142
3.40615
3.43175
3.38266
3.2455
3.29597
3.43419
3.43082
3.36839
3.38655
3.27491
3.28967
3.41172
3.42036
3.41304
3.40404
3.44153
3.26038
3.26704
3.43523
3.43848
3.4144
3.39726
3.2605
3.23665
3.37595
3.39905
3.3976
3.37017
3.40821
3.26058
3.21918
3.39045
3.39785
3.39161
3.37793
3.41121
3.25435
3.24373
3.4362
3.39404
3.39281
3.3818
3.24112
3.24178
3.36711
3.40315
3.38608
3.34833
3.3813
3.24675
3.21142
3.3817
3.40057
3.35831
3.38133
3.40086
3.1783
3.14242
3.35118
3.39579
3.37801
3.38269
3.37132
3.23017
3.22758
3.37507
3.34754
3.33814
3.39162
3.22109
3.17112
3.37292
3.4118
3.3744
3.37643
3.33557
3.17197
3.19939
3.36826
3.37815
3.35896
3.36281
3.37782
3.14192
3.12543
3.32918
3.3475
3.3275
3.33525
3.21995
3.19684
3.35204
3.37016
3.3385
3.32052
3.30752
3.15782
3.17398
3.33883
3.34924
3.32734
3.30098
3.19136
3.19049
3.32553
3.3716
3.33759
3.28921
3.28072
3.11375
3.13804
3.34079
3.32137
3.29736
3.33506
3.19917
3.15794
3.30361
3.32222
3.31597
3.34902
3.2434
3.14608
3.23814
3.31633
3.36784
3.33314
3.24685
3.2097
3.09785
3.1582
3.30842
3.31007
3.29888
3.26385
3.13158
3.14523
3.3415
3.33594
3.31904
3.31484
3.14519
3.14532
3.30632
3.31445
3.28016
3.27243
3.26066
3.08406
3.09747
3.27998
3.28721
3.28691
3.28828
3.14496
3.15409
3.32707
3.31446
3.25347
3.26651
3.31712
3.13228
3.10786
3.24559
3.24467
3.28945
3.28469
3.10995
3.1093
3.31198
3.31566
3.26147
3.24835
3.20894
3.09931
3.16373
3.28477
3.2717
3.29491
3.30932
3.10124
3.07502
3.31455
3.32425
3.26675
3.27488
3.16927
3.06481
3.16294
3.25313
3.25378
3.23795
3.20491
3.14291
3.16509
3.26737
3.30276
3.25521
3.17946
3.19111
3.10268
3.09998
3.21105
3.22512
3.25889
3.2731
3.09961
3.05031
3.21901
3.26313
3.2283
3.22661
3.0805
3.05091
3.21902
3.2538
3.27397
3.27246
3.21007
3.0518
3.08852
3.23889
3.21995
3.22165
3.13488
3.06834
3.16966
3.2262
3.21194
3.21594
3.23865
3.11355
3.07836
3.20874
3.22965
3.21943
3.2462
3.06212
3.03882
3.21348
3.23429
3.2132
3.20981
3.24173
3.04251
3.00449
3.15999
3.22202
3.18533
3.15312
3.11345
3.02847
3.12044
3.19593
3.13412
3.18215
3.20689
3.01228
3.05469
3.2196
3.17232
3.16702
3.07381
3.00063
3.12593
3.1862
3.19956
3.21523
3.16564
3.04374
3.08611
3.20487
3.1595
3.17586
3.19157
2.98293
2.96764
3.18473
3.2084
3.16651
3.14642
2.98264
2.98588
3.16212
3.20961
3.22127
3.20218
3.09429
2.94069
3.03333
3.16902
3.13124
3.13244
3.20082
3.04215
3.02326
3.18812
3.20297
3.18192
3.16049
3.0383
3.03586
3.13468
3.12543
3.17627
3.15692
3.13237
3.0765
3.08057
3.16384
3.14364
3.12808
3.02686
3.0133
3.13784
3.22526
3.17259
3.11847
3.17519
3.01744
2.99232
3.11357
3.14801
3.17094
3.13225
2.99391
3.02082
3.14642
3.16967
3.18207
3.14963
3.00419
3.01403
3.16807
3.13248
3.14205
3.15598
3.13074
2.9875
3.0163
3.13368
3.108
3.17008
3.11518
3.00435
3.07712
3.16281
3.10219
3.12995
3.03273
2.98092
3.07286
3.11818
3.16925
3.11709
3.12385
3.01719
3.01051
3.14749
3.10105
3.08996
3.10957
2.96508
2.86625
2.99706
3.11163
3.08215
3.06887
2.88169
2.88186
3.11152
3.10312
3.08769
3.11998
2.9722
2.92113
3.04526
3.08718
3.10783
3.13521
3.08032
2.95903
3.03895
3.15306
3.10359
3.11595
3.0083
2.94551
3.06632
3.10631
3.09451
3.10489
2.98357
2.95628
3.09119
3.12925
3.07734
3.06847
2.95799
2.94129
3.10439
3.10586
3.07778
3.08128
3.0819
2.91482
2.93227
3.10134
3.06192
3.03145
2.99718
2.94945
3.03061
3.06638
3.04334
3.06448
3.06653
2.9298
2.9331
3.07107
3.06627
3.04347
2.97526
2.99433
2.98146
3.02419
3.09406
3.0084
2.98803
2.92704
2.95235
3.03338
3.0177
3.01073
3.042
2.92586
2.89072
3.06354
3.08645
3.04964
2.97782
2.91078
2.94222
3.00647
3.05304
3.06921
3.05903
2.88019
2.85742
3.01332
3.04514
3.00833
2.89955
2.87033
2.98946
3.07205
2.99101
2.98726
3.02306
2.91987
2.9249
3.02276
3.0694
3.12015
3.10516
2.91011
2.88264
3.02761
3.03186
2.99659
2.92734
2.91559
2.99483
3.04084
3.04584
3.05115
3.03551
2.92853
2.92354
3.029
3.01816
3.00573
2.91128
2.86289
2.99602
3.07662
3.03822
2.99053
2.96581
2.86782
2.89456
3.01767
3.00568
3.01055
3.0283
2.87858
2.86273
2.99523
2.99512
2.97583
2.82809
2.79551
2.96138
2.99775
2.97388
3.01072
2.89363
2.82686
2.97476
2.99766
2.95649
2.98745
2.91446
2.81225
2.87399
2.98581
3.02344
3.00021
2.82454
2.83911
3.0262
3.02451
2.98839
2.90379
2.81746
2.878
2.97365
2.99102
2.97497
2.94399
2.77632
2.79985
2.96592
2.97709
3.00178
2.95606
2.79595
2.7948
2.94797
3.0123
2.99134
2.8253
2.81951
2.95932
2.94912
2.92928
2.97283
2.85746
2.78314
2.90852
2.96839
2.98545
2.99353
2.82509
2.78864
2.93827
2.972
2.95728
2.97349
2.77622
2.76893
2.9555
2.93599
2.94875
2.82002
2.80898
2.92818
2.9183
2.90339
2.96545
2.87836
2.82203
2.90853
2.92123
2.92808
2.93803
2.84978
2.79796
2.90264
2.97307
2.95379
2.89013
2.79467
2.84139
2.94199
2.9312
2.90889
2.91171
2.81303
2.80512
2.93573
2.9615
2.95696
2.81032
2.77077
2.89144
2.90949
2.88042
2.92683
2.85798
2.79577
2.88872
2.92436
2.91684
2.92177
2.7994
2.78879
2.93108
2.9205
2.89436
2.93244
2.77835
2.73785
2.90536
2.93467
2.96232
2.83588
2.76073
2.88724
2.96611
2.89841
2.84682
2.85212
2.77383
2.82125
3.02139
3.00083
2.90512
2.82626
2.81681
2.94305
2.93899
2.88034
2.71933
2.74735
2.91095
2.91846
2.8986
2.86637
2.77573
2.7958
2.90959
2.87108
2.85527
2.91413
2.78942
2.76066
2.88658
2.88182
2.91208
2.82941
2.71557
2.79669
2.92425
2.90365
2.87168
2.8405
2.75371
2.80195
2.89343
2.87254
2.89241
2.78569
2.7809
2.88445
2.85963
2.86413
2.87442
2.73681
2.72056
2.86197
2.84188
2.85757
2.79082
2.75871
2.82289
2.89372
2.90499
2.8367
2.72237
2.72504
2.83864
2.87176
2.86781
2.78261
2.69953
2.76023
2.86584
2.84542
2.81239
2.64889
2.68291
2.91887
2.88376
2.83488
2.83213
2.72158
2.73458
2.80239
2.80015
2.83702
2.85252
2.71583
2.71986
2.89222
2.89811
2.8597
2.72432
2.69246
2.80749
2.85648
2.8531
2.85639
2.74165
2.71912
2.82103
2.8247
2.79374
2.70234
2.71312
2.80023
2.83067
2.83651
2.85914
2.69036
2.63766
2.82908
2.83196
2.81131
2.68547
2.66424
2.85734
2.81986
2.74375
2.80836
2.69876
2.66443
2.82297
2.84294
2.86193
2.73715
2.71266
2.82878
2.81124
2.78923
2.81253
2.6948
2.6748
2.81388
2.82945
2.80234
2.81228
2.72153
2.70879
2.81746
2.80874
2.83157
2.71316
2.69847
2.80872
2.82853
2.83438
2.79033
2.70284
2.74154
2.8305
2.74394
2.7529
2.68853
2.6815
2.80986
2.80659
2.83947
2.73027
2.69134
2.80849
2.81477
2.77688
2.79248
2.68286
2.67181
2.8152
2.78132
2.74573
2.80347
2.68773
2.64252
2.78895
2.77696
2.76852
2.64289
2.60257
2.72258
2.76224
2.79453
2.77868
2.61301
2.65458
2.83183
2.7452
2.6446
2.64153
2.72664
2.76473
2.7548
2.76453
2.72742
2.65126
2.69665
2.76732
2.74057
2.74063
2.66179
2.6579
2.75816
2.79916
2.82405
2.77064
2.6819
2.73045
2.7815
2.74727
2.76649
2.66472
2.66699
2.75196
2.74513
2.8003
2.74634
2.64874
2.67623
2.70976
2.71794
2.68655
2.65072
2.68582
2.71443
2.75143
2.76996
2.73011
2.71786
2.72796
2.75429
2.75221
2.63459
2.60886
2.70297
2.73289
2.73083
2.74553
2.66763
2.63978
2.71664
2.73182
2.72649
2.58299
2.57046
2.7146
2.7524
2.72991
2.65775
2.6171
2.67463
2.73965
2.69528
2.65867
2.57584
2.57374
2.70078
2.71741
2.72985
2.67415
2.609
2.71622
2.76475
2.73159
2.66808
2.59891
2.65315
2.70521
2.68607
2.65329
2.55603
2.60211
2.72055
2.67616
2.64505
2.52102
2.51781
2.72856
2.77224
2.72755
2.70191
2.55305
2.58752
2.71205
2.67635
2.62051
2.55214
2.61543
2.69213
2.67151
2.68404
2.59172
2.5624
2.68542
2.65697
2.65578
2.58597
2.53069
2.60496
2.65415
2.67915
2.64838
2.54735
2.56982
2.721
2.70441
2.65259
2.58993
2.59255
2.66059
2.69962
2.7461
2.66216
2.60969
2.66961
2.71765
2.70766
2.58733
2.56585
2.64263
2.6586
2.67561
2.68645
2.53796
2.53836
2.66709
2.62758
2.65305
2.56611
2.5775
2.70517
2.64809
2.63427
2.56233
2.57278
2.67419
2.64505
2.60198
2.52655
2.56948
2.68737
2.66925
2.62362
2.64335
2.57011
2.56794
2.68856
2.73732
2.71455
2.57002
2.55712
2.63128
2.62205
2.64719
2.57076
2.52962
2.62758
2.78236
2.7595
2.63293
2.59679
2.59489
2.65068
2.65549
2.6239
2.58272
2.61465
2.65318
2.63035
2.62235
2.52873
2.50252
2.62605
2.67085
2.68926
2.5381
2.50204
2.61751
2.5978
2.61861
2.57267
2.51967
2.54574
2.61964
2.65285
2.54342
2.52584
2.63953
2.67918
2.62808
2.60247
2.5398
2.54306
2.60586
2.58259
2.63377
2.59317
2.53429
2.59649
2.5936
2.61833
2.56477
2.54768
2.653
2.63209
2.64303
2.50527
2.47044
2.60658
2.66955
2.64765
2.49832
2.48774
2.56566
2.61942
2.64616
2.53851
2.50972
2.61923
2.65629
2.61561
2.59623
2.52842
2.55256
2.59993
2.55015
2.56531
2.48425
2.51184
2.60401
2.5949
2.63403
2.5388
2.48998
2.58685
2.60772
2.65112
2.5376
2.4547
2.55023
2.59901
2.61222
2.51044
2.49764
2.61709
2.61775
2.59093
2.5216
2.5106
2.56773
2.6059
2.62964
2.5393
2.49376
2.5625
2.62005
2.59843
2.53475
2.51207
2.55311
2.52223
2.50022
2.46361
2.4286
2.49933
2.56429
2.65846
2.65733
2.46423
2.47346
2.59769
2.53309
2.4798
2.47004
2.50366
2.53772
2.52776
2.5539
2.47465
2.48064
2.57288
2.51401
2.44461
2.40321
2.50486
2.581
2.51337
2.50416
2.422
2.41536
2.4826
2.42815
2.42793
2.32552
2.34544
2.4931
2.49557
2.42162
2.40403
2.50096
2.53106
2.55471
2.4608
