1.24542e-311
inf
6.78458
15.2819
16.1651
14.7967
14.0623
14.4864
15.1633
17.271
11.7116
11.4126
16.7968
17.4122
17.2747
16.7574
17.0939
17.5319
17.5469
17.3111
17.232
17.6342
17.488
17.3747
17.567
17.5202
17.2288
17.6103
17.9709
17.7423
17.443
17.6236
17.7557
16.2347
15.8456
16.946
16.843
16.7435
17.2886
17.2302
16.6807
16.8729
17.4992
17.307
16.9132
16.7336
16.6076
16.3464
16.3732
15.8907
16.134
17.118
17.386
17.8729
17.5545
17.3145
17.6007
17.7607
17.7669
17.9024
18.1734
17.6286
17.3912
18.0201
17.9519
17.7606
17.4637
16.811
16.0287
16.213
17.2625
17.207
17.1224
17.191
17.3833
17.0969
17.1668
17.3759
17.2824
16.6454
16.316
16.7107
15.7987
16.4379
17.714
16.1255
14.3818
15.3672
17.003
16.2217
16.6994
17.7621
17.3635
15.1617
13.8591
14.5219
10.6923
11.0326
17.2055
18.0615
18.1291
17.7148
17.3291
17.4171
15.6902
15.1194
14.8691
15.4525
17.4157
16.3779
14.3424
15.3862
17.7609
17.7252
17.9311
17.4963
16.8573
16.8227
17.0656
15.9388
15.7555
16.4834
15.4137
15.9854
17.7263
17.3998
16.9602
17.4847
17.9625
17.3503
17.2625
17.6415
18.0123
18.0216
17.7938
17.1303
16.4173
16.1158
16.3475
16.8415
16.4359
16.4571
17.6849
17.4482
17.0192
17.5323
17.9255
17.6316
17.1294
17.4801
16.1954
15.5784
17.3015
17.7983
16.6531
16.6436
17.6724
17.7625
17.2985
17.6663
17.943
18.0232
17.4839
17.5188
18.3397
17.79
17.3696
17.501
17.7368
17.6174
17.401
17.6599
17.5032
17.5081
17.8843
17.8341
17.7795
18.1604
18.1077
17.8454
17.0126
17.0879
18.3066
18.2567
18.0325
18.2073
18.5729
18.2939
17.7969
17.5948
17.4749
16.8896
16.9802
17.0654
16.6243
16.1829
16.0197
16.8025
17.0539
16.6319
16.7323
17.2859
17.0111
16.2558
15.9003
15.4892
15.9863
17.7798
17.2912
16.3484
17.585
18.0374
17.9905
18.179
18.1524
18.6552
17.6078
15.9576
16.7414
17.4721
16.695
17.438
18.5225
16.9704
17.0487
16.8291
15.7805
17.17
18.1515
18.3604
17.6314
17.3498
18.3501
19.1573
18.5919
18.8491
19.5314
19.2634
18.0322
16.8261
17.8509
19.305
19.4827
19.5295
19.0643
18.6392
18.583
19.1608
19.8724
19.8671
18.2835
17.6067
18.927
19.1745
18.7222
18.0845
18.5292
19.2985
19.3924
19.5374
19.7383
20.0102
19.413
19.0816
19.1845
18.6414
17.5134
17.8656
18.9363
17.9712
17.6565
17.8368
17.7794
17.1588
16.9437
16.8312
16.3539
17.1854
17.973
18.9143
18.595
18.5099
18.6644
17.6247
17.0968
16.8705
16.8589
16.6176
17.2931
18.8612
19.0522
18.6189
18.7838
17.8258
17.2948
17.3016
16.9309
16.4222
16.7801
15.9751
16.1456
18.0631
18.8193
20.0296
18.8745
18.493
19.2057
19
19.2245
19.4335
17.6883
17.0791
18.6475
18.7538
18.0698
18.7758
19.2569
19.3735
18.7704
18.3889
18.4412
18.124
17.217
17.8309
19.9748
20.087
19.2437
18.463
18.7521
18.9157
18.9423
19.3283
19.7945
19.5856
19.3009
19.4103
19.7307
19.6275
19.545
19.4507
19.4833
19.7093
19.1676
19.0658
19.5653
19.0971
18.8822
19.5884
19.1437
18.2924
18.882
19.6286
19.7039
19.8134
18.6733
18.9545
20.0682
19.8181
18.6736
18.1638
18.9773
18.4286
16.7977
16.9337
17.5293
18.6932
20.5937
20.7159
20.4736
19.3199
19.0355
19.8787
19.9537
20.0759
19.6408
18.808
19.0458
19.1082
18.4901
19.2239
17.7244
17.6375
20.3066
20.4338
20.2276
19.7073
19.6475
19.9197
20.0586
19.8517
19.773
19.2918
19.1918
19.6491
20.1404
20.6554
17.4671
14.6109
14.5666
17.0109
19.1053
17.8414
16.8083
16.852
17.3042
16.2656
16.7678
18.9842
19.4814
20.0349
20.4011
20.6383
20.5732
19.5823
19.6284
19.8124
19.8495
19.9298
19.8683
18.7961
18.8685
20.4507
20.5189
19.1086
19.0522
19.6723
19.4358
19.2461
19.218
20.403
20.7235
20.1898
20.1056
19.6094
19.4471
18.0941
18.3117
20.02
19.8912
19.4077
17.9528
18.4679
19.9882
20.479
19.9023
19.7834
20.429
19.7728
18.3873
17.7816
18.3098
19.4865
20.1047
19.8073
20.0132
19.0609
17.7432
18.2615
19.8744
20.2231
20.1849
21.0455
21.0347
20.2067
19.2598
20.0694
21.3327
21.1649
21.0181
20.7209
20.8247
21.3006
20.1183
19.3412
20.1064
20.7568
19.6988
17.3777
17.8936
20.7784
19.4343
19.2151
20.8564
20.2002
20.1404
20.496
20.563
20.7658
20.2474
19.6953
19.6194
20.517
21.8191
21.1282
21.2637
21.7732
19.8432
19.0698
20.4198
21.5362
21.7266
21.3789
21.2411
21.3684
21.7996
21.8811
21.2605
21.3627
21.7896
21.6537
21.5179
21.1421
21.0964
21.7328
21.8031
21.0919
21.4535
22.0172
21.8653
21.5385
21.4526
21.768
21.9821
22.0393
21.3687
21.483
22.118
22.3591
21.7979
21.1086
21.6195
22.0838
22.0466
21.2139
21.4043
22.2472
22.0855
21.9957
21.5434
21.3778
21.6584
22.0514
22.0204
21.7787
22.0211
22.0975
22.0958
21.8881
21.7453
22.187
22.0926
21.7557
21.7988
22.0663
22.4323
22.1909
21.4394
21.4802
22.2826
22.522
21.7417
21.2013
21.6598
22.2854
22.2948
21.5269
21.7867
22.6508
22.6347
22.2064
21.9
22.3514
22.7661
22.6542
21.8766
21.9614
22.657
22.4276
22.452
21.9166
21.5903
21.926
22.4072
22.1648
21.7004
22.269
22.6347
22.9687
22.1224
21.9024
22.848
22.7741
22.3819
21.8852
22.0858
22.6214
22.7154
22.3294
22.3972
22.6974
22.8496
22.5078
21.8467
22.0488
22.5782
22.8318
22.1183
21.9952
22.5258
22.8462
22.8472
21.8498
21.9541
22.8022
22.7796
22.4957
22.1808
22.3729
22.756
22.9211
22.1124
21.8364
22.0853
22.3249
23.1626
22.3391
22.2554
23.1693
23.1048
23.2639
22.4737
22.3469
23.1348
22.9951
22.6644
22.303
22.5431
23.2515
23.1006
22.2227
22.2891
22.5729
22.6321
22.8204
22.306
22.1619
22.9029
23.2758
22.6024
22.4558
22.9816
23.071
23.1473
22.2161
22.024
22.5568
22.92
23.3326
22.6729
22.8313
23.1932
23.2712
23.4274
22.8739
22.8339
22.9077
22.9537
22.8799
22.7226
23.2491
23.0354
22.2792
22.1508
22.7723
23.231
23.1742
23.1094
22.8076
22.8407
23.2577
23.2253
22.9155
22.593
22.6424
23.0696
23.3176
22.7671
22.8551
23.3106
23.3552
23.4277
22.7526
22.0022
22.5235
23.347
23.5106
22.4684
21.945
22.8373
23.5161
23.303
22.7669
23.2973
23.4255
22.9413
22.7983
22.1592
22.4936
23.4077
23.528
23.2434
23.0622
23.5971
23.0998
23.0707
22.6257
22.6285
23.7332
23.6773
23.7815
23.0351
22.607
23.2291
23.5616
23.3762
23.2156
23.5206
23.7806
23.7037
22.8446
22.83
23.3792
23.472
23.6116
23.2431
22.7348
22.8705
23.7166
23.7753
22.9927
22.9816
23.5056
23.6499
23.8155
22.8846
22.785
23.7001
23.7792
23.5735
22.5861
22.8068
23.7135
23.9466
23.8047
23.0494
23.2312
23.639
23.7485
23.2118
22.7617
23.6348
24.0434
23.9906
23.5846
23.3204
23.826
24.0677
23.6619
23.0057
22.9368
23.5646
24.0859
23.955
23.0792
22.94
23.6782
23.845
23.2834
22.8394
23.1718
23.747
23.5741
22.9111
23.0152
23.7104
23.8305
23.9802
24.1138
23.7527
23.9401
24.0613
23.8447
23.5123
23.2437
23.6622
23.7211
23.8618
23.8541
23.1238
23.3095
23.8268
23.7321
23.3836
23.1924
23.7282
24.1153
24.1295
23.843
23.287
23.7996
24.4197
23.982
23.5655
23.464
23.8612
24.373
24.2037
23.8832
23.5059
22.8266
23.2221
23.8513
23.5383
23.5286
23.9398
24.4756
24.5179
23.271
22.5058
22.4924
22.7923
22.8404
20.9782
21.5434
23.637
24.1493
24.3191
23.3664
22.941
23.6981
24.3537
24.0321
23.6821
23.6077
23.957
24.4326
24.5897
23.697
23.5496
24.001
23.9466
24.2562
22.0651
22.1528
24.4329
24.4553
24.3205
23.7651
24.088
24.8204
24.6078
24.5044
23.91
23.7473
24.1002
24.0944
24.6342
24.0255
23.688
24.4346
24.6048
24.6494
24.4487
24.4102
24.7825
24.65
24.3656
23.423
23.3954
24.4711
24.9569
24.7976
23.7133
23.5452
24.5029
25.0466
24.5869
23.7518
24.0183
24.4981
24.7758
25.2611
24.3528
24.0284
24.6603
24.9913
25.2083
24.1266
24.0347
25.0169
25.1607
25.1158
24.5275
24.606
25.1386
25.0335
25.0266
24.6746
24.1412
24.685
25.0238
24.805
24.2777
23.9137
24.7237
25.0941
24.8861
24.5987
24.05
24.3668
25.2363
25.4201
24.8001
24.4472
24.4203
24.5206
25.2153
24.7341
24.3775
24.8348
24.8772
24.8902
24.3087
23.9226
24.6819
24.7816
24.5845
24.8413
24.4858
24.5167
24.7066
25.1007
25.4298
24.3819
24.1812
25.0216
24.9498
25.0138
24.5197
23.9736
24.8114
25.2449
25.0379
24.5649
23.9871
24.542
24.9109
25.1228
24.8435
24.1932
24.9504
25.5379
25.1575
24.7393
24.3626
24.808
25.4634
25.2064
24.9763
24.7696
24.809
25.2181
25.4469
25.2003
24.8139
24.6015
25.1117
25.8234
25.5918
24.1829
24.2219
25.095
25.3723
25.7155
25.0768
24.4466
24.4879
25.2083
25.8695
25.8191
24.7225
24.3019
24.7307
25.3065
25.7483
24.5059
24.4783
25.4946
25.4725
25.6289
24.9433
24.4909
25.2207
25.4356
25.4178
25.6799
24.6743
24.5278
25.2032
25.3065
25.7033
24.5378
24.1243
25.5056
25.5526
25.4842
25.7007
24.8537
25.1534
25.7908
25.8128
25.3849
24.4975
24.9237
25.7341
25.491
25.5034
25.095
25.119
25.9289
25.7652
25.6591
24.9819
24.5733
25.4042
25.6716
25.4207
25.1737
24.8979
25.3971
25.9168
26.0122
25.3572
24.5824
24.9657
25.5745
25.7991
25.5971
25.1607
25.4531
25.5849
25.5666
25.8839
24.9753
25.1861
26.2127
26.0539
25.8853
25.3746
25.0843
25.7845
25.5696
25.1158
25.7762
25.3817
25.0627
25.7805
25.8525
25.5441
24.766
24.2966
25.1908
25.7629
25.8425
25.6924
25.0012
25.2771
26.0088
25.8061
25.8154
25.5722
25.0847
25.4294
25.4709
25.741
25.5529
24.6108
25.4346
26.3644
25.9151
25.7931
25.6944
25.7337
26.2812
26.11
25.2528
25.3501
25.9653
26.1267
25.9155
25.7308
25.137
24.9429
25.6571
25.8736
26.1039
25.5216
25.4443
26.2753
26.1288
26.1182
25.7925
24.8268
25.3335
26.329
26.4627
26.188
25.3739
25.5125
26.256
26.4009
26.5031
25.8088
25.2165
25.9787
26.7012
26.2474
25.3328
25.6815
26.2213
26.4176
26.4138
25.8893
25.8068
26.0376
26.1845
26.7126
26.7491
24.9535
24.7188
25.9141
26.0284
26.3946
25.5138
24.8385
25.9464
26.3317
26.468
25.3097
25.1108
26.3179
26.1131
26.1537
26.265
25.6736
25.9007
26.6237
26.264
26.2488
25.9919
25.9245
26.5541
26.5625
26.2257
25.4848
24.9744
25.8128
26.743
26.4575
26.1397
26.1633
26.1298
26.4389
26.9248
25.1417
23.1348
23.8949
24.6947
25.5014
26.5911
25.7825
26.0583
27.0296
26.8345
26.7745
26.2567
25.7895
26.547
26.719
26.5024
26.1332
24.8037
24.156
24.7663
25.6759
26.1308
25.6322
25.1943
25.6368
25.4417
25.1601
24.6469
24.1336
25.3585
26.6574
26.4236
25.7169
25.8659
25.7337
25.9831
26.744
26.6959
25.8859
25.7642
26.9371
27.1994
26.6745
25.976
25.6239
25.5669
25.3762
25.3743
25.7566
25.8628
25.2618
24.5836
25.0517
26.3154
26.2674
26.276
26.6124
26.5372
26.7659
26.4107
26.0356
26.6276
26.9041
26.9811
27.1267
26.1435
25.9061
26.4638
26.5196
26.9212
26.7283
25.6993
26.2474
27.4401
27.328
27.2595
26.4799
26.1195
27.0577
27.3954
27.2985
26.7813
26.294
26.4463
26.9342
27.3321
26.8118
26.2072
26.3258
26.8626
27.1883
27.6878
27.4752
26.667
26.8622
27.4439
27.6595
27.2784
26.502
26.6032
26.9462
27.2836
27.4812
27.0299
26.2075
25.9084
26.6966
27.3038
27.7108
26.7964
25.7762
25.8331
25.6236
25.7142
26.2243
25.174
25.1772
26.3033
26.0366
26.5961
26.4722
26.4925
27.3358
26.9658
27.319
26.5816
25.8254
26.7935
27.4063
27.4733
27.5202
26.5477
25.7945
26.8991
28.0014
27.6909
27.1393
26.5368
26.5551
27.0289
27.1632
27.2138
26.8619
27.0468
27.3153
27.5346
27.8102
27.0526
26.0984
26.8168
27.3325
27.3463
27.9248
27.0596
26.6848
27.4688
27.284
27.3355
27.6384
26.8647
26.9201
27.5509
27.5505
27.9197
28.2458
27.1972
26.9975
27.6392
27.4593
27.5236
27.038
26.6422
27.5285
28.1575
27.7466
27.4944
26.8987
26.7992
27.8141
28.2052
27.9838
27.43
27.3168
27.5258
27.8987
28.3471
27.8296
26.7949
27.0139
27.6744
27.8571
28.3636
27.8451
26.703
27.2439
27.9583
27.8172
28.1881
27.8373
26.8496
27.1665
27.6495
27.84
28.3495
27.6117
27.0882
28.1239
28.4386
27.9744
28.3054
27.2565
26.7058
27.755
27.963
27.873
28.2974
27.1032
26.5094
27.7423
27.8493
27.8963
28.0848
27.3392
27.34
28.1813
28.1726
28.3078
27.6901
26.6869
27.5406
28.3841
28.0222
27.9576
27.7789
27.2153
27.7431
28.3612
28.4754
28.8938
27.9462
27.1606
27.6526
28.0643
28.6373
28.1167
26.9567
27.2187
27.5471
28.0407
28.765
27.3523
26.7469
27.9814
28.2977
28.4827
28.7778
28.2949
27.7743
27.7882
28.034
28.3362
28.5205
27.5672
27.3748
28.0073
27.9037
28.2131
28.627
28.3218
27.5122
27.5892
28.1069
28.4925
28.7803
27.8672
27.1146
27.5946
28.376
28.5976
28.7096
28.0171
27.4941
28.1322
27.9611
27.9646
28.6899
28.0387
26.8561
27.4348
28.6332
28.2841
28.4451
27.3329
26.7215
27.9076
28.167
28.1365
27.7612
27.1695
27.1658
28.3869
28.9872
28.3459
27.6813
27.7847
28.5327
28.3805
28.3781
28.6172
28.3648
28.1595
28.032
28.4075
29.0099
28.8463
27.772
27.8172
28.5959
28.9687
29.1095
28.6197
27.7704
28.0954
28.4819
28.2737
29.0626
28.5079
27.4816
27.8242
28.6471
28.5759
28.4188
28.2187
27.451
27.9861
28.7907
28.8896
28.9318
28.6209
27.7543
28.372
29.2513
29.0415
29.212
28.7865
28.3801
28.7249
29.2967
29.2372
29.2112
28.8222
27.8257
28.08
28.9914
29.1464
29.0322
28.8234
28.8093
28.3439
28.6168
28.9528
28.4746
28.2048
28.0096
28.3768
28.9222
29.2201
29.2026
28.8951
27.9783
27.9057
29.1167
29.6187
29.115
28.0915
28.4119
29.3462
28.9373
28.9101
29.301
27.6637
27.6472
29.5963
29.1367
29.0918
29.6222
28.5763
28.0599
28.8251
29.0761
27.7446
27.9419
28.4819
28.2717
29.0795
29.3281
29.7243
29.1261
28.3435
28.6369
29.2171
29.5003
29.492
29.4503
28.3982
28.2322
29.4217
29.8374
29.4729
29.4894
28.6389
27.7289
28.7365
29.5526
29.4023
29.1223
28.2929
28.4499
29.289
29.5705
29.4638
29.5583
28.7319
28.3306
29.1414
29.5159
29.6736
29.5867
29.2856
28.9377
29.3075
28.918
29.1469
30.0345
28.9482
28.1762
28.7965
28.9394
29.1596
29.7646
29.8067
28.666
28.8272
29.4868
29.469
29.9536
28.403
27.8897
29.1758
29.7535
29.1971
29.253
29.146
28.6517
29.4577
29.6353
29.2856
29.4846
28.6148
27.6951
28.816
29.5657
29.5216
29.7539
28.9952
28.8201
29.6016
29.911
30.0603
29.5321
28.7538
28.3062
28.4868
29.5508
29.9442
29.4755
28.883
28.8505
28.5189
28.9616
30.012
30.0098
29.0643
27.8156
28.6246
29.4685
29.6806
30.2714
29.1244
28.5156
29.1954
29.3363
29.6652
29.8744
29.1337
29.2693
29.9702
29.7102
29.3811
29.824
29.7836
28.6767
28.8859
30.0264
29.9468
29.6987
29.8458
28.335
28.7828
30.8709
29.8909
29.7393
30.6124
29.3535
28.6878
29.6908
30.1314
30.1791
30.281
29.1962
28.5429
29.1189
29.6613
29.9124
30.063
29.715
29.5098
29.4946
29.5674
30.1905
30.191
29.7912
29.7623
29.6446
29.878
30.2705
30.332
30.0116
28.9272
29.2094
30.265
30.3748
30.3237
29.898
29.0736
29.0816
29.5959
29.9846
30.2925
30.4252
29.7407
29.2821
30.0725
29.9581
30.0765
30.7801
30.0915
29.052
29.4651
30.4243
30.3605
30.1237
29.7009
28.6066
28.8555
30.0499
29.8913
30.2457
30.3026
29.3785
29.8205
30.6584
30.2476
29.8485
30.2179
29.2086
28.6936
29.7217
30.1878
30.0856
30.2897
29.6723
29.0204
29.9859
30.6143
30.6965
30.3628
29.7996
29.5046
29.2972
30.1568
31.0034
30.5656
29.715
29.6345
30.1477
30.5143
30.8295
30.2783
29.5255
29.0677
29.7668
30.1409
30.1841
30.8342
30.3757
29.9012
30.3901
31.1274
30.3711
30.1064
30.8785
29.7517
29.6217
30.8938
30.7201
30.485
30.8713
30.4655
29.4542
29.9191
30.9329
30.6537
30.8095
30.4553
29.4196
29.9742
30.7863
30.673
30.9387
30.8361
30.2412
30.3545
30.6035
30.9502
30.8966
31.2407
30.7659
29.8151
30.6293
31.2578
31.2422
31.0361
30.4497
29.7889
29.6564
30.479
30.966
31.2042
31.1202
29.2984
28.9691
30.2284
30.472
30.8833
30.7958
29.4716
29.4018
30.5899
30.5451
30.498
31.5348
30.4229
29.5443
30.5591
31.0694
31.7415
31.8051
30.7352
29.719
30.0684
31.0395
30.9291
30.8785
30.9617
30.309
30.6579
31.5085
31.5398
31.0352
31.0767
30.9713
29.8561
30.3237
31.5234
31.3957
30.9267
31.2974
30.7991
30.2051
30.9109
31.5642
31.2651
31.4154
31.1386
30.0937
30.3136
31.4209
31.8167
31.0926
31.2769
31.1497
30.5008
31.0458
31.5587
31.7844
31.6431
30.8923
30.9392
31.1517
31.5105
31.7607
31.7829
31.6486
30.3343
30.6424
31.2539
31.2466
31.9601
32.0713
30.8794
30.0978
31.1255
31.3913
31.2906
31.7103
31.3475
30.568
31.2539
32.1678
31.6136
31.3102
31.5338
31.1052
30.7314
31.1891
32.0549
32.0713
31.6341
31.9015
30.6767
30.9019
32.2378
31.6997
31.7496
31.9795
31.6246
31.053
31.0376
31.2461
31.8456
31.8796
31.5756
31.0289
30.5306
31.4199
31.999
31.6141
31.5846
31.6711
30.9708
30.8985
31.3799
31.7672
31.8183
31.5911
30.6523
30.5965
31.4549
31.7586
31.8461
31.6947
31.1303
30.7073
30.9506
31.5711
32.2347
32.1569
31.1779
30.3716
31.0029
31.5109
31.8091
32.4981
32.4712
31.318
30.9071
31.5497
31.6461
31.9443
32.1208
32.1626
30.8537
30.6096
32.0077
31.2256
30.1255
30.4335
30.6419
29.4933
29.8151
31.1876
30.773
30.6725
31.6711
30.9329
30.3164
31.6746
32.2425
31.7183
31.6892
31.2603
30.5708
31.1604
32.3441
32.5463
31.6792
32.0544
31.6787
30.7069
31.4802
32.0852
32.3902
32.515
31.6501
30.839
