9.65145e-312
inf
9.59205
37.0727
41.8288
46.8132
46.2449
47.8916
46.393
43.0209
42.0477
45.0501
39.4221
36.4007
31.3548
32.2492
43.9184
44.5921
46.0936
47.6951
47.7521
47.5568
47.9088
19.7853
19.6271
47.5353
48.6157
48.2905
48.2556
47.6872
48.18
48.8174
46.3242
45.7174
48.0977
48.1174
47.669
48.8412
48.8866
49.2296
48.9237
47.3418
46.4619
47.1353
48.2789
47.4316
47.5794
48.7163
48.2381
47.9134
47.5749
46.8604
47.399
48.3349
48.5248
48.8842
47.3776
47.2467
48.1035
48.3559
48.9728
47.8286
46.6179
46.7486
47.6156
48.6476
48.9932
48.6867
49.755
50.6598
49.9176
48.2021
47.221
48.2323
48.223
47.9685
45.5789
43.9551
46.7574
48.7971
49.4486
46.9517
45.3772
47.5127
49.134
50.3575
50.4757
47.9536
48.1081
49.5774
49.0448
43.4679
42.2271
48.4766
51.1797
50.9528
50.8208
50.8169
49.8853
49.3486
49.4132
49.5466
48.8854
48.5838
49.4853
50.0864
50.3373
49.7067
49.543
50.1165
50.7756
50.9165
48.2625
47.6656
48.3758
48.7722
50.317
50.6688
50.5587
48.889
49.0112
50.5906
49.6192
48.7187
49.0918
49.0894
49.7117
50.491
50.3525
49.5454
49.0136
49.9988
50.9983
48.7543
48.4954
50.8453
49.4707
49.6056
51.4708
50.9035
50.813
50.3246
50.4223
50.4668
49.1836
49.4658
50.7937
50.997
50.9022
50.8893
50.8984
52.1132
51.788
51.9332
48.6511
48.0746
52.0901
51.2164
49.9077
50.8673
51.7464
51.365
51.561
51.5716
50.665
49.8281
49.7636
51.0738
52.4027
51.3756
51.6649
53.1434
53.4645
54.0672
52.6247
50.8246
50.9282
51.792
52.9703
52.9521
52.5265
53.0926
53.3547
53.4659
53.5805
53.6222
49.2405
49.8542
54.252
51.569
50.6894
52.4466
53.3917
53.0602
53.1943
52.9647
52.7245
50.5485
50.3107
52.997
53.4045
53.7808
54.3685
54.7555
54.4514
54.6299
55.0979
53.8228
51.8068
51.286
53.9243
55.8456
54.5643
53.8967
53.9899
53.1943
53.8155
54.9119
54.5539
51.4695
51.9346
53.2864
53.2453
55.1481
54.748
55.1131
55.9707
55.6948
54.8411
54.8381
53.8866
52.744
53.8228
53.6538
53.7837
55.5324
55.8768
56.3126
56.3095
55.1602
55.4447
54.6135
52.783
54.2182
55.605
54.8005
55.7227
56.4796
55.7227
56.5675
56.7086
55.8534
56.2177
55.3495
53.6509
54.9209
56.4669
56.5068
57.2656
57.8989
57.9643
57.9542
57.6435
57.2984
55.8238
54.4766
56.0774
57.5805
56.7247
55.5664
54.9134
55.8114
56.9427
57.4597
58.4402
58.8443
55.9926
53.8242
55.788
58.1869
58.4795
57.8637
56.5531
57.3132
58.1954
58.8149
59.3578
57.1363
55.6235
56.3079
58.1886
58.8807
58.2683
58.8443
59.393
57.187
57.3921
59.9233
59.5788
58.627
57.3658
57.3362
59.0075
59.9988
59.7746
58.2106
58.9136
60.7533
59.0284
58.3005
59.9018
60.4449
58.2157
56.3111
56.5243
58.003
59.6997
59.4654
60.1938
61.0054
59.3049
59.6783
60.818
60.8328
60.4869
58.8218
57.3625
56.2699
57.8771
60.4869
60.652
59.7568
60.2591
59.8623
59.3049
60.562
61.1116
59.0859
56.5243
58.2208
59.4548
58.7734
60.1251
61.5802
62.1833
60.2428
58.651
59.3613
59.8623
58.5497
58.3754
60.6042
60.8125
59.0336
59.8677
61.4175
61.4609
61.4987
61.41
60.7755
60.3573
61.4137
60.476
59.4106
60.6649
61.1004
60.0925
61.1527
62.9743
62.8713
62.9921
61.8582
61.8735
62.5039
62.8082
63.3553
61.9617
59.2926
59.8552
62.1157
60.042
60.5932
61.1247
61.329
63.7206
63.0676
62.9426
62.22
59.7979
60.7921
62.2316
61.9042
62.1427
61.4043
62.3286
63.5243
63.1892
63.1951
63.6659
63.6699
61.6314
61.7074
59.1191
57.8386
62.2065
63.7552
63.4679
62.5626
62.422
63.5082
62.8852
62.8891
64.5765
64.5245
62.1891
60.4631
61.3478
61.6314
62.1891
63.5526
62.9307
62.4434
62.9743
62.9842
64.2364
64.4932
63.0338
63.9918
60.1486
59.7872
63.9121
64.3376
64.4351
64.5995
62.0732
61.8563
65.3253
65.4793
64.8656
65.1211
64.1581
59.0859
59.3965
64.7878
65.887
66.0808
65.8393
65.8306
66.0786
64.4579
64.1375
66.4187
66.4584
62.8773
63.5304
62.1427
60.818
63.8712
64.8529
65.0555
64.8677
65.1742
63.8774
64.9899
67.2653
67.4764
67.2359
66.5336
65.1933
64.2839
64.6559
65.3275
65.9152
67.4377
69.0608
69.1133
69.4806
68.526
68.1106
68.9917
68.5471
66.1704
65.2635
67.5425
66.2361
66.2998
68.8942
68.7144
68.055
67.5083
68.9109
68.157
65.1381
65.0407
66.9299
68.4252
65.4836
64.4683
67.7025
65.6082
65.3125
68.0666
68.4182
68.835
69.442
69.8763
67.4332
67.5607
69.6961
68.0689
64.7459
64.9245
67.2585
66.5026
65.9348
67.4423
69.5193
69.5024
69.1706
69.6694
69.7253
68.2477
67.3469
68.9869
64.46
62.7333
67.6338
69.0084
67.5037
68.1756
69.7788
69.0942
68.9727
69.0894
70.922
70.9245
69.3602
70.9019
67.3968
65.6491
69.5265
69.6961
69.6306
70.7614
70.5716
69.808
70.7264
71.7412
71.5512
70.9824
71.426
70.0943
69.4469
66.7401
65.6319
69.0822
70.5119
71.1516
70.1484
68.313
70.4101
72.767
71.5845
71.6897
72.2569
71.4158
71.0631
69.5024
67.4218
70.0673
72.8624
72.2335
72.0409
73.673
73.5321
71.2251
72.0799
73.054
72.0695
72.1449
72.197
71.4873
66.5137
66.0306
70.4399
71.6538
72.1839
72.1137
73.3595
73.3568
72.3589
70.7965
70.6689
72.2752
71.8907
72.8597
72.4822
70.2593
67.8081
68.5025
71.375
71.9839
72.6797
73.3541
73.2413
73.9344
71.9088
70.6814
72.9847
74.9204
75.5601
69.6403
68.1129
70.7664
69.6355
71.2403
73.4565
74.2721
74.2556
74.4491
75.0469
73.1957
72.1345
74.0329
74.4823
72.2439
72.6296
71.1693
70.0378
72.5242
72.5032
72.4139
73.3649
73.2413
73.0273
73.7817
76.2544
75.9532
72.3589
72.873
72.0903
69.5338
71.0985
74.5907
73.9782
72.6348
73.054
73.6079
74.6129
74.758
75.6172
74.2501
75.2106
78.1525
73.8525
74.5156
75.0948
74.1152
73.7055
72.0305
75.171
75.9071
73.2762
73.3192
75.683
76.2806
76.7048
76.3563
75.5116
75.6974
74.096
76.3971
76.2573
73.0861
74.4075
75.2106
76.2806
75.9907
74.5268
74.118
76.2253
76.0398
75.884
76.9527
77.4264
78.0884
77.5194
73.7898
71.9476
74.0988
75.3892
75.6487
75.9792
77.3754
78.8208
74.7552
73.8853
78.0062
78.0518
78.0884
78.7805
78.4283
74.8867
74.8755
73.4349
71.0884
75.4546
76.9024
77.6066
78.3024
78.2105
79.3305
76.4818
75.8754
78.8364
79.0389
78.0336
77.4473
75.2304
74.7021
74.4103
76.4
77.2022
76.9793
78.855
77.8816
77.3515
77.5855
79.4187
78.2442
75.7232
76.5697
79.2205
79.3305
74.8867
71.3903
73.9973
74.8531
75.9763
79.4597
78.6504
77.8331
78.7433
80.0865
79.885
77.7424
74.2418
75.6974
78.8986
78.456
79.3336
77.0921
74.5684
77.7424
76.0572
75.7404
78.6194
79.5577
80.2021
80.1314
81.367
82.1997
81.7962
77.9302
76.3155
79.0952
80.9651
78.4406
75.2304
75.6229
79.6337
78.7867
77.1813
79.713
79.6305
79.2864
78.9328
79.384
80.5834
81.3041
79.9329
78.8271
79.1734
78.8426
76.1006
74.8391
75.6573
77.0535
80.125
81.5262
80.5607
79.1766
79.968
80.2633
80.0897
80.0608
81.7896
79.4092
77.5314
79.2833
76.4672
75.1089
77.9423
79.8882
77.1784
78.9141
80.9192
79.4155
80.2472
79.818
80.3632
82.2064
82.1153
82.7061
83.5387
79.7894
76.6019
76.4731
77.4863
78.2626
81.1787
82.6344
81.357
78.9858
79.0514
81.493
81.1129
81.2843
83.8469
85.8443
84.4523
80.9553
76.3359
75.8294
76.1412
79.3179
84.631
83.1359
80.3503
81.0077
83.647
81.6193
79.7957
83.3785
83.3715
82.4368
84.3277
83.9842
82.3418
78.3453
76.9912
80.3859
82.7849
82.8981
82.5866
82.4504
83.1739
84.1609
82.8603
76.1963
75.1089
81.1326
85.3133
86.3185
84.7601
81.5262
80.4991
80.4246
76.7018
78.7991
83.8293
85.5871
84.2602
82.9979
83.8821
84.246
86.3707
84.886
83.6505
83.091
82.7061
84.0619
84.7135
83.455
82.5014
80.1635
78.5639
82.8878
86.0474
87.2144
82.9187
80.9848
83.4272
84.1326
85.2188
82.1726
83.5596
86.9603
85.8295
86.0622
84.3668
84.8284
81.324
78.9515
78.7402
79.8626
84.6059
84.9401
85.6494
87.0208
86.5202
85.4372
85.5213
86.8206
83.5492
83.4516
88.3509
88.6407
88.1368
85.8038
83.868
85.7118
86.1772
83.0427
83.9314
86.9754
85.7229
84.814
85.7559
84.6382
86.8885
89.3056
84.3064
83.5736
86.04
88.0165
85.4117
84.7781
84.7422
79.8914
81.5029
86.1215
86.3446
84.9509
84.6525
85.8443
89.0512
90.1754
88.3509
88.2029
88.433
84.7781
85.0051
88.5622
89.9847
84.3704
82.0883
86.1883
84.6561
84.513
84.7099
85.2806
88.7351
87.8542
84.814
85.2733
87.8889
89.7989
88.9403
88.2145
86.3819
84.987
88.4486
88.9442
84.3989
84.349
82.6241
82.672
89.8513
87.3439
85.0232
88.0127
90.0171
90.6701
90.1754
89.8352
89.8917
90.9298
90.4077
89.662
90.3383
91.9921
87.9894
83.7626
87.7231
88.8849
89.811
93.1576
92.98
88.5269
87.2524
91.4035
89.5736
87.7308
89.7384
91.5248
93.4929
93.5366
91.0664
86.1475
84.0442
88.8928
88.3705
86.1846
89.0631
91.8738
93.1012
92.7171
89.0472
90.51
92.3617
90.2609
92.1489
93.3228
93.9761
92.9282
91.8949
93.2662
91.2784
86.7867
85.0449
85.4409
91.1369
94.1487
91.9582
93.9894
96.9133
94.8542
89.658
87.535
91.9413
96.3809
96.1492
95.5932
95.338
95.9003
94.9668
91.5667
93.7954
90.8472
87.5427
91.0871
92.1956
93.0752
93.6944
92.2424
91.529
93.7339
94.8452
93.5629
93.6768
95.4517
93.8747
91.6254
93.2271
93.7603
88.9126
89.1742
85.8885
82.3961
89.4654
93.7559
92.8548
94.4867
95.1158
94.6342
94.162
92.9023
93.7559
91.8063
92.009
95.7121
95.1882
94.0468
94.3619
94.7688
90.1591
88.0282
89.1226
90.7194
93.1532
93.8615
93.9408
94.8632
95.1611
93.3794
89.1226
91.5081
95.8911
89.5536
88.4173
93.8659
94.2196
93.0795
93.5891
88.6997
90.4609
92.2594
89.6539
89.3096
92.098
95.1792
93.471
89.5576
90.1144
93.1402
90.9959
93.4536
96.9415
96.7212
91.112
90.6577
96.4367
96.9462
89.4534
86.1326
91.391
94.7239
93.8747
94.7194
96.0938
94.3307
95.5429
94.0203
93.4361
95.2608
95.1384
95.6297
96.6604
96.7024
91.5374
93.7559
97.8761
89.9321
88.7272
91.6254
93.0622
95.1249
95.3971
96.432
95.7304
95.6389
95.0977
93.1185
95.5749
95.9877
96.6884
99.3443
96.0753
95.9555
98.1258
95.4882
96.0061
93.2227
93.4187
96.6324
92.0048
93.5235
98.5853
98.3526
95.1249
92.2084
95.4381
98.4155
97.4279
99.2162
98.7411
99.4975
100.735
98.9707
96.9838
97.0356
92.0217
87.146
91.0705
96.8992
100.817
100.639
98.5222
98.1451
99.5867
99.7258
97.6134
96.782
94.4376
95.22
97.5134
99.6711
98.9854
98.0296
100.01
97.0309
95.4335
91.9667
93.3968
92.5027
89.666
95.1339
97.7231
96.5717
96.4553
100.015
100.482
98.8582
93.9938
96.6184
100.903
99.2113
102.176
101.158
99.5074
99.2999
100.195
94.509
87.0284
91.4997
99.7855
100.01
99.7855
100.746
99.6165
99.5966
100.513
99.7009
99.2654
93.362
94.3396
101.194
99.945
100.04
100.392
99.6612
100.035
95.7854
84.7997
83.8434
93.4798
98.4155
95.6984
95.7946
98.5125
102.59
102.161
98.5028
102.78
103.04
99.7108
94.6925
96.6744
102.297
99.7357
102.082
101.693
97.9528
96.9368
97.4896
92.6956
91.6632
99.3986
101.502
97.6324
96.9885
99.4431
99.8303
99.7357
101.394
103.514
103.482
101.271
100.482
99.0491
98.912
101.399
100.867
94.7239
93.3184
97.0026
99.0884
102.312
98.824
97.8713
103.52
103.718
101.595
102.554
101.812
101.117
102.485
103.745
104.232
99.4926
101.435
103.999
100.756
99.5669
98.0344
96.8242
97.1487
100.878
99.054
97.9576
99.8801
102.559
106.219
104.531
101.102
101.036
105.13
106.056
105.363
106.276
105.197
103.284
102.464
101.714
97.7469
97.1865
97.0308
98.0296
101.41
99.4036
100.99
104.992
106.394
106.191
103.745
103.242
103.125
102.344
104.756
103.343
102.171
104.734
102.891
99.3641
101.061
97.1581
91.7936
94.9127
100.756
101.59
100.035
100.903
103.066
104.937
102.654
100.02
99.8303
100.74
104.613
106.135
103.413
105.335
107.17
105.33
107.875
108.213
100.447
100.492
106.259
104.581
100.604
102.328
105.452
107.359
106.118
102.454
104.026
104.756
105.731
109.337
105.915
103.423
107.469
107.66
105.241
106.264
105.792
104.216
106.321
100.913
94.9487
102.865
106.769
101.724
103.284
104.439
103.718
105.994
105.213
104.096
103.751
105.742
107.129
106.952
106.895
105.636
109.152
109.004
105.647
105.441
104.882
101.9
102.004
104.559
100.055
102.559
107.216
104.346
106.729
107.107
102.239
104.882
107.481
101.714
103.579
107.799
107.262
108.407
107.701
103.418
104.515
106.604
102.166
105.147
98.5561
102.161
117.398
112.79
116.353
116.591
117.626
120.475
116.266
117.925
118.413
115.367
120.026
115.473
114.475
120.041
116.652
119.154
121.788
122.933
121.581
121.308
119.147
117.571
122.843
119.646
107.596
109.022
113.27
116.863
118.371
117.647
123.801
119.983
118.575
119.211
121.825
121.773
119.624
117.765
117.737
121.359
122.82
123.747
119.147
119.154
125.778
123.678
120.518
119.232
122.572
116.577
103.05
107.881
114.201
110.926
114.751
119.61
121.433
121.256
120.077
121.936
122.632
122.714
123.916
118.561
118.547
122.858
123.365
123.381
122.377
122.108
122.835
124.409
125.18
120.084
114.844
121.536
117.925
113.494
118.469
120.831
124.1
120.635
121.736
125.486
124.2
125.826
122.496
121.278
122.526
121.64
119.574
119.46
122.055
120.2
121.766
122.745
124.185
126.032
122.033
119.998
121.959
121.721
120.142
117.089
119.069
124.766
126.863
125.889
125.031
125.802
122.767
121.102
121.736
124.093
125.345
125.518
118.511
120.7
127.146
122.911
123.931
124.844
125.471
126.622
117.275
116.679
116.925
114.207
119.14
118.238
120.598
128.329
127.226
122.264
126.936
127.324
124.704
126.088
126.366
125.486
128.982
130.378
125.557
121.153
117.571
124.463
129.383
128.098
124.316
114.896
115.134
113.811
120.359
127.429
124.425
126.63
119.739
120.533
126.191
127.812
130.378
130.014
125.494
124.634
130.659
130.497
128.008
127.34
127.178
129.592
124.316
123.908
129.308
126.662
126.534
124.154
120.504
122.926
123.724
123.671
123.047
125.77
128.222
125.786
123.962
123.977
125.66
126.815
128
124.969
125.329
127.348
124.363
127.316
129.576
129.71
129.777
128.238
125.549
126.151
127.853
126.08
118.392
119.239
121.44
121.014
126.502
124.324
129.5
129.744
122.963
126.287
125.897
126.63
130.95
129.509
126.414
127.975
130.745
129.191
128.824
127.073
130.174
130.031
128.189
128.617
120.38
120.308
124.634
125.644
122.444
122.257
125.109
126.654
129.475
129.634
129.618
128.559
128.584
124.572
124.797
127.828
129.366
129.45
130.565
130.651
131.944
131.848
130.472
131.804
133.12
131.019
126.39
127.146
119.446
121.566
125.842
123.985
128.617
130.651
130.446
124.355
125.337
129.082
131.441
132.205
130.497
124.603
119.161
126
135.787
136.705
132.004
132.039
131.449
128.733
129.091
133.36
132.398
131.996
124.556
119.71
119.796
120.041
129.55
125.865
126.887
134.853
134.635
133.005
129.82
129.904
132.442
130.242
128.75
132.135
121.743
124.642
134.98
130.472
130.208
130.09
129.492
131.372
132.829
133.967
127.853
127.689
131.622
123.808
120.012
122.911
130.574
132.284
133.985
134.935
131.744
132.013
133.094
132.275
133.726
132.459
129.141
130.276
127.885
130.472
136.129
135.199
133.932
131.996
131.423
134.517
122.309
117.585
128.999
125.149
126.823
136.556
135.538
127.332
129.988
133.476
129.584
135.227
137.504
133.529
132.767
134.807
134.78
130.727
132.275
136.082
135.044
126.247
124.564
135.236
137.184
136.147
136.379
135.621
126.398
120.664
124.626
132.109
133.869
132.652
131.588
121.758
125.597
139.198
136.036
131.337
134.273
131.216
132.328
135.465
135.897
136.064
135.483
134.255
133.851
136.612
129.609
125.274
133.529
136.082
133.111
134.562
123.077
124.432
125.494
124.657
133.324
136.444
135.492
133.351
137.703
128.957
126
134.382
134.689
131.57
129.744
130.37
134.391
136.958
137.419
133.717
135.823
138.36
134.318
130.107
133.878
136.305
133.032
132.996
125.063
119.897
119.674
125.486
129.274
130.064
134.327
134.907
133.271
126.056
127.787
136.305
136.082
134.707
136.64
138.045
136.911
137.703
137.912
137.438
136.733
138.927
138.514
136.203
135.007
135.263
137.334
134.237
127.259
128.949
138.639
129.576
125.337
133.094
135.474
136.156
136.687
136.874
135.962
134.871
137.561
139.811
138.15
136.082
138.389
140.43
139.043
139.645
138.899
134.147
131.208
135.833
141.573
131.32
126.678
138.937
138.427
124.085
125.172
139.285
140.095
136.836
135.245
137.514
140.311
139.053
137.118
140.974
135.796
129.786
134.925
140.233
144.55
136.827
128.966
133.636
126.823
124.494
136.93
141.233
140.203
140.233
142.126
131.926
130.856
132.767
134.798
132.529
129.191
132.793
133.949
138.217
140.361
136.724
137.817
141.593
138.715
139.948
135.556
128.791
135.245
140.924
138.995
139.451
141.814
140.637
138.083
137.372
138.351
140.223
140.027
138.399
140.076
127.47
127.714
128.148
126.35
131.865
124.386
132.477
137.024
127.82
129.091
135.87
135.382
137.703
137.137
133.601
138.696
146.681
142.369
139.548
143.195
138.995
134.571
141.233
142.288
138.504
139.402
142.42
132.433
126.687
135.704
127.073
127.364
138.85
130.727
