1.31646e-311
inf
12.4145
65.1381
104.63
261.609
263.435
237.079
188.306
206.889
270.234
278.746
280.191
280.112
232.558
225.378
200.26
121.007
142.146
250.627
211.216
224.316
274.085
146.349
144.383
212.337
206.398
261.097
273.336
212.495
214.477
270.563
243.161
242.748
264.131
264.48
187.056
182.582
164.46
168.194
238.379
146.199
149.779
196.155
197.531
219.322
167.238
170.605
242.836
197.628
180.652
124.51
128.775
257.136
251.572
259.269
268.889
233.127
247.555
296.56
275.52
222.519
222.841
182.732
143.616
186.724
236.155
213.174
205.592
206.676
249.283
309.167
321.906
330.633
309.262
301.25
315.507
299.715
229.41
223.764
295.639
334.057
313.578
307.503
330.907
321.182
285.755
292.912
319.183
275.9
212.269
236.379
293.643
278.242
187.811
155.039
152.87
193.592
339.732
344.709
329.544
328.677
344.828
347.947
342.173
332.447
328.461
338.066
352.671
353.232
347.041
31.4762
31.5423
366.502
348.068
338.181
357.079
366.233
373.274
348.432
337.61
347.162
344.412
308.452
256.345
278.668
342.642
354.925
359.324
340.078
345.185
363.703
310.366
295.072
331.95
359.648
386.324
393.778
390.549
357.398
355.429
391.619
399.202
381.098
345.066
360.685
405.762
408.998
394.244
373.343
363.57
387.973
418.148
405.186
391.619
357.143
327.065
347.102
393.468
421.941
394.945
362.713
374.111
406.835
408.58
407.747
393.546
381.388
405.68
390.472
390.625
427.35
380.011
375.164
438.212
447.227
437.158
441.306
398.883
382.336
392.619
393.856
430.108
352.299
338.238
409.249
399.521
381.534
372.926
347.524
354.296
397.693
423.819
426.803
394.711
394.244
398.963
410.256
442.772
452.591
400.882
348.918
391.696
465.658
457.875
394.4
339.616
384.246
476.077
430.478
370.576
285.388
305.577
447.527
478.583
490.677
486.5
417.798
389.864
424.809
423.101
430.2
431.406
345.542
354.484
453.515
485.201
464.253
442.674
424.178
421.585
461.787
461.467
449.944
479.616
499.875
449.236
413.565
423.191
443.459
463.07
470.146
425.985
420.875
481.116
487.448
475.851
505.817
534.188
488.52
494.927
546.448
515.597
458.716
423.549
435.066
398.089
413.052
506.842
513.611
520.833
510.595
509.814
465.658
453.309
512.952
410.341
405.186
518.135
418.848
397.852
498.878
546.15
557.103
569.314
561.798
463.822
446.728
520.833
556.019
566.091
566.412
556.948
558.503
526.593
525.762
479.157
445.335
505.433
541.712
574.548
487.211
460.723
524.797
536.337
560.067
552.792
547.645
573.888
471.032
415.282
474.158
495.417
480.077
511.509
566.412
476.644
477.555
592.066
593.472
562.905
461.681
456.725
480.769
512.295
583.942
579.542
561.325
578.536
620.925
540.687
418.148
431.686
564.016
616.143
598.623
610.874
625
601.504
541.126
549.602
598.444
603.136
621.891
605.877
579.039
580.383
509.035
509.424
495.172
431.406
471.587
550.661
598.265
555.401
539.52
573.888
614.817
626.174
620.732
598.982
621.891
668.226
589.102
557.414
588.755
610.128
636.132
566.733
503.525
557.725
527.009
522.193
630.716
661.376
676.59
692.761
702.741
641.231
627.746
545.256
534.616
635.526
627.746
584.454
603.865
652.742
630.716
477.099
411.269
504.159
617.665
676.133
718.649
720.721
708.215
646.412
538.068
566.091
676.819
702.247
701.262
693.963
715.563
702.741
666.667
648.088
532.907
453.926
489.956
569.476
639.182
671.141
680.272
669.792
562.905
563.698
662.252
655.093
523.56
407.747
439.754
552.486
553.25
569.963
535.475
541.418
549.149
567.859
692.281
725.426
569.152
552.334
723.066
583.601
509.814
544.959
572.738
653.808
548.998
536.193
713.776
741.565
701.754
722.282
671.817
613.874
604.778
471.698
459.242
559.284
617.475
666.667
667.78
630.716
602.773
549.3
495.05
572.41
710.732
724.9
723.589
668.449
684.463
745.712
735.294
641.026
616.143
657.678
690.131
738.007
735.024
756.144
758.725
745.156
676.59
558.347
581.734
720.461
731.529
717.36
741.84
697.837
693.963
748.783
747.943
615.195
608.088
689.893
657.03
678.196
627.944
597.55
594.53
493.705
526.454
705.965
737.463
736.648
768.935
784.314
801.925
784.929
768.64
770.119
674.536
673.401
770.119
703.482
632.711
688.231
751.88
729.395
755.287
626.566
460.193
512.952
687.994
738.552
755.858
752.729
758.725
733.945
682.827
594.53
588.582
668.896
729.927
773.994
780.336
775.795
783.392
780.335
783.699
806.777
687.758
588.235
630.12
694.444
668.896
657.678
730.193
766.284
764.234
723.327
633.112
636.943
726.48
752.162
715.563
717.875
745.712
781.555
792.079
793.336
692.041
670.241
764.818
766.577
741.015
762.195
675.447
644.122
705.965
723.066
633.513
600.24
615.953
549.451
610.314
736.648
604.595
528.262
423.012
445.038
670.017
713.012
707.464
687.758
641.849
661.594
641.026
509.035
543.036
702.494
738.007
737.191
756.716
795.229
756.144
712.504
738.552
666.001
659.631
778.513
789.578
781.555
806.452
789.889
793.336
722.543
696.621
770.416
674.082
617.856
643.087
676.133
700.771
683.995
729.661
780.336
746.826
718.391
664.452
673.401
755.858
776.699
777.303
812.018
810.701
798.403
833.681
853.607
824.063
633.513
615.195
757.863
791.766
818.331
850.34
718.907
672.043
737.191
757.576
607.165
586.338
675.676
691.324
779.12
833.333
858.001
855.798
818.666
801.282
794.913
673.627
678.656
795.862
806.127
775.795
788.644
820.681
804.182
816.66
738.552
571.102
525.348
591.891
693.241
798.722
838.223
840.689
845.309
838.223
800.961
807.428
684.463
672.721
779.423
789.578
817.996
825.423
838.574
791.766
803.213
870.322
873.362
733.945
663.57
755.858
673.854
650.618
697.593
689.893
781.555
851.426
832.986
649.562
612.933
737.191
831.947
859.845
822.707
824.402
786.473
781.861
814.001
793.336
789.889
687.049
701.262
831.947
851.426
868.81
850.702
733.407
666.001
692.521
664.894
591.191
620.732
749.906
805.477
832.293
856.531
827.13
843.882
849.618
871.46
907.03
905.387
772.499
755.858
824.402
699.545
621.697
709.723
836.12
856.898
879.121
881.446
454.236
431.965
816.327
896.459
893.655
910.747
859.107
837.17
871.84
857.633
866.927
566.893
526.177
773.694
869.187
865.426
861.698
888.099
863.931
848.176
869.187
896.459
574.383
525.486
695.41
716.589
580.552
574.053
700.035
723.327
721.761
582.242
532.481
623.053
705.965
699.301
711.238
721.501
751.597
807.103
849.257
781.555
705.467
788.955
882.613
866.176
888.494
856.164
737.191
710.732
771.01
825.764
802.568
627.353
642.467
855.432
924.214
792.079
720.98
831.601
884.956
839.631
837.521
841.397
720.461
730.193
893.256
938.526
892.061
851.426
883.002
910.747
841.751
786.782
790.514
558.815
480.423
570.776
650.83
744.602
837.521
856.531
827.472
792.707
817.327
889.284
749.906
743.218
868.81
889.68
917.011
890.869
859.107
872.22
896.459
871.08
872.981
902.527
744.879
714.541
696.136
669.12
760.746
742.942
762.195
834.376
881.446
882.613
884.956
733.945
685.166
834.028
893.655
900.901
902.12
904.977
869.943
867.303
915.332
890.869
892.857
658.111
616.143
824.063
895.656
913.659
912.409
770.713
741.015
788.022
768.049
808.734
697.837
671.141
802.246
838.223
874.126
901.713
908.678
890.869
884.564
896.459
864.304
797.448
639.591
653.381
831.947
885.74
843.882
842.815
874.891
888.099
906.208
905.797
721.761
515.331
474.496
556.483
726.216
888.889
925.926
923.361
896.057
877.578
851.789
856.898
645.369
618.238
845.666
908.678
914.495
927.214
916.17
761.905
677.966
664.894
547.645
530.223
575.705
611.995
679.81
687.521
696.621
726.744
731.529
766.284
635.93
595.77
793.651
917.431
934.143
952.835
886.525
816.66
864.304
903.751
884.173
874.891
692.521
667.334
863.558
908.265
911.993
966.65
937.207
754.148
703.235
798.403
777.303
643.915
645.161
790.826
858.738
880.282
907.853
890.869
898.069
939.85
946.522
960.615
932.401
866.927
733.407
719.166
810.373
829.875
814.001
823.723
881.446
928.936
961.076
909.504
881.834
544.514
501.253
733.138
808.407
848.896
861.326
888.889
899.685
881.446
831.947
789.578
720.461
668.896
744.048
865.052
832.293
795.862
851.064
902.935
925.926
907.853
883.392
914.913
735.294
691.563
730.994
741.29
871.08
927.214
910.747
876.04
891.663
895.255
860.585
835.771
706.964
674.309
832.293
931.099
908.678
900.09
863.558
845.309
867.303
881.057
874.126
849.618
703.235
715.563
900.495
908.265
914.077
897.666
693.722
655.953
751.033
725.689
556.483
539.957
701.508
754.432
782.167
837.521
827.13
759.878
756.716
802.568
822.03
672.495
678.196
854.336
853.971
797.448
814.664
896.459
933.707
968.992
976.563
951.022
842.105
674.082
662.471
771.307
714.286
675.447
758.438
838.574
881.834
875.657
825.764
821.693
626.566
641.026
882.223
841.397
693.001
609.942
664.011
757.002
842.105
911.162
885.74
667.111
587.199
667.78
720.721
731.529
765.99
839.631
850.702
809.389
786.782
677.966
680.041
827.472
891.266
874.508
836.82
789.266
820.681
900.09
920.81
928.074
937.207
819.001
683.761
733.676
877.578
911.993
897.263
852.515
721.761
695.652
806.777
837.17
776.699
710.48
780.945
893.256
894.454
948.317
963.391
933.707
928.074
897.263
906.208
942.951
929.368
769.527
753.296
852.515
849.257
809.062
800
906.208
968.523
962.001
956.023
970.874
792.707
562.746
577.701
772.201
883.002
915.332
942.507
973.71
950.119
937.646
888.099
863.185
937.207
771.903
726.48
883.392
944.733
952.381
935.016
928.074
941.176
970.403
962.464
943.841
961.538
941.176
743.771
738.28
714.541
692.281
824.402
848.176
897.263
951.928
971.345
951.928
946.522
963.391
811.03
736.106
856.531
965.717
954.198
941.176
955.11
874.891
840.689
885.348
933.707
966.65
963.855
766.577
729.129
922.935
956.023
909.918
897.263
830.91
715.308
706.714
796.178
870.322
906.618
751.033
745.99
925.069
937.207
953.743
975.134
962.927
914.077
875.274
910.747
950.119
915.751
873.744
743.218
745.434
869.565
753.579
765.111
864.304
894.055
969.462
982.801
981.836
830.565
611.06
597.729
736.648
847.099
896.459
755.002
691.802
819.336
874.508
840.336
917.431
914.495
688.942
708.968
943.396
992.556
996.016
987.167
1010.61
1025.12
986.193
951.928
930.665
757.576
555.71
607.165
744.879
756.43
900.901
956.023
967.586
800.641
708.968
787.092
847.099
637.552
579.71
759.013
862.069
906.618
966.184
914.077
847.458
863.931
841.043
834.376
816.327
664.452
669.568
839.983
930.665
972.29
975.61
956.938
740.741
662.032
727.802
537.49
512.821
728.597
813.67
783.699
830.22
838.223
848.536
880.669
890.472
937.646
977.04
844.238
776.397
892.061
917.431
866.176
839.631
900.495
944.287
938.967
942.507
865.801
870.701
918.274
741.84
713.012
861.698
941.62
969.932
973.236
970.874
971.345
957.854
863.558
852.515
947.867
984.252
752.162
704.473
886.132
968.992
998.004
990.099
980.392
954.654
928.936
957.396
980.392
1007.05
1034.13
864.304
818.331
771.307
731.529
788.644
786.782
789.266
828.157
858.369
909.504
931.532
768.64
739.919
900.495
951.022
944.733
1025.64
1043.3
933.271
901.713
989.609
999.001
1020.93
1017.29
1012.15
773.395
760.746
1016.26
962.464
948.317
959.693
938.967
904.568
722.543
710.732
839.278
839.983
663.35
677.277
913.242
950.119
935.891
944.733
933.271
948.317
1022.49
1052.08
1041.12
1020.93
1018.85
791.139
763.942
976.563
1022.49
959.693
861.697
869.565
928.074
902.935
868.056
872.6
805.477
646.831
614.439
700.771
809.717
904.568
923.361
954.198
978.953
997.506
1000.5
907.853
843.17
789.578
613.874
682.128
989.609
1004.02
1007.56
1000.5
1012.15
1043.84
1050.97
879.121
751.033
741.29
650.407
690.846
771.307
767.46
843.17
846.024
851.789
914.077
848.896
832.293
951.928
814.001
677.507
762.777
950.119
1029.34
1033.06
1003.51
908.678
849.979
944.733
1029.34
1037.34
1030.4
917.852
725.163
734.484
885.74
945.18
983.768
970.874
761.035
723.327
811.03
812.348
881.834
719.683
667.78
845.666
957.854
980.392
980.392
976.086
983.284
1016.26
971.817
978.953
981.354
945.18
856.531
687.049
721.761
886.132
868.432
855.432
927.644
987.167
1016.78
996.016
953.743
829.875
787.402
656.383
678.887
960.154
977.995
977.517
988.631
911.577
921.659
981.836
908.678
883.002
941.176
897.263
744.048
802.246
1029.87
1036.81
994.036
931.966
925.497
972.29
944.733
964.785
1018.33
1019.89
1026.17
798.403
724.9
765.697
701.262
764.234
861.697
873.744
918.695
996.512
1030.93
1037.34
1060.45
847.099
708.968
815.661
966.65
952.835
958.313
962.927
917.011
948.317
995.025
955.11
947.867
964.785
853.971
795.229
917.852
1030.4
1013.68
990.099
973.71
703.977
674.992
926.355
1012.66
989.12
955.11
815.661
737.191
860.956
995.025
1013.17
1027.22
1026.17
1006.04
990.589
941.62
930.233
928.936
945.18
876.424
756.43
819.672
948.767
939.85
952.835
1020.41
1047.12
1053.74
1013.68
1021.45
897.666
764.818
579.71
589.449
837.521
936.768
848.896
783.085
846.024
888.889
861.698
856.531
905.797
852.152
594.177
504.286
658.545
859.107
857.265
888.889
911.162
919.118
945.18
942.507
964.32
566.733
487.924
654.879
688.942
702.247
757.289
801.603
823.384
829.875
838.223
503.271
490.798
864.678
929.368
880.282
820.008
817.327
847.817
918.695
964.32
953.743
731.261
704.722
946.074
1042.75
1071.81
968.992
870.701
824.742
842.815
923.361
925.926
923.788
876.808
765.697
769.527
856.531
926.784
1007.56
1019.37
1022.49
1048.22
1046.03
1017.81
979.432
957.396
972.29
934.579
902.527
917.431
922.935
919.963
938.967
985.222
967.586
951.022
945.626
929.8
909.504
743.771
511.247
554.017
786.782
783.392
844.595
898.069
891.266
949.217
911.162
879.121
911.577
757.289
719.166
880.669
972.29
1001.5
1048.22
1016.26
906.208
926.355
1002
977.995
997.009
987.654
976.563
791.139
749.064
800.961
781.555
863.185
897.666
894.855
938.086
997.506
974.659
943.841
897.666
724.9
709.975
900.09
984.737
974.659
987.654
959.233
883.002
885.347
979.912
1017.29
1017.29
1019.37
925.926
787.092
823.045
931.099
935.016
942.507
933.707
758.438
708.466
781.555
776.397
833.333
792.707
751.033
876.424
964.785
974.659
970.874
964.32
991.08
1017.29
1024.59
1034.66
994.036
991.572
1022.49
815.994
758.15
922.084
1021.97
934.579
898.876
998.004
998.004
942.951
962.927
992.063
817.661
717.618
621.118
663.35
883.392
898.473
980.392
1037.34
898.069
883.392
879.121
870.701
976.563
891.663
677.966
734.484
999.001
1019.89
1052.63
1009.08
997.506
1076.43
1106.19
1091.7
1068.95
1045.48
1029.34
1037.88
825.423
759.013
688.942
595.415
718.391
861.326
915.751
929.368
933.707
982.318
1018.33
955.11
673.627
648.298
842.46
906.618
914.495
865.801
888.889
887.311
738.007
688.705
769.527
642.261
648.298
903.342
973.236
1011.12
858.369
735.565
799.68
894.055
837.872
811.359
827.13
686.342
699.301
901.713
987.167
967.118
954.654
986.193
986.193
999.5
978.474
996.512
1059.32
1003.01
780.64
753.296
885.74
831.601
835.771
942.063
931.966
913.242
860.215
826.788
902.12
844.595
595.948
593.648
796.495
877.578
934.579
947.867
945.626
981.354
871.08
838.223
955.11
974.184
741.565
743.771
983.284
999.001
956.023
957.854
989.609
994.53
1009.08
999.5
990.099
982.318
966.184
778.513
729.395
903.342
816.993
731.797
828.157
891.266
853.607
844.238
892.459
869.565
880.282
755.002
683.527
819.001
944.733
991.08
1005.53
925.069
909.918
992.063
984.737
964.32
976.086
958.313
805.153
779.12
925.497
993.542
1002
976.563
984.737
824.063
753.864
853.971
848.176
780.031
693.241
707.464
892.459
1060.45
1008.57
992.556
1048.77
1047.12
1033.06
1006.54
974.184
964.32
975.134
1000
753.58
719.683
939.408
877.193
894.055
974.184
945.626
982.801
1013.17
994.036
975.61
999.001
726.744
564.653
688.705
920.81
987.654
1003.51
998.502
1014.2
988.631
911.993
961.076
1061.01
1047.67
1034.13
753.58
710.227
945.626
1012.15
970.874
944.733
953.743
1004.52
1054.3
1063.26
1049.87
1021.45
1006.04
830.565
739.645
824.402
757.289
747.943
841.397
882.223
929.368
872.981
803.859
825.764
848.897
632.111
639.591
872.22
913.242
783.085
574.713
619.963
810.045
666.223
677.507
623.053
602.954
818.331
875.274
907.853
946.522
810.045
821.693
986.68
922.935
819.001
570.613
551.876
810.045
938.086
950.119
959.693
994.036
840.689
748.503
807.102
877.963
957.854
729.927
702.988
942.951
1017.29
898.069
863.185
968.523
968.992
976.086
838.926
822.707
768.64
492.49
523.697
755.287
799.68
875.657
937.207
977.04
962.464
906.208
902.527
977.04
869.565
701.754
771.307
990.589
1029.87
1022.49
995.025
973.71
974.184
951.475
967.586
995.52
