1.27316e-311
inf
2.44187
3.64616
3.2482
3.3034
4.1213
4.5059
4.50233
4.53646
4.54331
4.51329
4.48305
4.46973
4.49874
4.53171
4.51731
4.48444
4.48039
4.46936
4.45177
4.45284
4.47042
4.47757
4.44895
4.46857
4.50823
4.49893
4.49712
4.53566
4.55332
4.54126
4.41306
4.33807
4.39441
4.40907
4.3302
4.206
4.23243
4.28024
4.20774
4.18398
4.19368
4.24455
4.07874
3.90585
4.09476
4.22948
4.09945
4.06293
4.07673
4.10333
4.13955
4.16819
4.23172
4.29094
4.34249
4.25924
4.21411
4.28728
4.21042
4.23952
4.27266
3.97252
4.05511
4.14952
3.83366
3.7903
4.03723
3.94564
3.93253
3.6847
3.38432
3.67301
3.97436
3.98952
4.03831
4.0731
4.00134
4.04562
4.18648
4.40995
4.59953
4.66442
4.67983
4.66202
4.49357
4.38708
4.25313
4.20703
4.38002
4.37741
4.37922
4.33781
4.27513
4.32288
4.32828
4.36395
4.39168
4.28739
4.24849
4.36453
4.50832
4.57429
4.34609
4.11523
4.11952
4.21306
4.34871
4.56058
4.70365
4.68816
4.69318
4.73945
4.73839
4.70585
4.62925
4.41072
4.38524
4.5177
4.58976
4.69924
4.68617
4.66822
4.6001
4.52917
4.49674
4.5084
4.61371
4.63448
4.57654
4.50346
4.50542
4.64166
4.67435
4.56089
4.52193
4.58619
4.64268
4.68471
4.74387
4.67831
4.59631
4.62349
4.66441
4.54196
4.53417
4.60623
4.63122
4.70014
4.69142
4.70501
4.71039
4.70199
4.69904
4.66741
4.6466
4.6244
4.6671
4.75847
4.6998
4.64953
4.67023
4.74476
4.69078
4.58561
4.68753
4.74992
4.72789
4.71863
4.72709
4.77709
4.76413
4.61713
4.44514
4.40018
4.40198
4.32048
4.31997
4.33394
4.09087
4.11665
4.3533
4.32485
4.27085
4.45007
4.69866
4.57101
4.50432
4.34808
4.15273
4.36037
4.53811
4.49298
4.54336
4.61553
4.61972
4.60937
4.40493
3.69653
3.6784
4.2569
3.88294
3.61757
3.95228
4.24073
3.97349
3.77791
4.11897
4.44044
4.42178
4.4048
4.03928
3.63366
3.83002
3.96965
3.69563
3.69505
3.84602
4.04017
4.0243
4.07486
4.08975
3.96574
3.87432
3.96523
4.0799
3.90213
3.85129
3.80073
3.78971
3.71177
3.66337
3.97725
4.31886
4.25747
4.0997
4.06834
4.05578
4.07326
4.10405
4.18023
4.15194
3.991
3.97371
4.08148
4.20156
4.24939
4.28573
3.90389
3.6083
3.61819
3.63366
3.51615
3.54872
3.77278
3.95068
4.13365
4.16859
3.93599
3.79972
4.04803
4.27168
4.30672
4.2736
4.18949
4.16811
3.95416
3.75407
4.06086
4.48079
4.54948
4.53292
4.51515
4.43842
4.23204
4.03912
4.16822
4.416
4.44558
4.40878
4.19426
4.09791
4.24362
4.0055
3.73361
3.87243
4.0736
4.08267
4.13134
4.22388
4.08097
3.89517
4.1651
4.14897
3.87831
3.86326
3.75037
3.63439
3.65722
3.58439
3.61832
3.95962
4.11925
4.11489
3.6728
3.55933
3.9411
3.95566
3.76396
3.55358
3.59134
3.60469
3.45949
3.28809
3.42143
3.95843
4.08208
3.7618
3.73718
3.78782
3.54261
3.4571
3.46046
3.79523
4.18556
3.96085
3.95419
4.12804
3.90386
3.73069
3.78123
3.64426
3.73028
3.80454
3.57925
3.63524
3.63973
3.61298
3.60025
3.78093
3.90518
3.66566
3.5854
3.4595
3.5521
3.97895
4.26173
4.25469
4.1661
4.16682
4.02839
3.87617
3.82568
3.75719
3.61635
3.72245
4.07635
4.24305
4.05339
3.81087
3.79951
3.89586
3.8343
3.90092
3.95465
3.57194
3.71078
4.17148
4.08596
3.75833
3.63131
3.5575
3.75711
4.22981
4.20031
4.10874
4.12798
4.01117
3.63515
3.5935
3.77757
3.88565
4.20148
4.40961
4.32044
4.21209
4.1663
4.12962
3.9233
3.80302
3.7399
3.74719
3.69622
3.62775
3.81575
3.92044
3.90763
3.74784
3.60792
3.73421
4.12672
4.33408
4.11021
4.07682
4.15501
3.92407
3.77627
3.75177
3.65807
3.69545
3.78874
3.70556
3.64507
3.58427
3.56661
3.70745
3.61653
3.61924
3.73293
3.5794
3.51462
3.6651
3.89828
4.00335
4.01802
4.19874
4.40482
4.44759
4.50728
4.46744
4.45234
4.52262
4.52019
4.31223
3.82567
3.83317
4.28561
4.29687
4.35679
4.46703
4.42539
4.49297
4.41328
4.40339
4.51296
4.47646
4.42123
4.47985
4.53102
4.49464
4.41868
4.369
4.38942
4.46759
4.50974
4.45061
4.4596
4.53027
4.49907
4.43094
4.34422
4.32835
4.41173
4.20412
4.12102
4.31037
4.35986
4.39416
4.40969
4.25724
4.06483
4.06063
4.29059
4.4216
4.43917
4.49764
4.44985
4.39633
4.43264
4.47462
4.48588
4.46971
4.46933
4.46141
4.4752
4.5232
4.37362
4.0776
3.95781
4.22375
4.39943
4.33573
4.43031
4.53599
4.5211
4.37546
4.06288
4.16003
4.48657
4.51413
4.57309
4.59792
4.53227
4.4558
4.18209
4.00786
4.274
4.52686
4.51134
4.50431
4.52698
4.54037
4.51818
4.29337
4.1922
4.38358
4.54116
4.54996
4.56506
4.61119
4.56499
4.41696
4.14461
4.26011
4.53067
4.45695
4.47083
4.53785
4.53449
4.4497
4.40869
4.17596
4.20476
4.51449
4.46729
4.35917
4.40046
4.54416
4.54212
4.36947
4.02126
4.15321
4.60181
4.52982
4.45818
4.49967
4.51529
4.33741
4.17217
4.34534
4.54134
4.48943
4.48713
4.53705
4.5673
4.5594
4.5237
4.1711
4.2151
4.5311
4.08637
4.04294
4.35606
4.38523
4.41964
4.2504
4.00511
4.2445
4.45408
4.36136
4.50755
4.44295
4.22897
4.19888
4.16398
3.94335
3.83713
3.92463
3.78345
3.68957
3.64315
3.72492
3.9473
3.86612
3.78
3.74634
3.83135
3.79525
3.70287
3.80194
3.70087
3.88967
4.40933
4.54944
4.47909
4.37682
4.49233
4.60128
4.57663
4.12965
4.1023
4.5441
4.57351
4.56869
4.48932
4.44565
4.49873
4.34786
4.06299
4.21678
4.48988
4.47003
4.48953
4.53829
4.56795
4.53582
4.51396
4.06374
4.11424
4.58988
4.57547
4.62213
4.54203
4.52846
4.62117
4.22269
4.12078
4.49181
4.63231
4.65851
4.61077
4.52746
4.58301
4.67183
4.58556
4.25164
4.08696
4.40404
4.58234
4.44788
4.50137
4.54303
4.53468
4.45784
4.03503
4.17171
4.68932
4.71996
4.63985
4.5778
4.60598
4.50973
4.20496
4.25276
4.55721
4.62646
4.67327
4.63633
4.59346
4.59838
4.61678
4.31082
4.23282
4.60424
4.70166
4.59572
4.55198
4.55233
4.58507
4.54584
4.15422
4.16441
4.27509
4.2133
4.34424
4.44898
4.57326
4.648
4.66052
4.21997
4.01306
4.38851
4.64739
4.4351
4.28726
4.16936
3.97186
3.87544
3.74377
3.63182
3.92526
4.23575
4.36175
3.96049
3.77161
3.9363
3.96
3.87667
3.80209
4.02245
3.97887
3.799
3.73598
3.76352
3.87883
3.96386
3.85008
3.79944
3.83971
4.08372
4.2293
4.04832
3.90853
3.82092
3.81644
3.80511
3.84499
3.8813
3.8243
3.82136
3.76676
3.74
3.85559
4.18875
4.61257
4.59966
4.58476
4.63736
4.64917
4.6582
4.23728
4.28988
4.70298
4.68537
4.65363
4.64746
4.65727
4.63813
4.40781
4.21981
4.33106
4.49835
4.41809
4.29492
4.32246
4.41236
4.4125
4.28012
4.26864
4.58283
4.85349
4.52823
4.33223
4.22466
4.29057
4.6031
4.68684
4.32066
4.22385
4.51024
4.6323
4.70707
4.75486
4.82735
4.78762
4.75112
4.30421
4.20089
4.45693
4.35869
4.47771
4.67399
4.76418
4.83933
4.64322
4.27226
4.24354
4.66095
4.65899
4.54696
4.4983
4.59987
4.9414
5.01955
5.07567
4.99412
4.92925
4.87622
4.62583
4.5751
4.56319
4.36905
4.36371
4.36799
4.2715
4.1982
4.03145
3.94381
4.09634
4.28901
4.25812
4.16347
4.26598
4.32844
4.28463
4.48473
4.73885
4.67523
4.1417
3.84994
3.95135
3.85756
3.38209
3.45132
4.16294
4.51432
4.77276
4.88996
4.66488
4.72071
4.98843
5.08002
5.01759
4.71013
4.6192
4.70698
4.52202
4.45373
4.48707
4.2857
4.14995
4.45511
4.77956
4.69264
4.39748
4.39777
4.5142
4.38151
4.11096
3.97112
4.06514
4.18825
4.26364
4.05545
3.96425
4.08298
4.34011
4.74135
4.91327
4.9474
5.02024
4.71767
4.51523
4.78958
4.97469
4.99333
5.05085
4.95919
4.95453
5.02801
5.06107
4.85326
4.58763
4.72915
4.99874
5.06403
5.05693
5.10648
5.13127
5.10423
5.01173
4.74703
4.58342
4.86465
5.12738
5.09807
5.10346
5.1122
5.08719
5.02032
5.02164
4.68099
4.36909
4.68723
5.08046
5.06169
4.99378
4.70451
4.54627
4.68544
4.47247
4.15899
4.32592
4.61113
4.67199
4.75861
4.78551
4.8072
4.7696
4.7072
4.45413
4.19686
4.39915
4.66506
4.70647
4.78312
4.84197
4.78202
4.54385
4.25225
4.35675
4.7072
4.7686
4.73659
4.80531
4.85424
4.76136
4.51447
4.31677
4.42076
4.69026
4.82193
4.79827
4.77426
4.79071
4.78977
4.78508
4.48533
4.29357
4.54735
4.74866
4.76214
4.79969
4.82575
4.80777
4.7716
4.596
4.42025
4.36808
4.48455
4.678
4.83833
4.8394
4.8272
4.8205
4.76283
4.43929
4.25649
4.57028
4.72323
4.71551
4.78621
4.86699
4.86243
4.79683
4.53513
4.32129
4.56941
4.79146
4.70287
4.72881
4.83757
4.86417
4.80093
4.7195
4.33694
4.37354
4.77866
4.78465
4.82276
4.88409
4.84991
4.77813
4.64886
4.37005
4.29654
4.52223
4.72505
4.79373
4.81677
4.85902
4.83483
4.78487
4.56967
4.21674
4.40958
4.81904
4.78916
4.83385
4.91386
4.88424
4.86236
4.59756
4.29349
4.43639
4.73434
4.76721
4.79733
4.84715
4.86493
4.82804
4.5775
4.35243
4.57588
4.87833
4.81502
4.7955
4.82175
4.83004
4.88201
4.77472
4.50234
4.34383
4.48476
4.7243
4.83871
4.86209
4.83878
4.90631
4.87126
4.71792
4.41717
4.48964
4.78801
4.79551
4.81709
4.82939
4.8507
4.80129
4.66324
4.37401
4.28244
4.61346
4.8466
4.81473
4.82836
4.87052
4.83615
4.77428
4.65513
4.33619
4.53463
4.90153
4.7507
4.78332
4.85733
4.83208
4.85463
4.76802
4.42944
4.26831
4.53125
4.7309
4.75486
4.86345
4.89999
4.88355
4.88472
4.66989
4.38158
4.56879
4.91221
4.83267
4.82029
4.90861
4.87837
4.81684
4.60743
4.25671
4.44585
4.88087
4.78743
4.77976
4.84743
4.86834
4.88217
4.81829
4.35108
4.07117
4.31197
4.45595
4.53601
4.6734
4.74837
4.89881
4.94033
4.64523
4.58214
4.96681
5.15063
5.0935
5.03346
4.86367
4.69577
4.79856
4.66805
4.51146
4.23985
4.23466
4.64284
4.74265
4.84615
4.91677
4.91212
4.67785
4.4314
4.33581
4.44061
4.64395
4.82843
4.83675
4.41517
4.32244
4.55857
4.47192
3.88251
4.00509
4.68668
4.73492
4.83723
4.80882
4.55005
4.2468
4.15282
4.07961
4.19009
4.5643
4.6139
4.71367
4.88133
4.93745
4.84803
4.6633
4.29817
4.41211
4.85471
4.81975
4.81913
4.7996
4.81119
4.7254
4.6005
4.50653
4.35314
4.46524
4.77441
4.85537
4.89658
4.94663
4.90339
4.7717
4.38518
4.51109
4.90942
4.84381
4.7859
4.77117
4.79409
4.85699
4.85144
4.83981
4.57774
4.33298
4.64381
4.834
4.72527
4.82846
4.87722
4.79672
4.66788
4.44234
4.65749
5.00064
4.92367
4.8946
4.85498
4.90887
4.96083
4.90492
4.89234
4.59209
4.37578
4.63817
4.85246
4.86651
4.93892
4.98085
4.97201
4.89378
4.5229
4.59026
4.98008
4.95255
4.81734
4.82564
4.93466
4.95036
4.92184
4.88868
4.62777
4.24189
4.25421
4.6418
4.89842
4.93794
4.99496
4.96327
4.91909
4.36981
4.29246
4.75603
4.77563
4.8061
4.85911
4.91257
4.98338
4.92229
4.76883
4.43851
4.28321
4.75049
5.06931
4.7919
4.68665
4.95387
5.20717
5.18441
4.75634
4.79252
5.17106
4.99436
5.06146
5.20484
5.13955
5.11116
5.10049
5.08832
4.84618
4.63898
4.74798
4.81945
4.88488
4.99835
4.84966
4.55163
4.44359
4.66682
4.5378
4.59004
4.92647
4.91343
4.97318
4.97104
4.97468
4.99232
4.97213
4.67949
4.37454
4.62169
4.97934
4.97634
4.95755
4.95887
4.89827
4.98097
5.14917
4.84961
4.60777
4.87068
5.1646
5.12709
4.97479
4.83225
4.95239
5.08419
4.84062
4.49993
4.42814
4.6719
4.98363
5.14245
5.13117
5.0675
5.12584
5.14496
5.16649
4.59985
4.43358
4.83239
4.8474
4.79709
4.87385
4.98451
4.93755
4.96021
4.76707
4.56492
4.51355
4.65963
4.85881
4.86619
4.91886
4.96271
4.95908
4.90014
4.65901
4.44347
4.65627
4.92187
4.86112
4.86163
4.86218
4.84229
4.82646
4.79012
4.58126
4.37356
4.63023
4.88945
4.88732
4.99666
5.02169
4.95764
4.86056
4.78285
4.57315
4.69051
5.00685
4.88723
4.89548
5.00672
4.94725
4.95322
4.93926
4.60149
4.39162
4.55579
4.79721
4.86708
4.95108
4.98792
4.9351
4.96319
4.48617
4.43481
4.92579
4.99799
4.98189
4.96188
4.96006
4.96876
5.00651
4.97402
4.81176
4.51801
4.45169
4.7257
4.88568
4.91965
4.97018
4.95539
4.94521
4.65989
4.51788
4.81684
4.98951
4.9778
4.9628
4.97086
4.91149
4.86594
4.9014
4.90599
4.67677
4.56396
4.7178
4.84277
4.95172
4.9498
4.97451
5.02622
5.00106
4.47696
4.51527
5.06382
5.03018
4.98467
4.99923
5.04341
5.05918
5.06255
4.96985
4.80881
4.60579
4.59605
4.84759
4.99811
4.99417
5.03441
5.02308
4.96799
4.91088
4.3706
4.47089
5.08939
5.03146
4.95188
4.96899
5.01741
5.04945
5.03521
5.00309
4.65497
4.45817
4.82627
4.96576
4.94089
5.05485
5.03545
4.99078
4.94358
4.62335
4.57132
4.94159
5.05076
5.00349
5.00498
5.02638
5.02157
4.99868
5.01537
4.90323
4.60902
4.55763
4.7853
4.91992
5.05079
5.14108
5.07482
5.01269
4.95201
4.66434
4.69882
5.04072
5.05052
5.00389
5.01924
5.04926
5.04303
5.00055
4.80037
4.53983
4.51655
4.82644
5.03945
5.0194
5.025
5.07587
5.10254
4.94866
4.5589
4.38307
4.74565
5.06684
5.01518
4.97661
5.04864
5.10127
5.05928
4.97696
4.70553
4.40975
4.3474
4.67937
5.01747
5.01175
5.02142
5.06928
5.10732
5.04579
4.80896
4.45228
4.64001
5.00149
4.9762
5.06722
5.09321
5.0642
4.95079
4.74709
4.60416
4.56562
4.78165
4.9371
4.96391
5.10001
5.119
5.09256
5.02619
4.55356
4.62022
5.06123
4.98931
4.93915
4.98367
5.05639
5.07429
5.10894
5.03432
4.80839
4.47515
4.62807
4.98757
4.78657
4.80609
5.06077
5.10831
5.0517
4.74834
4.63806
5.03119
5.30053
5.26662
5.31187
5.29709
5.26175
5.1162
4.96399
4.96383
4.93387
4.56537
4.53901
4.94017
4.99868
5.04258
5.08298
5.08566
5.06764
4.9925
4.80654
4.59173
4.80156
5.12425
5.05886
5.03241
5.09995
4.96395
4.73274
4.58675
4.33477
4.41044
4.85305
4.99575
4.92538
4.93524
5.0517
5.11309
5.10676
5.02875
4.53122
4.57276
5.12865
5.08264
5.00601
5.07569
5.12899
5.11776
5.01099
4.86996
4.64299
4.61888
4.93744
5.09169
5.05732
5.0527
5.10303
5.10372
4.90892
4.5049
4.51704
4.91736
5.05163
5.0606
5.034
5.04261
5.12105
5.08328
5.0508
4.96211
4.65488
4.5716
4.91305
5.09657
5.0676
5.12416
5.07742
5.00892
4.85155
4.48035
4.63387
5.12648
5.1011
4.99711
5.02857
5.1622
5.17455
5.13774
5.07287
4.81029
4.5656
4.67051
4.95625
5.08582
5.10845
5.16045
4.99605
4.82649
4.94723
4.68943
4.686
5.06495
5.10652
5.07591
5.08814
5.19979
5.23436
5.127
5.01744
4.88037
4.68418
4.64094
4.87055
5.04266
5.08063
5.20088
5.26986
5.1905
5.04062
4.77573
4.62944
4.88644
5.03896
5.04741
5.11889
5.16348
5.22512
5.15508
5.03019
4.80258
4.41629
4.50066
4.90766
5.00685
5.06373
5.17067
5.1854
5.14537
4.93773
4.34911
4.48324
5.11932
5.13479
5.10112
5.14103
5.12041
5.07491
5.1119
4.79002
4.46813
4.68509
5.01984
5.04096
4.99643
5.05589
5.09139
5.10493
4.99282
4.85237
4.61008
4.75749
5.14227
5.10976
5.06455
5.09828
5.14778
4.88483
4.43862
4.33666
4.61505
4.94302
5.05615
4.96661
4.93288
4.99683
5.08299
4.98512
4.75207
4.41572
4.39911
4.83376
5.09841
5.04465
5.00549
5.0769
5.0708
4.96224
4.71206
4.54068
4.62467
4.93783
5.00859
4.75257
4.7367
4.8292
4.9691
4.64448
4.51874
4.91147
5.03352
4.88736
4.75558
4.92482
4.82396
4.88195
4.72005
4.44116
4.88035
4.75212
4.22058
4.02124
4.15923
4.58782
4.96218
5.15362
5.20363
4.82253
4.72202
5.16084
5.23177
5.18974
5.33395
5.35888
5.1797
4.88742
4.84589
5.01251
4.85382
4.84086
5.04313
5.00771
4.62261
4.59682
5.04106
5.09405
4.92895
4.62508
4.70837
5.09975
5.08135
4.98523
5.0482
5.06059
5.06164
5.12959
5.09247
4.88552
4.66035
4.75372
4.99277
5.10474
5.07438
5.04164
5.08928
5.11621
5.14881
4.88161
4.74112
4.81473
4.96232
5.12047
5.02031
5.04133
5.16722
5.18196
4.98231
4.69223
4.67555
4.93767
5.12788
5.07473
5.04182
5.15972
5.20033
5.18531
5.11055
4.64618
4.63629
5.08872
5.14952
5.10261
5.11424
5.15996
5.16273
5.17149
5.11052
4.93674
4.79236
4.81987
5.04561
5.1653
5.17637
5.17442
5.15605
5.21779
4.94718
4.6517
4.88087
5.20118
5.18781
5.08099
5.0889
5.14259
5.15997
5.14744
5.08851
4.86263
4.57334
4.718
5.04214
5.1286
5.19653
5.21662
5.14012
5.1768
5.06796
4.75065
4.89866
5.23397
5.25185
5.12415
5.14968
5.25127
5.24333
5.27147
5.22775
5.07238
4.79781
4.63205
4.93448
5.19352
5.0675
5.05142
5.12404
5.20229
5.14042
4.71237
4.74455
5.1579
5.17237
5.14417
5.23044
5.31364
5.22712
5.22368
5.21315
5.08382
4.83901
4.70887
4.98945
5.18692
5.13117
5.20837
5.28836
5.26299
5.14912
5.12657
4.86152
4.77398
5.04931
5.14459
5.02925
5.08678
5.14283
5.09357
5.16744
5.08116
4.80748
4.62576
4.89373
5.19218
5.17664
5.17823
5.23175
5.26567
5.22371
5.1025
4.75834
4.81245
5.18325
5.1845
5.18744
5.20071
5.21063
5.19094
5.16768
5.00214
4.81581
4.81801
5.04035
5.12973
5.02523
5.1698
5.25737
5.25508
5.29298
5.25322
5.09867
4.78791
4.93859
5.29015
5.21499
5.1801
5.1797
5.21041
5.22116
5.21707
5.05583
4.7431
4.50964
4.77177
5.20141
5.14563
5.15948
5.21933
5.17891
4.98793
4.62943
4.82644
5.21733
5.21025
5.18387
5.176
5.18423
5.22998
5.30027
5.20499
5.16844
4.9961
4.80072
4.64943
4.72344
4.99789
5.12392
5.20444
5.18593
5.13518
5.04272
4.79206
4.90384
5.2775
5.27187
5.16013
5.16889
5.24563
5.24777
5.29967
5.24685
5.02105
4.8388
4.66613
4.6389
4.8967
5.21925
5.28882
5.21819
5.11794
4.79861
4.5795
4.51015
4.69272
5.02203
4.87644
3.68888
3.82217
4.66357
4.53072
4.64136
4.70634
4.8268
4.98018
5.00676
4.79634
4.75982
4.94478
5.24455
5.14526
4.78544
4.88173
5.25735
