8.90073e-312
inf
7.01902
19.1994
16.2652
14.2532
16.3514
18.9941
19.6261
19.6839
19.466
12.8962
13.116
20.1084
20.0108
20.4945
20.6612
20.4267
20.4819
20.9214
20.9301
20.5295
19.9952
20.3791
20.6428
20.5174
20.4261
20.6071
20.8888
20.8973
20.362
20.5147
20.9811
20.5233
19.7599
19.8263
20.7305
21.0821
20.8216
20.7514
21.195
21.1804
20.7624
20.32
20.5061
20.9229
21.1582
20.9897
20.9231
21.2082
21.3463
20.8712
20.7848
21.254
21.1775
20.9573
20.9271
21.3525
21.4592
21.535
21.1242
20.9126
21.1053
21.2283
20.9271
20.6999
21.0325
21.1754
21.1513
20.9908
21.4834
21.7179
21.5943
21.0462
21.0152
21.4853
21.4648
21.2325
21.0613
21.2741
21.4321
21.6347
20.9954
20.7482
21.2764
21.4816
21.2071
20.7643
21.1026
21.5976
21.3449
20.8231
21.0256
21.5383
21.7238
21.5494
21.1439
21.4466
21.6894
21.6823
21.4089
21.1546
21.5778
21.8395
21.5278
20.798
21.0049
21.6593
21.5359
21.0358
21.3095
21.9983
22.0046
21.8641
21.6071
21.6823
21.9337
22.1695
21.5276
21.1086
21.6584
21.9075
21.8641
21.6906
21.951
22.1418
22.0468
21.2915
21.1135
21.8818
22.0468
21.9988
21.4793
21.491
21.9633
22.0463
22.0005
21.6146
21.6936
22.0133
21.9773
21.3881
21.5107
22.131
22.1092
21.7429
21.5903
22.0821
21.9469
21.5899
21.3767
21.4542
21.9135
22.1926
21.9978
21.6282
21.8919
22.478
22.6688
22.1828
22.0668
22.2965
22.3132
22.5187
22.1666
22.0846
22.4245
22.5869
21.7012
21.3011
22.1038
22.2331
22.4155
22.3939
22.2856
22.4618
22.4853
22.3856
22.0517
21.9185
22.2131
22.5411
22.5469
22.1528
22.3681
22.859
22.7964
22.4253
22.049
22.4858
22.9632
23.0229
22.4039
22.1041
22.7314
22.7959
22.4333
22.2687
22.7348
23.0436
22.9537
22.7229
22.4447
22.7954
23.2997
23.1366
22.3389
22.3297
22.898
23.1385
22.6347
22.0578
22.7588
23.2875
23.2021
22.7366
22.5527
22.8728
23.1666
23.3468
22.8313
22.9098
23.0782
23.1683
23.4329
22.7855
22.8339
23.1766
23.2834
23.1115
22.6858
23.0253
23.4154
23.5195
23.2756
22.734
22.8209
23.2434
23.3242
22.8483
22.5459
22.8279
22.983
23.2221
22.8898
22.7239
23.3307
23.5971
23.7217
23.1262
22.9574
23.47
23.2464
23.4348
23.1688
23.0343
23.5871
23.6306
23.541
23.0686
23.3419
24.0298
23.7192
23.4351
22.882
22.9171
23.5505
23.6692
23.7448
23.2191
23.2437
23.849
24.0778
23.3013
23.0155
23.7513
23.6925
23.8248
23.4745
23.0851
23.7175
23.9791
23.8866
23.2802
23.1779
23.5441
23.431
23.4014
23.179
23.2558
23.751
23.9952
24.1391
23.5474
23.4767
24.0917
24.233
24.4329
23.7487
23.4469
24.0958
24.4705
24.263
23.6306
23.3457
23.76
24.1287
24.3873
23.7206
23.2188
23.9403
24.204
24.156
23.3631
23.4588
24.387
24.4708
24.4132
23.6558
23.608
23.938
23.9206
24.4114
23.7552
23.5707
24.3164
24.3905
24.2701
23.982
24.3989
24.5143
24.5339
24.8487
23.6984
23.5494
24.2636
24.3146
24.1284
23.3242
23.932
24.7451
24.4439
24.2248
23.8467
24.0825
24.4287
24.781
24.6932
24.0547
24.3427
24.6015
24.5399
24.2442
23.742
24.1327
24.5812
24.5833
24.6694
24.0584
23.8353
24.4254
24.6734
24.8241
24.2316
24.3078
25.0394
24.9439
24.8812
24.166
24.2055
24.9495
25.0016
24.5561
23.9946
24.3161
24.3484
24.5308
25.2251
24.4789
24.4597
25.3424
25.3225
25.03
24.1791
24.0584
24.746
24.7528
24.6725
25.113
24.8744
25.0063
25.5477
25.5938
25.6588
24.6926
24.3502
24.8617
25.02
24.9884
24.3007
24.5336
25.52
25.5294
25.533
24.1525
23.9157
25.2146
25.2963
25.3335
23.8649
23.4541
24.8868
25.4641
25.7298
24.8787
24.341
25.0601
25.3942
25.3733
24.6816
24.7014
25.5549
25.6223
25.6588
25.0721
24.8004
25.7026
25.9572
25.8261
25.3335
24.7831
25.2755
25.5239
25.5131
25.346
25.09
25.3473
25.4521
25.7056
26.1076
25.0799
24.5746
25.4531
25.8515
26.1178
25.3659
24.9963
25.8488
26.0838
26.0217
25.7337
25.4388
25.705
26.0681
26.0902
26.1616
25.3897
25.3335
26.0335
25.9585
26.1859
25.7828
25.4599
26.1931
26.6553
26.0909
25.1927
25.051
25.7995
26.4701
26.347
26.1018
25.6318
25.1007
25.4615
25.737
25.8068
25.7159
25.6148
26.1148
26.2767
26.4351
26.7713
25.7798
25.3988
26.1452
26.1917
26.154
25.5647
25.6085
26.6542
26.7333
26.7073
26.5069
25.7374
25.9744
26.6393
26.7019
26.5196
25.7284
25.7473
26.6599
26.7551
26.5929
25.8465
25.9118
26.7877
26.5897
26.5347
26.2757
25.4664
25.7327
26.2867
26.356
26.6973
25.4842
25.6664
26.9876
26.6599
26.7258
26.4058
25.9387
26.5862
26.9375
26.4354
26.4201
25.6539
25.6502
26.753
26.7992
26.6766
26.2657
26.0115
26.3939
26.6816
26.8143
26.7208
25.9821
25.5444
26.2195
26.7401
26.8662
26.7087
26.4393
26.9136
27.1381
26.9669
26.7935
25.9683
26.1496
27.1632
27.334
27.2465
26.5066
26.2633
27.019
27.3924
27.2803
27.389
26.6262
26.2791
27.413
27.5816
27.0102
27.1264
25.7453
25.175
26.4159
27.0267
27.4571
26.8168
26.178
26.1825
26.6418
27.1687
27.3183
26.5382
26.7008
27.8296
27.7404
27.4514
26.7473
26.3804
26.805
27.1264
27.4232
27.4914
26.3651
26.0576
27.1014
26.9785
26.864
27.2361
26.4992
26.411
27.356
27.8288
27.7339
26.7148
26.2871
27.312
28.0454
28.1417
28.1116
27.5365
26.9513
27.0048
27.5349
28.0887
27.9712
26.7964
26.6436
27.6614
27.8835
27.6358
27.8901
27.1043
26.713
27.6277
27.5885
27.3179
26.9909
26.8273
27.2116
27.5946
27.7928
27.9564
26.9553
26.3967
27.4168
27.7227
27.4548
27.5308
26.7824
26.8756
27.9951
28.257
28.4188
28.2302
27.2238
27.3886
28.2857
28.1436
28.1061
27.4956
27.0581
27.6491
27.8652
27.6346
27.687
26.8079
26.521
27.6068
28.1456
28.1591
28.0045
26.9702
27.0212
28.1049
28.0678
28.2658
27.5349
26.4354
27.1278
28.2729
28.4568
28.192
27.5744
27.1341
27.079
27.7782
28.4406
28.2135
27.3415
27.3736
28.2012
28.2095
28.0785
27.9353
27.3015
27.5923
28.1341
27.7316
27.9404
27.9712
27.568
27.9486
28.5457
28.5963
28.6533
28.1976
27.4337
27.9045
28.4977
28.2825
28.2211
27.1706
26.5848
27.6997
28.5731
28.2757
27.9466
27.2874
27.4168
28.376
28.6451
28.9318
28.3198
27.7277
28.2913
28.715
28.6123
28.6139
28.2179
27.6285
28.1913
28.1144
28.0658
28.7084
27.7589
27.6232
28.6697
29.0065
28.5225
28.6242
28.0454
27.4805
28.1579
28.0328
27.9869
27.9744
27.7581
28.3382
28.4131
27.9752
28.4418
27.2784
26.3988
27.6606
28.3166
28.4621
28.5523
27.7654
27.4869
28.6049
29.0027
28.6414
28.7584
28.0069
27.8327
28.7944
29.0023
28.9126
29.1011
28.7969
28.2454
28.8609
29.0985
28.7712
28.8268
28.3966
28.0057
28.7146
29.4126
29.2903
29.4829
29.1227
28.3058
28.8276
29.4868
29.2116
29.1074
28.4438
27.5122
28.3262
29.31
29.2453
29.4403
28.9628
28.311
28.9574
29.7659
29.6692
29.6613
28.7237
27.4104
27.8707
29.1422
29.5932
29.3264
28.477
28.0442
28.6508
29.475
29.5911
29.4481
28.6352
28.3094
28.9373
27.9474
28.3306
29.8405
28.6344
28.3543
29.2573
29.6274
29.7863
29.6692
28.311
28.0804
29.6432
29.9859
29.663
29.1852
27.8521
27.8676
29.3143
29.6872
29.6723
29.9074
28.97
28.6574
29.9585
30.0974
29.7712
30.0183
29.0166
28.7786
29.824
29.9931
29.9868
29.9729
29.0791
28.7563
29.584
29.853
30.2019
30.2316
29.0973
28.8767
29.8356
29.9155
29.9558
30.2302
28.7584
28.3086
29.5867
29.7415
29.9545
30.2879
28.7621
28.6936
30.0003
29.8445
29.8922
29.911
29.0757
29.3075
30.3467
30.303
30.2371
29.865
28.949
29.146
30.1178
30.1291
30.0089
30.3347
29.4395
29.2274
30.1969
30.5218
30.453
30.1128
28.6788
28.7303
30.082
30.3219
30.4252
30.2435
29.3828
29.4144
30.5204
30.7991
30.5134
30.2412
29.9119
29.1992
29.2509
30.0594
30.5157
30.4284
30.14
29.0385
29.3032
30.7253
30.7896
30.4962
30.6344
29.8103
29.5316
30.2673
30.3518
30.4465
30.0458
29.3109
29.5395
30.4697
30.7451
30.7097
30.7645
30.4409
29.0065
28.6459
29.9043
30.6307
30.8775
30.9124
29.7349
29.2372
30.4067
31.002
30.8086
30.5815
30.0774
29.6507
29.8873
30.344
30.7617
30.849
30.7224
29.1108
28.9645
30.7996
30.6814
30.4911
30.7759
29.7133
29.3449
30.1787
30.2989
30.7546
31.3332
30.5974
29.8726
30.5553
31.3804
31.447
31.252
30.575
29.8735
30.4095
31.1497
30.8029
30.6283
30.7901
30.3919
29.9751
30.697
31.3725
31.5696
31.3809
30.4715
30.0974
30.3601
30.8086
31.1357
30.9473
30.9157
29.9182
29.9177
31.1226
31.3647
31.5761
31.2852
29.7974
29.6494
31.1643
31.4941
31.407
31.5667
30.9948
30.391
30.5745
30.9972
31.3637
31.1658
30.3887
30.0395
30.3582
31.1551
31.7995
31.7148
31.7733
30.3887
29.9343
31.1692
31.4921
31.5124
31.4213
30.774
30.1359
30.4326
31.1473
31.5996
31.7955
32.1058
30.9468
30.2989
31.4218
31.4728
31.2705
31.4713
30.8814
30.3306
31.0569
31.8893
31.9867
31.9836
32.0261
30.7144
30.2874
31.4896
31.9112
31.799
31.8385
31.3097
29.7952
30.2778
31.6822
31.7889
31.9499
32.0441
30.8109
31.0482
32.4139
31.9479
31.7586
32.1399
31.5527
30.8052
31.3721
32.1533
32.23
32.396
32.5076
31.6246
30.8242
31.0236
31.4911
31.9673
32.2274
31.9331
30.4683
30.453
31.8598
32.0318
32.0405
31.836
31.6611
30.525
30.6222
32.2082
31.9346
32.1058
32.9066
31.8284
31.0376
31.8745
32.5675
32.6083
32.4128
32.3478
31.5612
31.1468
31.9183
32.2201
31.8684
31.8142
32.1745
30.8428
30.839
32.3065
32.188
32.1978
32.3258
31.8324
31.1488
31.6817
32.5669
32.0718
32.0118
32.4828
31.3765
31.1939
31.8365
32.1844
32.4665
32.2409
32.3557
30.8923
30.4224
31.3578
32.0241
32.7987
32.7289
31.6101
30.5824
30.9617
32.1425
32.55
32.3128
32.5267
32.0667
31.3553
31.6316
32.3175
32.918
33.1104
32.8009
31.5672
31.3789
31.8928
32.0405
32.4438
32.437
32.3787
31.4614
31.412
32.6499
32.7134
32.448
33.0661
32.524
31.5522
31.8228
32.715
33.3834
33.1477
32.6467
31.8522
30.9143
31.8827
33.1483
32.9375
32.8095
32.7097
31.5756
31.6056
32.8515
33.0295
32.9908
32.872
32.7097
31.3878
31.4154
32.6755
32.8003
33.1175
33.1724
32.5034
31.6947
32.2035
33.0797
33.2657
33.4756
33.2768
32.042
31.5821
32.9018
33.384
33.0852
33.295
32.6504
32.0672
32.5696
33.1027
32.3441
32.6392
33.8461
32.8699
31.7692
32.5897
33.3322
32.9256
33.4046
33.7815
31.8421
31.1658
32.7665
33.2303
32.9614
32.7172
32.1115
31.9698
32.9164
33.5065
33.0978
33.0721
33.8696
33.861
32.7386
32.795
33.8198
33.8593
33.8192
33.7109
33.2309
31.9249
32.095
33.605
33.6899
33.6593
33.3918
32.8677
32.6547
33.0415
33.2779
33.2635
33.4504
33.2082
32.9359
32.2768
32.3892
33.6814
33.8249
33.5548
33.7371
33.0606
31.9397
32.5531
33.8226
33.8347
33.7969
33.968
33.1153
32.1849
32.8181
33.7257
33.8249
33.6683
33.7041
33.2618
32.5505
32.9359
33.6632
33.5886
33.631
33.9311
33.8983
32.4302
32.0056
33.7029
34.3289
33.7764
33.5886
33.7963
32.5045
31.7586
33.0295
33.9397
33.8581
34.1146
34.5
33.0273
32.8677
34.3407
34.3696
34.2161
34.2836
33.724
32.6824
33.0311
33.8845
34.2343
33.9443
33.6089
33.2231
32.7987
33.6649
34.0855
34.1851
34.5036
33.6084
32.851
32.7998
33.5205
33.8949
33.8061
34.1886
34.0698
33.1323
32.9777
33.8576
34.4637
34.8299
34.4834
34.3153
33.2552
32.5198
33.6734
34.3471
34.4086
34.6572
34.2056
32.4976
32.1187
33.1153
33.853
33.9363
33.5497
34.174
32.7799
31.9422
33.5559
34.3401
34.2513
34.1711
34.3773
33.957
33.1625
33.3439
34.1128
34.3277
34.323
34.5072
32.5913
32.3138
34.5537
34.9101
34.4941
33.8581
34.3218
33.6315
33.1769
34.3212
34.7959
34.862
34.7421
35.0085
33.753
33.2491
34.4039
35.0564
34.7355
34.4632
35.15
34.2959
32.878
33.7319
34.8426
34.3625
34.1734
34.8105
34.5048
32.7156
33
34.4056
34.4276
34.5393
34.6933
34.8202
33.869
34.0837
35.2572
34.3371
34.2789
35.0306
34.7331
33.7998
33.4253
34.2284
34.7699
34.862
34.9822
35.0674
35.2553
33.1406
32.5098
34.2208
34.5477
34.8858
35.2877
35.3819
34.0884
34.1262
35.4742
35.4988
35.1352
34.8772
34.7784
34.6296
33.8794
34.3761
35.5316
35.1438
35.2952
35.8333
35.9525
34.7826
33.9812
34.5781
35.1549
35.2952
35.1964
35.2504
34.8487
34.1804
34.6602
35.3907
34.9382
35.2249
35.8025
34.7983
33.7764
34.5656
35.6722
35.4899
35.105
35.2976
34.7989
33.3901
33.9576
35.4478
35.2808
34.6885
34.7717
34.7186
34.2284
34.2395
35.0828
35.3469
35.0877
35.5834
35.3832
34.212
34.1402
33.5858
34.0837
35.2535
35.0404
34.7072
33.5582
33.7855
34.4554
34.6765
34.1215
34.1793
35.3982
34.2877
34.0142
32.6995
32.81
35.5828
35.7878
35.671
34.3513
34.2348
36.2037
35.7168
34.4287
34.3985
34.9828
34.65
33.6395
33.6774
34.5919
35.4064
35.7047
35.3763
34.6164
33.8725
34.4887
35.3601
35.3726
36.0166
36.3808
36.169
34.8718
34.3183
35.3039
36.1978
36.2983
36.09
35.8629
34.5179
34.4382
35.4491
35.7539
36.1736
36.0907
36.3055
35.9673
35.2367
35.0853
35.6068
36.1821
35.9628
36.1396
35.9673
34.8772
35.1803
36.3405
36.4804
36.5825
36.5464
36.1513
34.5907
34.4222
35.7481
35.937
36.1984
36.184
36.3928
35.4195
33.8713
34.2425
34.992
35.6678
36.3174
36.2378
36.3247
35.0613
34.7035
35.5404
35.5391
36.0848
36.5617
36.9447
36.4133
34.5274
34.6476
36.2595
36.2996
36.0841
36.3016
36.3504
35.2386
35.3851
36.7074
36.4651
36.2838
36.5905
36.8766
36.1174
35.0613
35.6722
36.7289
36.6347
36.3438
36.7951
36.0302
34.862
35.6773
36.3795
36.5163
36.7857
36.9065
37.0672
35.9971
34.9987
36.0159
37.2488
36.8868
36.4844
36.8759
35.9861
34.9553
35.9835
36.9065
36.7748
36.6441
36.6314
36.8426
35.517
35.1692
36.5203
36.8698
37.0261
37.1637
37.154
37.0941
35.8115
35.3888
36.5637
36.9017
36.9652
36.9891
37.1188
37.4076
36.2096
35.6633
36.8602
37.4364
37.8558
37.5777
37.1844
36.2759
35.3132
36.1886
37.1388
37.0844
36.9147
36.9809
36.6005
35.7622
35.2268
35.9221
36.402
36.527
37.2537
37.2204
37.508
36.787
35.6087
36.6643
37.2398
36.7897
37.0549
37.3364
37
36.3135
36.5584
37.4995
37.5467
37.312
37.1106
37.2335
36.9331
35.8571
36.6993
37.8308
37.3657
37.303
37.8924
37.674
35.8654
35.2529
36.7951
37.4014
37.0755
37.4925
37.508
37.2835
36.1219
35.825
36.8568
37.6301
37.7309
37.6145
38.0366
37.1023
36.2227
36.5517
37.6378
37.5855
37.326
38.0308
37.9492
37.0645
35.5777
35.8584
37.3058
37.5975
37.8315
37.863
38.1723
36.865
36.4199
37.7622
37.9716
37.8487
37.8344
37.9824
38.0604
36.6247
36.1886
36.9338
37.1733
37.9824
38.1185
38.0134
36.9215
36.0516
36.4757
37.2502
37.9355
37.9946
37.8874
37.9089
36.402
35.8577
37.2537
37.96
38.2834
38.4061
38.5825
37.7074
36.2437
36.4864
37.4827
37.6761
37.6918
37.9932
38.3068
37.606
35.8835
35.6952
36.9365
37.8924
38.2387
37.9817
38.1752
37.6357
36.2332
36.7256
38.1526
38.1964
37.9018
38.0786
38.2124
37.28
36.2713
37.1388
38.3752
38.2658
38.2519
38.5342
38.5669
36.8399
36.1781
37.8215
38.5208
38.1927
37.924
38.0257
38.1497
36.4186
35.6284
36.9467
37.5488
37.6903
38.4349
38.9886
38.6772
36.2832
36.1716
37.5178
37.2814
37.7544
37.8967
38.6361
37.4385
35.9609
36.4186
37.3916
38.1483
37.8179
37.3343
37.6818
37.553
36.6858
37.2724
38.4017
38.5304
38.625
38.8583
38.6466
38.5974
36.9891
36.7796
38.4482
38.1243
37.8015
38.1076
38.2717
38.7274
37.4939
37.2995
38.8041
39.0206
38.7958
38.5163
39.2141
39.1819
37.3295
36.4339
37.863
38.666
38.6347
38.5089
38.4401
39.0816
37.6903
37.2696
38.0648
38.4275
38.8297
38.3737
38.9765
39.4228
37.5411
36.8752
38.8123
39.4423
38.3509
38.4298
38.9166
38.9598
38.2088
36.667
37.4728
38.9514
38.9294
38.8327
39.0312
39.2065
38.1127
37.7273
38.3178
38.7432
39.1466
39.3213
39.7219
39.5304
37.6903
37.2495
38.503
38.4874
38.3921
39.2812
39.6574
38.9636
37.589
37.416
38.5498
39.2696
39.4828
39.295
39.2495
38.6138
37.6124
37.9054
39.2557
39.703
39.7085
40.0272
39.9537
38.8417
38.0272
38.7102
39.0816
39.2958
39.782
39.5867
39.6912
38.6585
37.3685
38.0344
39.0465
39.0717
39.0305
39.3329
39.4477
38.4047
37.6251
38.672
38.9848
38.9347
39.7188
39.7417
39.6841
40.1357
38.4283
37.7544
39.5476
39.748
39.4999
39.6464
39.8819
40.1558
38.4615
37.9535
39.7622
40.2479
39.8446
39.677
40.016
40.3015
39.061
37.7351
38.8304
39.6032
39.6338
39.9273
39.8208
40.2107
39.1727
37.8831
38.7507
40.4212
40.3397
39.6873
39.6912
39.8899
39.5538
38.4379
38.3208
39.5015
39.6975
39.3391
40.0296
40.0208
38.9522
37.8308
38.4993
40.3372
40.7017
40.4858
39.9704
40.0336
40.5507
39
38.1577
39.6283
40.6471
40.6843
40.6661
40.5162
40.3283
39.3817
38.3414
38.8576
39.9952
40.4081
40.012
39.8621
40.531
40.2447
38.9734
39.1236
40.503
41.0787
40.4196
40.5088
40.9417
39.2149
38.1789
38.9978
39.878
40.6835
41.0349
41.0593
40.6545
39.6267
38.3017
38.7162
40.5894
40.7598
40.3934
40.9769
41.4027
41.1193
39.5914
37.9435
39.1428
41.1896
40.9207
40.3608
40.605
41.1269
40.0553
39.1673
39.5969
40.5581
40.9232
40.4277
40.7017
41.221
41.0307
38.8591
38.017
39.6511
40.5943
40.5556
40.6322
40.3934
40.5425
38.9181
38.2819
39.0099
39.1474
39.4617
39.9744
41.0122
40.7556
39.4812
38.9249
39.8176
40.734
