7.82436e-312
inf
16.5571
294.291
515.996
2369.67
2886
3144.65
3220.61
3220.61
3246.75
3766.48
4629.63
4830.92
3558.72
3436.43
4618.94
4842.61
4938.27
5000
5050.51
5181.35
5376.34
5012.53
4716.98
5037.78
4889.98
5025.13
5586.59
4901.96
4273.5
4535.15
4201.68
3610.11
3236.25
3448.28
4123.71
3802.28
4115.23
4357.3
4366.81
5089.06
5305.04
3533.57
3179.65
3521.13
3496.5
4424.78
4854.37
5115.09
5649.72
5763.69
5847.95
5865.1
5934.72
6024.1
4819.28
3952.57
3992.02
4514.67
5102.04
5277.04
5376.34
5479.45
5571.03
5617.98
5665.72
5714.29
5747.13
5763.69
5813.95
5763.69
5797.1
5813.95
4842.61
3929.27
3690.04
3656.31
3906.25
4282.66
4672.9
5221.93
4246.28
3636.36
3875.97
3355.7
3236.25
3787.88
3663
3710.57
3372.68
3062.79
3496.5
3577.82
3683.24
2544.53
1923.08
2544.53
3724.39
3921.57
4291.85
2844.95
1450.33
903.342
1208.46
2902.76
2840.91
3690.04
4444.44
3921.57
3636.36
3703.7
4048.58
3759.4
4166.67
4166.67
4184.1
4056.79
3012.05
3508.77
5194.8
5780.35
5305.04
3944.77
3527.34
3787.88
3937.01
3460.21
3294.89
3316.75
2777.78
2911.21
3597.12
3367
3831.42
5571.03
4640.37
4282.66
3846.15
3577.82
3629.76
3225.81
2894.36
3246.75
3703.7
2717.39
1902.95
922.935
1116.07
4866.18
4962.78
4464.29
3992.02
3533.57
3571.43
3603.6
3629.76
4032.26
4454.34
3921.57
4273.5
5479.45
5882.35
5037.78
3508.77
2890.17
3021.15
3338.9
2574
2034.59
2081.17
2442
2945.51
2649.01
2624.67
3636.36
4484.31
3952.57
3976.14
3891.05
3521.13
4357.3
5633.8
5698.01
4424.78
4040.4
3992.02
3300.33
3091.19
3091.19
781.861
771.903
3062.79
3921.57
3344.48
3267.97
4662
5263.16
3490.4
1676.45
1808.32
3937.01
5050.51
5555.56
5988.02
5952.38
5899.7
5952.38
5970.15
6006.01
6042.3
5952.38
6006.01
6172.84
4618.94
4008.02
4024.14
3656.31
3883.49
4784.69
3724.39
2691.79
480.538
416.667
881.446
1284.52
1890.36
1587.3
2580.65
4524.89
5128.21
4264.39
4608.3
299.312
164.596
339.271
3724.39
3610.11
4264.39
5221.93
5763.69
6211.18
6153.85
6079.03
6191.95
6153.85
6116.21
6153.85
6211.18
6250
6191.95
6097.56
6153.85
6211.18
6191.95
6250
6250
6230.53
6269.59
5434.78
4016.06
4301.08
5602.24
5830.9
6269.59
6042.3
5952.38
5305.04
4376.37
2430.13
2298.85
4140.79
5494.51
3745.32
3430.53
4651.16
4073.32
3984.06
4484.3
4474.27
4524.89
3724.39
3095.98
3210.27
3868.47
3952.57
2649.01
2466.09
3081.66
742.39
745.156
3787.88
4115.23
3577.82
2577.32
2083.33
2728.51
4246.28
4672.9
4819.28
4914
5050.51
4219.41
3766.48
4347.83
5050.51
5509.64
4376.37
3891.05
3656.31
3527.34
3752.35
3095.98
3205.13
4048.58
3478.26
2932.55
3502.63
4184.1
4149.38
4683.84
4901.96
4926.11
4494.38
4000
4210.53
3976.14
3683.24
3683.24
4149.38
4319.65
3738.32
3521.13
4048.58
4310.34
3683.24
3780.72
4773.27
4301.08
1567.4
1140.9
1754.39
3262.64
4629.63
4106.78
3527.34
3546.1
3795.07
3846.15
4357.3
4761.9
4739.34
5780.35
4219.41
3656.31
3906.25
3992.02
4807.69
4132.23
3809.52
4065.04
4081.63
4228.33
3853.56
3802.28
4683.84
4237.29
3952.57
4987.53
4576.66
4000
3759.4
3623.19
4081.63
4987.53
5089.06
5249.34
5899.71
4761.9
3629.76
3731.34
3690.04
3039.51
2762.43
3012.05
3636.36
3717.47
3616.64
3389.83
687.758
638.162
2469.14
3584.23
4140.79
5617.98
4587.16
3623.19
2886
3200
3816.79
3225.81
3355.7
3731.34
3906.25
4024.14
4705.88
4629.63
4246.28
3616.64
3937.01
5102.04
4950.5
4454.34
3937.01
4640.37
4310.34
3853.56
4672.9
4301.08
4524.89
4405.29
3809.52
4705.88
5730.66
4705.88
4081.63
4950.5
4807.69
4219.41
5037.78
5617.98
4514.67
4024.14
3968.25
4608.3
4694.84
3921.57
4329
4040.4
1766.78
1074.11
1561.28
4504.5
5681.82
5730.66
4773.27
4192.87
4158
4555.81
3861
3521.13
3683.24
3717.47
3738.32
3490.4
3424.66
3773.59
4494.38
4474.27
4310.34
3333.33
2528.45
2785.52
4081.63
4640.37
4132.23
3968.25
4065.04
4219.41
4395.6
4210.53
4065.04
4310.34
4132.23
4065.04
4166.67
3898.64
3960.4
4089.98
4081.63
4228.33
4255.32
4201.68
4201.68
4807.69
4618.94
4329
4454.34
3442.34
3305.79
472.255
428.633
1579.78
2123.14
2574
2785.52
3091.19
3442.34
3696.86
3558.72
3125
2980.63
3752.35
4376.37
4566.21
4739.34
4651.16
4228.33
3898.64
4065.04
3766.48
3690.04
1509.43
1359.62
1111.73
474.271
611.434
2881.84
3110.42
2936.86
3802.28
2577.32
2442
2941.18
3067.48
3169.57
2322.88
918.695
954.198
2275.31
2607.56
3215.43
3169.57
3115.26
2531.65
2242.15
2638.52
2389.49
2732.24
4405.29
4434.59
4319.65
3703.7
3683.24
4081.63
4376.37
5319.15
6006.01
6211.18
5449.59
1168.22
1140.9
4672.9
5830.9
3478.26
3044.14
3913.89
3552.4
3913.89
3976.14
3853.56
4683.84
5420.05
5420.05
5376.34
5633.8
5865.1
6079.03
6116.21
5586.59
5181.35
5633.8
6116.21
6250
6289.31
6349.21
5037.78
5025.13
6430.87
5479.45
4750.59
4728.13
4683.84
4514.67
4555.81
5102.04
5479.45
5509.64
4987.53
5037.78
5464.48
5277.04
5194.8
5319.15
5780.35
6172.84
6349.21
6349.21
6410.26
6514.66
6430.87
4842.61
4524.89
5649.72
6060.61
6250
6309.15
6230.53
6269.59
6329.11
6369.43
6472.49
6430.87
3215.43
3067.48
4866.18
4962.78
5333.33
4728.13
4566.21
5012.53
5263.16
4987.53
4807.69
5390.84
5988.02
5555.56
5665.72
6289.31
6472.49
6557.38
6600.66
6600.66
6622.52
6578.95
6451.61
6329.11
6410.26
6430.87
3780.72
3072.2
4210.53
5449.59
5952.38
6211.18
6329.11
6309.15
6369.43
6472.49
6451.61
6472.49
6535.95
6493.51
5141.39
5089.06
6329.11
6430.87
6514.66
6410.26
6451.61
6666.67
6666.67
6493.51
6430.87
6578.95
6622.52
6644.52
6688.96
6600.66
6622.52
6711.41
6688.96
6688.96
6688.96
6666.67
6688.96
6688.96
6688.96
6644.52
6688.96
6779.66
6779.66
6756.76
6711.41
6711.41
6666.67
6711.41
6756.76
6711.41
6711.41
6688.96
6666.67
6600.66
6600.66
6644.52
6644.52
6644.52
6644.52
6666.67
6711.41
6711.41
6666.67
6644.52
6600.66
6535.95
6472.49
6116.21
4166.67
4089.98
5347.59
5141.39
5141.39
4576.66
4514.67
5494.51
5934.72
6079.03
5665.72
5221.93
5763.69
5555.56
4950.5
5050.51
5665.72
6289.31
6389.78
6389.78
6389.78
6451.61
6369.43
6329.11
6472.49
6514.66
6451.61
6493.51
6578.95
6557.38
6557.38
6600.66
6578.95
6578.95
6622.52
6578.95
6451.61
6451.61
6578.95
6600.66
6622.52
6644.52
6622.52
6666.67
6688.96
6688.96
6688.96
6688.96
6711.41
6666.67
6688.96
5194.8
4484.3
5089.06
5291.01
5524.86
5479.45
5050.51
5390.84
5115.09
4975.12
5449.59
5405.41
5494.51
5633.8
5540.17
5141.39
4889.98
4608.3
4842.61
5449.59
5602.24
5813.95
5813.95
5376.34
5449.59
5847.95
5464.48
5390.84
4819.28
4395.6
4524.89
4566.21
4750.59
4854.37
4739.34
4683.84
4728.13
4474.27
4535.15
4347.83
4424.78
4728.13
5089.06
6060.61
6153.85
6309.15
6451.61
3703.7
3241.49
4750.59
5617.98
6060.61
6269.59
6410.26
6410.26
6472.49
6535.95
6493.51
6369.43
6349.21
6430.87
6430.87
6472.49
6514.66
6451.61
6451.61
6557.38
6557.38
6557.38
6600.66
6535.95
6451.61
6451.61
6493.51
6535.95
6578.95
6644.52
6622.52
6644.52
6688.96
6211.18
6172.84
6600.66
6600.66
6557.38
6557.38
6578.95
6578.95
6600.66
6600.66
6535.95
6578.95
6622.52
6535.95
6472.49
6269.59
5000
4535.15
5063.29
5128.21
3610.11
3034.9
3816.79
4784.69
5405.41
3745.32
3220.61
4175.37
3745.32
3533.57
4739.34
5813.95
6060.61
6472.49
6024.1
4926.11
4415.01
5154.64
6042.3
6024.1
6079.03
6329.11
6389.78
6269.59
6410.26
6472.49
6472.49
6493.51
6535.95
6535.95
6578.95
6514.66
6472.49
6514.66
6514.66
6514.66
6493.51
6535.95
6622.52
6644.52
6666.67
6688.96
6711.41
6756.76
6711.41
6666.67
6688.96
6666.67
6600.66
6557.38
6472.49
6430.87
6493.51
6309.15
5050.51
4830.92
5763.69
6153.85
6309.15
6451.61
6535.95
6557.38
6578.95
6622.52
6578.95
6557.38
6666.67
5494.51
4962.78
5333.33
5305.04
4842.61
4683.84
5208.33
5698.01
5952.38
6097.56
6269.59
6230.53
6134.97
6191.95
6153.85
6172.84
6349.21
6329.11
6329.11
6472.49
6349.21
6329.11
6389.78
5698.01
4962.78
4938.27
4310.34
3759.4
4597.7
5934.72
5221.93
4728.13
4987.53
479.042
460.299
2853.07
3316.75
3577.82
3787.88
3759.4
3861
4081.63
4056.79
4434.59
4555.81
4761.9
4914
3610.11
2816.9
3139.72
3189.79
3100.78
3149.61
2915.45
2886
3636.36
4576.66
2724.8
2006.02
2587.32
3610.11
2766.25
266.241
264.795
1858.74
2328.29
3577.82
2801.12
2770.08
3154.57
3305.79
3289.47
3454.23
3129.89
3125
3200
2699.06
2680.97
2372.48
2277.9
2789.4
3696.86
4032.26
855.432
598.086
1165.5
1924.93
2134.47
2364.07
2621.23
3333.33
3616.64
3944.77
4081.63
4962.78
5586.59
5899.7
5865.1
5780.35
5847.95
5813.95
5797.1
5970.15
6230.53
6430.87
6250
6006.01
6172.84
6349.21
6153.85
6060.61
6329.11
6024.1
5524.86
5747.13
6060.61
6250
5763.69
4683.84
4608.3
4842.61
5128.21
5847.95
5988.02
6060.61
6250
6269.59
6369.43
6250
6116.21
6369.43
6493.51
6329.11
3472.22
2570.69
2785.52
3401.36
644.745
621.311
3636.36
4705.88
2894.36
2670.23
3676.47
3252.03
3539.82
4587.16
4878.05
5434.78
5449.59
5494.51
4587.16
3016.59
3305.79
4878.05
5141.39
5780.35
6042.3
5208.33
4640.37
4089.98
4192.87
2129.93
1490.31
2267.57
4210.53
5361.93
5586.59
5865.1
5479.45
5012.53
5305.04
5586.59
5747.13
6006.01
5865.1
5780.35
6042.3
6116.21
6134.97
6230.53
6153.85
6153.85
5952.38
5797.1
5952.38
5665.72
4494.38
3952.57
4424.78
5221.93
2915.45
2659.57
4073.32
4796.16
6116.21
6369.43
6451.61
5665.72
4914
4728.13
5291.01
6250
6369.43
5361.93
4926.11
5291.01
5376.34
5449.59
5361.93
5376.34
5464.48
5509.64
5524.86
5479.45
5449.59
5434.78
5524.86
5649.72
5617.98
5509.64
5555.56
5555.56
5479.45
5405.41
5333.33
5405.41
5420.05
5347.59
4618.94
4319.65
4889.98
5405.41
3007.52
2325.58
2747.25
2587.32
2574
3663
5602.24
5952.38
6116.21
6191.95
6097.56
5865.1
5012.53
4524.89
5089.06
5649.72
5797.1
6211.18
6269.59
6309.15
6410.26
6211.18
5602.24
4716.98
4739.34
5361.93
5347.59
5665.72
6309.15
6472.49
6535.95
6622.52
5970.15
5154.64
5571.03
5649.72
4830.92
5277.04
5305.04
4950.5
5633.8
5917.16
5847.95
5813.95
5763.69
3490.4
3149.61
4662
5464.48
5934.72
5602.24
5617.98
6116.21
6060.61
6079.03
6309.15
6289.31
6269.59
6410.26
6349.21
6060.61
6060.61
6349.21
6309.15
5865.1
5917.16
6250
6369.43
6451.61
6269.59
6329.11
6514.66
6430.87
6369.43
6514.66
6578.95
6600.66
6644.52
6535.95
6578.95
6711.41
6644.52
6514.66
4608.3
4089.98
5128.21
5540.17
3929.27
3891.05
5617.98
5988.02
6116.21
6116.21
6211.18
6250
6230.53
6369.43
6430.87
6389.78
6410.26
3773.58
3076.92
2869.44
3058.1
565.931
565.291
4048.58
3984.06
4310.34
4395.6
3913.89
4166.67
5235.6
5763.69
5602.24
4728.13
4640.37
4901.96
4938.27
5128.21
5167.96
4672.9
4237.29
4347.83
4651.16
4683.84
4716.98
5089.06
4434.59
4366.81
4938.27
5089.06
5277.04
5063.29
5194.8
5747.13
5390.84
4694.84
4901.96
5277.04
4854.37
4975.12
5479.45
5000
4319.65
4705.88
4938.27
5037.78
5714.29
5649.72
5681.82
5479.45
5319.15
5434.78
5305.04
4576.66
4024.14
4158
4597.7
3968.25
3724.39
4338.39
4694.84
4784.69
4750.59
5235.6
6006.01
6116.21
5952.38
5449.59
4319.65
3937.01
4338.39
4629.63
3913.89
4008.02
5319.15
4807.69
4291.85
4115.23
4032.26
4796.16
5865.1
6250
6309.15
6329.11
6349.21
6134.97
6097.56
6410.26
6557.38
6578.95
6600.66
6644.52
6600.66
6578.95
6688.96
6666.67
6600.66
6578.95
680.504
609.756
2743.48
4301.08
3731.34
4065.04
3184.71
2557.54
3610.11
3759.4
2143.62
597.193
660.066
3875.97
4750.59
4246.28
4056.8
3514.94
3577.82
3616.64
2717.39
3384.09
4830.92
3521.13
2621.23
3086.42
4705.88
5494.51
5555.56
5420.05
5405.41
5434.78
5025.13
4395.6
4237.29
4464.29
5012.53
4975.12
5194.8
6042.3
5988.02
5194.8
5063.29
5649.72
5899.7
5970.15
5633.8
5730.66
6153.85
5830.9
5571.03
5586.59
5917.16
6389.78
6578.95
6622.52
6600.66
6622.52
6600.66
6514.66
6493.51
6472.49
6269.59
6250
6369.43
6389.78
6349.21
5076.14
4219.41
4376.37
4535.15
4535.15
4629.63
4273.5
4065.04
4347.83
4175.37
4237.29
5102.04
5586.59
5555.56
5602.24
5050.51
4987.53
5524.86
5102.04
4175.37
4089.98
4716.98
3642.99
3669.72
5434.78
5970.15
5813.95
5063.29
5025.13
5602.24
5917.16
5747.13
5681.82
3338.9
2006.02
1829.83
2732.24
5141.39
5730.66
6153.85
6250
5633.8
4950.5
5128.21
5698.01
5917.16
5586.59
5649.72
6134.97
5847.95
5524.86
5681.82
5917.16
6191.95
6472.49
6535.95
6557.38
6349.21
6309.15
6451.61
6493.51
6230.53
6134.97
6289.31
6269.59
6289.31
6230.53
5464.48
5509.64
6153.85
4830.92
4385.97
4555.81
4301.08
4640.37
5347.59
5698.01
5479.45
5714.29
6389.78
6493.51
6535.95
6451.61
5571.03
5571.03
5649.72
5025.13
4237.29
4175.37
5194.8
5917.16
6250
6369.43
6514.66
6600.66
6578.95
6622.52
6329.11
6153.85
6410.26
6191.95
3738.32
3355.7
3875.97
3944.77
4739.34
4672.9
4866.18
5714.29
5830.9
5882.35
6230.53
5917.16
5847.95
6269.59
6349.21
6451.61
6557.38
6472.49
6451.61
6578.95
6600.66
6557.38
6622.52
6622.52
6389.78
6349.21
6389.78
6230.53
6211.18
6134.97
4750.59
4415.01
694.444
682.827
604.778
584.283
3496.5
4535.15
4376.37
4048.58
3968.25
3424.66
2840.91
2706.36
2865.33
3322.26
3521.13
3565.06
3558.72
4140.79
5235.6
5813.95
6079.03
6269.59
6493.51
6309.15
6250
6430.87
6472.49
6600.66
6688.96
6688.96
3846.15
3521.13
4987.53
4016.06
4016.06
4282.66
4357.3
5000
1189.77
1184.13
5305.04
6172.84
5347.59
5208.33
3703.7
3384.09
3115.26
919.963
865.801
2424.24
3944.77
4032.26
4089.98
3194.89
3273.32
4228.33
3378.38
3174.6
3745.32
4219.41
4651.16
5000
3252.03
3327.79
4987.53
5208.33
5665.72
4926.11
5076.14
6042.3
6329.11
6451.61
6472.49
5102.04
4597.7
5305.04
4494.38
4273.5
4597.7
4640.37
4201.68
3514.94
4056.8
4889.98
5208.33
5665.72
5115.09
4889.98
5405.41
5555.56
5813.95
5277.05
4889.98
5633.8
6153.85
5208.33
4739.34
5181.35
5305.04
5291.01
3656.31
3629.76
4683.84
4807.69
5714.29
4555.81
4338.39
4878.05
4366.81
4366.81
4629.63
4773.27
4694.84
4464.29
4524.89
5167.96
5882.35
6153.85
6329.11
6493.51
6535.95
6451.61
6472.49
6578.95
6557.38
6600.66
6688.96
6622.52
6514.66
6600.66
6600.66
6600.66
6711.41
6711.41
6600.66
6644.52
6756.76
6578.95
6600.66
6734.01
6369.43
5263.16
5076.14
5555.56
5586.59
5681.82
5698.01
5714.29
5291.01
5405.41
6172.84
6389.78
6389.78
6451.61
6600.66
6514.66
6493.51
6622.52
6451.61
6451.61
6666.67
6578.95
6578.95
6688.96
6711.41
5167.96
4545.45
5208.33
5730.66
5865.1
5464.48
4807.69
4842.61
5291.01
5361.93
5494.51
5586.59
5586.59
5586.59
5665.72
5730.66
5763.69
5797.1
5830.9
4987.53
4926.11
5115.09
4166.67
4106.78
4576.66
4651.16
4662
4494.38
4474.27
4597.7
4597.7
4672.9
4842.61
4889.98
4807.69
1175.78
1160.09
4376.37
4761.9
4310.34
3937.01
4115.23
4123.71
3436.43
2985.07
3937.01
5089.06
5208.33
5934.72
6172.84
6309.15
6389.78
4672.9
4329
4901.96
4878.05
5586.59
6116.21
5917.16
5988.02
6079.03
6097.56
5405.41
3913.89
3676.47
4761.9
5988.02
4576.66
4291.85
5181.35
5524.86
5509.64
5154.64
5730.66
4716.98
4484.3
5797.1
6153.85
6269.59
6389.78
6493.51
6514.66
6514.66
6211.18
6060.61
6250
6349.21
5665.72
4750.59
4819.28
5649.72
5988.02
6097.56
5586.59
5181.35
5449.59
5847.95
6349.21
5830.9
5813.95
6269.59
6042.3
6211.18
6514.66
6514.66
6600.66
6644.52
6557.38
6493.51
6493.51
6514.66
6535.95
6578.95
6578.95
6557.38
6535.95
6578.95
6535.95
6578.95
6622.52
6329.11
5221.93
5167.96
5617.98
4773.27
4444.44
5025.13
5882.35
6191.95
6349.21
6514.66
6430.87
6451.61
6578.95
6389.78
3003
2389.49
3105.59
3669.73
4474.27
4115.23
3338.9
3478.26
4291.85
4073.32
4210.53
2902.76
2600.78
3663
4098.36
4866.18
5291.01
5333.33
5376.34
4914
5063.29
5319.15
4728.13
4683.84
4662
4228.33
4201.68
4273.5
4385.97
4651.16
4065.04
3944.77
4484.31
4683.84
4672.9
4484.3
4987.53
5714.29
5714.29
5763.69
5665.72
5405.41
5167.96
5115.09
5167.96
5305.04
5025.13
5063.29
5780.35
6134.97
2902.76
2699.06
5194.81
5464.48
4975.12
5208.33
5747.13
6060.61
6389.78
6269.59
6211.18
6250
5952.38
6079.03
6430.87
6329.11
6269.59
6269.59
6230.53
6389.78
6309.15
5000
4545.45
5291.01
5747.13
5797.1
5952.38
6134.97
6289.31
6430.87
6369.43
6369.43
6514.66
6493.51
6211.18
6116.21
6191.95
6191.95
6250
6269.59
6349.21
6493.51
6557.38
6514.66
6451.61
6329.11
5434.78
27.0937
27.0651
4291.85
3372.68
2906.98
3144.65
3344.48
4405.29
3898.64
3802.28
4514.67
3944.77
3521.13
3086.42
2936.86
3030.3
3231.02
4132.23
4705.88
4694.84
3984.06
3636.36
2994.01
3316.75
4784.69
4597.7
4608.3
4608.3
3838.77
3724.39
3642.99
3738.32
4705.88
4773.27
4056.8
2824.86
2954.21
3616.64
3389.83
3401.36
3616.64
4219.41
4566.21
3200
2702.7
1936.11
145.858
150.955
4842.61
6079.03
6369.43
6535.95
6644.52
6666.67
4975.12
4651.16
5865.1
6191.95
2306.81
2061.86
4504.5
5181.35
4597.7
4347.83
4640.37
5141.39
5434.78
5555.56
5571.03
5617.98
5698.01
5780.35
5865.1
5899.7
5797.1
5730.66
5797.1
5830.9
5763.69
5763.69
5830.9
5865.1
5847.95
5730.66
5714.29
5681.82
5730.66
5882.35
5899.7
5649.72
5509.64
5494.51
5617.98
5865.1
5882.35
5882.35
5917.16
5899.71
5154.64
5063.29
5830.9
6250
6493.51
1661.13
1369.86
3125
3861
3724.39
3952.57
3676.47
3448.28
3780.72
3906.25
3508.77
3802.28
3676.47
3773.59
4950.5
5025.13
5154.64
5420.05
4987.53
4728.13
5305.04
5681.82
5797.1
6153.85
5347.59
5555.56
5780.35
5012.53
5194.81
5141.39
5319.15
6329.11
6666.67
6688.96
6578.95
6622.52
6666.67
6666.67
6756.76
6711.41
6666.67
6756.76
6849.31
6825.94
6825.94
6896.55
6872.85
6896.55
6920.42
6920.42
6825.94
6688.96
6711.41
6825.94
6872.85
6779.66
6734.01
6756.76
6756.76
6779.66
6779.66
6711.41
6779.66
6872.85
6896.55
6920.42
6802.72
6802.72
6896.55
6968.64
6944.44
6802.72
6825.94
6968.64
7067.14
7117.44
7168.46
7117.44
7067.14
7142.86
7220.22
7168.46
7142.86
7168.46
7142.86
7142.86
7168.46
7168.46
7092.2
7067.14
7117.44
7017.54
6711.41
6734.01
6920.42
6349.21
5714.29
5830.9
6289.31
6600.66
400.721
386.175
2610.97
2322.88
3053.44
3738.32
3992.02
5154.64
5063.29
3868.47
3773.59
4158
3838.77
4175.37
3333.33
2680.97
3327.79
5102.04
6250
6493.51
5509.64
4494.38
3816.79
4040.4
4975.12
3984.06
3565.06
4484.3
5602.24
6191.95
6172.84
6079.03
5249.34
5063.29
5649.72
5633.8
5291.01
5390.84
5780.35
5698.01
5747.13
5780.35
5780.35
5797.1
5780.35
5830.9
5847.95
5221.93
5249.34
5540.17
4728.13
4149.38
4158
4576.66
4555.81
4597.7
4728.13
4444.44
4629.63
5291.01
5714.29
5763.69
5586.59
5555.56
5830.9
4926.11
4807.69
5882.35
6369.43
6644.52
6779.66
6872.85
6944.44
6968.64
6968.64
6944.44
7017.54
7067.14
7067.14
7092.2
7092.2
6644.52
6578.95
6968.64
7017.54
7092.2
7142.86
7142.86
7117.44
7142.86
7194.24
7168.46
7142.86
7168.46
7194.24
7168.46
7117.44
7092.2
7042.25
6993.01
1932.37
1821.49
4830.92
4819.28
4975.12
5141.39
5181.35
5277.04
4889.98
4651.16
3220.61
3338.9
2331
2107.48
4000
4434.59
2010.05
1639.34
517.063
514.007
2706.36
3968.25
4587.16
5665.72
6410.26
6289.31
6349.21
6688.96
6535.95
4464.29
4228.33
5277.05
5050.51
5012.53
5076.14
5076.14
5037.78
5154.64
5154.64
3663
3690.04
5208.33
5263.16
5305.04
5405.41
5449.59
5464.48
4608.3
3752.35
3502.63
3944.77
1527.88
1428.57
3546.1
4434.59
5540.17
6230.53
6493.51
6622.52
6756.76
6849.31
6896.55
6993.01
7067.14
7042.25
7092.2
7168.46
4514.67
3766.48
788.955
732.064
3053.44
4889.98
5917.16
6451.61
6644.52
6666.67
6779.66
6688.96
6451.61
6535.95
6802.72
6872.85
6944.44
7067.14
6944.44
6230.53
5970.15
6389.78
6711.41
6802.72
6779.66
5361.93
4866.18
5571.03
5037.78
4962.78
5102.04
5305.04
6309.15
482.044
470.699
3703.7
1640.69
1702.13
4184.1
3344.48
903.342
900.901
3539.82
5555.56
6211.18
6472.49
6711.41
6802.72
6369.43
6024.1
5813.95
5865.1
5934.72
6172.84
6688.96
6779.66
6920.42
6920.42
6329.11
5952.38
6349.21
6134.97
6097.56
6230.53
6060.61
6557.38
6872.85
6557.38
5917.16
6097.56
6756.76
6825.94
6849.31
6191.95
6211.18
6666.67
6153.85
6230.53
6756.76
4987.53
1281.23
1233.05
3642.99
4914
5934.72
6309.15
6472.49
6079.03
5865.1
5333.33
5194.8
5952.38
6172.84
6250
6557.38
6666.67
6042.3
3717.47
3603.6
4444.44
4106.78
4405.29
3960.4
3565.06
3952.57
3472.22
3558.72
3521.13
3508.77
4672.9
4158
3058.1
2877.7
2136.75
1023.54
1109.88
2298.85
2557.54
2183.41
2145.92
2350.18
1044.93
1098.9
2621.23
2695.42
2378.12
2721.09
4830.92
5037.78
2125.4
2083.33
4773.27
3968.25
1175.09
1220.26
4640.37
3025.72
2063.98
2466.09
3144.65
3816.79
3448.28
2557.54
2317.5
2453.99
3663
3629.76
3225.81
4901.96
6211.18
5494.51
4255.32
3189.79
3395.59
5012.53
3496.5
2614.38
3418.8
3067.48
2739.73
3717.47
2604.17
2252.25
3072.2
3642.99
4366.81
3169.57
2849
3809.52
3539.82
3236.25
2915.45
3021.15
3616.64
4347.83
5494.51
5681.82
5780.35
5952.38
5319.15
5194.81
5970.15
6349.21
6451.61
6349.21
6329.11
6578.95
6688.96
6578.95
6688.96
6430.87
6309.15
4282.66
4123.71
5830.9
6191.95
6779.66
5263.16
4705.88
5555.56
5649.72
5865.1
5000
4796.16
5882.35
6153.85
6006.01
5882.35
5899.71
6153.85
6711.41
6849.31
6920.42
7042.25
6666.67
5698.01
5649.72
6329.11
6600.66
6802.72
6920.42
6896.55
6872.85
6872.85
6666.67
6622.52
6802.72
6779.66
3514.94
2941.18
3731.34
3875.97
4683.84
3521.13
2994.01
3577.82
3311.26
3395.59
4024.14
3838.77
3584.23
4040.4
4338.39
3883.49
3552.4
3868.47
4357.3
4357.3
4237.29
4415.01
3649.64
3717.47
5050.51
4761.9
4889.98
3690.04
2932.55
3003
3205.13
563.063
561.325
3824.09
4640.37
4184.1
3262.64
3030.3
3252.03
4282.66
2735.98
2680.97
3921.57
4048.58
5555.56
3745.32
3546.1
4842.61
5128.21
3838.77
3937.01
4938.27
3424.66
3642.99
5154.64
4184.1
3824.09
3508.77
3231.02
3466.2
3937.01
4739.34
4291.85
3623.19
4065.04
4926.11
3891.05
3412.97
4329
4739.34
4385.96
4889.98
3898.64
3384.09
894.055
862.441
3129.89
1359.62
1347.71
2487.56
2597.4
2751.03
3030.3
4750.59
5420.05
5277.05
4424.78
4282.66
4048.58
3407.16
3490.4
4106.78
4098.36
4618.94
5076.14
5390.84
6309.15
6600.66
6600.66
6557.38
6514.66
5917.16
5952.38
6289.31
6369.43
4395.6
3179.65
3316.75
3960.4
4395.6
4464.29
3478.26
3149.61
3831.42
4739.34
5934.72
6230.53
5509.64
5000
5434.78
6097.56
6369.43
6600.66
6734.01
6250
5319.15
4889.98
4098.36
3690.04
4319.65
4566.21
4385.96
4395.6
4273.5
4555.81
4454.34
4587.16
4975.12
5249.34
5899.71
5797.1
5602.24
5681.82
5934.72
5988.02
6060.61
6060.61
5988.02
6042.3
6097.56
6024.1
6042.3
5952.38
5479.45
5509.64
5988.02
6191.95
6389.78
6472.49
6493.51
6600.66
6688.96
6644.52
6756.76
6968.64
6230.53
5479.45
5882.35
6557.38
6688.96
6849.31
6802.72
6472.49
4819.28
3853.56
4032.26
4310.34
4366.81
4640.37
4866.18
4705.88
4545.45
4830.92
5405.41
5089.06
5249.34
6269.59
6622.52
6802.72
6825.94
6688.96
6756.76
6920.42
6944.44
7042.25
7092.2
7042.25
7042.25
7067.14
7017.54
7017.54
7067.14
7117.44
7092.2
5494.51
539.084
532.623
4024.14
4761.9
4914
4618.94
4761.9
4987.53
5128.21
4329
3656.31
4123.71
4587.16
4255.32
4854.37
4576.66
3913.89
2547.77
2089.86
2808.99
3937.01
3436.43
3412.97
3937.01
4301.08
5988.02
5263.16
4201.68
4098.36
3355.7
3558.72
3710.57
2915.45
3508.77
4796.16
4347.83
4310.34
4975.12
3236.25
3225.81
5249.34
3868.47
2442
2252.25
3120.12
4210.53
3663
3436.43
3048.78
2369.67
2509.41
3262.64
3333.33
3944.77
5747.13
5934.72
3875.97
3898.64
5571.03
6060.61
5714.29
4301.08
3584.23
4184.1
4705.88
3875.97
3466.2
2638.52
2389.49
2781.64
3194.89
4115.23
3724.39
3210.27
3401.36
3921.57
4524.89
3571.43
3514.94
4040.4
4219.41
3552.4
3759.4
5221.93
4016.06
4123.71
4282.66
3929.27
4040.4
4040.4
4608.3
3984.06
4123.71
4158
3898.64
4040.4
3603.6
4016.06
3590.66
3710.57
642.261
630.915
4434.59
4192.87
3344.48
3861
5509.64
4166.67
4016.06
5698.01
5464.48
3921.57
3944.77
4524.89
3623.19
4081.63
4405.29
3273.32
3311.26
3448.28
3189.79
3412.97
3372.68
2853.07
2699.06
2306.81
1805.05
1028.28
1216.55
3144.65
2911.21
3759.4
5882.35
987.167
857.633
2380.95
2597.4
2936.86
3514.94
3533.57
3521.13
4319.65
5934.72
6250
4065.04
3484.32
3898.64
3215.43
3584.23
4106.78
3868.47
4555.81
710.985
682.128
3278.69
2378.12
2525.25
4158
3289.47
2699.06
3134.8
2898.55
3091.19
4597.7
4796.16
5420.05
4842.61
4301.08
4338.39
2059.73
765.111
872.981
2773.93
3466.2
4106.78
3311.26
1689.19
1633.99
3058.1
4048.58
4040.4
3401.36
2998.5
2352.94
2503.13
3294.89
3656.31
4914
4842.61
3466.2
2881.84
3533.57
4115.23
4246.28
2628.12
2518.89
4376.37
5012.53
5633.8
6622.52
1760.56
1466.28
2853.07
3246.75
3496.5
3787.88
4008.02
3539.82
3484.32
1135.72
790.826
1396.65
3241.49
5181.35
5102.04
3676.47
3502.63
3937.01
4587.16
5952.38
5434.78
4158
4008.02
3824.09
1544.4
1646.09
4672.9
3527.34
3724.39
4694.84
3164.56
3316.75
4098.36
3921.57
3502.63
2971.77
3533.57
4524.89
4728.13
4405.29
4282.66
4662
3838.77
1941.75
1777.78
1749.78
1824.82
3278.69
3262.64
885.74
882.613
1657
1491.42
2400.96
3252.03
2923.98
2610.97
3184.71
3327.79
2197.8
2500
4024.14
3034.9
3179.65
4184.1
3853.56
3913.89
3565.06
3514.94
4040.4
3164.56
3278.69
4975.12
6097.56
6514.66
5319.15
4210.53
4385.97
3976.14
3683.24
3759.4
3824.09
2280.5
2366.86
3546.1
2777.78
3696.86
5797.1
6134.97
6230.53
6514.66
4545.45
3696.86
4065.04
4819.28
5847.95
5194.81
5376.34
5813.95
5633.8
1821.49
1785.71
4264.39
3759.4
4056.79
4184.1
4415.01
4395.6
4273.5
5102.04
6250
4716.98
3984.06
3883.5
3062.79
897.666
876.04
3003
4672.9
5319.15
5390.84
5509.64
5617.98
5665.72
5763.69
5797.1
5763.69
5865.1
5291.01
5181.35
5882.35
6134.97
5899.71
5882.35
5934.72
5970.15
6289.31
6451.61
6578.95
6622.52
6622.52
6666.67
6711.41
6734.01
6711.41
6688.96
6734.01
6711.41
6666.67
6600.66
6535.95
6535.95
5181.35
4166.67
3436.43
2534.85
2361.28
2120.89
2325.58
3590.66
4405.29
5194.8
5154.64
4310.34
4640.37
4807.69
4878.05
6097.56
5730.66
5000
4854.37
4716.98
4830.92
4938.27
3683.24
3759.4
5361.93
6042.3
6472.49
5988.02
5730.66
6269.59
6644.52
5797.1
5347.59
5899.71
6191.95
6389.78
6600.66
6600.66
6644.52
6779.66
6734.01
6756.76
6872.85
6849.31
6711.41
6734.01
6920.42
6896.55
3273.32
2134.47
2747.25
4424.78
4597.7
4347.83
3952.57
2985.07
2793.3
2873.56
2754.82
2773.93
2554.28
543.183
542.005
3241.49
5830.9
5714.29
5555.56
6230.53
6410.26
6451.61
6578.95
6410.26
6369.43
6514.66
6289.31
6329.11
6644.52
6472.49
6493.51
6711.41
6711.41
6230.53
5780.35
5763.69
5934.72
6329.11
6688.96
6116.21
5633.8
6153.85
6688.96
6779.66
6849.31
6060.61
5882.35
6042.3
5830.9
5917.16
5747.13
6006.01
6600.66
6097.56
5882.35
6389.78
6557.38
6622.52
6711.41
6802.72
6968.64
6968.64
6920.42
7042.25
6993.01
6920.42
6944.44
7067.14
7017.54
6993.01
7067.14
6968.64
6944.44
6920.42
6896.55
6802.72
6779.66
6849.31
6711.41
6756.76
6968.64
7042.25
6920.42
6944.44
7117.44
6944.44
6493.51
5390.84
5076.14
5319.15
5524.86
6097.56
6493.51
6779.66
6622.52
6369.43
6644.52
6968.64
7042.25
7117.44
690.608
646.831
3389.83
3649.64
1088.73
977.517
2132.2
2967.36
4761.9
5813.95
6269.59
6389.78
6514.66
6688.96
6756.76
6329.11
5730.66
5952.38
6557.38
6779.66
6711.41
6153.85
5681.82
6024.1
6191.95
4842.61
4210.53
4282.66
4464.29
4545.45
4739.34
5167.96
4773.27
5000
5076.14
5115.09
5181.35
4514.67
4739.34
5319.15
5509.64
4901.96
5012.53
6116.21
5970.15
5305.04
5780.35
6493.51
5917.16
6060.61
6734.01
6711.41
6825.94
7017.54
6920.42
6825.94
6849.31
6622.52
4576.66
4424.78
5763.69
5952.38
6410.26
6578.95
6451.61
6369.43
6430.87
6557.38
6711.41
6825.94
6825.94
6920.42
6993.01
6872.85
6849.31
6024.1
5865.1
6644.52
6944.44
6993.01
6825.94
6756.76
6779.66
5988.02
5494.51
5934.72
6289.31
6430.87
6578.95
6622.52
6756.76
6756.76
6666.67
6622.52
6711.41
6825.94
6711.41
6666.67
6756.76
6734.01
210.46
180.31
872.6
2164.5
3081.66
4184.1
5420.05
5509.64
5000
5291.01
6060.61
5780.35
5617.98
5479.45
4739.34
5102.04
6024.1
5420.05
5361.93
5571.03
5747.13
5698.01
5305.04
5681.82
5813.95
5221.93
4866.18
4694.84
4878.05
5714.29
5555.56
5494.51
5509.64
5181.35
5747.13
6097.56
5540.17
5464.48
5763.69
5988.02
6134.97
6116.21
5305.04
4454.34
4184.1
4474.27
4444.44
4192.87
4504.5
5221.93
5405.41
4514.67
4149.38
4474.27
4901.96
5115.09
5305.04
5449.59
5509.64
5479.45
5571.03
5714.29
5714.29
5649.72
4975.12
4807.69
4694.84
4705.88
5235.6
5305.04
5449.59
5102.04
5089.06
5681.82
5813.95
5952.38
6289.31
6493.51
6622.52
6711.41
6802.72
6920.42
7017.54
6993.01
6872.85
6896.55
6993.01
6944.44
6944.44
6993.01
6920.42
6779.66
6734.01
6825.94
6779.66
6802.72
6872.85
6779.66
6802.72
6872.85
2118.64
1696.35
2614.38
2645.5
1865.67
1740.64
2415.46
550.206
532.623
1728.61
1913.88
1103.75
1089.92
2038.74
2044.99
525.486
525.624
2985.07
3853.56
3906.25
3300.33
3305.79
3412.97
3484.32
3478.26
3502.63
4032.26
794.597
756.43
3144.65
4210.53
4750.59
4040.4
4008.02
3891.05
3717.47
3921.57
3921.57
3787.88
3868.47
4415.01
4106.78
3558.72
3565.06
3976.14
3021.15
2886
3289.47
3241.49
2989.54
3174.6
3003
3058.1
4566.21
5235.6
5464.48
5617.98
5115.09
5208.33
6097.56
6451.61
6622.52
6711.41
5747.13
5333.33
5763.69
6006.01
6230.53
6410.26
6578.95
6688.96
6711.41
6644.52
6688.96
6410.26
5917.16
6211.18
6802.72
6872.85
6172.84
5970.15
4914.01
4201.68
3992.02
4347.83
5730.66
4608.29
4081.63
4192.87
4454.34
4347.83
4319.65
4608.3
3690.04
3846.15
4962.78
5602.24
5952.38
6250
6557.38
3490.4
2631.58
3913.89
6006.01
6389.78
6472.49
6514.66
6578.95
6578.95
6644.52
6688.96
6734.01
6849.31
6872.85
6872.85
6993.01
7017.54
6944.44
6944.44
7067.14
7067.14
7017.54
6968.64
6802.72
6369.43
6369.43
6779.66
6711.41
6644.52
6756.76
6756.76
6802.72
6872.85
6849.31
6825.94
6849.31
6896.55
6802.72
6802.72
6896.55
6920.42
6920.42
6944.44
6993.01
6896.55
6756.76
6849.31
6993.01
6802.72
6666.67
6756.76
6802.72
6802.72
6802.72
6872.85
6968.64
6872.85
6802.72
6849.31
6688.96
6514.66
6329.11
6116.21
6079.03
6006.01
6289.31
6802.72
6779.66
6756.76
6802.72
6711.41
6666.67
6309.15
6269.59
5524.86
4651.16
4842.61
5747.13
6600.66
6825.94
5681.82
5602.24
6622.52
6472.49
6644.52
7017.54
7117.44
6329.11
5277.04
5602.24
6644.52
6825.94
6779.66
6756.76
6896.55
6993.01
3378.38
2836.88
4329
5089.06
5277.04
5319.15
5464.48
5000
4739.34
5361.93
6116.21
6289.31
6430.87
6622.52
6600.66
6622.52
6666.67
6688.96
6578.95
6578.95
5464.48
5089.06
5763.69
5586.59
5763.69
6389.78
6644.52
6802.72
6944.44
7017.54
6968.64
5934.72
5479.45
5934.72
6230.53
6472.49
6535.95
6622.52
6734.01
6134.97
5665.72
6097.56
6688.96
6060.61
5586.59
6079.03
6600.66
6802.72
6896.55
6872.85
6849.31
6968.64
5333.33
4901.96
5730.66
5681.82
6097.56
6734.01
5277.04
4716.98
5361.93
5847.95
6451.61
6430.87
5434.78
4842.61
4796.16
4545.45
4524.89
5376.34
5714.29
5025.13
5141.39
5934.72
6493.51
6711.41
6896.55
6779.66
6825.94
5917.16
5420.05
5555.56
5813.95
6116.21
5899.7
6172.84
6451.61
6535.95
6666.67
6688.96
6666.67
6779.66
6825.94
6688.96
6756.76
6968.64
6872.85
6825.94
6944.44
6920.42
6688.96
6711.41
6896.55
4555.81
2902.76
3472.22
5865.1
5319.15
4132.23
3367
3663
4301.08
3710.57
3883.49
4347.83
4228.33
4255.32
4140.79
4291.85
4474.27
4454.34
4376.37
4640.37
4237.29
3944.77
4291.85
4376.37
4807.69
3766.48
3095.98
582.072
538.358
1943.63
1206.27
1195.46
2554.28
3030.3
2415.46
2403.85
3780.72
5509.64
5952.38
5420.05
5194.81
5747.13
5952.38
6042.3
6211.18
6250
6389.78
6622.52
6600.66
6211.18
6230.53
6514.66
6578.95
6666.67
6666.67
6734.01
6779.66
6711.41
6622.52
6622.52
6756.76
6896.55
6993.01
7017.54
6993.01
6944.44
6825.94
6779.66
6779.66
6849.31
6896.55
6872.85
6920.42
6779.66
6578.95
6622.52
6734.01
6849.31
6872.85
6802.72
6849.31
6920.42
6779.66
6688.96
5747.13
5405.41
6329.11
6968.64
6172.84
6006.01
6134.97
5763.69
6250
6849.31
6644.52
6535.95
6944.44
6309.15
5747.13
6172.84
6622.52
2816.9
2085.51
2805.05
3616.64
4376.37
4065.04
3361.34
3623.19
4694.84
5102.04
4914
4975.12
4987.53
4273.5
4494.38
5305.04
5000
4484.31
4878.05
4504.5
4184.1
4705.88
4576.66
4576.66
4566.21
5089.06
5319.15
5154.64
5714.29
5988.02
6211.18
6430.87
6329.11
6349.21
6410.26
6451.61
6493.51
6578.95
6688.96
6622.52
6622.52
6825.94
6825.94
6711.41
6779.66
6825.94
6688.96
6622.52
6734.01
5665.72
5235.6
5830.9
6079.03
6134.97
6250
6472.49
5899.7
5494.51
4608.3
4301.08
4347.83
4514.67
4938.27
5012.53
4098.36
3731.34
4081.63
4166.67
4310.34
4629.63
5763.69
6389.78
6514.66
6711.41
6688.96
6779.66
6944.44
6779.66
5390.84
5025.13
5509.64
5361.93
3623.19
3610.11
5319.15
5449.59
5665.72
5763.69
5089.06
5102.04
5934.72
6134.97
6172.84
6329.11
6451.61
6430.87
6451.61
6451.61
6349.21
6451.61
2436.05
1966.57
2785.52
1821.49
1805.05
2663.12
2832.86
2869.44
2272.73
2024.29
2732.24
4158
4640.37
4866.18
4914
3184.71
2865.33
4115.23
4854.37
5479.45
6309.15
6578.95
6849.31
6993.01
6944.44
6944.44
7042.25
6802.72
6779.66
7092.2
7220.22
5882.35
5347.59
5988.02
6309.15
6578.95
6802.72
6920.42
6968.64
7017.54
6734.01
6535.95
