9.7606e-312
inf
3.87737
7.58535
8.48997
9.34492
7.35391
7.58812
9.84005
9.87021
9.83226
9.79624
9.60338
9.59937
9.74792
9.72739
9.7281
9.78464
9.77684
9.71242
9.85348
9.75824
9.72072
9.81484
9.82439
9.84717
9.76777
9.77154
9.79231
9.80964
9.90423
9.86826
9.90251
9.85134
9.75353
9.67244
9.70709
9.82048
9.83608
9.82386
9.83081
9.84761
9.86933
9.90741
9.80161
9.75962
9.79235
9.72711
9.82473
9.82642
9.82289
9.82835
9.81422
9.85416
9.79139
9.84737
9.91581
9.9228
9.93572
9.87562
9.87586
9.90099
9.86291
9.82878
9.80633
9.79638
9.83676
9.90428
9.87167
9.88929
9.92305
9.88201
9.88846
9.93542
9.92142
9.90177
9.8912
9.90604
9.93517
9.93567
9.88792
9.90585
10.0183
10.0296
9.86913
9.83903
9.9987
9.97208
9.8912
9.93063
9.99605
9.99605
9.95208
9.97342
9.97725
9.96259
9.98802
9.96021
9.9263
9.97069
9.92068
10.0265
10.0526
10.0717
9.93873
9.89232
9.91906
9.91955
9.9941
10.0589
9.99046
9.98099
10.0623
10.1008
9.97919
9.93266
10.0518
10.0729
9.98886
9.96815
9.98378
10.0144
10.0555
10.0487
9.98991
9.90472
9.98786
10.1158
10.0831
10.0296
10.1113
10.0894
10.0844
10.0211
9.9689
9.88509
9.93769
9.98976
10.0547
10.1952
10.21
10.0558
10.0884
10.1102
10.049
9.94441
10.0057
10.1387
10.0836
10.007
10.0156
10.0934
10.1063
10.0208
9.93947
10.0637
10.1604
10.1554
10.131
10.2585
10.192
10.2154
10.125
10.0561
10.028
10.004
10.0874
10.1215
10.1019
10.1607
10.1705
10.1777
10.2231
10.2214
10.178
10.1038
10.1681
10.1997
10.1516
9.97855
10.0225
10.0388
10.1783
10.3087
10.2213
10.1227
10.1827
10.2265
10.2751
10.2788
10.2485
10.2448
10.2619
10.2288
10.2051
10.2175
10.2261
10.2853
10.3085
10.2901
10.2631
10.3545
10.282
10.3222
10.3512
10.3413
10.2141
10.3105
10.387
10.3373
10.3357
10.3159
10.3289
10.3514
10.4136
10.372
10.3474
10.3724
10.5168
10.3651
10.3467
10.3156
10.2833
10.3239
10.3603
10.3505
10.2398
10.2848
10.4095
10.5175
10.3552
10.3809
10.3718
10.4756
10.5162
10.4168
10.3526
10.3724
10.3292
10.3015
10.5113
10.4408
10.4784
10.3014
10.2648
10.2868
10.2402
10.3049
10.2909
10.3237
10.4654
10.4662
10.4116
10.4524
10.4752
10.5822
10.3244
10.226
10.3852
10.5673
10.5362
10.2866
10.2524
10.4803
10.4617
10.4577
10.4839
10.4142
10.4558
10.5313
10.6293
10.5946
10.6073
10.6395
10.6995
10.5327
10.5543
10.5752
10.517
10.5351
10.5958
10.7364
10.6115
10.6423
10.5913
10.6168
10.634
10.6028
10.5805
10.5487
10.5738
10.6894
10.7165
10.5851
10.7125
10.563
10.6312
10.6502
10.5446
10.4389
10.4748
10.6779
10.658
10.847
10.811
10.859
10.7243
10.7187
10.7789
10.7383
10.7198
10.5355
10.7521
10.9643
10.9732
10.8069
10.8326
10.76
10.6948
10.8417
10.9031
10.8773
10.6469
10.7662
10.7768
10.7368
10.8239
10.8538
10.9238
10.9017
11.0656
10.8375
10.76
10.7721
10.856
10.9983
10.8541
10.7995
10.8202
11.0158
10.8857
10.8483
10.8479
10.8788
10.9206
10.969
11.1019
11.0375
11.0657
10.9019
10.7971
10.7993
10.8649
10.8405
10.831
10.959
10.9554
11.0483
10.9964
10.9831
10.8778
10.9418
10.9766
10.8858
10.8004
10.7997
11.1664
10.9055
10.8037
10.8361
10.8748
11.0398
11.0279
11.0119
10.8938
10.9931
10.7827
10.748
10.9158
10.9998
11.0381
10.9574
11.0476
10.9162
10.959
10.9909
10.9486
10.9024
10.9552
11.0087
10.9944
11.0727
10.9337
10.9779
10.9238
10.9276
10.8597
10.8225
10.9792
10.9941
11.0922
11.0305
11.0248
10.9622
10.9092
10.3059
10.2713
10.9344
10.9047
10.8546
10.5436
10.6835
10.9877
11.0902
10.9378
10.2919
10.1648
10.418
10.5178
10.2285
10.2678
10.4057
10.5484
10.4778
10.3153
10.4387
10.485
10.5217
10.5738
10.6726
10.7253
10.8541
10.7075
10.7002
10.5807
10.0733
9.88944
9.77259
9.96254
10.4738
10.1621
9.68861
9.65381
9.97317
10.2912
10.253
10.472
10.66
10.7532
10.8337
10.769
10.1129
9.88983
10.2139
10.3549
10.528
10.4687
10.3878
10.3152
10.3563
10.1768
10.4195
10.7109
10.8943
11.0748
10.9291
10.9431
10.9387
10.9061
10.6862
10.7831
10.9366
10.9488
10.9711
10.5859
10.4008
10.71
10.8353
10.729
10.8903
10.4829
10.1404
9.84489
10.237
9.34671
8.06624
9.15998
10.954
11.2424
11.1972
11.1779
11.0347
11.1476
11.3386
11.4578
11.3156
11.3151
11.1856
11.1913
11.3001
11.3442
11.4456
11.327
11.4097
11.1257
11.0618
11.152
11.1356
11.1851
11.1637
11.0659
10.7588
11.01
11.235
11.2593
11.3409
11.3433
11.4991
11.2723
11.0895
11.2183
11.3389
11.3902
11.3668
11.3918
11.2734
11.3591
11.3047
11.302
11.6092
11.2759
10.4276
10.2927
10.9222
11.1903
11.0749
10.9501
10.9734
11.1946
11.1462
11.2069
11.1679
11.148
11.2808
11.3248
11.5835
11.4407
11.4107
11.373
11.3203
11.4566
11.3974
11.3044
11.2152
11.3948
11.3949
11.3536
11.5317
11.4045
11.4034
11.381
11.4451
11.5271
11.3129
11.4523
11.4276
11.4269
11.4666
11.3599
11.4534
11.2635
11.2684
11.1347
11.224
11.4255
11.4345
11.513
11.4371
11.5225
11.2143
10.6059
10.0676
10.2331
10.5991
10.8366
10.6472
10.4963
10.9458
11.1196
11.2768
11.3173
11.3691
11.1444
10.401
9.94451
10.2322
10.521
10.572
11.1696
11.3661
10.9769
11.1255
11.3464
11.0994
10.8742
10.9322
10.8797
10.6617
10.4057
10.4532
10.6454
10.8407
11.1786
11.439
11.5988
11.358
11.4581
11.5152
11.3748
11.6856
11.6967
11.6502
11.5622
11.4915
11.5138
11.5497
11.6607
11.4264
11.4055
11.5713
11.5796
11.4828
11.3651
11.5382
11.6058
11.6254
11.4517
11.4155
11.701
11.4948
11.59
11.7488
11.5987
11.7529
11.7372
11.7768
11.6079
11.5737
11.7036
11.6697
11.8248
11.6366
11.6442
11.6981
11.6654
11.8121
11.7032
11.7635
11.7838
11.7284
11.8687
11.6677
11.6321
11.7228
11.7547
11.7707
11.7653
11.8889
11.7459
11.8476
11.8869
11.7088
11.8554
11.68
11.6564
11.7916
11.8392
11.8448
11.6412
11.7904
11.8325
11.8399
11.837
11.7285
11.9491
11.8372
11.8648
11.8795
11.7234
11.8673
11.8712
11.7073
11.4515
11.6907
11.8504
11.6537
11.5737
11.5494
11.7961
11.7875
11.7812
11.6413
11.4641
11.7512
11.7633
11.7661
11.8746
11.9171
11.9376
11.7083
11.7727
11.7834
11.7701
11.9632
11.6763
11.6592
11.8194
11.9423
12.0925
11.9055
11.9339
11.8594
11.8794
12.1092
11.8358
11.7831
11.7535
11.7338
12.0375
11.9355
11.8915
11.9428
11.8273
11.9137
11.8406
11.863
11.8553
11.8857
12.1034
11.8612
11.8307
11.8466
11.8113
11.9489
11.9491
12.0605
11.977
11.8537
11.2133
10.892
11.1828
11.1324
11.2372
11.1656
11.395
11.3994
11.1804
10.9874
11.0087
11.3794
11.1448
11.0348
11.0186
11.1096
11.15
11.1188
11.099
11.1961
11.4061
11.1727
11.4049
11.3448
10.6641
9.77398
9.23877
9.61141
9.2157
9.6055
10.9456
11.5929
11.7719
11.6547
11.5892
11.5953
12.0625
11.9668
11.9984
12.0091
12.0338
12.2851
12.0664
12.0139
12.0964
12.0672
12.1362
11.9457
12.103
12.1786
11.984
12.138
11.9839
11.9828
12.0837
12.1394
12.2938
12.073
12.0465
12.0694
12.0897
12.305
12.1247
11.6239
11.4688
11.8196
12.1211
12.035
12.0958
12.1164
11.9874
11.9793
11.9322
12.1282
12.1493
12.0534
12.0533
11.8983
12.0482
12.0874
12.1082
12.3318
12.0146
11.9998
12.1257
12.1043
12.3787
12.0877
11.9419
12.0426
12.0961
12.258
12.0807
12.1952
12.2963
12.0769
12.2374
12.0596
12.0062
12.2794
12.2142
12.2195
12.0667
12.0604
12.1342
12.1372
12.2869
11.8532
11.8252
12.1347
11.9979
12.1904
12.0984
12.17
12.3017
12.0863
12.225
12.1221
12.2158
12.3666
12.1345
12.1814
12.1681
12.1655
12.3025
12.2307
12.2547
12.2112
12.1523
12.3421
12.0515
11.7088
11.6911
11.9799
12.3198
12.2827
12.3638
12.4079
12.3818
12.4676
12.1592
12.1291
12.2386
12.2247
12.4302
12.2432
12.2818
12.3733
12.3267
12.4904
12.2257
12.1476
12.2068
12.2018
12.3901
12.1267
11.9738
12.2742
12.1983
12.1916
12.2507
12.2926
12.5003
12.2833
12.313
12.362
12.3204
12.449
12.1503
12.2035
12.3203
12.2853
12.5461
12.3077
12.2515
12.3419
12.3442
12.633
12.4365
12.3864
12.6358
12.1862
12.1723
12.2809
11.9618
12.2239
12.2789
12.3049
12.4401
12.2647
12.4123
12.3554
12.3532
12.402
12.3543
12.4513
12.2809
12.4469
12.5706
12.1761
12.2889
12.4104
12.4432
12.5733
12.3831
12.48
12.2879
12.2533
12.4749
12.2549
12.324
12.3277
12.1516
12.3251
12.4821
12.4915
12.4006
12.3447
12.5127
12.4663
12.4309
12.3375
12.3462
12.5602
12.3513
12.4
12.477
12.3785
12.5543
12.3851
12.3848
12.6698
12.3558
12.3324
12.4639
12.4881
12.6453
12.4273
12.4309
12.5387
12.3019
12.4299
12.4059
12.3946
12.6961
12.5042
12.4923
12.4403
12.5089
12.7156
12.3725
12.41
12.6017
12.4677
12.5732
12.4922
12.4283
12.629
12.2829
12.3148
12.5502
12.4733
12.5918
12.4697
12.6019
12.6358
12.32
12.524
12.595
12.6013
12.7172
12.5676
12.6523
12.4898
12.4157
12.6696
12.5535
12.5353
12.5325
12.5563
12.7599
12.5415
12.5783
12.6958
12.5622
12.6838
12.6466
12.7012
12.9134
12.5638
12.5527
12.7285
12.5972
12.6797
12.4438
12.4818
12.651
12.5735
12.7502
12.4901
12.5005
12.6477
12.5104
12.716
12.5618
12.4783
12.7247
12.6116
12.6173
12.5861
12.4132
12.6541
12.6735
12.6981
12.8342
12.5112
12.6459
12.7973
12.7054
12.9552
12.6744
12.6441
12.8935
12.7726
12.7511
12.4471
12.4622
12.8622
12.7142
12.7402
12.8282
12.5875
12.7284
12.5612
12.4907
12.8545
12.5331
12.503
12.7876
12.7626
12.9472
12.7916
12.7617
12.9375
12.627
12.6019
12.5571
12.6472
12.9845
12.6692
12.6196
12.8952
12.7512
12.8049
12.818
12.7846
12.9503
12.7057
12.7549
13.0135
12.8375
12.8089
12.7285
12.7825
12.956
12.61
12.6413
13.0703
12.7948
12.6693
12.7504
12.1859
12.1885
12.4879
12.082
11.2954
11.2963
12.1093
12.1528
12.1581
12.5328
12.6322
12.74
12.4357
12.0838
11.9293
11.4177
11.5504
11.5906
11.6607
12.2258
12.4904
12.4728
11.3481
11.2404
11.5818
11.2258
11.7822
12.1709
11.7804
10.9364
10.661
9.85125
9.47912
10.1714
10.0351
10.4448
11.0685
11.3357
10.8423
10.3187
10.3456
10.244
10.7055
11.8481
12.3333
11.4859
10.9678
11.3121
11.8332
12.1496
12.1436
12.0734
12.0706
12.0375
11.6963
11.602
11.6441
10.2858
10.7757
12.1647
12.0017
12.2601
11.9483
11.9696
12.275
12.193
11.7317
11.2572
11.6351
12.0884
12.1974
12.468
12.1112
12.0065
12.2339
12.2069
12.2717
11.9892
12.0251
12.0782
12.0999
12.2976
11.399
10.9326
10.2634
10.5354
11.9698
12.1975
12.3656
12.2179
12.2055
12.2635
12.0776
12.2731
12.197
12.0192
12.2134
12.0482
12.162
12.4703
12.2981
12.1831
11.9654
11.9651
12.1855
12.2572
12.3128
11.1186
11.1812
12.3457
12.1649
12.2495
12.1845
12.1395
12.3453
12.2491
12.1829
12.2858
12.371
12.283
12.2036
12.2025
12.0301
12.1426
12.4621
12.2875
12.3222
12.391
12.2896
12.4209
12.3159
12.296
12.3025
12.2445
12.3749
12.3378
12.3919
12.3822
12.2066
12.3112
12.2445
12.3661
12.4924
12.2637
12.3738
12.2739
12.0717
11.6858
11.1056
11.1132
11.1515
11.0337
11.632
12.1364
11.4424
11.5996
12.4107
12.4688
12.4275
12.4229
12.3606
12.4401
12.3768
12.2917
12.5062
12.1236
12.0491
12.219
12.1597
12.3806
12.0231
11.9926
12.2434
12.4031
12.6422
12.4227
12.4187
12.3426
12.311
12.4829
12.1008
12.2294
12.4855
12.0847
12.1256
12.1982
12.248
12.5143
12.3624
12.4237
12.5949
12.4946
12.5349
12.271
12.1672
12.4063
12.3364
12.3838
12.5461
12.5659
12.7086
12.5871
12.4738
12.437
12.6666
12.4113
11.2213
11.2249
11.4363
11.7692
12.4935
12.3544
12.4618
12.1888
12.1571
12.4722
12.2976
12.47
12.4133
12.3459
12.4296
12.3625
12.4793
12.1913
12.1999
12.3616
12.3668
12.5071
12.493
12.5979
12.6722
12.3678
12.4435
12.6045
12.5331
12.5676
12.4972
12.506
12.6811
12.599
12.5515
12.4639
12.3894
12.4765
12.4553
12.598
12.4691
11.9604
11.3289
11.1257
11.85
12.3804
12.492
12.6566
12.5207
12.6775
12.5648
12.6099
12.7421
12.0433
12.1588
12.614
12.4151
12.3811
12.4007
12.6409
12.7483
12.7245
12.5626
12.2398
11.6186
11.3364
11.3063
10.9948
11.4818
12.3028
12.6436
12.6196
12.565
12.7082
12.5615
12.4672
12.469
12.4699
12.6991
12.7419
12.5725
12.4892
12.4559
12.7028
12.5211
12.3887
12.5713
12.4049
12.5619
12.5936
12.5251
12.6365
12.6027
12.7047
12.694
12.5552
12.6802
12.5166
12.5648
12.6864
12.5261
12.6738
12.5346
12.5793
12.7876
12.5385
12.3359
12.4139
12.5582
12.697
12.6184
12.4414
12.7007
12.623
12.5239
12.7151
12.475
12.6205
12.7059
12.5903
12.7354
12.4438
12.4474
12.7526
12.6593
12.7687
12.0153
11.2918
11.1678
10.7365
11.104
11.6496
12.2548
12.678
12.4967
12.8588
12.6687
12.5368
12.7376
12.4021
12.5822
12.7923
12.698
12.8583
12.5537
12.5483
12.772
12.7251
12.8748
12.7012
12.5932
12.7087
12.5923
12.7303
13.0184
12.5505
12.6056
12.9014
12.7229
12.9089
12.761
12.7114
12.8487
12.5432
12.6091
12.878
12.8859
12.9934
12.3598
11.596
11.3618
11.395
12.0826
12.5816
12.8245
13.0069
13.0025
13.193
12.7408
12.5657
12.8857
12.7919
12.7104
12.9715
12.9033
12.7832
12.6295
12.6093
12.9213
12.9183
12.666
12.6988
12.9644
12.8803
12.6965
12.8185
12.9176
12.0769
11.4725
11.3794
11.8464
12.7992
12.9104
12.9601
12.725
12.4842
12.8309
12.4208
12.3451
12.6188
12.6956
12.9613
12.8395
12.8918
12.7832
12.7392
12.9552
12.8362
12.8564
12.8433
12.6405
12.9049
12.9677
12.6949
12.844
12.8264
12.7659
13.0682
12.9637
12.8718
12.9836
12.6812
12.7404
13.03
12.9602
13.0436
12.9465
12.9925
13.23
12.7491
12.1206
11.8649
11.6331
11.6116
12.0365
12.5143
12.5584
12.763
13.2471
12.9973
12.847
13.1142
13.0446
13.0999
13.0309
13.0289
13.3457
12.8003
12.6383
13.1312
12.9848
13.0383
13.1426
12.7956
12.918
13.0338
12.9541
13.129
13.0005
12.4209
11.7224
11.6074
11.8571
11.5616
12.1386
12.9636
12.8739
13.1036
12.7783
12.7857
13.2449
12.5639
12.4864
12.8834
12.67
12.9154
13.0893
12.9832
13.1791
12.9558
12.6372
12.8694
12.9971
13.1806
13.1687
13.0804
13.2381
13.0596
13.031
13.0807
12.7223
12.9786
13.252
13.166
13.1559
12.9327
12.9496
13.1758
13.0667
12.9396
13.1451
13.0243
12.6863
12.3785
11.8317
11.7653
11.8494
11.787
11.5325
11.7387
12.7621
12.7454
12.7867
13.1475
12.9911
13.0231
12.9742
13.0078
13.157
12.9562
13.0275
12.9021
12.7084
13.0353
12.9119
12.8995
13.2654
13.1147
12.8986
12.9601
13.1025
13.1772
13.0273
13.073
13.2079
12.8953
12.8606
13.0099
12.9728
13.1334
13.0205
12.8347
13.0297
13.1561
13.2294
13.2592
13.0924
13.1263
13.0464
13.0742
13.2567
12.8247
12.7215
13.0881
12.985
13.0707
13.4892
13.2974
13.0363
13.2528
13.1677
12.4016
11.6928
12.2068
12.3638
12.3713
13.1222
13.1673
13.2609
13.3404
13.0266
13.1378
13.2908
13.0578
13.1498
12.9681
13.048
13.4709
13.3352
13.2403
13.3048
13.1753
13.3663
13.4701
13.1377
13.1441
13.1277
13.191
13.3726
13.1744
13.1516
13.3789
13.2491
13.1253
13.315
13.274
13.1961
13.1987
13.3149
13.421
13.1792
13.2111
13.496
13.0619
12.34
11.3626
11.1438
11.6295
11.1491
11.121
12.1779
12.8727
12.5274
12.5978
13.0875
13.3117
13.3786
13.5075
13.8384
13.9423
14.1453
14.0525
13.9638
14.1693
13.8758
13.9113
14.2009
13.9471
13.9503
14.2334
13.857
13.7229
14.2399
14.0822
13.7092
13.7708
13.764
14.0055
14.1976
13.8662
14.0572
14.1562
13.7767
13.9195
14.1165
14.0718
14.2196
14.2231
13.9828
14.1018
14.3144
13.9267
13.9071
14.0968
13.804
13.917
14.0073
13.8295
13.9764
13.9062
13.9989
14.3456
13.9444
13.865
14.1545
13.9094
13.9564
14.244
14.0028
14.0242
14.3549
14.0052
13.8665
14.0939
14.0233
13.9901
13.9806
14.1323
14.4037
14.2142
14.0437
14.2987
14.2025
13.978
14.15
14.044
13.8891
14.048
13.9178
14.0821
14.4766
13.9973
13.8927
14.1234
13.8533
13.8968
14.1285
14.0734
14.1841
14.1719
14.0991
14.355
14.2656
14.04
14.2149
13.9286
13.9299
14.4353
14.1209
14.1401
14.4809
14.1821
14.2037
14.4699
14.1066
14.0994
14.3867
13.7412
13.7762
14.298
13.757
13.8251
14.5122
14.1914
14.0504
14.368
14.1414
14.1818
14.5392
14.1844
14.1223
14.5261
14.2076
14.1447
14.3851
13.9729
13.9492
14.4264
14.2571
14.3039
14.3384
14.0758
14.3687
14.5612
14.3436
14.3604
14.3841
14.1931
14.3333
14.2993
14.2611
14.3904
14.2486
14.3017
14.449
14.2604
14.1338
14.3687
14.3613
14.1806
14.3195
14.3181
14.3231
14.5405
14.2389
14.3032
14.6575
14.3091
14.3737
14.6917
14.2831
14.3221
14.5814
14.1525
14.1487
14.4712
14.2638
14.1855
14.6102
14.4325
14.3234
14.637
14.358
14.3928
14.627
14.2516
14.241
14.6364
14.2074
14.1739
14.5691
14.3152
14.3241
14.5816
14.2257
14.2398
14.5636
14.3855
14.4435
14.4965
14.2092
14.2269
14.4421
14.0289
13.915
14.3459
14.1158
13.9411
14.3356
14.2863
14.2942
14.6013
14.3181
14.2628
14.45
14.0646
14.1779
14.4692
14.1536
14.2195
14.5147
14.3132
14.4027
14.5208
14.2032
14.3562
14.6723
14.3682
14.2782
14.4169
14.2887
14.3754
14.5196
14.3329
14.3983
14.594
14.0425
14.1669
14.5988
14.3711
14.4328
14.4905
14.3201
14.4707
14.4797
14.3421
14.5708
14.7078
14.4131
14.4305
14.6184
14.4186
14.5931
14.6072
14.2423
14.3663
14.4907
14.3027
14.4878
14.5497
14.5081
14.6834
14.404
14.4529
14.7024
