1.55162e-311
inf
9.3025
48.3372
50.1115
53.8648
56.0303
46.5864
42.3657
39.9289
37.2467
44.9984
49.7649
49.2332
41.5015
38.1898
39.874
44.7397
56.3253
56.7827
45.6038
45.7059
57.0239
56.8037
56.2129
20.9969
21.0686
56.7617
56.5483
55.6715
54.8772
53.0405
50.4948
51.9332
55.1846
54.8938
54.1697
52.7635
53.7115
54.9858
55.0494
56.6974
52.3013
51.398
54.0322
54.4692
54.5227
54.769
56.8182
56.6412
55.9816
56.4191
55.6204
54.7226
54.4499
53.0405
55.1086
56.3603
56.7601
59.1279
58.6476
57.223
54.3996
52.8541
53.5561
54.0044
53.3917
54.2549
55.8503
57.0548
56.2936
56.993
58.1058
56.2272
57.0288
57.2099
55.2517
54.6314
55.6948
55.9832
56.2857
57.6469
57.9593
57.5242
57.4746
56.4892
56.3206
57.3181
57.4779
55.2868
54.1111
56.3603
58.1751
60.1721
59.625
58.1683
58.6063
59.8086
59.2136
59.625
56.2683
53.9869
56.7795
57.7934
57.6302
57.5142
58.4163
59.3067
59.5646
60.8958
60.5272
58.9102
57.2148
56.0287
57.3608
58.512
58.4744
58.9397
58.9814
58.3942
58.4949
59.4336
58.8911
58.6063
57.5027
55.1146
57.0825
58.5737
60.1431
60.1142
57.4465
57.3888
59.2698
59.2399
59.2979
58.8755
56.9006
56.3936
56.8408
58.0872
58.5669
57.9878
59.3666
60.2264
60.2973
61.4307
61.0706
58.9258
58.512
58.4078
55.9519
56.427
58.7354
59.7711
59.6979
59.0075
59.1681
59.7854
60.687
61.6276
61.8314
59.6072
59.2084
61.7189
62.0405
61.5783
63.2191
62.2723
61.0874
62.4259
62.3461
61.1827
61.4685
62.0213
62.5782
59.8946
60.2845
62.0386
61.2914
62.4688
62.8239
64.0902
65.1699
65.7527
65.4879
66.4386
65.7873
62.1581
61.3553
60.9979
58.8322
61.4968
62.7884
62.6468
63.6031
64.7543
65.7657
66.4187
65.0893
63.9857
66.7757
65.8892
62.0964
61.5385
63.7857
62.0887
61.7322
63.7064
63.2951
62.9287
64.8656
63.5789
63.2431
62.9604
63.478
63.1273
61.1958
60.7404
59.7175
62.6802
65.2507
65.8957
64.6789
65.0216
65.1954
66.379
66.1288
65.3659
63.6173
59.7425
61.0892
63.7024
65.0068
67.1614
66.2954
66.4938
67.2721
64.4704
65.1954
66.0633
64.9963
64.9477
65.8892
63.8427
63.4115
64.8551
66.836
68.4018
65.6836
67.2472
68.2221
67.6407
67.3764
67.7805
68.3784
67.1908
67.0399
61.4836
62.1601
66.3592
66.011
67.3038
68.5119
67.4354
66.1813
67.4491
69.006
70.9396
69.0274
66.6578
68.2314
68.7238
66.7067
68.4767
70.1164
67.8127
67.5813
68.5072
69.2545
68.327
68.3807
70.1139
69.1611
70.7389
68.5284
65.2763
65.2124
67.7025
68.5448
68.1431
69.3217
69.3794
71.9269
70.9824
67.9371
69.7156
72.9927
71.9424
68.0921
68.1965
64.5161
62.7136
67.3559
70.3359
69.3577
68.8421
71.6127
70.4896
70.5268
69.6476
70.5119
70.2691
67.6338
68.8966
67.0174
68.6177
70.7589
71.2657
72.0825
70.6689
72.5058
71.5717
72.6269
74.3826
72.7114
74.6659
75.3182
74.438
67.675
66.5425
73.1823
73.9727
74.8895
74.3633
72.2543
71.9528
72.3589
72.5374
71.3547
73.9536
73.0114
71.3241
70.9497
68.7096
71
71.4873
71.9839
71.3674
71.5538
74.151
72.9262
72.8624
73.2681
74.744
74.7664
71.9683
74.9344
75.7518
72.0357
71.0581
72.4192
73.9317
73.5537
73.4592
73.3004
73.7218
75.8006
74.2859
73.381
73.8007
73.5105
76.6959
75.4489
70.1656
73.0887
74.0713
72.9448
73.4619
74.0686
76.7931
77.8543
76.8079
73.3218
73.9126
74.3356
75.838
78.2442
75.1004
75.4888
76.799
73.2038
73.3138
75.0047
75.8812
75.792
77.3037
79.092
76.089
77.9727
78.8208
78.6813
81.9706
79.3525
76.6989
72.4638
70.3655
71.2581
72.4034
77.6398
74.0028
73.0114
77.7786
76.7048
78.5916
80.5445
78.1647
76.6195
76.7607
77.3395
77.1992
73.2038
72.0825
73.2279
76.5492
80.9585
77.8028
77.7122
80.4214
79.5925
79.64
78.4683
77.8422
80.8636
80.5153
77.9363
76.7342
78.376
77.5885
74.8223
78.0031
79.7766
80.8636
82.96
79.2959
75.7518
77.8877
80.5121
80.8571
79.4092
79.583
81.2117
79.5007
78.5176
78.061
77.6217
79.8339
79.952
78.734
80.8277
80.1828
80.9651
84.9041
83.6925
82.1963
81.8867
80.7885
81.937
80.6354
80.4052
79.1139
74.1977
77.101
82.9669
81.1425
79.9424
82.1929
81.126
79.885
79.9329
81.4631
82.2707
83.2397
83.6645
79.5007
77.9211
81.5561
82.0008
80.4343
84.1574
80.7005
80.3277
83.9102
80.8832
81.8867
82.3486
83.4376
85.4993
83.7661
84.9041
83.3681
80.0448
83.5387
85.6348
75.2842
71.4286
76.9408
82.3282
81.9034
79.2801
84.5023
86.4641
83.5701
83.4307
82.2335
83.633
85.6935
83.0772
84.2779
85.2333
80.7265
80.88
84.2105
84.4452
83.2952
85.2697
86.5576
85.789
85.1607
83.4725
84.1008
83.5143
82.0042
82.4912
84.674
85.5139
86.4528
84.6704
79.8722
82.4912
81.9639
81.5096
84.4274
84.317
88.6564
88.4564
87.6463
90.5879
86.734
84.832
87.0587
87.6155
89.0591
90.0212
89.8432
88.7311
85.3643
79.7067
80.4117
87.6578
89.071
90.4527
90.8843
86.0585
85.8074
87.581
85.1898
86.6664
87.8156
86.6852
90.5715
88.8257
85.6825
85.2551
86.1735
86.0437
85.955
86.9754
87.3248
89.1067
87.4508
89.9685
95.1249
90.8802
88.6014
88.743
88.5191
91.8274
92.3958
86.8018
87.677
93.1359
87.3401
85.2515
90.8224
91.5374
90.9794
90.2283
86.3297
87.6424
92.9584
91.4495
90.1063
91.5499
89.8796
91.3743
93.576
87.6693
86.8244
93.1923
93.0709
86.5763
85.7008
87.9044
88.2184
91.4286
90.3996
92.7988
97.2242
91.4035
88.5583
91.245
91.2825
91.3117
92.9498
91.5248
91.7852
92.1319
89.4574
89.3376
90.7565
85.4482
83.4272
89.9726
90.6495
89.1902
92.1234
92.7558
91.0042
91.0084
91.6464
90.9422
93.7383
93.5891
91.8358
91.1826
89.3815
90.6577
88.4134
81.4631
80.7918
86.8056
90.9959
94.2241
97.1723
92.9411
90.3628
93.471
92.0598
92.4428
94.5492
95.6572
96.9274
96.6931
95.9325
94.9082
94.162
87.7039
84.0831
92.0514
98.4494
93.4099
92.4129
97.2432
93.188
90.8595
96.9979
97.0497
92.5583
91.7389
90.6372
93.8659
98.8631
94.0778
92.285
96.1261
90.322
84.7099
89.3495
98.1691
96.6277
95.1384
100.065
97.2148
91.3117
91.2867
97.2763
97.5182
97.5134
95.6709
95.5019
100.513
97.5657
98.1017
102.485
96.6837
87.203
92.6612
101.507
96.7586
96.0015
99.1473
96.2835
93.5891
99.0835
98.5464
95.2608
96.7633
101.492
97.8426
95.7808
102.062
98.3526
96.3948
100.306
97.4659
95.8635
94.4822
91.6548
93.3925
98.1691
95.1068
93.954
98.8093
100.316
100.251
101.25
102.727
95.68
94.3975
98.7411
98.2415
96.3345
95.9693
98.6242
93.1619
88.5073
97.8139
97.1487
95.8451
103.783
102.025
100.528
103.52
102.438
99.8203
102.585
102.48
97.996
96.6277
101.133
101.549
100.105
102.596
97.2101
95.6114
97.8713
100.19
97.6181
91.4369
97.4516
102.37
98.0392
97.7231
99.8054
98.6729
98.464
98.6339
98.0392
98.0681
98.3768
100.311
100.205
103.375
101.963
95.1203
97.0732
103.098
95.6297
93.8835
103.557
101.138
100.71
105.346
104.718
104.575
105.652
106.078
103.332
104.685
109.806
103.869
99.9301
103.541
105.53
100.07
100.533
105.893
102.559
103.242
103.821
98.7996
101.662
105.025
103.778
102.743
102.202
105.731
108.056
105.77
105.753
109.8
104.603
101.43
107.365
103.579
102.575
110.699
106.604
101.807
101.869
101.874
101.647
104.624
108.513
107.945
105.899
101.895
101.513
106.615
108.015
106.394
108.519
106.242
102.654
108.015
112.956
109.932
111.222
112.164
100.578
98.2656
102.907
102.056
107.469
104.499
102.77
108.231
105.13
104.444
110.102
108.601
107.152
109.535
104.723
103.648
108.442
110.834
106.084
106.394
109.836
97.1959
98.1932
105.574
103.718
106.576
102.229
102.611
108.073
111.607
114.175
113.876
110.205
107.44
110.932
110.314
106.644
108.073
111.819
113.161
107.573
103.04
109.824
112.001
105.725
104.745
102.685
102.865
108.383
112.114
112.587
110.369
110.162
114.41
109.469
107.735
115.741
110.369
106.958
111.29
113.753
111.719
105.103
107.055
116.673
111.782
110.302
113.205
108.778
104.243
100.226
104.641
109.266
111.919
110.266
112.733
111.976
108.401
114.116
110.895
109.769
110.717
111.229
111.813
111.21
112.581
111.396
106.695
110.266
118.273
116.043
110.181
104.357
104.8
105.191
107.273
109.415
114.607
108.401
103.167
113.494
111.944
111.204
113.798
114.771
116.36
114.331
118.35
121.558
113.83
111.982
118.085
121.803
117.24
109.469
114.554
112.873
106.281
113.456
117.144
117.343
112.089
110.005
118.385
116.455
115.062
117.848
118.694
115.861
114.11
120.861
119.911
108.319
110.528
121.33
123.97
119.933
112.88
115.721
117.536
114.725
113.366
111.545
115.627
109.595
105.103
115.701
118.427
115.868
114.325
115.828
116.925
114.325
119.674
123.64
115.148
111.919
117.945
121.242
114.989
114.824
118.97
111.651
109.099
109.999
112.461
121.102
114.508
114.377
120.569
117.398
118.483
119.918
125.51
121.499
111.371
117.089
120.831
119.911
115.447
116.802
127.178
125.51
122.429
116.666
121.743
120.78
107.015
112.784
118.05
118.779
114.116
110.711
125.109
120.453
119.296
124.44
118.378
118.652
120.977
125.164
122.85
114.791
115.028
122.677
127.502
120.576
115.227
115.882
121.139
116.023
110.963
122.324
119.168
105.625
112.461
125.078
122.496
115.108
108.796
113.785
119.062
118.392
116.313
116.063
123.039
121.862
119.789
121.758
121.352
115.241
114.91
125.063
123.426
117.675
119.717
111.913
110.871
107.463
108.219
119.539
116.863
120.839
123.824
126.558
124.494
115.48
120.388
127.771
127.828
121.595
123.847
130.412
126.183
120.366
114.923
120.048
126.43
121.381
121.109
128.164
119.926
107.712
113.494
121.64
118.455
117.813
115.334
122.1
130.395
121.271
116.802
115.141
122.918
130.548
128.642
130.881
129.032
122.377
121.981
124.008
122.76
120.817
121.492
129.207
128.999
116.802
107.591
111.707
126.223
122.279
119.353
126.478
127.437
128.041
121.396
126.247
131.105
128.891
124.649
125.842
130.2
124.247
121.899
124.665
131.475
132.389
123.693
118.956
127.853
134.571
114.279
111.551
120.809
121.352
121.884
126.526
131.778
130.302
125.102
117.786
124.719
126.711
127.812
123.816
125.447
134.372
131.917
124
118.238
125.691
131.122
128.949
126.183
126.446
127.186
119.446
119.883
123.244
125.149
120.809
121.448
123.632
119.789
121.736
122.549
131.311
133.761
135.035
127.763
126.678
135.805
129.82
123.122
126.302
131.475
130.634
127.226
123.954
130.107
133.663
134.309
128.485
128.18
126.55
124.463
119.854
113.552
128.254
132.882
126.398
127.551
133.914
134.345
132.979
126.638
126.43
132.433
130.873
129.492
128.041
135.428
137.033
127.796
124.27
130.039
132.039
113.882
114.371
132.066
124.116
118.378
122.526
109.8
112.829
131.337
128.502
128.378
130.71
131.027
121.242
125.266
130.446
125.094
129.895
130.336
131.614
132.705
128.824
125.881
132.144
138.841
139.567
127.763
129.82
141.084
128.75
123.525
118.057
120.613
130.557
128.107
125.282
130.506
136.621
138.169
128.7
130.557
141.303
135.172
132.512
136.045
132.793
133.914
138.303
127.162
131.796
138.754
137.561
125.047
124.58
138.017
129.099
122.13
125.274
125.62
133.165
134.68
120.766
129.946
136.603
132.249
133.77
137.883
140.213
128.642
124.969
132.066
129.199
133.654
136.818
132.512
138.456
141.603
140.519
134.039
127.178
129.887
135.907
129.408
128.361
125.597
128.568
129.651
125.818
131.752
137.174
141.603
143.688
134.925
137.043
144.352
138.591
137.599
140.39
139.315
132.266
129.938
130.881
135.153
139.14
142.025
134.98
132.135
142.278
142.806
140.203
130.421
120.026
127.397
135.842
131.648
135.391
144.791
139.919
138.495
134.853
138.85
148.225
140.805
135.934
136.101
139.684
146.135
147.275
136.166
131.883
140.637
142.949
143
134.653
135.962
143.451
138.179
136.463
133.014
129.107
126.638
131.32
140.895
138.937
138.744
146.843
149.309
137.58
138.514
145.328
140.647
142.248
137.988
133.743
141.523
140.027
135.943
141.764
146.177
151.149
150.841
140.934
140.796
148.599
143.524
142.501
133.565
130.813
145.847
132.908
125.274
136.911
143.812
144.603
141.493
134.789
140.371
144.98
139.577
141.133
137.618
134.725
139.363
137.571
133.914
138.38
143.431
148.92
149.779
142.43
143.031
151.734
148.887
139.88
138.169
136.808
130.014
131.062
137.429
134.003
138.947
149.589
150.489
148.104
147.623
148.181
141.743
143.544
138.437
134.517
146.21
154.571
153.233
148.313
145.349
150.184
150.523
139.072
134.246
145.571
147.113
146.972
143.287
139.072
139.179
139.324
134.889
131.622
131.277
128.041
133.941
126.912
130.531
145.688
147.995
149.813
146.445
142.867
145.012
148.291
143.699
137.485
140.321
144.97
147.124
142.969
141.014
149.098
149.723
145.285
139.704
142.136
148.754
154.799
146.542
136.78
135.263
137.826
145.996
149.287
137.656
138.879
147.308
145.613
153.965
152.987
147.178
144.186
145.465
148.843
142.714
142.268
148.798
146.542
144.051
145.751
155.594
153.351
145.465
148.137
138.937
133.547
143.999
147.145
139.005
140.39
143.462
142.237
149.779
135.943
137.41
153.905
149.981
146.983
145.275
150.67
153.081
156.238
152.975
143.926
144.603
152.987
148.412
148.633
154.404
156.678
157.159
151.699
152.3
147.82
143.885
145.212
154.799
154.25
130.37
125.227
144.061
145.307
143.606
143.688
144.854
150.015
149.009
149.734
146.789
149.321
157.604
157.99
145.539
138.475
145.001
159.122
160.398
153.811
145.391
146.692
151.412
153.315
147.145
145.698
151.035
155.521
159.808
151.78
151.527
153.681
151.55
152.614
160.333
147.852
146.391
149.667
145.996
154.024
155.087
145.359
144.394
153.516
154.119
147.373
145.391
153.445
152.103
143.154
139.421
151.699
157.072
150.038
145.349
147.667
148.566
148.931
151.768
147.612
149.065
154.571
159.198
148.787
143.328
147.94
144.812
142.248
145.096
145.275
147.373
143.164
147.82
157.257
154.979
155.328
158.09
156.544
148.644
144.02
143.328
154.799
159.172
155.497
147.384
141.743
147.525
159.541
160.462
153.151
151.86
151.584
157.307
145.012
146.692
145.391
134.635
137.202
142.714
147.754
148.677
153.563
158.818
159.109
155.255
150.83
155.328
165.755
165.262
162.655
145.858
147.297
156.752
157.816
162.999
153.799
149.802
151.229
156.974
159.566
152.87
143.999
146.638
154.476
143.688
129.618
138.36
128.634
133.058
154.571
148.843
150.342
156.409
161.525
147.135
144.959
152.637
162.813
166.21
166.639
154.679
153.905
165.961
159.439
159.324
151.24
146.199
157.319
163.948
155.473
147.929
149.332
160.167
171.689
166.611
163.292
137.637
134.989
143.431
132.608
137.297
151.194
145.233
148.743
159.923
153.976
150.761
156.703
170.984
161.891
155.897
149.734
152.777
156.998
152.707
157.319
152.242
143.802
156.974
171.969
162.747
156.043
157.518
162.311
163.119
166.265
161.642
131.277
121.44
138.725
154.775
165.194
168.421
164.096
159.464
152.103
152.718
153.941
156.274
166.334
167.448
170.474
158.366
157.245
166.959
163.185
167.238
160.539
160.372
159.096
157.023
162.76
159.847
156.348
162.8
170.561
164.271
165.673
157.146
145.858
152.091
154.512
159.541
159.363
159.566
165.153
170.474
171.556
160.346
161.108
165.303
166.847
168.194
171.013
160.733
159.198
173.913
167.35
163.854
161.212
159.477
160.333
161.044
171.028
169.319
164.177
164.623
171.571
179.147
177.274
178.907
162.575
145.085
151.918
157.617
155.243
158.316
170.111
169.837
165.153
169.981
173.325
164.636
147.026
152.242
164.46
170.692
157.048
150.534
159.541
166.113
181.62
172.429
158.718
158.003
170.358
181.34
164.962
151.274
153.811
162.443
168.393
171.91
160.051
156.165
157.406
149.981
152.219
151.849
158.617
162.075
164.718
178.19
173.596
161.512
159.655
169.233
170.097
171.365
174.049
157.729
160.849
171.91
165.085
169.119
163.706
161.095
171.453
176.18
170.707
166.987
164.663
161.695
168.976
173.265
175.793
175.886
172.058
176.616
174.795
170.59
158.894
156.458
165.865
150.376
150.693
159.949
160.707
164.393
170.054
178.253
173.325
169.362
158.003
155.897
164.002
168.919
180.148
174.095
167.997
163.452
162.272
177.305
181.62
170.809
162.456
168.677
181.868
179.678
173.883
159.974
165.003
186.724
178.015
174.764
157.085
152.207
162.324
156.482
169.434
173.415
164.433
161.983
168.591
182.782
178.047
171.792
159.502
164.568
174.201
169.133
177.179
169.779
167.126
172.816
175.608
180.196
176.772
164.352
162.575
176.678
185.254
175.331
170.663
159.096
161.629
187.547
183.891
176.882
160.514
156.949
170.242
173.22
167.154
164.325
168.11
166.389
172.399
182.382
181.554
182
168.464
166.196
184.775
176.585
174.505
182.983
171.028
167.392
169.09
173.943
172.013
169.52
174.398
163.773
171.262
181.012
179.824
174.505
160.862
163.921
174.019
181.094
181.984
155.316
152.637
170.43
172.622
163.199
162.351
176.258
176.382
179.099
181.901
173.1
162.311
163.319
178.555
172.473
172.607
191.132
177.132
163.372
168.933
184.264
191.058
181.984
173.1
167.518
167.673
