9.85914e-312
inf
13.6508
314.465
409.584
562.588
518.538
562.905
648.298
667.557
697.107
753.012
747.943
714.031
737.191
515.597
476.985
547.196
324.886
342.7
574.713
500.501
453.926
557.103
732.064
723.327
716.332
388.425
380.59
654.45
654.236
623.636
651.466
745.156
744.602
760.167
679.117
649.351
694.444
520.833
527.426
707.714
738.552
756.144
659.631
647.249
733.676
732.332
602.41
494.805
554.631
737.191
569.801
547.196
709.723
705.219
744.048
410.846
404.613
640.615
461.148
505.561
738.007
777.907
819.672
805.477
669.344
695.169
828.5
729.661
726.744
662.471
492.975
536.337
742.115
686.813
661.376
780.64
809.717
806.127
833.681
857.633
858.001
840.336
847.099
817.996
788.644
669.568
683.293
851.426
854.336
642.467
642.674
763.359
491.28
403.307
521.105
263.644
253.614
283.487
273.075
379.435
413.138
474.608
515.066
803.213
563.857
548.998
771.903
762.486
793.021
791.452
662.69
627.746
648.719
679.81
803.859
868.056
903.342
950.57
967.118
951.475
958.313
965.717
968.992
969.462
953.743
967.118
996.512
958.773
883.392
879.121
943.841
991.572
997.009
994.036
992.063
989.609
973.71
941.62
937.647
935.454
929.368
907.441
902.935
955.566
937.207
922.084
920.81
929.8
1003.51
1042.21
987.167
907.029
920.387
967.586
971.345
968.992
993.049
1029.34
1055.97
1037.88
1035.2
1070.09
858.001
832.293
1031.46
1066.1
1056.52
1016.78
1026.17
1046.03
979.912
956.023
1013.68
1078.75
1100.11
1088.14
1068.95
1057.64
1036.27
1033.06
1041.67
996.016
1006.04
1118.57
1163.47
1170.28
1151.41
1122.33
1171.65
1241.46
1246.88
1212.86
1214.33
1212.12
1207.73
1226.99
1243.78
1244.56
1205.55
1207
1260.24
1261.03
1255.49
1237.62
1209.92
1194.74
1221
1246.88
1218.03
1231.53
1260.24
1256.28
1264.22
1281.23
394.011
324.254
636.537
862.441
998.502
1001.5
1017.81
524.521
523.56
816.327
572.738
574.053
844.595
1166.86
1007.56
976.086
1148.77
1233.81
1242.24
1094.09
988.631
987.167
956.023
1070.66
571.429
556.638
1148.77
1172.33
1190.48
1230.01
1273.07
1291.16
1285.35
1216.55
1212.86
1316.66
1339.58
1315.79
1312.34
1313.2
1278.77
1205.55
1207.73
1291.16
1329.79
1308.9
425.351
383.142
948.767
1069.52
1043.84
1240.69
1290.32
1253.92
912.825
811.03
1004.52
1038.42
971.345
1070.09
1316.66
1457.73
1392.76
1327.14
1328.9
1363.33
1422.48
1449.28
1367.05
1313.2
1348.62
1363.33
1400.56
1378.36
1332.45
1330.67
1358.7
1374.57
1361.47
1337.79
1311.48
1297.86
1302.93
1290.32
1291.99
1321
1333.33
1344.09
1367.99
1408.45
623.053
572.574
832.986
613.497
689.417
1124.23
1234.57
1199.76
1340.48
1306.34
1248.44
1293.66
1331.56
1378.36
1396.65
1251.56
1238.39
1383.13
1508.3
1576.04
1569.86
1523.23
1470.59
1438.85
1492.54
1579.78
1543.21
1484.78
1508.3
1572.33
1663.89
1583.53
1572.33
1673.64
1628.66
1558.85
1346.8
1362.4
1523.23
1533.74
1615.51
1651.53
1633.99
1668.06
1635.32
1543.21
1542.02
1593.63
1545.59
1457.73
1398.6
1392.76
1451.38
1489.2
1499.25
1350.44
1338.69
1170.28
1102.54
1352.27
1441.96
1402.52
1418.44
1456.66
1435.75
1469.51
1554
1616.81
1598.72
1536.1
1558.85
1703.58
1611.6
1576.04
1713.8
1699.24
1737.62
1686.34
1501.5
1359.62
1378.36
1459.85
1468.43
1572.33
1746.72
1768.35
1657
1623.38
1594.9
1642.04
1768.35
1755.93
1762.11
1779.36
1762.11
1627.34
786.473
742.666
914.077
931.099
1356.85
1433.69
1401.54
1444.04
1468.43
1332.45
1357.77
1503.76
1531.39
1512.86
852.878
861.326
1578.53
1622.06
1642.04
1702.13
1706.48
1657
1629.99
1525.55
1398.6
1420.45
1544.4
1614.2
1728.61
1731.6
1734.61
1826.48
1836.55
1823.15
1788.91
1798.56
1734.61
1682.09
1689.19
1651.53
1579.78
1533.74
1545.59
1632.65
1731.6
1632.65
1406.47
1424.5
1592.36
1592.36
1588.56
1582.28
1690.62
1782.53
1748.25
1638
1516.3
1624.7
29.8307
29.7752
1572.33
1774.62
1846.72
1834.86
1793.72
1721.17
1669.45
1712.33
1657
1591.09
1583.53
1646.09
1686.34
1610.31
1687.76
1736.11
1737.62
1627.34
1410.44
1483.68
1616.81
1480.38
1445.09
1520.91
1404.49
1395.67
1520.91
1626.02
1657
1562.5
1592.36
1507.16
1568.63
1833.18
1673.64
1631.32
1826.48
1692.05
1699.24
1748.25
1635.32
1557.63
1364.26
1374.57
1375.52
1412.43
1618.12
1635.32
1652.89
1705.03
1560.06
1527.88
1690.62
1727.12
1679.26
1725.63
1618.12
1522.07
1624.7
1651.53
1650.16
1715.27
1800.18
1687.76
733.407
705.467
1517.45
1684.92
1746.72
1773.05
1633.99
1638
1788.91
1760.56
1771.48
1771.48
1687.76
1787.31
1716.74
1709.4
1813.24
1751.31
1779.36
1892.15
1803.43
1567.4
884.564
890.869
1562.5
1719.69
1721.17
1652.89
1727.12
1848.43
1874.41
1843.32
1755.93
1739.13
1874.41
1890.36
1885.01
1737.62
1375.52
1359.62
1684.92
1759.01
1683.5
1639.34
1323.63
1271.46
1476.01
1522.07
1579.78
1766.78
1892.15
1879.7
1892.15
1784.12
1780.94
1851.85
1836.55
1881.47
1915.71
1863.93
1853.57
1776.2
1816.53
1953.13
1806.68
1838.24
1958.86
1934.24
1514
890.472
960.154
1689.19
1763.67
1818.18
1945.53
1928.64
1936.11
1919.39
1876.17
1876.17
1788.91
1811.59
1826.48
1749.78
1785.71
1782.53
1862.2
1924.93
1874.41
1870.91
1890.36
1908.4
1926.78
1636.66
1551.59
1512.86
1354.1
1458.79
1642.04
1779.36
1839.93
1833.18
1858.74
1846.72
1813.24
1839.93
1803.43
1734.61
1755.93
1776.2
1567.4
1432.66
1336.9
1379.31
1644.74
1639.34
1605.14
1662.51
1746.72
1780.94
1730.1
1730.1
1745.2
1715.27
1768.35
1924.93
1928.64
1811.59
1838.24
1855.29
1839.93
1760.56
1733.1
1892.15
1816.53
1828.15
1924.93
1934.24
1863.93
1886.79
1980.2
1919.39
1702.13
1545.6
1699.24
1865.67
1777.78
1769.91
1924.93
1858.74
1860.47
1862.2
1846.72
1956.95
1947.42
1956.95
1988.07
1990.05
1958.86
1800.18
1831.5
2004.01
1787.31
1627.34
1658.37
1524.39
1435.75
1508.3
1508.3
1544.4
1631.32
1658.37
1620.75
1600
1618.12
1620.75
1611.6
1594.9
1626.02
1647.45
1644.74
1571.09
1510.57
1539.65
1536.1
1611.6
1760.56
1838.24
1780.94
1700.68
1768.35
1506.02
1314.92
1393.73
1501.5
1693.48
1759.01
1780.94
1699.24
1640.69
1816.53
1901.14
1885.01
1782.53
1809.95
1843.32
1782.53
1863.93
1682.09
1506.02
1626.02
1743.68
1673.64
1675.04
1743.68
1550.39
1441.96
1499.25
1636.66
1813.24
1816.53
1618.12
1657
1554
1493.65
1687.76
1682.09
1748.25
1766.78
1862.2
1956.95
1892.15
1899.34
1823.15
1853.57
1982.16
1960.78
1876.17
1853.57
1782.53
1699.24
1441.96
1507.16
1998
2076.84
2103.05
2107.48
1998
1984.13
2094.24
2114.16
2105.26
2105.26
2123.14
2141.33
2145.92
2141.33
2132.2
2125.4
2100.84
2055.5
2026.34
1923.08
1897.53
2004.01
2057.61
2074.69
2074.69
1885.01
1643.39
1564.95
1389.85
1284.52
1499.25
1774.62
1774.62
1669.45
1568.63
1388.89
1443
1774.62
1824.82
1586.04
1610.31
1716.74
1684.92
1689.19
1647.45
1715.27
1850.14
1917.55
1819.84
1406.47
1128.03
1317.52
1771.48
1833.18
1796.95
1872.66
1779.36
1687.76
1874.41
1895.73
1809.95
1934.24
2008.03
1974.33
1998
1881.47
1811.59
1921.23
1902.95
1622.06
1666.67
1908.4
1779.36
1095.29
907.029
1327.14
1655.63
1460.92
1399.58
1455.6
1542.02
1438.85
1405.48
1529.05
1506.02
1525.55
1680.67
1586.04
1473.84
1662.51
1932.37
1964.64
1867.41
1805.05
1693.48
1179.94
1156.74
1642.04
1936.11
2000
1939.86
1901.14
1928.64
1877.93
1759.01
1867.41
1876.17
1885.01
1904.76
1727.12
1636.66
1722.65
1784.12
1743.68
1839.93
1833.18
1752.85
1834.86
1972.39
1910.22
1651.53
1581.03
1631.32
1603.85
1751.31
1964.64
1992.03
1862.2
1841.62
1833.18
1814.88
1923.08
1928.64
1928.64
1865.67
1885.01
1879.7
1719.69
1272.26
1181.33
1287
1330.67
1306.34
895.656
956.938
1503.76
1694.92
1838.24
1964.64
1982.16
1843.32
1808.32
1834.86
1737.62
1712.33
1785.71
1829.83
1895.73
2036.66
1956.95
1819.84
1843.32
1752.85
1801.8
1531.39
1319.26
1433.69
1201.2
1128.67
1481.48
1860.47
1857.01
1863.93
1888.57
1893.94
1886.79
1725.63
1790.51
1855.29
1892.15
1998
1913.88
1897.53
1930.5
1966.57
1806.68
1538.46
1481.48
1623.38
1407.46
1344.09
1038.42
924.642
1308.9
1566.17
1689.19
1355.01
1181.33
1257.86
1406.47
1675.04
1584.79
1635.32
1414.43
1316.66
1504.89
1350.44
1423.49
1511.72
1488.1
1004.52
772.499
1049.32
1344.99
1418.44
1345.89
1328.9
1568.63
1481.48
1544.4
1498.13
1484.78
1522.07
1495.89
1429.59
1490.31
1787.31
1899.34
1960.78
1953.13
1857.01
1692.05
1700.68
1828.15
1924.93
1932.37
1913.88
1951.22
2032.52
1943.63
1902.95
1456.66
1060.45
1115.45
1450.33
1459.85
1445.09
1754.39
1669.45
1562.5
1651.53
1719.69
1867.41
1686.34
1124.86
1131.22
1531.39
1489.2
1302.08
1215.81
1278.77
1518.6
1734.61
1675.04
1385.04
1227.75
1255.49
1329.79
1539.65
1485.88
1359.62
1474.93
635.122
607.903
1221
1327.14
1730.1
1928.64
1923.08
1699.24
1492.54
1356.85
1402.52
1582.28
1650.17
1682.09
1642.04
1524.39
1523.23
1636.66
1614.2
1623.38
1631.32
1282.05
1269.84
1551.59
1523.23
1517.45
1547.99
1616.81
1780.94
1990.05
2018.16
1923.08
1886.79
1996.01
1943.63
1863.93
1752.85
1627.34
1670.84
1839.93
1915.71
1809.95
1876.17
1883.24
1784.12
1848.43
1803.43
1719.69
1752.85
1676.45
1628.66
1689.19
1821.49
1953.13
2010.05
1958.86
1816.53
1787.31
1877.93
1848.43
1736.11
1777.78
1904.76
2010.05
2116.4
2159.83
2022.24
1867.41
1936.11
1936.11
1895.73
1865.67
1759.01
1542.02
1495.89
869.943
841.043
1261.83
1237.62
1370.8
1452.43
1644.74
1718.21
1713.8
1736.11
1809.95
1774.62
1763.67
1759.01
1768.35
1806.68
1768.35
1710.86
1476.01
1070.09
1126.76
1679.26
1819.84
1901.14
1943.63
1863.93
1661.13
1716.74
1860.47
1788.91
1888.57
1984.13
2006.02
1872.66
1811.59
1921.23
1980.2
1972.39
2000
1902.95
1934.24
1945.53
1921.23
1790.51
1722.65
1740.64
1615.51
1693.48
1749.78
1858.74
1636.66
1494.77
1512.86
1431.64
1588.56
1766.78
1765.23
1712.33
1551.59
1420.45
1566.17
1877.93
1765.23
1600
1620.75
1743.68
1966.57
1793.72
1186.94
1037.88
1434.72
1906.58
1972.39
1996.01
1917.55
1857.01
1710.86
1766.78
1988.07
1970.44
1831.5
1662.51
1297.02
1158.08
1396.65
1680.67
1636.66
1655.63
1941.75
2081.17
2022.24
1603.85
1184.83
1263.42
1418.44
1338.69
1424.5
1353.18
1247.66
1327.14
1508.3
1582.28
1663.89
1787.31
1437.81
1361.47
1684.92
1831.5
1759.01
1762.11
1915.71
1828.15
1805.05
1591.09
1435.75
1646.09
1824.82
1811.59
1787.31
1895.73
1917.55
1881.47
1936.11
1958.86
1976.28
1966.57
1928.64
1966.57
2026.34
2068.25
2096.44
2096.44
1934.24
1955.03
2132.2
2123.14
2118.64
2109.7
2105.26
1858.74
1424.5
1189.77
1471.67
1937.98
1951.22
2070.39
1806.68
1828.15
2061.86
1926.78
1883.24
1980.2
1992.03
1869.16
1923.08
1895.73
1901.14
2028.4
1966.57
1818.18
1839.93
1962.71
1921.23
1863.93
1862.2
1951.22
949.217
786.782
1290.32
1586.04
1690.62
1962.71
1984.13
1727.12
1642.04
1834.86
1926.78
1919.39
1915.71
1886.79
1906.58
1913.88
1826.48
1709.4
1627.34
1722.65
1945.53
1951.22
1923.08
1863.93
1223.24
1247.66
1949.32
1876.17
1876.17
1885.01
1885.01
2014.1
1904.76
1814.88
1805.05
1886.79
1943.63
1932.37
1845.02
1869.16
1930.5
1893.94
1982.16
1988.07
1924.93
1956.95
1892.15
1883.24
1978.24
1906.58
1265.02
1263.42
1943.63
2070.39
1988.07
1886.79
1831.5
1853.57
1452.43
1261.83
1471.67
1606.43
1426.53
1449.28
1687.76
1687.76
1760.56
1780.94
1902.95
2044.99
1874.41
1886.79
1913.88
1755.93
1670.84
1705.03
1693.48
1576.04
1662.51
1843.32
1777.78
1712.33
1686.34
1581.03
1564.95
1414.43
1204.82
1331.56
1742.16
1996.01
1937.98
1921.23
1904.76
1808.32
1855.29
1978.24
1826.48
1683.5
1140.25
879.507
1152.74
1733.1
1821.49
1639.34
1687.76
1836.55
1902.95
1962.71
1765.23
1752.85
1870.91
1865.67
1762.11
1831.5
1841.62
812.348
759.013
1436.78
1589.83
1481.48
1456.66
1591.09
1788.91
1734.61
1703.58
1826.48
1978.24
2195.39
2171.55
2176.28
2120.89
2026.34
1980.2
1886.79
1790.51
1687.76
1721.17
1901.14
1846.72
1845.02
1904.76
1899.34
1972.39
1831.5
1728.61
1655.63
1602.56
1556.42
1503.76
1523.23
1643.39
1793.72
1687.76
1552.79
1648.8
1816.53
1801.8
1670.84
1684.92
1669.45
1533.74
1583.53
1730.1
1809.95
1814.88
1846.72
1757.47
1795.33
1793.72
648.719
609.385
1381.22
1626.02
1782.53
1813.24
1672.24
1694.92
1719.69
1722.65
1603.85
1578.53
1647.45
1676.45
1659.75
1632.65
1576.04
1074.69
585.652
686.106
1588.56
1749.78
1872.66
2022.24
2134.47
2098.64
1836.55
1800.18
1818.18
1787.31
1759.01
1716.74
1798.56
1857.01
1831.5
1699.24
1712.33
1784.12
1766.78
1724.14
1693.48
1421.46
1215.07
1471.67
1672.24
1489.2
1642.04
1863.93
1776.2
1757.47
1879.7
1759.01
1784.12
1899.34
1869.16
1795.33
1816.53
1784.12
1845.02
2004.01
1917.55
1821.49
1798.56
1960.78
2004.01
1845.02
1557.63
1127.4
1190.48
1655.63
1703.58
1831.5
1945.53
1811.59
1853.57
1955.03
1913.88
1910.22
1850.14
1895.73
1819.84
1679.26
1737.62
1895.73
1996.01
1795.33
1819.84
1917.55
1742.16
1769.91
1734.61
1128.03
1007.05
1449.28
1831.5
1869.16
1865.67
1886.79
1936.11
1806.68
1809.95
1917.55
1890.36
1897.53
1751.31
1793.72
1829.83
1808.32
1928.64
1353.18
1252.35
1614.2
1672.24
1690.62
1706.48
1639.34
1646.09
1754.39
1642.04
1668.06
1912.05
2040.82
2129.93
1964.64
1939.86
2024.29
1921.23
1872.66
1858.74
1839.93
1901.14
1912.05
1757.47
1718.21
1813.24
1846.72
1763.67
1736.11
1710.86
1816.53
1757.47
1706.48
1876.17
1843.32
1811.59
1848.43
1779.36
1816.53
1906.58
1834.86
1858.74
1813.24
1848.43
1945.53
1771.48
1672.24
1727.12
1848.43
1881.47
1831.5
1773.05
1809.95
1939.86
1793.72
1823.15
1910.22
1746.72
1042.75
928.936
1365.19
1591.09
1619.43
1692.05
1707.94
1752.85
1949.32
1998
1855.29
1881.47
1877.93
1895.73
1908.4
1831.5
1895.73
1839.93
1819.84
1939.86
1910.22
1904.76
1724.14
667.334
654.879
1483.68
1539.65
1471.67
1349.53
1306.34
1439.88
1639.34
1762.11
1787.31
1870.91
1707.94
1636.66
1808.32
1876.17
1826.48
1841.62
1943.63
1745.2
1703.58
1749.78
1774.62
1733.1
1623.38
1730.1
1633.99
1650.17
1793.72
1526.72
1347.71
1457.73
1673.64
1577.29
1569.86
1486.99
1433.69
1609.01
1551.59
1654.26
1696.35
1736.11
1759.01
1692.05
1276.32
1024.07
1212.86
1375.52
1422.48
1545.6
1663.89
1718.21
1610.31
1588.56
1614.2
1687.76
1829.83
1921.23
2004.01
2049.18
2028.4
2116.4
2212.39
2008.03
1986.1
2152.85
2148.23
2148.23
1998
1821.49
1934.24
2094.24
2100.84
2034.59
2057.61
2074.69
2051.28
2089.86
2094.24
2094.24
2092.05
2063.98
1974.33
1848.43
1779.36
1376.46
1079.33
705.965
675.447
1148.77
1231.53
757.863
795.862
1447.18
1734.61
1749.78
1795.33
1751.31
1693.48
1610.31
1740.64
1785.71
1777.78
1805.05
1826.48
1818.18
1819.84
1964.64
1980.2
1949.32
1996.01
2028.4
1970.44
1796.95
1633.99
1586.04
1626.02
1780.94
1941.75
1899.34
1850.14
1803.43
1793.72
1816.53
1771.48
1917.55
2034.59
1877.93
1769.91
1913.88
2089.86
2004.01
2030.46
2032.52
2004.01
2063.98
2004.01
1910.22
1951.22
2014.1
1826.48
1680.67
1409.44
1433.69
1532.57
1520.91
1677.85
1598.72
1800.18
1768.35
1746.72
1862.2
1748.25
1700.68
1742.16
1805.05
1743.68
1626.02
1537.28
1683.5
1813.24
1751.31
1774.62
1628.66
1578.53
1583.53
1516.3
1719.69
1951.22
1728.61
1472.75
1501.5
1514
1450.33
1525.55
1669.45
1760.56
1710.86
1748.25
1601.28
1551.59
1622.06
1579.78
1463.06
1336.01
1403.51
1627.34
982.318
903.342
1395.67
1508.3
1601.28
1622.06
1425.52
1230.77
1368.93
1458.79
1335.11
1577.29
1947.42
1867.41
1774.62
1690.62
1739.13
1686.34
1766.78
2020.2
2044.99
2070.39
2012.07
1932.37
1951.22
1885.01
1843.32
1913.88
1941.75
1912.05
1904.76
2006.02
1923.08
1906.58
2034.59
1951.22
1928.64
1886.79
1826.48
1752.85
1777.78
1769.91
1622.06
1733.1
1910.22
1826.48
1742.16
1796.95
1823.15
1344.99
1186.24
1573.56
1839.93
1809.95
1836.55
1874.41
1982.16
1915.71
1947.42
2032.52
1986.1
1863.93
1829.83
1895.73
1949.32
2002
1996.01
1257.07
1068.95
1439.88
1680.67
1801.8
1796.95
907.029
920.387
1958.86
2162.16
2239.64
2247.19
1998
1881.47
1813.24
1828.15
1939.86
1966.57
1964.64
1759.01
1707.94
1836.55
1782.53
1718.21
1787.31
1838.24
1850.14
1841.62
1850.14
1809.95
1780.94
1328.02
1191.19
1555.21
1921.23
1845.02
1838.24
1988.07
1846.72
1763.67
1734.61
1870.91
1826.48
1831.5
1879.7
1848.43
1996.01
1978.24
1850.14
1755.93
1800.18
1945.53
1853.57
1795.33
1877.93
1771.48
931.532
804.829
1303.78
1683.5
1740.64
1780.94
1836.55
1684.92
1611.6
1737.62
1821.49
1879.7
1926.78
1919.39
1970.44
2044.99
2024.29
2083.33
2103.05
2107.48
2123.14
2139.04
2148.23
2066.12
2018.16
2034.59
1928.64
1800.18
1760.56
1811.59
1727.12
1632.65
1811.59
1919.39
2012.07
2145.92
2107.48
2085.51
2123.14
2061.86
2044.99
2136.75
2008.03
1956.95
2034.59
1734.61
1672.24
1974.33
2120.89
