1.34167e-311
inf
1.35573
2.3685
2.56363
2.74573
2.61622
2.54173
2.65793
2.75351
2.75056
2.76586
2.60191
2.62213
2.77095
2.71033
2.71605
2.62751
2.53314
2.63357
2.7251
2.73993
2.6156
2.56955
2.68141
2.7087
2.73004
2.70589
2.50281
2.49391
2.67385
2.72234
2.6667
2.51374
2.58286
2.72021
2.70073
2.71095
2.62706
2.48173
2.54143
2.69725
2.69218
2.5718
2.53885
2.62664
2.67501
2.72334
2.69041
2.4817
2.46832
2.64383
2.69899
2.59805
2.51972
2.59773
2.65619
2.59722
2.60863
2.57369
2.52286
2.63378
2.68977
2.68975
2.53097
2.49734
2.6407
2.68178
2.70232
2.562
2.38499
2.47117
2.65182
2.6783
2.6354
2.53624
2.55657
2.65637
2.66322
2.63916
2.51586
2.51006
2.59385
2.63797
2.69438
2.49646
2.49251
2.66785
2.67831
2.69727
2.63927
2.49091
2.4219
2.57423
2.71831
2.5849
2.45529
2.53859
2.65819
2.69625
2.71406
2.53085
2.51078
2.66684
2.68973
2.68949
2.51304
2.53578
2.65818
2.6539
2.69039
2.58166
2.45369
2.53155
2.69821
2.70839
2.55977
2.58203
2.69374
2.68193
2.7123
2.70061
2.5578
2.55426
2.66196
2.70765
2.72619
2.52836
2.52715
2.68408
2.71635
2.72235
2.52145
2.50775
2.67312
2.68397
2.71627
2.67887
2.56438
2.60569
2.7058
2.71825
2.69426
2.58847
2.52683
2.61287
2.70359
2.71408
2.56807
2.55916
2.69464
2.7058
2.73009
2.60386
2.5312
2.63213
2.71918
2.75771
2.69178
2.54875
2.57629
2.68867
2.70537
2.70142
2.5584
2.50535
2.64325
2.71803
2.72881
2.59804
2.59102
2.72008
2.71849
2.73218
2.67134
2.58353
2.60408
2.6791
2.73484
2.652
2.60128
2.6883
2.72234
2.7396
2.75155
2.67135
2.55876
2.62376
2.76069
2.72793
2.61998
2.60591
2.69
2.72888
2.75392
2.72317
2.54795
2.58598
2.74969
2.76269
2.74698
2.60564
2.64356
2.75122
2.71803
2.73551
2.69021
2.59583
2.67149
2.7636
2.73215
2.73495
2.62398
2.63041
2.7356
2.7501
2.78392
2.72305
2.53843
2.57101
2.7376
2.76567
2.7351
2.60685
2.63493
2.74677
2.75431
2.74254
2.63896
2.55003
2.59341
2.66987
2.70205
2.58348
2.61765
2.76812
2.76089
2.76743
2.72443
2.63411
2.54992
2.61669
2.7333
2.75239
2.62178
2.63299
2.75065
2.74915
2.76122
2.5943
2.5401
2.68419
2.77226
2.78275
2.75308
2.60637
2.62226
2.7588
2.73211
2.73806
2.5793
2.59258
2.75542
2.75099
2.78869
2.76095
2.64017
2.61896
2.72851
2.82194
2.80481
2.67327
2.65151
2.7156
2.76258
2.75758
2.68249
2.62839
2.69974
2.76636
2.75302
2.73905
2.54993
2.58995
2.76487
2.72385
2.69089
2.62734
2.66146
2.76452
2.78788
2.82544
2.83253
2.71281
2.43255
2.39847
2.53703
2.27805
2.31104
2.68459
2.77852
2.76817
2.75857
2.6687
2.56406
2.65329
2.77895
2.76035
2.65866
2.60161
2.66945
2.73621
2.71697
2.66454
2.57657
2.60046
2.73753
2.78604
2.73647
2.59314
2.63449
2.7665
2.75774
2.78428
2.73959
2.52963
2.4733
2.62102
2.7449
2.68873
2.6509
2.732
2.75647
2.81548
2.85079
2.73127
2.65733
2.62541
2.62789
2.77617
2.72994
2.62738
2.72337
2.8263
2.87879
2.87806
2.80489
2.71
2.73643
2.81555
2.84013
2.8145
2.7495
2.77821
2.82927
2.88299
2.91524
2.83533
2.73805
2.74793
2.83787
2.86951
2.84327
2.72853
2.74272
2.83479
2.85057
2.899
2.8517
2.71901
2.72404
2.84044
2.88615
2.87987
2.82718
2.78206
2.8016
2.85934
2.88998
2.87681
2.74845
2.66173
2.74913
2.8495
2.88485
2.76297
2.62353
2.73149
2.79644
2.79321
2.85407
2.80475
2.81548
2.84743
2.85358
2.87634
2.83418
2.73988
2.77044
2.81008
2.77246
2.83099
2.77242
2.77468
2.886
2.89388
2.9048
2.91058
2.82646
2.80418
2.8655
2.86379
2.87785
2.87962
2.8243
2.83336
2.87955
2.88799
2.90783
2.85381
2.76359
2.77912
2.87429
2.91303
2.902
2.77638
2.7501
2.83857
2.88274
2.91735
2.88506
2.76528
2.79141
2.89296
2.90567
2.86661
2.7505
2.70388
2.7826
2.87046
2.87488
2.88869
2.87294
2.77304
2.75784
2.86748
2.93266
2.8618
2.74916
2.79175
2.88032
2.88789
2.88515
2.82704
2.8177
2.8542
2.86107
2.89285
2.84906
2.76616
2.78386
2.84864
2.88589
2.89408
2.86364
2.81976
2.86266
2.92825
2.93372
2.91085
2.83646
2.83133
2.91023
2.93971
2.91834
2.93429
2.88937
2.76698
2.75599
2.84077
2.88769
2.90434
2.83979
2.71009
2.75205
2.8892
2.93844
2.90471
2.77763
2.80152
2.90615
2.91234
2.9059
2.81981
2.8018
2.87817
2.89757
2.9021
2.89552
2.83069
2.75537
2.8205
2.90602
2.87987
2.85587
2.75036
2.77861
2.89069
2.90382
2.92967
2.8558
2.80902
2.87667
2.90192
2.88578
2.90518
2.85932
2.73231
2.78554
2.93144
2.92463
2.92062
2.82044
2.82269
2.90216
2.91052
2.96033
2.91694
2.78861
2.81153
2.90724
2.9108
2.92997
2.8383
2.85017
2.94776
2.90151
2.88933
2.91743
2.87993
2.76102
2.74147
2.85669
2.92934
2.9138
2.80035
2.81803
2.92594
2.9067
2.92976
2.91775
2.73247
2.75783
2.91716
2.91069
2.91903
2.81709
2.82678
2.91767
2.90956
2.93512
2.93702
2.87634
2.76492
2.80395
2.90938
2.90924
2.88411
2.75963
2.79416
2.92372
2.89953
2.92918
2.96015
2.85922
2.78797
2.86403
2.94353
2.96176
2.86543
2.83083
2.91617
2.94272
2.90405
2.90463
2.91521
2.798
2.74058
2.86472
2.94862
2.92628
2.82011
2.82646
2.93949
2.95075
2.94602
2.93804
2.85719
2.83185
2.90616
2.96633
2.93844
2.80499
2.86859
2.97066
2.94095
2.93705
2.95126
2.9308
2.83612
2.84994
2.93404
2.94026
2.94772
2.86046
2.87715
2.95422
2.90944
2.93364
2.93712
2.85448
2.78914
2.77642
2.84068
2.93607
2.92407
2.83281
2.86442
2.96125
2.96816
2.96479
2.90887
2.82072
2.8392
2.92498
2.97775
2.98554
2.86612
2.83221
2.93174
2.97931
2.9848
2.98719
2.90416
2.8229
2.86208
2.94686
2.98911
2.99141
2.87807
2.83753
2.93524
2.95599
2.9731
2.96546
2.85243
2.84044
2.96111
3.00658
3.00707
2.92684
2.90482
2.99766
2.98783
2.97484
2.99892
2.95182
2.89275
2.92731
2.95793
2.96347
2.976
2.8928
2.88068
2.96312
2.94874
2.95076
2.99477
2.98712
2.884
2.81716
2.9082
2.99084
3.00406
2.88771
2.84135
2.90986
2.94478
2.95206
2.94311
2.89601
2.85112
2.91376
2.96137
2.97983
2.96986
2.9201
2.9268
2.97696
2.97515
2.97309
2.99703
2.97476
2.82616
2.84085
2.96417
2.97514
2.98905
2.86705
2.87439
2.98489
2.98647
3.01406
2.97915
2.86899
2.84162
2.93026
2.98915
3.01544
2.99416
2.86054
2.89232
2.97646
2.97378
3.00089
2.97017
2.89764
2.8136
2.86789
3.01159
3.03255
2.97345
2.90898
2.93313
2.97973
2.99355
3.01721
2.92192
2.85457
2.94902
3.00563
3.00797
3.02354
2.93371
2.9227
2.9978
3.00825
3.00547
2.99843
2.93739
2.82714
2.89607
3.008
3.01832
3.04199
2.91903
2.92662
3.00913
2.97772
3.0053
3.00937
2.94716
2.85899
2.89787
2.98024
2.99377
2.98948
2.8891
2.88701
3.00488
3.02956
3.01397
2.95964
2.82353
2.85492
2.98048
2.98771
3.01653
3.00381
2.87012
2.87834
2.95426
2.96175
2.99794
2.93989
2.83948
2.9104
2.98509
2.98309
3.01649
2.96444
2.88867
2.90349
2.97189
3.00617
2.99553
2.8763
2.81192
2.89516
2.97807
2.97506
2.98262
2.91448
2.87296
2.93895
2.98925
3.00215
2.98058
2.96628
2.8749
2.88422
2.98202
3.00065
2.9799
2.87964
2.90555
3.01472
3.0069
3.01056
2.98664
2.87389
2.89191
2.98196
3.00016
3.02042
2.99668
2.89503
2.935
3.01339
2.99987
3.028
3.0007
2.8747
2.89926
2.98842
3.01503
3.04685
2.98747
2.91256
2.93873
3.00544
3.00102
3.03443
3.01457
2.90523
2.89471
2.98244
3.00986
3.03231
3.03577
2.92926
2.92549
2.98013
2.99649
3.03401
3.01683
2.91028
2.89874
2.96647
2.99728
3.02461
2.93571
2.90383
2.9935
2.97745
2.94131
3.002
2.99201
2.86053
2.8966
3.00983
2.99447
3.00285
2.94632
2.9201
2.98785
3.0037
3.01179
3.03071
3.01066
2.9074
2.87627
2.94
2.96892
3.0129
2.96216
2.89771
2.97438
2.99932
2.99751
3.03867
2.99826
2.91099
2.83482
2.91982
3.0395
3.02211
2.93478
2.9051
2.99678
3.06606
3.04309
3.02891
3.00063
2.91549
2.86772
2.91787
3.01779
3.04454
2.9355
2.92223
3.0151
3.03673
3.07748
3.06974
2.98317
2.91778
2.96416
3.02955
3.03142
3.02147
2.92936
2.90877
3.01162
3.06316
3.0572
3.0449
2.90926
2.91894
3.05546
3.05057
3.01566
3.00225
2.9421
2.95864
3.06664
3.04739
3.05421
3.04938
2.93962
2.89456
2.98446
3.02994
3.05496
3.04279
2.89208
2.84837
2.83867
2.87433
2.99684
3.0264
3.01093
2.91979
2.79756
2.77029
2.86892
2.89914
2.83127
2.9233
3.03851
3.0552
3.05532
2.97557
2.90581
2.91015
2.98433
3.05366
3.05343
3.04825
2.90993
2.89652
3.03781
3.04969
3.07536
3.03446
2.89485
2.89888
2.96232
3.02127
3.07718
2.98917
2.97016
3.05169
3.08619
3.08131
3.09459
3.02484
2.88473
2.87491
2.92007
2.90159
2.91528
2.92792
2.94021
2.93383
2.86338
2.71652
2.72078
2.76086
2.58775
2.58831
2.76544
2.70302
2.55944
2.56688
2.59187
2.60895
2.70858
2.59912
2.59232
2.68594
2.59937
2.53777
2.50524
2.59516
2.62692
2.57634
2.57629
2.60758
2.61403
2.69415
2.75629
2.6696
2.49842
2.48825
2.63839
2.61041
2.54837
2.54047
2.56488
2.59999
2.63814
2.83688
2.99515
2.83946
2.84252
3.02894
3.04027
3.00502
3.03076
2.84955
2.81694
3.03204
3.05046
3.03718
3.06272
2.83454
2.82999
3.03753
3.03426
3.04028
3.0394
2.96885
2.83361
2.91007
3.019
3.02902
3.05689
2.88633
2.79384
2.91501
3.00924
2.99934
2.96441
2.74789
2.68341
2.79737
2.79062
2.78564
2.77711
2.80948
2.93419
3.00787
2.98711
2.97397
2.79635
2.77567
2.96066
2.98225
2.96159
2.9989
2.8226
2.81467
3.02576
3.05352
3.05135
3.02301
2.85836
2.81624
2.98215
3.03254
3.00123
3.05004
2.86924
2.83068
3.04121
3.05515
3.04685
2.97871
2.74951
2.74578
2.96584
3.03368
3.06797
3.00421
2.82259
2.90045
3.06435
2.99085
3.00016
3.00157
2.79992
2.8654
3.06114
3.0286
3.0432
3.05025
2.84516
2.82342
3.0009
3.01631
3.04397
2.9503
2.77701
2.90371
3.09973
3.04942
3.03008
2.93376
2.86477
2.98421
3.06819
3.04181
3.05288
3.03063
2.76922
2.80517
3.04197
3.04641
3.06053
2.90312
2.86521
3.0146
3.0726
3.05065
3.03999
2.9053
2.82261
2.97507
3.07753
3.05216
3.06266
2.93936
2.83826
2.97741
3.05707
3.02822
3.05692
2.92454
2.75531
2.89457
3.03969
3.06148
3.05709
3.0232
3.03383
3.06722
3.10046
3.06894
3.06924
2.97917
2.79155
2.87194
3.03568
3.04364
3.06284
3.03746
3.02838
3.03531
3.04622
3.07394
3.08826
2.87254
2.77429
2.94428
3.04523
3.04626
3.08325
3.084
3.03317
3.06703
3.04674
3.05003
3.07942
2.87584
2.8416
3.02856
3.05714
3.04707
3.08249
3.07236
3.03662
3.07942
3.09488
3.04423
3.04689
2.88959
2.84002
3.0052
3.00463
3.01029
3.06832
3.08612
3.06299
3.05046
3.09814
3.09351
3.09869
3.03871
2.82203
2.90043
3.12005
3.065
3.04332
3.07065
3.0608
3.0767
3.06974
3.04216
3.06209
3.03627
2.82918
2.87047
3.09092
3.07462
3.03608
2.96844
2.81697
2.88784
3.10389
3.06874
3.04893
3.01015
2.82977
2.90288
3.07626
3.01486
2.98393
2.90636
2.78107
2.90695
3.09909
3.0695
3.07434
3.03262
2.83206
2.81116
2.98491
3.05372
3.0968
2.90119
2.78157
3.00016
3.09492
3.04172
3.05719
2.86545
2.83104
3.05391
3.06556
3.03627
3.07919
2.93554
2.79559
2.94085
3.08042
3.08297
3.08124
2.90652
2.81822
2.98143
3.08914
3.05294
3.05999
3.00117
2.7932
2.88811
3.08583
3.08279
3.09022
2.9601
2.85561
2.9786
3.11326
3.08002
3.06525
2.82152
2.75691
3.02497
3.05829
3.05535
3.11627
2.90169
2.75198
2.97143
3.11823
3.0762
3.03982
2.82533
2.78862
2.99855
2.97435
2.95988
3.00845
2.84917
2.8676
2.81778
2.82891
2.93129
2.81352
2.77155
2.76838
2.90211
2.89019
2.86537
2.8863
2.77898
2.86679
3.06432
3.08572
3.0136
2.81934
2.68394
2.8559
3.02655
3.0333
3.05883
2.86666
2.76231
2.98624
3.09446
3.10384
3.10534
2.8921
2.89277
3.08413
3.08399
3.06541
3.0591
2.88453
2.86643
3.06577
3.08185
3.07977
3.02443
2.91119
2.99312
3.05795
3.04602
3.11153
3.12486
2.90343
2.88639
3.04667
3.05104
3.10285
3.13958
2.96045
2.8374
3.01701
3.13046
3.1031
3.09049
2.88233
2.8389
3.03986
3.08253
3.0989
3.13415
3.02829
2.8844
3.00103
3.13639
3.07787
3.0749
2.98151
2.83236
2.9387
3.13429
3.10999
3.12045
2.91135
2.82349
3.05227
3.12691
3.1074
3.10589
3.05541
2.85365
2.89072
3.10699
3.10122
3.11659
2.97638
2.77041
2.91493
3.13102
3.12856
3.11583
2.91006
2.92546
3.13848
3.15815
3.10303
3.07324
3.02733
2.83206
2.93224
3.13572
3.08807
3.07557
2.96773
2.91951
3.07054
3.1466
3.09774
3.10853
3.11516
2.90518
2.88922
3.09716
3.10922
3.10745
3.04473
2.87511
2.92281
3.10281
3.13474
3.1312
3.12423
2.9619
2.80551
2.93237
3.11111
3.12374
3.09902
2.83165
2.83593
3.10916
3.10252
3.08931
3.05781
2.92381
2.98922
3.11803
3.01433
3.03853
3.17105
2.95648
2.88122
3.08104
3.1242
3.11908
3.13409
2.90026
2.92057
3.17394
3.15463
3.10596
3.05222
2.92791
2.97201
3.1456
3.08151
3.08552
3.13003
2.97386
2.89462
3.026
3.13714
3.14828
3.13768
2.89062
2.77877
3.0159
3.11738
3.09569
3.14124
3.07178
2.94442
2.98417
3.10226
3.13108
3.16911
3.01395
2.80233
2.94898
3.14589
3.13374
3.1374
2.93982
2.82025
2.97973
3.11931
3.11856
3.13973
2.99229
2.90686
3.09491
3.1871
3.13328
3.11976
2.987
2.97121
3.12441
3.15472
3.15616
3.16632
3.19009
2.94628
2.85884
3.04173
3.04082
2.92508
2.78134
2.72734
2.83529
2.84914
2.87384
2.87509
2.71572
2.76035
2.9761
2.95739
2.88763
2.71425
2.49411
2.40494
2.59655
2.80355
2.88382
2.89984
2.94734
3.16684
3.13551
3.07745
3.0023
2.84339
2.85787
3.06715
3.11982
3.11766
3.15866
3.08649
2.87353
2.96809
3.14003
3.08816
3.04455
2.95594
2.93369
3.0273
3.1453
3.12707
3.12364
3.0285
2.86249
2.96214
3.13321
3.13724
3.15191
3.19269
2.90184
2.88883
3.16432
3.14239
3.15576
3.08914
2.85323
2.81967
3.04096
3.18678
3.11594
2.88905
2.84862
2.97787
3.10667
3.1693
3.17324
3.15355
2.89837
2.86645
3.088
3.17922
3.20705
3.1449
2.95432
2.99191
3.14424
3.16969
3.17281
3.11236
2.94325
2.93683
3.14688
3.20901
3.18436
3.21716
2.96416
2.95781
3.22274
3.22088
3.19374
3.205
3.22913
3.03951
2.8444
2.97003
3.16487
3.11822
3.12278
2.94007
2.91418
3.1599
3.20965
3.21467
3.17081
2.87567
2.88638
3.1655
3.18235
3.12455
3.15282
2.92038
2.92077
3.2347
3.23477
3.22226
3.23105
3.0407
2.84193
3.0267
3.22491
3.22044
3.18765
3.11072
2.95816
2.96412
3.132
3.12183
3.1468
3.14269
2.9755
2.98636
3.15621
3.19271
3.15335
3.00963
2.99074
3.1565
3.21129
3.12351
3.13095
3.22833
3.0257
2.81229
2.97684
3.2075
3.2086
3.18301
2.95409
2.96099
3.20786
3.20547
3.16133
3.13937
3.10278
2.95193
2.97823
3.17341
3.16972
3.07208
2.86336
2.95263
3.1961
3.20028
3.15972
3.08272
3.07928
2.8659
2.92906
3.22659
3.14206
3.11896
3.01982
3.02728
3.1646
3.19647
3.24329
3.22638
3.14354
2.87261
2.90586
3.13868
3.14431
3.10781
2.96239
2.84988
2.90279
3.04326
3.17116
3.24544
3.24384
3.08747
2.82671
2.90131
3.02599
3.02329
3.04291
2.93295
2.80003
2.88267
2.90024
2.85107
2.94403
2.92327
3.01816
3.12084
3.16039
3.19136
3.25193
3.04068
3.05083
3.31289
3.12872
3.06155
3.09417
2.91513
2.83635
3.07837
3.19873
3.19523
3.21138
3.03243
3.03141
3.19224
3.26421
3.3094
3.2652
3.13346
2.9776
2.96557
3.18709
3.27332
3.16715
3.19965
3.24922
3.17543
3.00233
3.08749
3.32051
3.26584
3.15048
2.96595
3.0244
3.25322
3.31391
3.28136
3.0551
3.00413
3.24444
3.34344
3.25643
3.2582
3.32364
3.11055
2.94779
3.15802
3.36159
3.33865
3.33037
3.32972
3.06736
3.06843
3.3496
3.3518
3.206
3.19981
3.08202
3.058
3.17561
3.1413
3.09865
3.05624
2.91983
2.97699
3.23014
3.20539
3.16726
3.167
3.0502
2.90879
3.0344
3.21019
3.14685
3.16602
3.20394
2.93218
2.93798
3.1892
3.17006
3.165
3.12541
2.91091
2.93005
3.14558
3.12336
3.10837
3.10033
2.88317
2.95257
3.18062
3.14967
3.17659
3.17997
2.96478
2.98638
3.186
3.15594
3.15611
3.18893
2.94336
2.93945
3.19487
3.23459
3.16198
3.16072
3.10111
2.94377
2.92518
2.93767
3.08052
3.17575
3.21537
3.04138
3.07433
3.32076
3.24614
3.21331
3.10933
2.86427
2.56512
2.7158
3.10707
2.95074
2.83671
3.03785
3.07027
3.06239
2.92241
2.86951
2.96085
2.91287
3.05506
3.1815
3.26205
3.32499
3.31479
3.13066
3.14874
3.24329
3.22637
3.33121
3.357
3.17345
3.01454
3.1893
3.34181
3.20463
3.20048
3.13693
2.96494
3.06713
3.25082
3.26214
3.22457
3.1817
2.91304
2.6134
2.73311
3.00811
3.03474
3.00406
3.16081
3.12285
3.03137
3.17719
3.15848
3.19772
3.18691
3.04031
2.96461
3.1043
3.30739
3.3108
3.05499
3.02243
3.26499
3.32075
3.33771
3.21318
3.03295
2.8813
2.95398
3.09851
3.07676
3.1393
3.14296
2.90583
2.94564
3.1937
3.12308
3.13408
3.19587
2.92818
2.91602
3.19321
3.1754
3.15512
3.20756
3.0433
3.01643
3.20107
3.19264
3.18459
3.2097
3.05576
2.9543
3.11076
3.23827
3.16333
3.20099
3.01787
2.98475
3.10162
3.03879
3.09763
3.15476
3.23751
2.99946
2.81184
3.03538
3.19875
3.20579
3.22947
3.05684
3.07397
3.25576
3.22549
3.21384
3.2237
3.03683
2.96256
3.16628
3.2666
3.20549
3.21473
3.12919
3.0406
3.17879
3.25038
3.16188
3.16988
3.14566
2.94741
2.92414
3.14335
3.2296
3.22681
3.24108
3.02983
3.03765
3.24393
3.23107
3.21254
3.20721
3.07412
2.95785
3.09203
3.27028
3.23877
3.22337
3.16561
3.04745
3.08127
3.20204
3.2333
3.22821
3.16699
2.96536
