9.14623e-312
inf
9.45868
105.319
108.067
106.946
107.239
110.54
116.252
110.284
66.1354
71.0656
124.031
125.219
105.535
95.7167
92.2637
75.7375
68.1501
80.2085
102.886
107.91
113.026
109.505
94.0778
88.129
98.3236
112.391
111.198
78.9921
83.5562
115.274
113.993
117.007
115.121
117.599
120.766
127.608
127.91
110.889
107.015
99.0001
99.6413
118.043
119.204
126.695
132.459
132.882
119.225
111.545
77.3216
79.6591
27.2569
27.4669
132.564
129.425
132.442
134.589
135.3
118.161
114.384
123.411
121.788
112.835
115.915
132.275
133.797
134.971
134.057
133.735
134.862
135.345
124.556
124.309
135.291
135.639
134.436
133.743
131.709
128.692
129.55
128.411
134.228
136.855
133.094
130.37
130.141
130.489
121.536
124.378
131.32
127.535
129.786
125.897
119.111
129.592
134.201
132.935
129.191
130.157
137.864
134.844
127.632
130.745
137.665
136.79
133.609
123.145
128.213
136.036
131.156
127.641
124.216
126.072
129.601
129.946
132.547
128.783
132.732
140.027
133.032
134.807
140.144
140.371
138.227
133.236
136.818
142.106
139.636
137.193
135.227
139.889
144.697
146.37
146.402
145.085
149.589
150.58
141.764
139.111
138.351
135.089
128.041
130.924
139.034
140.964
154.048
147.406
139.441
139.675
143.906
143.668
144.624
141.753
143.524
152.52
150.557
153.787
153.61
153.433
157.257
151.63
147.951
148.998
147.667
149.891
150.004
155.243
147.037
147.34
154.619
154.691
141.463
135.713
135.667
141.643
150.252
145.89
148.335
154.024
158.995
154.321
149.734
137.353
141.643
154.739
159.987
157.48
150.387
153.398
160.927
164.785
159.936
155.606
157.604
165.235
165.769
161.407
158.806
163.787
172.444
156.826
149.209
149.656
145.826
149.544
159.16
159.77
161.708
168.237
164.474
167.912
170.969
173.928
168.223
156.177
161.173
167.504
164.312
161.251
158.881
159.337
167.448
170.43
163.265
167.392
159.122
161.786
171.468
165.604
169.076
154.787
155.594
165.003
168.421
179.646
168.251
159.898
158.919
155.824
154.524
159.058
158.441
164.962
181.455
169.621
165.577
166.03
168.18
180.93
176.025
171.277
169.678
165.563
168.308
175.177
183.976
183.066
177.604
180.034
181.472
183.942
180.783
176.227
179.372
169.924
172.444
182.949
180.424
181.472
182.249
182.166
172.444
173.671
177.983
171.453
179.34
178.079
161.121
167.94
178.142
181.045
160.849
156.556
180.832
183.604
187.161
190.367
193.293
188.395
174.963
185.288
200.723
190.749
185.753
170.648
170.721
190.749
192.548
188.076
188.501
179.986
182.199
195.523
192.289
192.252
182.299
177.762
191.168
192.271
195.16
192.585
183.824
177.841
162.088
169.837
184.894
185.753
197.55
190.313
187.424
204.332
192.16
180.457
189.879
186.064
178.269
187.635
199.7
203.666
195.046
186.029
187.899
195.389
204.457
208.834
207.275
210.526
210.194
184.332
185.168
200.381
195.656
198.708
194.875
183.503
187.617
190.658
196.792
215.239
187.003
175.085
179.921
188.59
190.277
180.473
191.718
206.122
194.307
195.217
218.747
216.263
211.864
214.5
216.661
211.64
214.339
203.376
202.327
215.378
214.316
218.341
214.018
211.842
219.756
219.419
208.117
208.29
210.793
195.122
198.689
225.378
216.31
199.621
208.638
205.381
195.963
209.402
198.649
198.255
221.803
214.133
212.112
212.766
195.427
196.078
208.79
200.582
192.92
204.144
209.227
215.866
228.389
211.461
202.696
203.749
202.122
211.193
223.914
227.946
233.754
240.298
222.445
211.82
205.592
193.536
210.571
231.16
223.14
226.68
235.933
233.618
219.998
222.445
243.191
236.072
223.339
225.53
208.551
198.965
225.149
230.362
224.593
226.065
213.424
215.564
228.624
210.393
209.93
225.81
207.62
215.193
243.516
229.121
211.842
214.846
224.165
218.747
220.531
237.164
228.519
221.068
236.658
232.883
226.886
245.67
247.709
237.954
227.868
214.362
208.921
224.694
247.249
247.188
234.659
237.53
240.442
227.247
226.091
234
225.048
219.515
237.812
243.102
222.148
228.728
223.489
226.296
256.575
260.044
242.601
229.279
229.043
210.46
221.386
229.148
217.77
242.043
260.518
246.488
203.583
197.55
184.894
174.917
208.551
210.859
167.884
184.043
216.146
213.995
206.911
197.961
231.965
218.962
193.855
220.751
214.27
190.331
210.261
227.299
179.035
171.703
227.066
225.301
196.541
189.251
210.948
220.604
201.674
205.592
234.11
219.034
198.946
231.08
254.745
243.22
258.833
280.426
243.873
231.884
219.974
196.773
190.132
190.567
192.957
202.819
224.694
231.723
232.342
222.692
205.846
189.215
195.046
236.546
260.756
253.904
249.439
236.911
244.469
258.465
252.366
250.313
263.366
274.801
279.955
261.986
259.302
282.845
274.16
256.082
255.591
273.448
276.625
274.876
260.654
252.175
257.334
269.505
290.065
288.892
267.881
253.229
264.096
251.699
232.261
259.774
283.607
260.417
256.509
264.271
268.998
234.907
213.972
226.912
229.595
252.749
282.686
283.166
252.016
199.124
210.859
239.234
247.801
283.166
268.492
246.64
239.12
238.493
221.852
238.067
282.087
275.33
265.604
275.027
285.266
290.824
282.725
277.2
291.758
297.265
276.702
269.07
273.935
284.536
286.205
273.523
258.766
252.781
262.674
273.038
280.466
284.293
270.124
253.872
269.796
262.536
243.132
266.667
294.161
295.596
275.862
269.542
286.944
301.25
274.688
260.688
257.533
241.984
271.076
270.636
251.857
249.719
250.878
274.085
276.778
265.745
281.096
303.813
315.308
298.552
280.308
282.287
277.162
268.817
283.246
308.404
294.985
265.993
267.201
292.44
313.627
302.526
280.308
293.945
313.381
314.218
279.603
257.069
282.048
313.922
292.526
262.916
281.175
304.368
284.576
281.175
304.507
312.989
298.686
284.333
295.029
295.159
268.962
285.022
327.011
322.061
287.274
283.768
305.623
307.361
314.416
302.389
291.886
297.708
275.634
265.745
290.571
307.598
276.014
259
263.4
276.74
302.069
279.916
276.74
305.157
310.222
278.94
258.465
284.819
293.6
286.821
308.785
325.098
312.549
295.203
298.285
313.185
319.489
324.834
276.472
264.061
302.343
318.218
306.044
303.767
320.256
317.612
313.431
314.367
316.306
320.976
318.624
293.858
294.118
310.849
324.623
337.496
315.657
303.628
308.214
293.255
286.328
310.704
318.928
308.928
304.229
307.031
328.623
342.759
341.822
314.961
306.185
322.061
320.564
254.162
252.813
303.536
314.663
279.642
278.513
308.356
303.168
275.406
264.936
302.801
329.707
340.541
277.047
269.724
327.654
315.457
285.347
306.091
338.009
327.439
317.36
302.069
306.89
329.327
336.53
297.841
295.77
334.448
308.594
282.366
293.772
313.529
320.102
328.515
316.406
310.174
312.647
309.789
314.416
323.415
339.905
350.447
336.644
295.946
295.159
337.154
334.784
329.381
335.064
341.18
353.294
350.14
311.769
302.252
332.281
344.293
349.589
300.481
298.063
348.311
349.711
348.432
283.286
256.706
302.389
345.483
333.778
285.51
281.77
323.939
318.827
294.421
294.247
312.012
351.927
341.064
327.011
345.662
323.887
305.344
304.971
325.839
338.352
327.761
321.699
314.416
327.332
341.53
343.997
286.123
287.068
340.948
331.565
319.846
334.336
360.49
368.189
361.468
346.5
349.101
353.607
320.359
318.979
317.158
318.218
348.493
351.185
350.939
318.573
301.568
330.36
354.988
362.779
332.557
330.961
362.713
350.754
346.741
326.637
323.468
347.403
346.2
333.222
290.444
304.646
369.617
362.582
326.637
299.222
306.279
338.409
357.782
335.233
331.4
324.623
287.356
268.889
303.905
353.857
357.91
365.43
342.759
333.5
345.244
337.098
327.654
312.5
332.889
383.509
378.215
361.337
340.657
346.981
374.532
377.43
380.156
335.909
312.256
340.716
366.771
374.742
355.872
359.518
380.59
375.728
370.92
348.675
342.231
362.45
332.668
319.54
324.359
340.774
376.293
373.762
378.358
356.062
344.175
373.552
376.293
345.841
298.374
304.183
358.809
366.233
372.509
370.028
364.697
377.715
385.356
392.311
326.904
290.192
314.367
350.017
379.939
342.466
336.927
378.215
368.596
343.348
308.737
324.834
356.506
338.696
310.222
287.068
314.564
352.983
348.25
335.289
302.069
307.55
359.971
350.324
296.472
318.522
396.589
392.85
374.042
344.887
343.053
363.174
369.754
382.482
347.403
315.507
348.553
404.285
412.116
402.01
342.877
299.043
316.656
345.483
364.83
344.828
330.797
340.599
353.232
373.762
342.877
347.464
391.16
396.747
395.961
371.54
360.166
370.576
377.003
346.741
300.436
320.41
337.098
330.142
355.429
338.181
345.423
373.065
375.023
376.932
334.057
333.389
375.516
393.159
389.864
331.345
326.531
358.166
347.947
331.565
318.269
342.877
336.247
274.198
260.484
322.165
381.098
363.174
376.011
319.846
289.687
338.811
368.528
345.185
301.523
327.976
379.795
360.425
369.481
357.59
359.195
397.852
391.16
392.234
345.961
329.489
360.62
387.222
400.08
357.526
341.413
354.484
372.717
400.08
407.332
366.703
340.31
326.584
339.674
383.509
363.306
355.619
384.763
390.092
394.555
384.911
379.219
401.043
402.334
358.744
349.65
350.631
364.964
385.951
373.832
388.802
374.042
380.59
408.664
400
390.244
360.425
331.51
359.26
409.333
408.33
383.215
335.008
324.992
354.547
379.795
400.4
380.518
379.867
369.14
333.056
357.143
351.741
318.776
346.081
391.85
413.052
354.421
333.556
387.372
415.973
382.409
374.742
353.17
355.809
400
405.351
421.585
390.854
383.877
416.927
424.538
424.719
430.478
334.952
333.723
429.185
429.83
419.903
384.689
353.419
346.981
357.526
367.107
385.951
377.074
361.664
332.889
334.057
379.651
373.343
377.572
405.433
422.744
416.753
411.015
364.498
360.295
402.334
401.043
373.413
341.122
373.762
425.894
407.249
399.441
419.903
381.825
375.728
424.448
426.53
423.101
310.078
290.023
381.534
404.531
410.931
369.959
347.584
369.549
387.297
413.052
428.082
391.85
381.534
373.065
365.03
382.702
351.247
288.268
274.085
320.154
375.587
361.141
312.842
338.238
365.097
331.565
317.007
356.761
386.175
348.25
370.096
377.074
381.607
419.639
425.622
435.635
336.191
313.381
395.726
421.319
410.762
413.736
390.472
396.432
407.498
397.456
414.508
406.256
375.094
385.282
379.075
374.462
421.141
383.289
372.093
418.76
430.2
439.367
416.147
375.446
373.204
406.091
428.266
395.648
391.696
379.075
365.698
396.275
421.674
429.738
394.633
386.399
415.024
434.594
448.029
455.581
372.578
336.87
386.324
419.024
425.985
410.341
372.509
375.587
378.86
384.541
411.862
383.362
382.19
403.714
372.509
369.004
404.776
381.316
354.925
342.818
364.631
414.164
373.134
371.058
413.223
411.862
348.25
286.164
326.158
422.744
411.353
390.778
416.58
376.79
355.051
398.406
407.997
416.233
393.546
371.54
401.043
434.405
442.478
444.148
408.247
387.822
397.062
409.082
423.639
423.012
398.248
391.16
388.048
371.058
397.062
423.191
396.668
398.883
426.439
431.313
437.445
425.17
345.961
341.705
408.497
416.753
386.175
348.918
361.337
416.667
425.894
418.76
438.789
402.091
393.159
432.432
445.633
447.628
437.35
366.166
341.939
389.636
398.406
402.091
402.576
378.788
390.168
418.322
423.729
422.476
393.468
381.752
334.784
332.281
404.04
425.985
388.878
385.134
434.688
442.772
441.599
399.6
347.584
342.642
358.102
314.762
293.945
349.65
416.667
431.22
436.967
421.053
375.235
391.466
439.657
432.432
425.441
398.963
342.173
357.846
424.809
426.985
408.163
378.143
364.166
386.324
413.993
432.62
445.732
412.116
393.391
372.509
373.972
401.606
403.551
374.602
375.235
405.351
409.5
433.276
434.405
388.878
390.168
418.76
425.441
400.721
349.589
371.816
416.493
406.091
398.565
423.191
406.587
389.712
420.698
437.637
434.122
424.268
373.065
357.526
399.84
428.449
445.534
454.339
412.967
394.011
417.624
413.394
420.08
429
383.877
383.436
388.35
389.029
438.596
410.678
378.143
402.091
424.899
425.532
424.358
384.246
386.324
435.066
411.607
352.423
309.215
336.417
403.714
408.664
421.496
454.959
388.576
360.49
408.413
439.657
445.831
426.621
347.464
349.65
441.404
446.728
431.965
429.83
380.3
376.932
440.335
462.856
461.574
458.505
421.941
415.455
377.643
347.826
384.986
407.083
394.322
398.804
422.744
360.62
344.412
364.232
392.465
431.965
430.942
401.849
384.689
386.25
401.204
424.088
429.092
419.111
406.835
393.623
388.651
423.46
441.794
455.063
437.733
352.175
354.17
430.57
431.965
413.309
385.579
394.867
420.787
440.529
458.4
453.618
406.918
372.856
398.248
373.065
366.771
423.549
409.92
406.339
432.339
444.444
455.996
440.82
367.58
368.8
440.626
455.166
406.587
400.481
396.589
403.551
452.489
398.327
363.967
358.038
356.189
351.679
361.076
382.117
333.834
318.522
361.337
388.199
398.406
395.179
369.344
379.651
438.212
471.143
470.367
447.327
400.08
401.526
397.062
346.681
367.444
388.651
371.609
391.773
406.669
420.875
429.553
392.388
378.43
393.701
412.797
417.711
425.17
422.386
424.178
460.193
453.926
445.534
450.653
422.386
417.711
440.82
445.931
453.206
445.831
425.441
384.837
397.614
452.899
464.253
428.449
343.997
327.6
385.802
441.696
459.664
468.494
421.319
408.163
348.008
336.022
408.163
428.725
396.825
390.092
444.939
463.392
465.333
460.617
411.269
389.484
399.68
399.441
371.058
358.487
391.926
423.819
431.499
441.014
463.499
451.162
413.223
409.082
425.532
403.714
362.188
292.697
315.159
434.877
469.263
444.05
310.222
273.898
360.75
454.029
460.087
401.606
349.467
380.59
405.268
393.391
437.445
449.337
401.204
406.256
446.628
442.184
434.783
429.553
416.32
420.698
443.164
458.61
430.942
412.371
407.083
412.626
418.848
411.777
439.85
448.229
421.141
426.712
454.236
454.442
437.924
402.739
350.263
370.645
458.505
482.393
481.232
455.373
386.175
368.8
413.394
444.642
458.505
459.664
414.68
400.561
380.156
374.181
427.991
450.653
411.862
418.673
469.153
453.823
430.756
434.877
389.864
381.752
415.628
414.938
380.662
369.686
384.689
400.882
424.719
428.725
452.899
466.418
417.275
408.33
450.857
465.116
429.83
309.837
301.205
393.159
440.529
465.658
465.983
375.869
357.27
422.922
450.653
462.963
415.973
351.617
367.512
385.356
397.931
451.875
461.681
409.92
413.736
472.701
463.177
458.821
471.254
398.406
381.17
445.831
472.367
413.138
389.788
396.432
404.367
459.664
452.386
455.27
482.393
468.823
423.28
422.386
440.335
417.275
408.08
359.066
317.864
363.504
410.088
413.736
428.633
392.234
388.802
389.332
403.633
435.73
437.733
411.438
374.252
384.025
415.024
443.557
466.418
427.442
421.852
472.144
476.531
459.453
438.596
382.848
382.409
438.212
436.872
380.373
390.93
420.345
408.247
429.553
444.05
436.395
439.754
420.964
428.082
487.211
493.462
487.329
447.227
288.351
291.971
449.843
470.699
453.309
348.189
333.056
394.555
433.745
484.731
485.673
419.024
389.181
392.234
370.096
392.311
446.828
393.856
375.164
439.56
475.964
478.126
469.373
434.783
375.094
385.282
449.741
415.024
399.042
420.256
428.541
460.936
472.255
470.367
473.485
482.625
452.284
438.789
447.427
445.831
462.535
457.457
333.89
333.89
446.728
454.029
466.418
481.232
459.137
442.87
463.499
479.616
483.676
485.084
472.032
417.624
405.515
393.159
361.598
383.877
403.633
411.862
449.944
473.149
474.046
447.027
436.872
395.883
395.726
455.789
462.214
420.698
405.351
403.388
418.41
468.604
476.872
480.192
465.116
429.185
423.998
460.617
481.58
489.117
463.177
449.035
382.044
358.616
413.479
439.174
454.339
442.087
349.223
350.693
452.899
459.031
446.329
413.052
407.083
442.772
392.542
326.691
351.617
375.235
385.282
443.557
456.413
470.921
477.555
407.415
405.515
463.607
472.925
420.168
390.778
366.569
373.972
410.088
412.712
441.696
453.206
406.669
407.249
470.478
470.81
472.255
460.936
374.322
331.95
375.587
438.116
454.649
465.333
435.161
402.253
427.716
460.829
484.261
454.236
409.417
425.26
461.255
423.012
417.624
448.129
459.453
416.233
416.233
473.597
481.928
486.736
480.307
397.772
365.965
424.268
450.552
381.388
349.345
360.815
379.867
393.778
392.927
427.533
397.141
393.391
453.309
465.441
468.165
456.413
452.899
433.745
429.461
459.559
444.543
434.311
445.335
395.648
375.587
424.899
399.68
364.1
373.622
409.584
310.126
285.51
398.089
387.297
363.835
422.476
457.771
455.892
437.445
368.189
367.58
423.908
417.101
371.333
373.832
372.232
387.973
428.266
428.541
450.146
435.066
345.483
328.515
397.693
436.777
433.557
350.754
338.639
405.186
434.122
432.9
451.467
440.432
396.904
409.165
441.989
467.727
482.044
420.08
375.587
382.263
408.163
429.923
446.628
423.46
413.309
452.08
474.834
489.716
486.736
466.744
