8.80855e-312
inf
10.1219
64.0328
68.8018
67.3627
58.072
58.7941
64.7333
66.7534
65.3275
68.4814
53.4945
42.5758
52.7468
60.9775
60.9069
56.6926
53.674
61.8563
65.5394
70.4945
75.3182
77.1784
73.7327
74.3494
78.4037
76.8462
75.6229
73.078
67.4855
52.7009
57.0369
24.1415
24.0923
76.4146
76.8079
76.6754
77.0268
77.3037
76.6254
70.7164
66.7512
69.4758
69.9276
72.5479
74.9457
75.375
74.2005
75.4318
78.6009
76.4234
76.5082
76.6842
76.5374
77.7212
75.0272
72.3668
70.3755
70.2568
74.912
76.6577
78.2748
80.6159
77.1516
77.2529
78.533
79.3871
80.8277
79.4123
81.4365
78.6102
75.726
72.5268
73.2279
77.7847
75.9071
78.1281
82.2301
80.9062
81.1919
76.8315
72.2987
77.7001
81.7996
81.696
82.2978
79.2927
75.706
78.7247
72.1683
71.5487
80.7233
79.0077
80.4764
82.2402
82.2741
82.9394
81.3603
80.2665
82.1423
81.483
80.0448
79.7671
80.7722
80.5315
75.6859
77.5916
83.4446
84.6059
84.2425
84.9726
84.3739
83.0772
83.4899
81.7996
78.7123
81.8833
87.6079
86.0289
86.6701
87.4585
85.7927
82.4232
78.1342
76.2544
77.8483
84.349
83.9983
81.686
83.8012
85.5578
87.447
84.8896
82.1591
85.6421
89.3376
88.3392
87.1232
86.0141
82.3961
74.1482
72.3144
73.4538
72.9155
74.7384
75.0019
77.8392
83.0944
78.5238
78.7929
82.0816
76.6871
78.33
80.9684
76.1209
71.2987
69.5507
72.5137
75.1343
80.289
85.4044
83.5806
82.6173
84.9473
87.1042
87.2182
88.7548
85.2224
85.778
87.2638
87.9894
86.2515
85.9845
80.9979
81.6827
88.1368
86.7265
90.3098
86.6927
85.9033
91.916
89.9281
88.6328
90.8678
90.1469
92.5027
94.1531
86.8357
85.5103
88.7627
88.7469
87.8079
89.0948
89.5656
91.2118
93.69
89.5536
86.9603
88.6446
92.4129
92.0895
93.2401
91.245
91.9498
94.9397
92.3276
87.3324
87.2106
87.804
86.2106
89.0076
88.1446
90.5674
93.9188
91.638
92.1234
95.4016
88.9165
87.5465
95.3698
94.451
92.4813
94.5224
95.9693
94.0159
96.4088
95.9969
83.668
84.4274
97.0167
93.1619
91.8695
99.3345
95.7533
90.8183
91.9413
93.541
91.8105
92.7171
94.5046
98.1306
99.8901
93.69
95.7442
102.712
100.336
93.5235
90.5346
86.3632
89.9645
99.6562
101.9
95.0254
91.2409
96.14
98.7362
98.2801
98.1306
91.4495
92.554
98.2511
96.214
99.005
99.691
98.7898
95.3789
96.3391
97.5324
93.4492
89.1583
93.3184
97.9336
95.1113
97.9768
97.8665
98.2077
101.911
98.2029
96.0753
94.8137
99.5025
103.471
101.916
100.98
98.7459
100.817
102.701
100.69
95.5521
93.1055
92.1574
96.623
103.418
103.525
100.386
102.496
103.407
100.528
97.2242
100.08
109.415
101.353
95.288
98.668
105.519
106.815
103.67
106.53
101.631
93.1446
99.6413
104.221
96.4785
103.003
105.519
101.942
104.86
106.349
103.066
104.926
107.556
103.322
103.573
105.108
100.513
99.3591
103.471
105.904
109.583
109.703
107.296
104.526
99.6959
102.438
110.668
105.302
99.2851
106.219
110.724
103.338
107.533
113.456
107.706
108.98
114.142
116.056
114.685
111.086
109.022
110.895
109.308
110.859
113.225
103.343
97.1629
100.817
108.202
109.932
110.619
111.13
113.863
108.778
106.86
114.554
111.62
100.771
100.776
109.123
109.529
110.059
109.951
105.208
104.286
109.896
114.11
111.489
103.778
105.202
113.045
109.535
107.038
111.427
111.851
109.481
112.562
117.883
111.957
113.72
118.821
113.766
111.303
113.122
119.389
120.467
112.108
113.327
116.809
116.829
118.645
109.361
109.224
103.605
99.0099
114.85
121.544
113.921
111.074
114.916
120.395
114.956
113.527
123.87
121.433
113.302
115.574
120.824
121.08
114.771
117.192
120.722
114.443
110.957
110.387
108.46
103.891
105.865
117.206
123.556
113.98
113.289
118.147
121.271
119.048
114.097
120.555
120.766
117.64
122.242
128.957
128.172
114.515
113.54
123.039
126.358
120.693
119.097
119.225
116.795
112.765
109.343
119.382
125.439
118.043
118.05
122.933
127.592
123.977
120.817
124.123
116.959
116.98
116.367
118.906
125.905
123.297
125.471
124.813
122.827
119.517
119.768
124.417
126.095
111.782
102.506
115.747
117.323
112.082
123.862
124.618
125.984
123.602
120.33
129.282
123.663
120.54
123.724
126.944
128.115
125.778
120.438
124.193
130.31
127.332
123.297
124.969
133.609
129.041
117.171
119.083
119.232
124.626
122.496
122.384
130.404
127.243
127.755
131.666
136.351
133.111
133.494
124.751
123.709
133.601
125.392
123.084
135.501
133.86
129.862
124.486
123.824
127.324
126.342
128.766
125.321
124.813
121.743
118.645
114.41
113.811
124.285
123.97
124.339
130.873
131.423
131.857
132.048
130.268
136.175
142.177
139.528
132.074
129.971
138.947
140.509
130.234
131.987
142.755
140.974
137.108
136.677
140.499
141.503
129.391
119.31
120.322
122.911
124.984
132.846
142.653
140.855
136.221
136.743
122.617
124.899
140.786
139.762
126.032
125.313
136.537
138.495
126.526
125.778
137.798
141.323
140.934
131.917
129.441
139.606
139.402
131.259
123.191
123.274
139.315
137.202
130.276
131.64
142.268
144.488
135.465
133.86
142.298
148.478
142.542
137.09
139.929
145.592
141.243
142.146
140.905
140.469
140.469
140.036
145.539
141.814
137.165
142.339
149.577
143.482
141.084
145.56
140.489
135.117
140.311
151.55
148.17
147.33
134.291
130.472
143.792
151.435
148.898
138.812
134.192
136.733
139.958
141.623
142.867
142.491
142.43
143.39
146.391
133.726
129.374
142.481
142.481
134.78
136.193
146.349
142.562
140.786
128.057
116.003
132.89
143.73
145.476
139.189
137.108
147.656
148.017
142.827
139.14
144.123
152.277
156.323
144.331
141.273
150.921
149.12
147.243
143.844
143.308
153.292
154.321
140.331
134.535
148.92
162.959
154.931
154.214
145.033
144.155
135.971
133.609
149.087
148.39
149.645
156.924
153.492
145.096
145.476
154.883
158.97
155.958
159.732
147.831
145.879
153.917
149.454
144.77
146.875
150.195
154.321
154.416
148.269
137.174
128.725
135.612
152.346
156.814
145.476
143.431
155.836
145.043
139.315
144.991
148.622
156.654
152.882
149.768
144.363
153.622
149.723
151.24
161.538
150.286
149.723
157.978
161.057
140.578
139.072
153.245
162.285
165.631
158.504
150.263
154.955
162.92
154.679
154.392
152.369
143.102
147.71
151.757
146.703
147.678
147.995
159.885
162.193
157.58
153.257
152.847
164.029
162.417
162.404
161.225
150.353
148.588
156.801
160.527
159.923
158.73
152.8
158.391
169.076
164.217
150.943
155.982
168.691
167.631
173.686
164.65
159.363
159.02
158.844
157.629
157.866
165.262
148.622
147.005
153.763
158.567
158.466
157.085
156.9
155.642
165.481
165.563
168.833
165.961
150.071
151.057
154.178
145.953
156.238
173.611
165.125
157.617
156.152
164.258
173.145
167.799
171.512
158.341
155.34
165.276
166.917
166.75
146.778
148.379
142.867
141.894
162.351
168.719
163.106
158.919
158.655
152.532
165.03
154.5
145.911
148.644
149.566
152.346
145.635
138.475
152.288
167.588
156.165
148.115
145.001
138.112
142.643
164.541
147.678
141.753
150.297
152.277
152.451
147.34
138.667
138.831
152.894
162.39
129.668
124.463
158.479
163.666
159.02
156.421
151.665
153.292
154.607
152.905
163.814
156.213
163.452
155.015
141.243
139.792
139.548
142.786
149.488
176.103
179.905
178.667
176.32
172.34
174.429
169.621
160.836
164.718
183.587
175.147
164.285
135.071
135.263
163.119
157.828
172.132
185.168
174.749
171.718
168.933
173.566
179.211
167.884
169.895
172.354
176.507
177.604
172.25
174.627
168.62
165.975
174.459
188.715
191.608
169.477
167.043
178.699
182.815
190.422
189.807
186.289
175.024
172.414
188.058
171.969
159.795
146.897
155.739
189.484
162.088
162.999
167.21
164.15
177.51
172.622
176.929
183.201
178.047
168.862
171.292
187.529
186.411
173.792
164.731
171.6
189.717
184.23
182.765
167.701
165.153
189.807
184.98
178.651
184.315
180.05
173.491
175.963
188.75
201.126
192.234
182.815
182.033
160.295
161.865
178.015
147.885
148.876
175.67
188.182
187.829
175.269
180.229
190.313
172.354
163.975
185.219
195.065
187.635
187.529
174.749
179.517
199.064
160.927
161.368
179.469
176.149
196.638
179.147
175.269
196.002
200.341
184.145
168.89
183.469
199.124
187.652
184.519
175.516
165.017
182.249
189.573
176.087
174.353
176.336
183.167
191.791
195.065
185.598
174.856
178.38
184.247
196.889
207.275
193.349
185.856
189.825
177.321
166.168
166.486
183.908
205.107
193.761
185.718
199.82
197.492
193.592
205.086
194.989
181.225
185.202
199.342
206.42
196.599
189.197
182.715
174.718
182.866
193.237
179.308
172.876
176.025
189.107
207.577
189.054
174.948
177.274
189.699
191.847
170.227
181.192
204.248
195.695
201.106
183.925
179.872
194.024
181.307
183.268
195.886
196.002
196.098
201.167
195.599
189.591
195.484
205.255
188.111
183.234
194.856
194.156
196.386
201.694
196.947
191.241
192.827
185.874
192.734
198.354
162.853
164.976
175.654
180.522
208.333
193.461
186.776
188.129
183.1
197.375
210.371
179.228
182.415
196.155
199.342
210.327
196.464
197.219
202.716
197.278
188.644
200.702
205.044
201.086
211.484
205.149
189.934
194.043
199.104
201.755
200.441
199.223
213.447
176.211
175.809
210.482
194.25
197.55
213.015
193.125
188.822
212.743
188.484
183.318
211.999
212.653
182.249
169.736
181.719
197.355
205.107
205.74
208.16
193.517
185.237
198.373
207.168
203.853
200.12
191.241
199.88
202.041
207.49
220.337
209.271
206.569
196.309
189.915
208.812
214.018
210.106
217.604
218.603
195.255
185.099
193.93
186.272
196.889
222.05
212.608
208.008
214.938
197.394
182.149
201.532
208.768
168.322
164.109
186.376
193.349
193.686
208.551
220.386
195.503
195.618
212.789
209.71
214.087
219.515
192.215
185.615
204.374
205.91
210.571
219.226
218.555
214.938
218.079
215.424
217.912
225.81
206.037
204.082
204.248
192.66
205.994
224.921
222
222.568
231.642
207.62
194.515
203.128
204.123
202.081
195.122
196.85
199.382
172.697
183.385
219.467
199.86
184.638
191.406
195.217
209.864
230.787
207.598
203.811
223.314
214.5
209.82
224.643
202.963
191.498
214.408
217.936
210.482
202.081
198.138
216.779
216.193
190.042
200.06
219.178
204.897
213.447
224.442
210.682
211.015
221.312
202.778
199.362
226.27
219.226
210.106
212.359
214.202
226.091
188.84
174.978
210.194
215.424
183.959
194.212
198.472
188.644
202
199.104
215.517
233.481
221.779
212.089
217.108
217.462
219.563
222.544
224.618
217.984
187.091
182.432
202.532
217.699
233.59
229.069
228.624
228.65
209.776
221.019
238.635
227.041
226.963
234.522
227.041
219.01
225.352
237.248
234.11
231.267
235.933
228.311
221.435
210.593
178.205
184.775
229.727
198.02
191.92
219.708
202.84
196.29
214.707
221.951
224.366
238.407
207.275
201.369
218.412
206.996
206.954
223.614
224.694
223.664
214.202
195.982
210.15
222.965
211.887
220.58
235.599
220.507
223.314
228.859
222.445
226.116
232.856
244.021
223.839
210.548
226.091
232.748
227.041
234.687
231.938
224.24
219.66
211.528
225.581
238.749
231.267
224.341
218.842
220.604
214.11
194.837
206.996
222.074
221.337
225.887
201.837
201.349
228.624
230.601
231.589
238.294
232.883
233.973
220.726
218.842
229.358
232.91
240.24
235.988
239.206
243.279
201.776
201.349
241.109
237.727
235.571
235.488
234.769
211.037
215.843
240.703
222.618
218.866
236.295
229.095
224.593
223.015
212.495
224.366
234.467
229.016
215.146
200
189.97
198.926
168.138
165.508
220.361
239.292
219.419
215.703
235.073
222.148
213.402
227.428
226.449
227.118
220.167
211.238
218.555
228.467
236.351
228.363
235.405
253.1
221.607
208.768
234.852
246.002
224.366
214.869
233.236
221.484
217.179
240.327
229.016
226.655
241.517
235.599
237.699
219.37
205.783
227.739
243.25
240.848
237.84
243.605
228.206
191.571
201.613
236.827
208.225
207.383
241.896
214.247
205.044
229.779
218.603
217.202
240.471
250.063
233.155
217.557
225.352
224.115
232.342
246.488
233.754
231.241
243.873
232.91
211.349
212.698
232.369
238.351
233.973
243.043
219.539
205.634
202.675
208.943
239.006
253.711
254.55
219.563
206.569
226.296
234.714
246.883
254.842
220.386
218.962
252.557
204.165
195.484
222.816
176.211
179.856
224.997
202.184
209.118
250.407
229.332
192.548
202.081
225.073
234.659
226.501
201.939
219.998
238.92
238.72
237.614
229.859
228.363
212.675
213.356
236.855
242.895
245.248
256.312
243.576
227.635
230.441
241.604
228.363
217.628
227.687
223.065
227.557
233.454
231.294
241.371
253.1
246.761
223.889
223.264
237.756
206.207
202.593
236.63
227.713
232.775
222.099
196.252
205.55
226.963
229.253
213.721
224.115
255.037
246.154
221.779
206.526
207.835
229.2
240.269
232.099
235.433
245.519
244.888
227.635
229.253
252.717
240.848
241.896
263.817
253.839
229.279
230.282
244.2
232.992
230.441
248.355
248.849
240.183
228.624
223.989
224.921
232.558
252.621
244.409
232.396
247.249
234.714
194.913
201.126
231.241
237.643
252.27
222.173
198.059
215.216
241.692
241.809
237.051
260.281
260.79
241.604
237.079
226.347
221.043
244.828
247.28
224.215
230.388
248.077
236.1
227.247
235.655
240.038
231.589
242.131
251.13
219.563
219.949
250.063
260.281
250.063
241.78
252.781
262.158
256.279
241.225
223.439
210.704
227.557
254.259
248.787
247.463
235.599
216.31
224.795
245.158
256.772
244.798
229.121
223.14
219.684
221.705
238.039
262.812
218.317
214.731
240.877
227.739
247.158
244.379
220.264
231.696
259.943
265.146
240.674
241.138
263.158
208.703
207.792
258.365
255.787
237.22
241.75
265.569
254.842
234.494
230.574
246.214
240.906
245.158
265.287
256.049
258.732
242.424
231.027
241.08
252.813
274.01
255.46
247.433
246.64
227.015
218.364
230.627
241.517
238.977
254.972
273.935
272.814
254.518
237.501
217.037
203.273
224.795
260.281
232.775
225.836
244.559
245.068
226.193
231.321
269.324
249.532
248.694
262.916
234.522
218.603
230.574
253.936
251.826
247.494
245.519
231.83
222.544
225.301
235.239
233.155
237.389
250.91
262.261
255.558
247.678
255.885
239.034
236.546
258.866
254.291
229.463
226.937
230.84
215.564
231.054
265.182
256.443
244.17
257.699
259.336
226.886
210.859
228.807
236.435
227.169
245.158
271.113
251.067
209.864
208.681
213.447
220.629
248.756
241.255
245.399
263.054
245.158
225.352
235.516
256.706
260.892
261.643
272.072
262.364
222.469
216.286
220.531
229.806
259.235
264.271
253.133
238.692
221.582
224.09
243.784
253.197
265.922
269.796
250.063
253.518
264.236
224.341
211.909
239.894
261.746
258.231
255.558
264.34
233.155
217.533
235.516
250.219
239.234
218.245
235.71
246.336
237.332
218.317
203.604
226.912
260.926
268.853
247.77
243.813
247.893
220.531
216.286
238.635
248.571
258.799
271.407
258.532
234.082
237.332
260.078
246.366
222.025
238.436
271.113
247.311
220.921
238.692
235.571
240.298
279.564
282.845
260.18
250.941
264.445
249.938
233.809
241.4
258.365
257.235
253.068
257.666
250.878
244.618
260.315
281.136
277.894
266.383
264.236
274.688
282.167
237.671
167.378
169.119
227.48
244.648
222.568
228.154
266.241
261.028
230.123
229.069
254.033
255.624
244.32
256.772
261.438
234.769
236.883
253.743
257.367
239.206
237.276
266.916
256.148
253.357
249.532
243.635
250.752
259.269
242.866
220.994
241.663
272.109
260.79
229.069
214.8
232.585
256.377
264.166
276.587
264.831
242.571
237.417
257.136
277.469
261.404
262.502
269.869
244.588
248.355
242.542
214.569
220.192
231.508
231.777
209.38
222.891
266.276
216.826
208.572
246.975
233.891
233.918
259.774
255.853
227.015
225.581
258.833
266.17
247.066
257.898
287.522
269.833
250.815
235.71
239.693
252.876
260.349
267.38
248.756
254.356
258.465
249.439
230.415
232.992
266.916
270.893
265.498
265.534
255.265
246.457
242.925
250.282
259.101
240.385
250.627
278.396
281.175
263.539
228.571
233.019
224.997
222
247.005
212.698
205.276
241.342
237.501
240.674
252.302
248.016
250.91
251.319
264.795
266.241
236.518
227.998
253.55
259.875
258.298
275.444
279.877
262.812
267.058
264.236
252.781
248.602
255.526
276.472
264.831
260.824
281.096
273.299
229.648
227.687
261.677
275.9
253.872
255.363
288.976
283.648
240.993
235.933
267.38
267.63
243.962
251.731
279.135
265.534
270.015
265.957
253.775
236.855
242.365
281.73
261.849
252.016
276.817
231.562
204.708
232.531
262.502
262.64
264.725
267.38
263.123
264.515
252.972
260.247
274.537
256.148
251.636
276.091
285.755
269.906
253.485
249.875
253.904
270.599
288.268
295.334
269.107
256.575
277.085
285.347
240.964
225.632
255.885
276.587
267.13
265.922
284.333
271.15
237.501
211.932
236.155
262.709
262.674
286.574
287.687
270.051
253.293
247.678
249.128
