1.32853e-311
inf
8.33028
38.1272
39.4407
40.9324
40.1027
36.1219
33.892
33.1554
33.8232
39.045
33.8627
30.3122
31.3219
30.0138
31.249
30.8995
29.8174
16.8022
18.4769
40.3275
38.5698
35.3588
36.5878
44.0209
44.2272
44.0956
43.4122
40.4334
40.3388
43.6824
44.1647
43.1406
43.591
43.6453
42.9479
43.7283
41.8901
41.0846
42.7881
42.8954
43.6395
42.8064
43.2638
44.193
43.3135
41.3001
41.9798
43.7158
42.2404
43.3651
43.6786
43.2882
43.9522
43.0339
42.5922
42.0265
43.0339
43.3576
42.3576
43.4745
44.4257
43.2133
42.6712
42.5242
42.5324
43.7139
43.2797
42.5378
42.5568
43.4122
43.7158
42.8991
42.1345
42.8532
44.2468
44.8773
43.1192
42.8706
45.0593
44.7758
43.3529
43.2124
44.405
44.0888
43.4386
45.0319
45.818
44.962
44.3056
43.2171
42.3567
43.4962
44.6648
44.6638
45.0918
44.5256
44.1969
44.7999
43.058
42.3182
43.631
44.2566
43.8049
44.957
46.4005
45.6111
45.7425
44.2517
42.3245
43.9725
44.9883
45.3052
46.4533
46.6244
46.2289
45.6028
44.1921
43.6414
44.4642
44.4069
45.1284
45.8831
45.6121
45.2827
46.5181
45.977
43.6557
44.153
45.0836
45.2049
46.049
45.499
45.3823
45.3176
43.7579
44.4642
45.5716
46.1404
46.5636
46.7727
45.7708
45.4866
47.1509
47.1143
46.6897
45.9147
44.4761
44.9913
46.788
46.8362
46.134
46.1095
47.2322
46.9384
46.2118
44.838
44.1199
44.017
45.2581
47.3306
47.3294
48.2207
48.9201
48.1858
47.4834
46.2567
45.0765
46.101
47.2657
47.7589
47.5602
46.5149
46.7924
48.2369
45.9844
44.4701
47.0777
48.938
48.9057
48.1661
47.9203
48.4978
48.0665
47.0843
45.6225
45.6798
47.1687
48.1255
48.287
48.0954
48.3711
48.2602
47.7783
46.5495
45.2059
46.7377
46.8154
45.9453
48.3863
48.0204
47.7418
48.6393
48.3781
47.5285
46.0299
46.4792
48.0434
49.0533
50.4172
51.0074
50.2412
48.546
48.3057
49.0448
47.0223
47.2813
50.4961
50.4286
50
49.5958
50.1027
51.5066
49.6044
48.5013
48.519
48.962
50.2159
49.8244
50.1077
50.5932
49.2599
50.0764
50.1165
49.7636
49.2235
48.8687
50.7872
50.3081
50.5625
51.2807
49.6487
50.3537
50.8867
49.9226
45.8684
46.1798
50.1316
49.6401
51.5743
52.2712
50.0125
50.1882
50.8712
51.2269
49.1376
47.6213
49.6672
50.2689
51.5066
50.6342
49.1075
51.164
51.3387
51.4893
50.7833
47.9904
50.01
51.8296
51.713
51.6422
51.1928
52.4315
52.0413
52.12
52.3903
50.6675
50.4363
50.2639
50.1291
51.0048
52.3122
51.9143
50.9528
51.0543
50.8324
50.3854
49.351
48.5614
49.5454
51.9859
52.9549
51.6769
50.3816
50.3715
47.6815
46.1606
48.033
50.5689
50.374
50.2576
53.111
53.5633
52.459
51.1692
51.8054
50.866
47.0754
45.2642
44.8783
46.5322
48.6216
48.1162
50.5689
53.2269
53.3917
54.5569
53.3276
53.0743
52.021
51.083
54.0073
54.8125
54.9994
54.0278
54.2314
56.1608
55.9456
55.5463
53.2113
52.8248
52.7037
52.633
55.212
55.6468
52.8485
53.2566
54.6418
54.4588
55.0403
54.1492
51.4522
51.6729
54.0804
54.2667
54.1375
55.4047
57.1804
55.3143
53.7403
54.539
55.4032
53.5174
51.443
53.3903
54.4188
53.7678
54.539
54.5271
55.0585
55.9754
56.8246
56.7585
54.1448
54.3449
53.5619
53.4345
56.0695
54.8652
55.18
56.8456
55.1953
55.1435
54.7825
55.3511
52.7134
51.0347
54.3892
55.4431
56.2857
55.6282
54.8231
56.5147
57.9374
56.6316
56.7698
58.0248
57.5937
54.339
54.3626
56.9703
57.5622
56.8602
56.6283
57.9106
56.4908
56.9509
56.1214
55.0646
56.7875
58.2785
56.9784
57.9139
59.3595
56.707
53.7273
54.5182
58.5995
59.4619
57.7767
55.9284
54.0117
54.9013
56.6059
56.0711
57.0727
58.872
59.6837
58.5206
58.4163
58.4624
57.6701
55.5942
55.001
58.2343
60.6925
58.5275
57.1494
56.7779
56.7199
59.0807
60.6741
58.8668
55.417
53.2779
53.9403
56.773
58.0585
60.2391
59.5557
57.9458
58.4778
59.4283
59.4424
59.8498
59.2435
56.9719
56.0004
57.4399
59.6339
59.2645
59.446
59.73
59.499
60.5657
61.7646
61.6143
59.5805
58.9084
59.3754
59.1891
59.8892
60.7257
60.5785
61.3252
59.6588
57.9324
58.9379
59.7265
59.7657
56.7779
57.1576
59.7675
59.0423
59.3137
59.7925
59.5344
60.0366
62.2607
62.822
61.5044
58.8703
57.1543
58.7475
59.6837
60.0078
60.4522
61.546
61.1434
59.9018
60.241
60.9422
61.3008
59.011
57.3608
59.4301
60.7423
59.1716
59.5628
61.4458
60.7238
58.957
61.252
62.9069
61.5328
61.5101
60.4778
58.67
60.0998
61.8391
61.6143
62.4668
62.6468
62.0136
62.0059
61.0743
60.7866
62.8516
61.5745
60.831
61.5063
62.8417
62.6861
63.0915
62.2568
61.5953
62.0117
62.7569
62.5293
62.5489
64.0389
63.0259
59.9269
58.6235
60.6557
62.6724
63.0795
63.0537
63.4558
61.6371
61.6694
62.6076
62.2374
62.191
61.1527
60.1486
60.6428
62.5117
62.8121
63.2671
64.4974
62.9505
63.8325
64.9077
64.2674
62.3714
61.7455
60.423
61.5783
63.5042
63.7633
64.8298
63.49
60.7441
59.805
62.2123
62.7569
62.9089
65.238
65.304
63.4739
63.3714
61.282
61.5688
63.8203
65.8371
67.3378
65.1402
63.7938
65.1699
65.2209
65.5158
62.7274
60.507
59.5522
61.5517
65.206
64.2446
63.6517
63.6699
65.5136
64.433
63.5991
64.8572
64.7815
63.6416
64.5161
63.6112
62.8773
64.5432
65.9391
65.2486
64.4828
65.6405
64.7124
65.3125
65.4279
64.8866
64.8508
65.2507
63.6294
61.9905
64.0923
66.2778
67.4263
65.6707
64.6183
65.5179
66.5979
66.3416
67.8265
68.7451
68.1547
63.8427
60.5969
62.7609
64.9414
66.2142
67.0376
69.2521
67.9394
66.2712
66.6489
68.0064
67.8748
68.3831
70.0182
66.0066
64.6433
64.5849
64.4143
68.1292
70.8516
66.8606
65.43
68.9988
68.458
68.8137
68.2082
69.0274
70.8742
70.4225
68.1779
64.7773
67.288
69.7764
70.0305
68.7616
67.5584
69.1754
69.6718
69.3674
66.9299
67.8311
70.7089
69.5676
66.7869
66.0088
66.3878
68.3247
71.1415
69.3866
68.4838
69.2065
70.9421
69.3385
67.1411
68.327
67.8679
69.5024
70.3705
69.8105
67.5425
66.8159
68.313
69.2713
71.8133
70.8466
69.3073
69.0465
67.2043
67.0196
69.4131
69.9081
65.7614
66.2976
66.7913
67.7071
69.5918
68.8658
70.7289
70.0574
69.8446
69.4903
71.1162
70.7839
70.368
72.1761
70.7264
69.4879
68.5096
71.1162
72.3825
70.5741
72.4297
70.8868
67.6133
68.0619
69.0179
67.2179
68.3597
71.375
69.7983
70.8115
71.1668
69.3265
65.4986
65.6577
70.1508
71.2251
73.1582
72.002
72.5032
72.7458
72.4927
75.27
73.054
71.1997
71.4082
69.9888
65.4815
64.1766
69.483
71.4771
72.2883
73.443
72.3327
71.4618
72.4323
73.2815
71.2936
70.7889
70.6914
69.1419
70.6864
71.253
71.0051
72.1111
70.9698
69.3914
70.3705
73.3084
72.3144
71.7437
73.1689
73.1422
73.078
71.3419
67.7599
66.0415
68.4978
71.1313
72.4559
72.7141
70.6339
72.1735
73.3568
74.011
74.1565
71.6743
71.3089
72.7484
75.4347
70.4002
67.8265
72.8943
72.1579
72.9049
71.9269
71.4796
72.2335
70.492
72.4401
74.5629
75.123
73.346
72.0072
72.7431
74.5657
72.9954
70.6564
72.3458
73.5213
72.3118
73.6431
74.2308
74.7496
75.503
74.1785
76.4789
77.8665
77.7393
77.4653
74.0384
73.4835
73.054
73.5321
75.3636
72.5453
73.4241
74.9288
74.6296
75.3352
75.9474
76.0774
73.798
75.6115
76.4059
76.1789
74.2887
69.6743
69.8885
72.7802
75.4233
76.9882
77.9727
78.7526
75.8639
72.8014
74.3716
75.3125
74.5768
74.5796
75.0779
76.2602
73.1609
72.5005
71.4873
70.9094
75.2842
73.1181
72.9262
74.14
75.9705
79.8594
77.6006
78.1067
78.1739
77.8028
77.7363
74.9541
74.6074
71.7129
73.3084
79.3619
77.4413
75.4831
79.0608
81.5661
79.6147
76.1615
77.0149
79.2142
76.5257
75.7719
76.1209
75.0892
74.758
73.1074
74.0467
75.663
75.9474
78.3945
77.1367
75.4945
78.0305
78.9391
78.5793
76.2573
77.8938
83.1013
79.2079
75.0694
71.7231
72.9368
76.7195
75.5886
77.7696
78.4375
77.2738
78.4806
75.7146
77.6397
82.1591
79.4376
78.8768
78.1769
77.8786
79.7003
75.9676
73.2708
77.241
79.6115
77.6367
78.1922
78.0701
76.1557
75.8984
79.9744
83.7346
83.2778
81.4067
79.9169
79.8116
78.9827
75.7289
74.0165
76.8226
78.4745
80.7428
81.483
81.1096
81.0504
75.0075
73.616
76.2457
77.104
78.0793
67.5219
67.4969
71.7437
69.8251
72.9581
75.2049
75.4233
76.2893
80.1122
80.9913
80.8407
80.5639
79.4187
81.126
85.6311
82.5117
80.7918
82.9359
79.3147
77.7907
75.6344
71.1896
71.5538
75.8812
72.9927
73.749
83.5213
83.212
81.1425
82.6549
81.6227
82.0749
82.7061
81.636
82.2402
82.3791
81.9639
80.3632
77.2141
78.672
76.2718
74.73
80.795
82.9841
83.5317
85.0955
84.3917
83.9842
77.7333
77.2589
83.7205
83.2952
82.9703
80.0897
78.1067
81.2975
77.2827
74.9176
80.3859
82.058
83.4446
86.8169
88.0863
83.8574
79.3242
80.6875
82.8741
82.7712
86.6852
87.974
87.4508
84.9185
81.5096
83.0737
86.5763
85.3825
84.5487
86.4678
86.6814
88.2846
88.4134
87.3477
86.6664
86.04
85.9624
86.5688
87.804
88.3002
84.7565
84.2851
83.9137
83.9913
86.9074
86.2999
87.5887
89.1544
87.3134
86.8772
87.5388
87.4279
88.6132
88.9917
88.6132
88.9878
90.2242
90.8967
85.848
85.11
86.5539
83.9032
85.8517
86.003
86.1957
88.9284
89.4775
89.7102
90.6659
90.9298
90.6783
91.7389
91.3993
90.9794
91.0747
91.3993
91.7515
87.3324
81.9135
80.4408
82.1794
83.5736
86.1364
87.6847
86.7905
88.0825
89.6379
90.3955
90.4077
89.8634
91.6842
93.2879
91.8442
90.7235
91.2118
93.2575
86.8056
82.2199
85.2261
87.9933
91.7852
91.954
86.0289
85.3388
88.9363
89.5656
89.3855
89.67
91.4704
92.8505
91.6842
91.3617
93.2966
94.6387
93.2531
87.0322
87.9353
89.2658
89.1305
92.8635
92.6355
93.0536
94.688
91.4871
88.6054
89.6218
91.8485
93.835
92.1786
91.529
94.3441
92.7386
90.3506
89.4734
84.4844
85.0232
86.4267
87.2829
89.7263
92.5112
93.2488
89.3376
90.1348
91.8189
92.8117
93.0189
92.8936
93.8791
94.4376
94.8092
94.7912
94.518
94.8407
93.9805
88.5661
86.3148
91.1203
93.6988
92.9239
93.0449
93.4274
93.8306
91.6464
91.6464
94.1265
94.6074
92.2382
92.7042
95.8819
95.1837
93.9364
93.2923
92.1022
91.8442
89.0789
86.9452
91.6506
94.264
91.6212
92.1871
95.6572
96.7445
96.1492
94.2108
92.7085
95.057
97.5229
96.9744
96.8195
96.7399
95.6938
97.7326
92.898
85.8369
88.4291
90.8637
94.5716
97.2999
94.9532
96.3577
96.796
95.288
94.2818
94.7688
95.7121
97.111
96.9368
97.2621
96.8476
91.9921
92.0175
96.6277
87.7308
84.2389
90.4732
94.353
93.4842
90.4814
92.2041
94.8317
96.2603
95.8543
96.1307
95.7946
94.038
94.6925
97.5562
98.7996
96.4506
95.2835
96.2001
91.2909
90.8843
91.1369
90.9298
97.4659
97.6515
95.3925
98.912
100.422
98.9071
98.0488
98.1547
97.2101
97.7804
100.251
98.5319
94.3708
94.5269
99.6115
100.791
99.0246
95.3516
90.9628
91.8063
93.5279
96.857
99.7258
95.0841
92.7773
94.688
93.6067
94.3708
97.078
99.7904
100.995
98.1933
99.2704
100.949
98.6972
98.1114
98.1932
92.0641
88.4291
93.9496
95.8589
93.7471
96.0661
99.4332
99.7457
98.0873
100.386
100.16
99.3591
101.025
99.8951
98.4931
98.5416
100.558
98.8435
96.4506
97.6706
94.6298
94.7418
93.0233
77.9575
77.4264
89.0829
94.6119
98.9413
101.276
101.082
98.2994
97.3615
99.9301
100.457
97.8187
99.0099
102.38
102.554
102.664
102.971
99.2901
92.3916
90.6495
94.5358
96.5158
97.6324
99.3591
100.271
100.02
100.857
100.806
99.8303
102.759
103.734
101.291
101.492
101.379
100.74
101.569
102.78
101.343
95.4745
97.2857
96.8007
92.9973
94.7508
98.3865
101.755
101.128
103.509
103.579
101.297
100.321
99.3888
100.482
103.729
102.438
100.705
102.291
104.379
104.433
101.107
101.745
98.7703
95.4426
99.2507
102.124
101.854
103.204
102.522
101.926
105.446
104.893
101.932
101.487
103.724
104.091
102.297
103.842
103.907
104.21
107.354
105.753
101.921
98.0536
93.7295
96.0476
102.27
102.375
102.082
105.037
105.613
103.584
105.535
105.658
104.183
105.68
105.787
104.553
105.513
107.411
106.163
106.005
105.535
105.541
102.171
101.031
96.4646
94.0203
102.192
105.664
105.686
105.826
105.541
103.864
105.086
106.604
104.992
106.18
106.638
104.866
105.91
103.3
100.847
105.496
106.293
103.956
101.559
98.1451
95.8313
99.6761
103.231
101.994
106.423
107.974
105.048
107.038
104.86
102.559
107.602
108.237
106.958
108.425
108.495
106.479
106.394
106.53
105.546
102.712
96.4785
92.8548
96.6604
105.413
108.307
108.336
107.648
104.772
107.997
110.975
109.26
110.181
109.361
106.843
109.331
110.963
108.172
107.585
107.817
107.637
108.395
102.912
101.266
101.6
101.569
104.97
107.608
108.82
107.567
107.434
106.781
109.373
108.707
105.697
108.743
109.308
107.817
110.926
110.73
108.237
109.224
107.927
107.118
107.921
103.157
97.3236
99.681
102.03
102.15
106.423
107.377
106.383
106.542
107.718
108.425
109.547
108.184
107.216
109.415
109.571
111.025
111.445
110.822
110.023
109.069
107.394
104.107
102.036
99.8652
104.275
109.613
108.126
109.938
109.836
111.29
112.937
109.697
111.068
112.221
105.285
104.264
106.332
104.624
108.483
109.475
107.51
110.011
110.266
105.152
106.895
107.296
106.712
108.637
104.482
105.893
108.478
107.951
108.921
108.19
106.998
108.998
110.187
110.613
112.854
112.867
112.41
111.938
110.828
112.918
111.713
103.999
105.636
104.493
101.58
109.337
110.773
109.087
112.013
112.448
113.212
113.792
111.869
113.889
112.632
107.434
108.36
110.114
110.516
110.448
110.199
114.416
113.014
110.76
108.272
101.451
102.396
110.681
112.682
112.171
111.489
108.885
109.649
112.454
111.638
110.711
113.578
115.835
113.173
110.333
111.801
110.852
111.813
114.732
112.67
112.196
105.357
102.87
108.243
107.625
107.429
110.223
111.857
111.801
114.077
113.129
113.045
113.109
110.564
112.404
114.071
109.164
110.595
115.022
115.727
114.286
110.809
113.161
113.533
112.045
105.865
103.6
104.75
108.772
114.449
114.051
112.771
108.702
111.334
113.798
108.325
108.873
111.926
113.372
115.634
113.902
114.188
115.447
117.075
117.089
114.331
116.016
117.254
107.112
105.38
105.664
98.7703
103.675
110.656
112.013
115.241
114.377
113.392
111.844
109.957
113.546
114.804
116.836
118.154
114.345
116.72
117.53
116.516
116.164
115.148
118.217
111.913
104.521
104.663
105.619
110.583
116.768
116.795
116.836
116.394
115.647
116.09
115.701
115.929
114.489
114.351
116.184
117.911
122.152
119.374
117.64
118.182
115.161
118.036
119.539
118.133
106.615
100.065
104.368
110.345
113.437
114.837
115.214
110.509
111.222
111.241
111.049
114.364
113.237
114.364
115.634
115.274
118.301
119.574
120.861
120.294
119.474
119.382
118.05
118.871
111.037
108.69
108.348
106.423
115.187
110.988
107.945
116.117
113.869
113.889
118.694
117.302
117.654
116.932
116.809
115.467
113.161
117.014
119.303
119.897
119.346
117.723
119.19
118.357
117.682
112.246
107.112
110.558
113.039
111.284
116.557
120.591
119.503
120.402
119.446
116.686
116.299
122.287
121.558
120.113
119.048
116.993
120.012
120.337
119.218
117.192
114.025
118.043
120.744
122.167
115.108
108.849
111.012
112.721
117.848
119.811
117.316
117.171
120.171
122.85
122.466
122.489
120.707
114.824
117.543
120.693
120.279
121.271
120.773
123.024
122.669
119.804
118.406
119.389
112.6
112.001
120.985
109.751
102.443
112.013
119.717
119.033
118.364
118.252
120.555
119.904
120.034
121.788
122.234
123.115
120.243
119.94
118.899
119.474
120.934
118.998
120.569
120.533
121.832
122.078
111.303
110.626
109.896
110.363
115.587
112.892
117.171
120.417
120.525
118.885
118.54
122.354
121.907
120.048
120.671
124.665
125.953
123.069
120.135
120.301
122.617
121.021
121.036
122.033
121.051
114.666
111.663
119.175
119.289
116.673
119.261
119.624
122.76
122.903
123.168
123.312
121.714
125.905
125.62
124.891
125.968
126.239
125.937
127.836
128.213
124.533
125.353
125.818
120.409
110.187
110.846
112.714
112.391
120.171
121.051
121.249
124.316
123.32
124.533
124.316
123.016
123.153
124.239
126.454
123.472
124.518
119.589
118.561
124.719
126.255
127.332
126.279
127.17
126.239
117.841
113.837
119.432
122.234
121.855
124.657
124.766
124.417
124.977
126.598
128.667
128.213
127.283
122.13
122.414
123.525
124.116
124.93
125.636
127.275
128.725
129.828
128.386
131.173
129.509
127.049
127.779
118.828
116.557
115.882
118.744
125.486
127.105
127.202
127.535
129.157
122.205
119.574
121.647
123.931
126.295
127.861
125.802
127.918
129.282
130.107
130.378
124.883
126.271
127.194
127.706
129.124
127.356
117.675
108.102
115.354
124.564
127.787
126.056
124.363
125.526
125.581
126.422
124.953
126.896
125.762
127.065
130.574
131.259
129.249
122.572
120.453
122.175
123.122
125.755
129.366
129.041
128.485
119.111
116.87
120.308
116.98
121.721
123.396
125.873
129.341
128.493
128.559
127.771
127.738
125.313
125.109
125.929
129.467
131.761
130.736
131.944
133.797
129.82
120.012
121.855
124.977
126.279
127.779
122.797
123.663
117.571
117.606
125.102
127.853
125.905
125.07
129.157
128.46
129.786
130.251
129.066
126.398
128.692
129.333
131.622
132.406
130.014
129.124
