7.80705e-312
inf
3.97562
17.1338
17.9593
19.0375
18.5094
15.2745
14.0933
10.6679
11.5027
18.6442
17.647
17.2719
15.7983
15.9481
17.5346
17.1256
16.7178
16.6232
16.8935
16.3095
16.1761
16.9957
17.3477
16.7555
16.6187
17.0834
16.4027
16.2707
16.7973
16.2861
15.9896
16.4602
17.0162
16.8103
16.7888
16.982
16.8114
16.945
17.3111
17.1848
16.5149
16.5813
16.8687
16.1198
16.2737
16.8584
16.7367
16.5121
16.3602
16.5128
16.2146
16.2614
16.4218
16.0358
16.0818
16.4158
16.3476
15.5623
15.6255
16.2579
16.5053
15.3217
14.7499
15.5451
16.0251
16.5347
16.5351
16.3349
16.4965
16.7259
16.2969
15.9289
16.1899
16.2554
15.989
15.827
16.1236
15.8102
15.4402
16.0149
16.3655
16.2023
16.4567
16.9371
16.5751
16.4787
16.7209
16.7125
16.5218
16.2353
16.4249
15.575
14.2456
14.3904
14.6449
14.4945
14.7054
14.7039
14.9197
15.149
15.5637
16.0869
16.0655
16.2292
16.2491
16.2394
16.3143
15.9588
15.434
15.7119
15.7659
15.7983
16.3284
15.9858
16.1049
16.3653
16.4428
16.4039
16.2443
16.5497
16.7232
16.5123
16.5168
16.8496
16.4878
16.4901
16.7823
16.2563
16.3808
16.6779
16.1542
15.9444
16.3988
16.4652
16.2647
16.5121
16.708
16.456
16.4745
16.634
16.3764
16.6163
16.9364
16.6674
16.3137
16.5626
16.9999
16.472
15.9171
15.8878
15.8721
15.9027
15.8342
16.0714
16.036
15.9604
16.4043
16.5243
16.365
16.4058
16.494
15.7708
15.7381
16.1127
16.0772
16.4991
16.6384
16.5232
16.1422
16.1231
15.6647
15.0193
15.8847
16.0564
15.8029
16.4501
16.6896
16.1892
15.4852
16.0074
16.5106
15.8446
15.885
16.5722
16.8631
16.8623
16.5811
16.0052
16.1271
16.0554
16.0384
16.365
16.4875
16.7374
16.1871
16.1184
16.7291
16.4938
16.1725
16.2377
16.4241
16.1582
15.461
15.2869
15.1232
15.6346
16.2293
16.1041
15.4402
14.9422
14.8389
14.665
14.5248
15.4439
16.3448
16.4476
17.0019
16.2126
16.3244
17.0899
16.3026
16.1589
16.8932
16.6298
16.1616
16.4351
16.7974
16.3812
15.8331
16.0443
15.84
15.8032
16.3741
16.3948
15.739
15.6687
16.3268
15.8758
15.4112
14.9146
14.6092
15.9136
16.729
16.1674
16.119
16.4727
16.5796
15.8202
15.8558
16.3424
15.8366
16.3004
17.0433
16.7597
16.2989
16.1908
16.8322
16.8134
16.4947
16.6016
16.1617
15.0909
15.4946
16.4174
15.2708
15.707
17.0867
15.963
13.8263
14.5663
15.9151
15.5813
16.3479
16.5503
16.6866
16.9973
17.0372
16.7123
16.7935
16.7157
16.4061
16.3387
16.7954
17.2506
16.6165
16.2599
16.4902
16.5312
16.0181
16.3595
16.8926
15.8969
15.2605
15.0784
15.4269
15.9184
16.4092
16.4499
16.1695
16.4955
16.4656
15.9787
16.063
16.7569
16.7457
16.6574
16.2877
16.0778
16.4409
16.7444
16.7556
15.733
15.9162
17.0046
16.4654
16.1837
16.4339
16.6453
16.3424
16.1522
16.5002
16.146
15.9789
16.34
16.4609
16.0448
16.2607
16.9645
16.6251
16.3523
16.5415
16.8053
16.2892
16.3768
16.9984
16.2499
15.9486
16.3844
16.8326
16.5246
16.4214
16.5996
16.1389
16.6944
16.8946
16.4732
16.34
16.312
17.024
16.6367
16.3522
16.674
16.0917
16.087
16.4674
16.939
16.6554
16.1064
16.4804
16.0049
15.765
16.3067
16.5815
16.5371
16.4163
16.4593
16.4758
16.3388
16.3976
16.5802
16.3343
16.4076
16.6643
16.393
16.4636
16.9208
16.0895
15.8217
16.7066
16.7652
16.221
16.1467
16.5235
16.1077
16.252
17.0643
16.9301
16.2973
16.1255
16.8095
16.3916
16.0317
16.5945
16.5462
15.8087
15.8593
16.8323
16.8035
16.7732
16.7712
16.6722
16.2912
16.0831
16.687
16.4151
16.1344
16.6479
16.5281
16.0702
16.4305
16.6828
16.3721
16.677
17.1425
16.5792
16.2573
16.7723
17.0314
16.7298
16.6861
16.8591
16.3948
16.1991
16.7339
16.9315
16.3473
16.2472
16.7518
16.2495
16.0614
16.7811
16.4216
16.1916
16.3737
16.743
16.2101
16.0065
16.9769
16.7611
16.429
16.7022
16.8986
16.5113
16.7485
17.1994
16.7998
16.6021
16.7245
16.6456
16.4509
16.4535
16.8848
16.7846
16.0908
16.4222
16.7517
16.2546
16.162
16.0268
16.0398
16.7782
16.9621
17.0012
16.7501
16.6402
17.1453
16.9441
16.9092
16.9127
16.9172
16.3736
16.2442
16.8053
16.6692
16.1749
16.1378
16.8045
16.6658
16.7244
17.2481
16.7694
16.3001
16.5386
16.9009
16.7023
16.7452
17.0927
17.2646
16.825
16.4514
16.6536
16.3504
16.4491
17.1624
16.6724
15.8431
16.4066
17.3298
16.8223
16.5939
17.0056
16.6364
16.5104
16.8354
17.0232
16.5015
16.4931
17.3531
16.8523
16.6464
16.7901
16.6937
16.8011
16.8684
17.1643
16.6685
16.3736
16.7813
16.7988
16.5941
16.8047
17.029
16.6027
16.4749
16.8709
16.6277
16.5427
16.733
16.5957
16.4267
16.5381
17.1444
16.501
16.0337
16.7515
17.1817
16.6813
16.5287
17.0346
16.4533
16.3176
17.0343
16.9552
16.4201
16.5456
16.901
16.757
16.5228
16.6503
16.6216
16.4942
16.9496
17.169
16.6113
16.628
17.0672
17.2954
16.6857
16.5474
17.2316
16.3546
16.1456
16.7709
16.8536
16.1891
15.9387
16.7181
16.7572
16.5037
16.6553
16.7353
15.9323
15.9347
16.8863
16.7022
16.4411
17.1223
17.0974
16.3472
16.4272
16.7723
16.5202
16.5686
16.9385
16.7983
16.122
15.5105
16.2411
16.7235
16.6266
16.8175
16.8593
16.0163
15.9309
16.864
16.2926
16.1111
16.7269
16.8822
16.5254
16.361
16.6728
16.2586
16.2507
17.2353
17.1385
16.7108
17.0221
17.3372
16.4151
16.2284
17.0029
17.15
16.7659
16.8128
17.0221
16.5888
16.5426
16.8796
16.8883
16.6856
16.6724
17.148
16.8856
16.061
15.5591
15.5677
16.3465
16.7419
16.9605
16.3195
16.1533
16.5177
16.4781
16.9553
16.9542
16.8865
16.5937
16.4317
16.9655
16.8064
16.4666
16.5172
16.503
16.6563
16.6653
16.7087
16.4531
16.4078
16.8383
16.7895
16.4345
16.5025
17.0566
16.4447
16.077
16.679
16.7291
16.3708
16.7482
17.0965
16.3139
16.3215
16.8833
17.0139
16.4441
16.4943
16.9414
16.2176
16.3047
16.966
16.2557
16.2783
17.1861
16.627
16.4395
16.825
16.8945
16.5411
16.5441
17.0522
16.8374
16.9621
17.2637
17.3939
16.5942
16.3308
16.9391
16.9895
16.8839
16.6742
16.8095
16.352
16.4189
16.8862
16.4493
15.9161
16.2176
17.1583
16.7556
16.5935
17.2005
16.8633
16.9142
17.466
17.4567
16.5994
16.6203
17.0958
16.7999
16.6669
16.8435
17.232
16.7255
16.3598
16.9311
17.24
17.0488
17.1284
17.0993
16.47
16.5034
16.9844
16.824
16.6421
17.1163
17.2022
16.5355
16.733
16.8927
16.9466
16.6882
16.145
15.7048
14.8246
15.0855
16.3555
16.5748
16.5981
16.8932
16.8415
16.7722
17.1287
17.4828
16.7251
16.8153
17.7106
17.1812
16.7357
16.9284
17.1129
16.9984
16.9025
16.9035
15.8245
15.901
17.0303
16.9358
16.129
16.1016
16.71
16.4784
16.5401
17.1612
16.5695
16.2709
16.727
16.7661
15.918
15.7778
16.1185
15.5153
16.0127
17.0873
17.3488
17.1694
17.0002
17.4651
16.7656
16.4468
17.0873
16.4711
16.3482
16.8879
17.2506
16.8449
16.8136
17.3282
17.1587
16.73
16.6367
16.8333
14.9939
15.0776
17.099
16.4587
16.2252
17.0356
17.1585
16.6879
16.5689
16.7026
16.4295
16.4182
16.8227
16.865
16.7056
16.9492
17.4362
17.1142
16.8527
17.0739
16.9864
16.76
16.5385
16.9772
17.169
16.7449
16.858
16.9355
16.859
16.9329
17.1674
16.3941
15.991
16.7111
16.3874
16.1237
16.3693
16.6328
16.1323
16.3283
17.164
16.2669
15.9516
16.2796
16.4259
16.4552
16.7695
15.0227
14.7796
16.0247
16.344
16.7892
16.7038
16.8546
16.832
16.4042
16.4002
17.2046
16.5737
16.3001
16.9703
16.7287
16.3372
16.7051
17.0474
16.6747
16.7489
17.1537
16.8405
16.5667
16.9186
16.5147
16.1531
16.804
17.0174
16.6758
16.3631
16.5656
16.4596
16.3609
16.8393
17.2326
16.9109
16.6545
17.0395
16.9895
16.756
16.8444
16.7536
16.1374
16.4656
17.2968
16.794
16.6581
16.9464
16.7987
16.9812
16.9723
17.1481
16.9765
16.7725
16.998
16.6882
16.3986
16.6268
16.7276
16.0622
16.1155
16.9066
16.8318
16.2723
16.6669
17.2818
16.4987
16.1922
16.9799
16.8528
16.6517
17.1095
17.4046
17.3467
17.1069
17.1286
17.1231
16.6124
16.7214
17.1848
16.6633
16.5993
17.0038
16.7694
16.5913
16.682
16.834
16.7494
17.0955
17.6086
17.1275
16.6018
16.75
17.208
16.6774
16.6255
17.3298
17.1394
16.422
16.5905
17.0942
16.5248
16.5138
16.8326
16.4425
16.0649
16.2473
16.6317
16.5211
16.6067
16.4811
15.6145
15.395
15.6287
15.5389
15.6057
15.4096
14.481
14.8259
16.1729
17.0294
16.8727
16.402
16.2869
15.6081
15.723
14.7026
13.5332
15.0506
16.8628
16.2342
15.0756
15.1889
16.1277
16.2201
16.5392
17.0306
16.6384
16.6852
17.0245
16.0348
15.0807
15.8452
16.3039
15.1836
15.537
17.1976
17.2077
16.7059
16.3512
15.2424
14.9204
16.0439
15.6076
13.1751
13.731
16.7733
16.6239
15.2946
15.1399
14.2905
13.7733
14.9027
14.3875
14.5937
16.7798
16.7833
15.5577
15.7457
16.886
16.9006
16.7156
16.7709
16.3052
16.3491
17.043
17.3346
17.2994
17.6549
17.9795
17.4857
17.2783
17.6719
17.5257
17.212
17.5466
17.7423
17.7996
17.3977
17.2058
17.5457
17.3596
17.2271
17.4318
17.5041
16.9612
17.1391
17.525
17.2163
17.6095
18.0292
17.8348
17.3546
17.5079
17.6836
17.66
17.5308
17.8729
18.0054
17.4017
17.5388
17.8605
17.5634
17.3411
17.617
17.5911
16.6233
16.6394
17.5417
17.5313
16.6971
16.7798
17.6574
17.2457
17.0278
17.1518
17.4868
16.9617
16.6337
17.4412
17.7176
16.9758
16.9401
17.8198
17.7606
17.2943
17.4718
17.4772
16.8009
17.219
17.9072
17.4295
17.1383
17.5471
17.709
16.8782
17.0416
17.7637
17.4193
17.515
17.6256
17.3664
16.8734
17.0262
17.7775
17.5004
17.04
17.3726
17.4274
17.0116
17.0785
17.3264
17.6409
17.3057
17.2915
17.6508
17.29
16.8045
17.1817
17.8166
17.6185
17.5226
17.4514
17.3676
17.441
17.5781
17.9253
17.5565
17.2737
17.5881
17.5087
17.4218
17.4563
17.6785
17.3274
17.0915
17.188
16.134
15.6406
16.6417
16.5689
15.1726
15.4922
16.8404
17.3111
17.0082
16.8608
16.6693
16.1345
16.5404
16.4982
16.0536
15.9222
16.5273
16.8427
15.7571
14.7168
15.3592
15.0498
14.4113
16.1404
16.794
17.0039
17.6632
17.6166
17.0237
16.8393
17.2946
16.9828
16.9667
17.4058
17.3971
16.8785
16.7012
16.7981
16.9938
16.9474
17.0927
17.4426
16.8915
17.0107
17.2452
17.1234
16.9461
16.9591
17.2958
16.0838
15.959
16.9937
16.293
16.4947
17.496
17.4134
16.9533
17.0975
17.6477
17.1687
17.1123
17.734
18.0675
17.5719
17.1062
17.513
17.8352
17.6111
17.695
17.7552
17.2065
17.4749
17.9906
17.9515
17.105
17.1671
17.7533
17.7376
17.1694
16.946
17.7079
17.6396
17.4627
17.7825
17.7598
17.3503
17.4275
17.4151
16.7732
16.3885
16.5446
16.7112
16.3526
16.2722
16.8922
16.9282
16.5581
17.0746
17.8753
17.2151
16.9665
17.8412
17.6782
17.4199
17.7004
17.8492
16.1458
15.1224
16.3847
16.9566
16.788
16.9532
17.1855
17.3595
17.1742
16.7492
16.1452
16.2672
16.8626
17.1746
17.3294
17.1892
16.6546
16.0305
15.9919
16.3024
16.8022
16.3579
16.2677
17.1876
17.118
17.1689
17.5055
17.3418
16.1512
14.944
15.7949
16.182
16.3502
16.4667
16.346
17.5041
17.428
17.3729
17.0227
16.9799
17.3504
16.7371
16.9879
17.5503
17.5053
17.1079
16.6925
17.1706
17.3019
16.8996
17.0369
17.236
16.9179
16.9152
17.4183
17.4741
16.6128
16.5199
17.1559
16.6159
16.6914
17.3261
16.5263
16.4787
17.2304
17.4231
16.861
15.9617
16.407
17.124
16.8265
16.9467
17.0879
16.6395
16.7688
17.25
16.6939
16.355
17.0426
16.7228
16.1535
16.8056
17.3072
16.0821
16.1664
17.1835
17.4353
17.2058
16.7823
16.5949
15.4377
15.8582
16.9614
16.0465
15.8304
16.832
16.4359
15.441
15.1499
15.5184
16.0787
16.1941
16.5924
16.3082
16.0581
17.0211
17.5883
16.7126
16.7087
17.4941
17.2062
17.0855
17.3921
17.8417
17.4775
17.2236
17.6611
17.4397
17.1605
17.3831
17.7035
17.3788
17.3748
17.1309
16.7912
16.9281
16.8403
16.9275
16.4643
15.6329
15.6658
14.8639
14.9685
16.2669
16.1288
16.5173
17.324
17.6639
17.4958
17.1644
17.2414
17.592
17.2499
16.308
16.4948
16.8296
15.9309
15.3076
15.738
15.9294
16.071
16.863
15.6422
15.2569
15.9488
14.9786
14.5487
15.9882
17.6295
17.4113
17.4705
17.6782
17.1446
16.8356
16.9216
17.2369
17.4303
17.5673
18.0492
18.093
17.3091
17.7827
18.2457
17.8993
17.7998
17.8779
17.9931
17.2595
17.0372
17.7915
17.8918
16.8488
16.2244
16.7572
17.0844
16.5752
16.9306
17.7836
17.6594
17.5602
17.6657
17.4615
17.4729
17.5196
17.3863
16.971
17.4195
17.8755
17.8811
17.4726
17.4081
18.2705
17.9863
17.6435
17.1206
16.6902
16.8237
16.9436
17.1565
16.7231
16.5523
17.284
17.5471
17.4131
17.5156
18.0143
17.865
17.7692
18.0352
17.7743
17.3712
17.284
17.6597
18.0902
17.1807
17.1019
17.9833
17.6044
17.6678
17.6916
17.7741
17.7071
16.7266
16.0259
16.4642
16.8846
17.0799
17.4365
16.6107
16.5798
18.0187
18.3088
17.6735
17.7958
18.2199
17.8109
17.2019
16.7975
17.3702
17.1146
17.0509
18.246
18.2154
17.7373
17.6241
18.1274
18.0659
17.2825
17.4692
18.1613
17.8573
17.7453
17.908
18.1299
17.756
17.6846
18.1972
18.2929
17.9274
17.5111
17.7283
17.6916
17.1585
17.464
18.0709
17.8966
17.5419
17.5256
17.6644
17.4787
17.6243
18.0876
18.2169
17.0997
17.1675
17.5863
16.6121
16.1067
16.509
16.4061
16.2293
16.5203
16.5599
16.7633
16.774
17.2737
17.0606
16.6457
17.2995
17.8471
17.5457
17.6182
18.2789
18.1434
16.8296
16.8892
18.0802
17.9788
17.714
18.046
17.8771
16.996
16.6927
16.7518
16.6193
16.3377
16.6203
17.0586
16.863
16.8391
17.2191
16.4426
16.6895
18.0226
17.6184
16.4643
16.607
17.7338
17.5906
17.2888
17.6697
17.7137
17.1387
17.5141
17.8803
16.4443
14.3307
13.8345
15.8642
16.5188
16.8354
17.0737
15.9902
16.7342
17.459
17.3741
17.0382
17.2704
17.2795
16.8374
17.1638
17.8936
18.0227
17.5268
17.5474
17.0387
16.6294
16.8503
17.3366
17.9541
17.4401
17.474
17.9499
17.4497
16.9727
17.4564
18.0961
16.8831
16.6767
17.9
18.1376
16.972
16.5109
17.2491
17.0551
16.6457
16.4503
17.1624
15.9808
14.1206
13.0472
13.8044
16.9314
17.6875
16.6323
15.0184
15.6921
17.6775
16.0231
12.5298
13.1028
16.1597
16.5548
17.7745
18.2007
17.708
17.8524
18.1269
17.8817
17.2637
16.9749
17.1311
16.9586
17.0152
17.2268
17.5196
17.0899
17.2664
18.2032
18.0699
17.2995
17.0965
17.9318
17.9772
18.0179
18.232
18.1311
17.809
17.5416
17.7882
17.8294
17.6176
17.9388
18.5293
18.0351
17.7884
18.1281
18.308
17.4525
17.3331
18.1936
18.0797
17.7469
18.0075
18.2319
17.8469
17.7868
18.0856
18.2085
17.9022
17.7996
18.2229
18.3345
17.9091
17.926
18.1835
17.6053
17.3497
18.1223
18.7503
18.2737
18.0417
18.1253
18.0387
17.5606
17.836
18.2673
17.9699
18.0026
18.1712
18.3431
18.0847
18.0788
18.2503
18.3535
17.8611
17.7297
18.2382
18.1393
17.8632
17.9746
18.2973
18.1841
18.2206
18.2334
18.2593
17.8279
17.7201
18.3138
18.3154
17.2715
16.9212
17.8971
18.1427
18.0481
17.9762
17.979
17.6705
17.7209
18.2988
18.006
17.6694
18.0369
18.2734
17.7387
17.4974
17.9622
18.2236
17.7272
17.4028
18.0362
18.2027
17.7283
17.8859
18.1876
17.6579
17.8161
18.3102
18.3606
17.7713
17.6532
18.2184
18.1181
17.9297
18.0675
18.3035
18.1884
17.9359
17.9191
18.1358
17.3189
16.7249
16.9133
17.1007
16.81
16.9599
17.7142
17.5631
17.1264
17.6757
18.2764
17.8814
17.8123
18.151
18.4011
17.8931
17.7653
18.2345
18.1018
17.8419
17.5265
17.5951
17.3533
17.5348
18.3123
18.3113
17.6407
17.6174
18.2658
18.2705
17.6457
17.5469
17.4645
16.8471
16.6567
17.0006
17.4149
17.5356
18.0973
18.4596
18.0458
17.5397
18.11
18.5286
18.1045
17.7879
17.9287
18.266
18.2548
18.0574
18.1187
18.3626
17.7417
17.6101
18.1219
18.2961
17.9197
17.786
18.2991
18.279
17.957
17.8803
18.2005
18.0344
17.7288
18.0036
18.3555
18.0496
17.9853
18.0549
18.0667
18.0101
18.0255
18.348
18.2981
17.9488
17.8396
18.2762
18.2196
17.2883
17.3589
18.2984
18.0722
17.6281
17.9054
18.1982
17.4528
17.3333
17.8867
18.1222
18.1074
17.9914
18.2204
17.6866
17.1771
17.9184
18.5365
17.8755
17.6711
18.2098
17.8761
17.7993
18.2023
18.2096
17.7521
17.8466
18.2946
18.3969
18.0835
18.0136
18.1823
18.2432
17.786
17.939
18.4487
18.054
17.9519
18.138
18.4672
18.2725
18.0757
18.2587
18.1835
17.6491
17.8504
18.336
18.0843
17.6699
17.7487
18.2583
18.0112
18.0887
18.4259
18.2842
17.6827
17.8404
18.2774
17.9412
17.6697
17.8481
18.2867
17.9305
17.573
18.0406
18.2916
17.9569
17.6955
17.9837
18.3656
17.8813
17.8779
18.2744
18.1043
17.7073
17.9088
18.2453
18.0636
17.6582
17.8705
18.2602
17.9952
18.0811
18.3197
18.4016
17.8949
17.7659
18.3071
18.5005
17.8968
17.7795
18.2607
17.79
17.8769
18.4254
18.4242
17.8431
17.9385
18.2402
18.0979
17.4293
17.4152
18.1734
17.9194
17.8971
18.2131
18.1521
17.6803
17.868
18.5881
18.4027
17.8992
17.9256
18.3498
18.2527
17.5471
17.3925
18.1681
18.1592
17.6143
17.8769
18.1628
17.5731
17.5044
18.1117
18.2794
17.9659
18.0992
18.5754
18.2922
17.6822
17.5323
17.5506
16.3832
16.184
17.3476
17.5775
16.8262
16.7602
17.2731
17.2844
16.5679
16.4045
17.2524
16.7827
16.5345
17.1289
17.2151
17.1849
17.3207
17.6353
17.6579
17.6921
17.9364
17.9711
17.6988
17.9075
18.3169
17.8622
17.9624
18.3244
18.1783
17.7071
17.7352
17.7432
17.4554
17.3082
