1.55184e-311
inf
14.1969
272.777
375.023
640.41
656.383
641.437
669.12
678.196
686.577
635.324
644.745
740.466
754.717
722.282
698.324
702.741
603.682
609.013
575.208
552.334
701.016
690.608
539.957
543.626
680.735
693.241
607.718
392.773
376.79
541.565
639.182
683.06
657.895
622.278
605.51
579.542
603.5
628.931
617.856
442.674
396.275
515.464
424.989
381.898
528.123
678.426
696.864
658.545
617.475
619.195
536.769
533.618
594.177
543.183
568.182
643.087
678.196
707.214
679.81
476.758
476.872
657.03
663.13
668.003
666.667
687.758
677.966
683.527
555.556
450.349
435.54
509.684
641.849
644.122
640.615
588.582
590.319
657.03
396.904
391.543
643.501
687.994
719.942
577.534
452.182
516.129
664.894
682.361
718.133
541.565
428.357
424.448
475.172
549.149
558.347
598.802
610.874
583.771
573.23
560.224
586.166
349.406
269.324
278.009
301.932
371.126
403.633
246.761
267.559
596.481
610.874
619.003
656.599
735.565
755.287
758.438
749.064
678.656
609.57
620.155
644.538
669.12
747.943
790.514
775.795
763.359
761.905
758.438
720.461
692.761
713.776
686.577
611.621
602.773
644.33
663.79
668.673
669.12
643.915
620.54
623.83
631.114
611.995
620.54
658.979
663.13
651.678
654.45
672.269
685.166
684.228
660.066
653.595
663.35
670.466
673.854
668.449
680.967
692.041
652.316
646.621
681.431
681.431
662.69
660.066
647.249
648.929
674.082
681.896
688.231
668.449
645.578
645.995
577.868
254.356
266.88
669.344
669.344
649.14
676.59
562.43
444.05
523.149
712.758
741.29
728.332
716.846
727.802
723.851
714.031
738.825
762.195
768.049
792.393
795.862
706.464
639.386
650.83
697.593
754.432
768.344
727.273
681.199
704.97
758.15
764.234
772.201
784.314
753.864
710.48
710.227
707.464
694.203
730.46
772.499
772.797
729.129
705.716
743.218
718.649
668.226
673.174
667.557
696.136
749.906
718.391
682.128
708.466
745.712
741.565
729.395
720.461
691.802
687.285
738.552
799.68
819.336
802.568
795.229
770.713
721.241
678.196
565.611
526.454
398.883
319.336
433.651
673.627
720.461
671.141
634.317
685.636
752.445
761.905
744.879
746.547
742.666
699.056
698.568
732.332
716.846
721.501
712.251
710.48
717.875
701.754
747.664
757.289
720.721
711.744
692.521
649.773
637.755
690.846
757.863
751.88
710.732
720.202
747.384
744.602
598.982
595.238
724.375
721.241
360.036
349.284
652.529
632.911
582.581
592.768
658.762
690.846
690.369
710.732
726.48
699.79
690.131
652.316
651.466
697.107
700.035
709.723
23.6619
23.6502
709.471
710.48
701.508
718.133
682.827
307.409
294.594
487.924
538.068
680.735
701.262
748.503
735.024
624.025
611.808
693.001
697.35
712.504
779.727
793.966
770.713
777.303
772.201
705.965
633.112
647.249
413.223
362.647
491.642
596.125
687.285
534.902
517.866
674.082
636.537
660.72
832.639
811.688
824.742
877.963
806.127
546.001
545.703
816.327
880.282
874.891
916.17
918.274
900.09
919.963
927.644
871.46
648.719
628.536
801.603
855.066
810.373
802.89
773.096
598.086
581.226
334.225
332.116
661.157
680.272
581.058
583.09
697.837
732.332
742.39
706.964
752.162
877.578
942.507
959.233
971.817
965.251
951.928
969.462
937.646
910.747
929.368
760.456
692.042
796.495
846.024
850.34
892.459
956.48
968.054
916.17
823.045
735.835
718.649
536.913
529.521
785.238
904.977
934.579
960.154
976.086
977.04
942.063
901.307
869.187
520.833
468.055
684.932
771.01
723.327
669.792
682.594
773.994
901.713
985.222
927.644
756.716
709.975
810.701
952.835
967.586
922.509
956.023
987.167
999.5
1002.51
972.29
976.086
866.927
668.449
639.795
742.666
839.278
883.783
861.698
831.601
713.012
663.57
768.935
699.79
659.848
733.407
786.782
875.657
901.713
900.495
896.057
909.918
891.663
862.813
874.508
807.754
765.404
850.702
949.668
1006.54
956.023
886.132
857.265
832.986
861.326
922.935
959.693
968.054
531.35
452.489
642.467
753.296
851.789
892.061
908.678
926.784
942.507
958.313
630.716
568.505
757.289
831.255
864.678
879.507
896.057
879.894
851.789
866.927
881.834
832.293
611.434
622.278
882.223
963.855
864.304
747.664
748.783
837.17
919.54
920.81
918.695
745.156
663.57
765.404
864.304
934.579
962.927
944.287
943.841
911.993
841.751
792.079
796.178
660.502
705.965
965.717
967.118
1002.51
1037.88
1007.56
983.768
995.52
857.633
736.648
220.751
202.143
582.072
789.578
793.651
604.047
461.574
440.723
558.972
803.859
842.46
888.494
938.086
996.512
948.767
892.857
934.143
902.527
855.066
782.779
786.164
885.348
927.644
967.586
997.009
980.873
965.251
1013.17
1001.5
868.056
562.905
585.48
931.532
1006.04
1024.07
1011.63
1012.66
1019.37
1016.26
981.354
1005.03
1012.66
971.817
615.764
513.347
648.508
697.35
682.594
751.88
873.362
925.926
988.631
1002
911.577
746.826
704.225
815.994
942.507
1013.68
992.063
992.063
1020.41
1020.93
1038.96
1034.66
1007.56
963.855
880.282
881.057
969.932
1012.66
975.134
943.396
975.134
963.855
953.289
1004.52
1026.69
848.896
773.096
766.871
767.46
877.963
950.119
988.631
986.193
982.318
1027.75
1067.24
1002.51
929.8
956.023
1014.71
1011.63
830.22
784.314
905.797
968.992
960.615
951.475
1002.51
1004.02
997.009
1011.12
989.12
1023.02
1078.17
881.834
650.195
710.985
976.086
1000
992.063
1041.67
988.142
936.33
925.497
928.936
990.589
950.119
571.429
560.067
892.061
962.927
970.874
966.65
997.506
866.927
825.764
971.817
1022.49
977.517
778.21
741.565
927.214
1062.7
1083.42
897.263
731.261
808.081
938.086
939.408
989.609
1048.22
1075.85
1034.66
743.494
731.529
1001.5
988.631
955.566
993.542
1003.51
1018.33
1025.12
1006.04
956.938
969.462
996.512
876.04
804.505
863.558
958.773
1004.02
997.009
905.387
903.342
1021.45
834.376
673.174
735.024
858.001
770.119
761.905
858.001
897.263
941.176
951.022
956.023
968.523
972.29
956.023
838.575
734.214
653.168
680.735
888.099
993.542
999.5
992.556
1002.51
987.167
962.927
982.801
1007.05
1014.2
1018.33
511.902
453.104
655.523
670.916
680.504
714.031
871.08
990.589
1013.17
981.836
759.301
745.434
930.233
1002.51
1030.93
1001.5
1007.56
1010.1
952.835
822.03
819.001
923.788
941.62
684.932
555.401
634.921
716.076
746.547
864.678
949.217
901.307
900.495
936.768
976.086
649.984
591.541
861.326
979.912
1007.56
988.631
903.751
722.022
634.921
693.963
766.577
733.676
722.805
846.74
944.733
900.09
874.126
807.428
832.986
969.462
781.861
540.103
457.771
552.486
831.255
1032.52
1067.24
872.981
775.494
802.246
828.844
899.281
905.797
911.162
849.618
816.66
876.808
946.074
1017.81
999.001
946.97
913.242
882.613
903.751
972.29
928.505
827.815
796.178
740.467
692.041
740.192
873.362
1007.56
1006.54
992.063
1040.58
1068.95
1070.66
1074.11
1058.2
717.875
623.247
821.018
992.556
1023.54
1028.81
1040.04
1024.07
877.193
855.066
925.497
927.214
949.668
773.994
791.766
995.52
1037.34
1009.08
936.768
786.164
732.601
857.265
971.345
1001
1017.81
884.564
664.673
667.334
888.099
1042.21
1050.97
1057.64
1079.33
1063.83
994.036
961.076
970.874
982.318
969.462
720.721
728.863
988.142
1007.56
1019.89
945.18
927.214
997.009
955.11
804.505
647.04
599.341
608.088
694.927
895.255
972.763
978.473
994.036
1002.51
986.68
987.167
1017.29
1010.1
942.951
937.207
775.494
760.456
963.855
1035.73
1074.69
1060.45
924.214
853.971
931.099
999.001
1021.97
1018.85
1017.81
866.927
653.381
606.244
748.223
926.784
986.68
1025.64
1033.06
959.233
931.966
996.512
1005.03
754.432
672.721
821.018
974.184
1002.51
941.176
958.313
975.61
990.099
899.685
921.659
1070.66
1092.9
1057.08
795.862
791.139
992.063
1020.93
1005.53
783.085
544.662
557.414
795.229
961.538
759.013
522.466
600.42
930.665
948.767
959.693
951.928
941.62
974.659
956.48
961.538
961.538
957.396
563.698
508.906
625.195
641.643
788.333
807.428
650.83
626.763
728.597
508.13
496.278
800
943.396
1016.26
1110.49
1119.19
1000
888.494
910.332
871.46
886.918
661.157
612.557
863.185
1012.15
994.53
923.361
948.767
972.763
986.193
946.522
937.647
989.12
935.016
840.689
820.345
786.782
752.729
818.331
960.154
1026.69
1017.29
1047.67
1084.6
1092.9
1082.84
988.631
839.631
755.002
828.157
946.522
970.874
973.236
995.52
1009.59
1008.06
908.678
884.173
991.572
981.354
824.402
698.568
759.013
929.368
740.192
611.808
652.529
770.119
930.665
935.891
947.867
746.269
666.223
841.043
984.252
990.099
986.68
1012.66
1025.64
1028.81
1037.34
992.556
968.523
1009.59
999.001
734.484
667.557
843.882
981.354
1042.75
916.17
832.639
853.971
862.069
627.353
525.762
525.486
604.412
883.392
1024.59
1058.2
1020.41
965.251
970.874
972.763
980.392
917.852
863.185
722.282
698.324
894.055
976.086
996.512
1010.1
1008.57
987.167
962.464
993.049
846.74
778.816
885.74
659.196
568.02
633.312
711.491
818.666
800
851.064
946.074
942.507
923.788
961.538
833.681
735.024
856.531
989.12
992.063
972.29
962.001
952.835
922.509
866.551
846.74
900.901
931.099
823.384
826.105
991.08
1058.76
1044.93
898.876
713.521
681.663
813.008
977.995
1006.04
997.506
968.523
637.959
633.312
934.143
985.222
955.566
968.523
1016.26
926.784
898.473
826.788
623.83
451.569
532.765
905.387
956.938
947.867
854.701
865.052
991.08
901.713
739.372
469.704
445.236
662.032
792.079
876.04
974.659
914.077
873.744
914.077
930.665
940.734
968.054
479.962
430.849
779.12
882.223
874.126
852.152
855.432
933.271
932.401
955.566
933.271
573.394
488.52
654.45
871.84
990.589
998.502
973.236
945.18
958.773
932.836
912.825
837.872
745.712
697.35
728.067
875.657
966.184
967.118
919.54
841.043
860.215
936.33
966.184
942.507
867.303
798.722
759.878
820.681
935.016
868.81
747.943
786.782
913.242
941.176
945.626
911.162
812.018
758.438
833.333
865.801
830.565
911.162
999.5
1016.78
1008.06
947.867
894.055
923.788
966.651
730.727
703.235
938.967
1016.26
1020.41
961.538
856.164
878.349
907.441
780.64
564.812
477.213
546.597
672.721
683.06
650.618
709.22
788.333
849.618
770.713
751.88
826.788
836.82
904.977
941.176
902.935
877.193
854.701
880.669
897.263
892.459
937.646
968.054
989.12
904.159
774.293
683.761
753.012
848.176
828.5
874.508
876.424
900.495
970.874
985.707
910.747
874.891
778.816
813.67
1016.26
1028.28
1014.71
1017.29
958.773
892.459
860.585
920.81
939.85
896.057
758.438
752.162
938.967
1007.05
871.46
751.88
786.164
851.064
925.069
990.59
917.852
898.876
962.001
695.41
669.568
931.532
955.566
938.967
980.392
956.938
950.57
921.234
924.214
934.579
789.889
557.258
569.152
860.956
1041.12
1054.85
914.913
910.747
977.04
794.281
691.085
787.092
879.894
711.997
644.33
686.342
685.636
664.011
691.085
747.384
789.578
803.536
766.871
735.024
689.655
742.115
842.815
843.17
873.744
858.001
877.963
955.11
995.025
1045.48
1059.32
812.018
485.437
516.129
854.701
976.086
958.313
949.217
1010.61
996.016
971.817
981.836
863.931
625.195
619.963
866.176
973.71
941.176
962.927
981.836
894.454
886.132
902.527
802.568
790.826
703.482
707.464
871.46
839.278
686.106
684.932
832.64
923.361
994.036
1012.15
945.626
715.82
627.746
759.878
886.132
867.679
826.788
873.744
966.184
997.506
882.613
826.788
882.223
868.81
813.339
863.931
977.995
1023.54
1059.88
933.271
881.834
884.564
868.81
727.273
665.557
711.744
695.894
719.424
825.423
990.589
1015.74
940.291
938.967
973.71
886.132
804.182
795.862
839.278
721.241
735.565
955.566
928.505
920.81
966.184
942.507
943.396
977.995
948.767
954.654
979.432
986.193
619.387
494.193
663.35
893.256
967.118
960.615
1004.52
1038.42
1041.67
954.654
913.242
776.699
671.592
791.139
945.18
994.53
991.08
975.134
1006.04
936.33
869.565
933.707
967.586
871.84
734.754
730.193
857.633
952.835
967.586
619.771
561.482
796.813
903.342
915.332
927.214
884.173
650.83
648.719
877.578
931.966
948.317
987.654
1028.28
1050.97
1070.09
903.751
849.979
962.464
970.874
811.03
662.252
650.618
781.861
836.12
851.789
967.118
1003.51
905.797
733.138
698.324
724.9
708.215
744.048
787.092
775.494
781.555
772.499
746.547
687.521
705.965
745.99
694.927
726.216
841.043
868.056
843.882
834.028
809.389
726.216
734.754
822.368
555.401
500
655.953
737.463
855.798
1000.5
1041.12
947.867
952.381
992.556
877.963
815.994
791.766
821.355
883.392
901.713
955.566
940.291
940.291
983.768
988.631
1012.15
1020.41
989.12
998.004
980.392
937.646
917.852
913.242
878.349
719.424
729.927
902.12
977.995
1008.57
986.68
963.855
988.631
798.722
700.525
829.875
914.077
909.091
947.867
996.512
1023.54
968.054
946.074
1007.05
962.927
896.459
762.486
735.294
814.664
782.473
722.022
750.469
851.789
911.577
920.81
786.164
663.57
645.786
670.691
768.935
900.495
941.176
977.995
993.542
1012.15
1008.06
1012.15
910.747
883.002
1007.05
771.01
735.024
962.927
1007.56
968.992
961.538
941.176
930.665
977.517
1023.54
963.855
926.355
1009.59
467.399
428.082
723.851
723.066
798.403
865.426
872.6
901.713
970.874
998.502
948.767
729.927
640.82
756.43
903.751
996.512
1028.81
1022.49
871.84
856.531
1011.12
1059.32
1048.22
825.764
767.165
945.18
1029.87
1004.52
941.176
858.001
861.698
883.783
906.618
946.074
939.85
976.086
897.666
752.729
769.527
923.361
1034.66
1000
962.464
1001
1001
948.317
935.016
956.48
944.733
916.17
768.64
772.797
967.118
1052.63
930.233
837.521
907.853
803.536
562.114
533.76
424.088
442.968
766.871
874.891
853.971
877.963
938.967
926.355
837.17
715.563
447.728
469.594
851.789
960.154
1010.1
894.454
784.006
758.438
792.079
836.82
880.669
820.345
694.686
685.401
686.106
719.424
846.024
870.701
875.274
938.086
919.118
956.938
942.951
708.717
680.041
880.669
996.512
1015.23
1019.37
1026.17
1034.13
912.409
905.797
1035.73
1038.42
1035.2
896.861
715.563
764.526
935.891
872.22
728.067
657.678
702.988
865.801
1002
1013.17
1022.49
763.942
656.814
816.993
978.953
925.497
865.426
919.54
948.767
928.936
943.841
995.52
950.119
925.069
781.555
758.725
937.647
995.52
983.768
908.265
900.495
974.659
1001
845.309
684.932
716.589
647.878
638.978
892.061
1052.08
1068.38
1009.59
987.654
916.59
911.577
982.801
866.176
861.326
961.077
746.826
735.835
953.743
972.29
912.825
849.979
856.531
950.119
1032.52
1043.3
1002.51
977.995
1013.68
641.231
527.009
700.035
903.342
1005.03
1038.96
1057.08
1063.83
1058.2
1053.74
1008.57
887.311
841.397
806.777
853.242
964.32
938.086
948.767
985.707
1014.71
888.494
819.336
913.242
1002
1033.59
888.889
717.875
780.945
1006.54
882.223
648.298
638.162
757.289
900.495
1025.64
1015.23
1032.52
868.056
724.375
808.734
969.462
998.502
1031.46
1054.85
984.252
974.659
934.579
916.17
1011.12
1033.59
647.668
537.057
764.234
1018.33
1033.59
907.441
903.342
1015.23
975.134
793.651
718.133
802.568
852.515
734.484
762.195
951.022
1004.02
977.995
965.717
982.801
796.813
670.241
740.741
918.274
994.036
851.789
848.896
1015.23
1075.27
1056.52
1053.19
1070.66
1063.83
1067.24
1041.67
748.783
616.333
499.251
480.423
665.115
876.04
1002.51
1000
998.502
1026.69
1049.87
1045.48
1044.93
936.768
710.48
642.674
797.448
986.193
1027.22
1053.19
1043.3
931.532
911.993
1001
1012.66
1040.04
1094.69
975.134
676.132
686.342
935.016
899.685
908.265
773.395
684.697
793.336
925.497
944.733
933.271
676.59
591.191
801.925
977.995
991.572
990.099
1016.26
1036.27
980.873
944.733
1008.57
1013.68
1011.63
1002.51
759.59
782.167
1066.1
1104.97
1089.32
902.935
893.655
1053.74
1044.93
817.661
694.927
793.021
762.486
724.638
867.303
964.32
1005.53
1021.45
1025.12
1022.49
1019.37
1023.54
938.967
886.132
935.016
868.056
721.761
728.332
868.432
983.768
1014.2
935.891
950.119
1022.49
1034.66
1046.57
1013.68
1004.52
995.025
652.316
561.64
792.707
1007.56
1012.15
969.462
987.167
984.252
957.854
982.318
977.517
898.473
686.577
650.83
849.618
1036.27
1072.39
1077.01
1072.39
951.475
905.387
977.995
1005.03
1034.66
1025.12
752.445
688.705
900.495
989.609
864.304
875.657
798.722
678.887
744.048
825.764
803.213
696.136
667.78
736.377
814.001
894.055
937.207
984.252
1010.1
966.184
867.679
884.173
1007.05
1038.42
832.639
715.82
836.12
1018.85
1029.87
871.46
884.173
1025.64
1060.45
1084.01
901.307
857.265
964.785
789.266
674.764
791.766
961.538
995.52
1018.33
1043.84
1046.03
989.609
970.403
973.71
864.678
868.81
837.17
739.645
844.951
987.654
989.609
1028.28
965.717
888.099
950.57
1015.74
843.526
654.236
508.001
