6.56591e-312
inf
11.5714
159.236
156.777
161.721
168.124
153.834
144.655
142.167
143.082
146.124
142.653
139.266
140.115
139.315
108.867
108.213
131.225
138.217
149.466
141.924
117.557
119.069
141.123
117.041
108.707
111.763
86.8056
79.5197
97.7756
125.691
122.414
121.183
143.092
147.156
128.609
125.604
136.575
132.398
122.714
122.011
127.926
134.762
101.025
91.3409
120.956
137.382
85.8996
77.0832
113.921
97.7469
77.6277
94.3574
118.631
121.029
112.076
68.7592
76.1731
24.5869
24.5875
134.753
108.167
113.507
149.466
149.757
149.087
153.681
153.362
154.955
147.34
144.186
145.847
142.602
131.622
118.455
124.2
135.529
137.883
125.431
128.164
138.418
140.243
144.718
141.123
137.656
139.88
138.783
124.409
124.479
100.331
92.7085
113.039
125.243
141.965
153.811
152.045
147.929
148.17
152.462
154.202
149.813
142.237
129.149
127.959
145.858
138.937
130.54
143.021
150.105
143.719
140.282
144.04
148.203
153.905
148.622
137.315
140.282
140.046
140.776
146.049
131.944
127.771
139.063
147.167
149.779
155.352
149.399
149.388
142.98
131.148
124.502
125.612
134.282
130.651
137.807
140.292
133.538
140.736
147.406
140.341
142.837
148.445
148.236
141.163
131.397
140.637
150.071
138.026
136.827
150.331
148.909
151.757
140.174
132.793
143.092
151.895
150.955
132.6
128.576
123.709
129.199
119.962
116.829
141.034
148.943
149.903
143.349
141.483
143.678
145.751
146.37
141.904
134.255
139.256
151.872
139.792
135.382
151.32
141.363
131.744
136.921
129.066
136.082
150.478
152.742
137.334
137.903
138.207
137.325
128.791
120.62
127.592
135.501
145.582
139.421
135.953
140.548
148.765
142.227
140.667
147.634
154.979
150.989
139.373
146.908
153.988
144.896
156.764
148.622
125.676
134.535
155.751
150.705
135.382
132.855
130.302
135.501
155.316
130.676
120.192
138.083
142.44
142.41
142.929
142.005
143.451
149.533
148.677
137.883
143.554
155.003
154.464
141.693
140.657
148.821
145.741
149.745
153.622
143.215
147.787
153.304
144.456
124.899
125.778
150.319
136.203
123.586
128.916
137.184
149.466
155.945
146.242
140.115
148.302
154.823
134.237
129.576
147.34
151.194
155.075
149.231
148.81
161.721
155.86
154.512
149.142
147.113
145.317
149.142
150.773
141.713
138.131
130.736
136.93
140.954
128.543
137.523
147.438
135.172
132.284
141.914
150.875
154.226
156.728
151.217
142.005
147.135
150.716
150.955
145.138
141.393
162.035
155.485
150.534
145.159
136.407
146.929
158.115
160.295
149.835
146.145
144.938
146.671
135.263
121.536
122.279
137.184
155.255
145.444
149.209
157.903
157.816
163.747
153.988
134.653
140.243
158.781
155.436
161.616
143.349
130.429
146.542
152.94
153.128
150.648
139.421
147.58
160.218
158.316
145.73
147.471
147.189
144.352
133.041
128.593
127.665
132.468
153.48
148.677
148.401
151.953
163.372
155.812
140.994
140.164
146.402
147.059
153.069
141.784
137.155
152.999
153.551
150.319
137.033
128.949
142.939
150.921
138.6
143.287
156.814
134.246
133.485
128.675
122.858
138.188
146.456
146.692
129.416
135.144
155.739
153.433
148.181
142.857
144.665
157.443
157.196
133.547
132.521
157.816
160.141
164.042
147.569
138.236
145.868
154.273
162.43
162.655
152.427
150.432
155.666
141.593
131.173
129.299
142.086
149.098
150.004
145.254
146.295
152.474
151.183
153.116
148.093
143.73
148.5
152.602
144.134
131.415
136.24
151.711
157.146
156.838
152.765
140.095
142.177
164.366
141.733
123.541
142.288
163.72
146.843
143.441
139.987
127.17
130.056
149.97
154.739
151.092
158.642
157.406
141.804
133.262
133.797
137.033
150.297
160.115
147.493
140.786
155.533
156.58
155.788
152.462
149.499
153.198
160.026
155.243
145.085
145.603
146.167
151.103
160.064
152.602
105.77
102.036
135.41
138.879
134.003
143.102
156.274
150.602
148.434
152.579
154.012
149.421
155.328
141.743
134.599
141.894
146.94
159.821
146.21
140.076
152.242
164.109
159.923
147.124
148.909
155.388
150.568
150.784
134.048
130.336
142.98
152.242
133.609
126.016
141.213
151.538
148.81
137.931
144.781
151.814
157.505
162.509
147.798
141.353
157.072
157.27
156.691
150.693
147.438
153.057
153.081
151.229
147.973
144.749
151.745
166.099
152.033
137.608
145.212
162.681
151.103
134.825
120.569
115.168
141.975
165.33
153.953
150.932
144.29
145.455
150.489
150.727
146.854
143.916
147.037
141.243
141.753
145.815
149.488
156.104
148.71
147.82
145.741
147.243
164.339
152.335
150.773
141.854
138.562
154.059
150.864
120.729
112.568
137.485
155.195
155.872
147.395
139.334
147.482
154.931
148.854
139.636
142.837
158.19
154.214
147.754
146.778
148.324
153.716
161.407
157.642
146.994
149.936
157.679
155.063
153.163
145.666
141.343
150.659
155.982
159.122
147.623
133.449
128.066
131.105
147.514
141.103
135.007
145.719
155.63
163.814
157.704
161.983
158.253
154.166
158.869
153.245
144.97
152.033
169.205
150.705
141.403
152.614
153.929
151.057
153.657
143.781
145.159
158.328
162.588
161.147
149.858
134.617
144.165
152.975
147.525
153.315
126.67
133.458
158.316
155.448
150.004
143.957
148.313
153.41
153.468
146.843
145.222
152.707
159.591
159.337
148.522
139.958
147.471
152.184
157.518
147.167
143.844
154.048
159.795
163.76
150.761
136.996
145.911
162.075
146.951
125.008
134.944
158.115
141.403
130.71
135.814
145.285
154.907
159.795
154.273
130.404
114.24
128.742
156.593
149.209
142.389
155.388
162.153
164.177
135.851
137.005
159.795
151.355
141.503
143.051
145.688
140.885
143.802
140.528
133.923
140.125
154.691
160.359
156.814
145.656
154.775
160.655
155.485
142.572
142.258
155.654
161.681
163.332
159.21
143.513
140.875
162.681
162.364
154.261
147.102
152.975
154.667
154.476
166.625
157.196
151.596
147.471
130.166
119.589
126.992
145.085
153.351
157.891
145.307
140.528
160.643
156.482
154.059
144.823
135.777
142.786
155.364
151.435
146.327
156.74
157.109
155.727
157.122
143.092
140.351
160.617
164.029
163.026
164.976
148.633
145.001
160.501
158.617
159.859
136.612
133.467
161.121
153.304
139.412
130.489
146.994
157.307
156.104
153.858
145.645
141.814
147.145
156.128
156.238
157.691
152.149
161.865
165.975
158.907
143.277
147.08
159.286
160.333
168.606
159.248
155.171
158.806
158.692
145.338
136.073
135.483
144.082
149.198
149.734
142.379
147.547
155.171
148.159
159.949
155.4
153.104
157.282
160.192
160.128
145.698
135.428
146.692
162.8
169.75
155.436
145.751
162.8
155.836
148.148
144.331
142.969
157.035
166.223
155.461
138.985
126.31
138.026
147.319
144.352
145.698
143.761
148.666
154.727
170.663
158.353
152.474
155.075
157.011
149.633
138.658
146.552
161.447
151.768
151.343
148.909
144.54
150.342
149.734
163.492
154.667
151.538
158.165
154.583
150.978
145.656
147.798
156.446
148.987
136.175
128.8
139.451
159.706
156.617
159.987
154.297
148.987
154.452
161.264
158.932
154.679
151.458
153.21
163.212
161.121
155.763
132.494
135.888
155.424
157.94
167.715
159.236
148.093
154.369
162.114
164.717
146.994
127.967
147.286
146.574
126.502
140.627
155.606
154.107
166.556
168.308
141.443
117.82
130.787
108.962
106.525
153.339
148.126
150.932
150.004
144.394
156.531
140.459
141.313
155.087
155.087
161.917
163.106
161.499
160.953
159.987
151.584
159.63
164.758
165.207
134.599
135.071
151.012
141.593
139.88
140.272
147.634
146.703
147.308
150.966
150.049
150.455
163.921
164.298
158.278
152.057
152.777
153.622
157.654
171.821
147.449
135.52
151.412
162.338
163.894
160.979
159.936
161.147
157.431
161.512
146.092
143.379
164.029
146.017
145.804
142.015
141.663
150.128
148.954
158.078
149.555
149.209
157.53
163.733
168.933
169.563
148.357
150.523
165.385
168.933
173.777
149.846
153.551
165.975
164.514
161.29
152.033
153.374
160.411
156.091
154.979
156.226
148.876
158.003
160.979
158.153
160.372
150.319
146.864
146.338
140.924
136.612
139.811
155.763
164.055
163.106
158.078
146.306
153.917
148.81
145.518
163.84
156.556
146.638
157.257
170.518
165.139
156.814
134.971
141.493
159.859
159.617
151.561
151.918
161.721
153.539
158.153
144.991
144.77
149.903
145.359
143.699
138.36
143.864
152.103
158.629
162.443
149.678
150.784
171.292
169.664
170.126
149.858
141.834
151.366
161.447
165.824
159.885
152.718
150.466
166.417
171.086
160.205
145.201
153.811
167.238
158.19
158.957
146.929
148.313
161.16
155.171
151.378
146.295
141.084
153.574
163.265
148.987
127.861
136.593
149.768
151.964
172.756
145.402
144.907
164.204
169.133
166.003
149.914
152.532
166.639
175.193
167.884
165.44
155.509
146.542
151.515
162.721
156.58
153.87
171.895
170.838
170.01
161.212
140.193
131.917
151.057
168.449
161.316
137.363
132.109
156.924
162.456
154.895
145.486
155.267
163.961
161.747
162.311
159.185
158.604
157.183
166.237
168.776
160.565
138.889
142.837
159.757
159.757
165.934
140.42
139.821
162.43
169.492
172.801
157.604
151.194
164.42
177.336
147.634
123.487
136.454
162.641
160.038
155.111
140.815
133.52
148.721
168.407
169.448
162.986
157.171
154.619
163.465
162.245
163.975
159.541
162.193
160.927
161.499
178.031
157.196
146.37
152.777
154.238
153.092
148.633
150.568
153.198
159.63
166.625
147.33
134.907
153.574
142.602
130.984
135.971
147.384
159.363
158.103
159.859
153.139
143.916
156.006
179.678
167.757
153.681
143.854
154.919
165.194
164.976
164.623
151.849
156.323
164.555
167.56
165.289
141.383
137.212
161.891
165.044
160.398
144.991
135.09
133.636
143.123
171.424
145.645
144.98
162.035
158.053
157.518
149.689
150.773
154.536
160.385
166.667
159.553
148.633
159.084
161.381
156.409
163.199
158.353
166.472
163.026
155.231
165.631
151.183
134.318
149.981
160.424
153.846
146.21
146.671
153.492
146.445
157.965
147.297
146.875
155.654
156.752
168.833
161.225
159.375
166.32
174.734
171.969
158.165
140.509
149.656
166.306
169.736
170.692
151.4
153.563
164.339
168.919
167.546
148.887
148.247
165.371
177.794
170.343
163.012
147.569
139.373
143.978
149.443
156.986
139.743
136.166
161.368
163.106
156.961
166.389
157.928
159.63
163.079
157.741
125.818
131.105
150.898
147.667
164.785
153.645
163.425
170.488
164.976
165.003
156.986
150.173
159.872
180.408
176.538
159.363
146.585
150.546
155.86
135.805
135.99
151.768
147.951
161.031
177.384
167.266
157.196
154.428
164.474
167.112
166.681
147.601
146.156
172.488
165.399
169.42
176.71
150.24
140.272
160.475
165.098
146.638
147.189
148.655
154.907
167.884
166.376
161.996
163.773
167.126
163.252
156.47
134.698
143.472
146.327
140.756
158.053
153.057
145.402
158.053
174.322
168.025
169.779
151.929
152.579
166.792
169.176
178.923
161.147
155.304
156.14
153.657
164.029
147.754
136.827
153.929
161.421
165.221
167.294
152.695
159.808
165.303
160.385
160.681
147.973
139.034
155.933
182.116
147.82
136.342
145.624
157.903
170.3
144.949
138.831
159.553
169.119
170.3
177.667
156.998
153.551
159.834
160.772
166.306
152.277
136.705
147.34
163.439
161.394
167.434
164.109
167.35
164.758
161.473
168.095
142.745
145.964
153.527
150.909
157.48
141.153
134.816
143.524
155.255
161.421
152.999
153.716
165.673
156.409
161.16
154.931
154.309
163.854
169.334
169.693
158.983
157.332
151.274
153.28
151.527
155.618
151.676
154.631
172.831
169.377
175.793
153.882
144.959
160.681
171.086
176.351
139.577
128.46
156.728
155.873
152.242
142.481
140.115
163.372
165.303
164.514
164.19
156.912
153.374
158.894
167.532
157.011
151.826
157.282
166.32
179.905
168.011
156.949
134.066
138.122
166.653
169.19
161.891
156.348
156.458
164.002
172.31
166.778
151.092
136.491
147.525
148.302
139.948
136.78
147.82
150.943
150.978
162.655
151.688
163.961
166.141
163.399
170.984
153.034
147.189
162.906
174.917
166.542
167.364
158.718
158.165
166.681
165.112
161.734
155.424
167.799
164.976
163.479
166.306
165.235
159.987
156.568
157.456
153.882
152.358
133.645
141.323
159.413
160.966
169.319
145.826
139.15
159.515
172.473
163.827
155.292
154.871
163.867
161.277
154.464
144.425
149.454
171.306
166.945
164.487
147.645
147.721
157.903
159.859
172.801
162.999
162.101
164.447
168.648
177.462
170.838
134.201
126.944
143.761
152.184
173.641
156.998
151.183
164.867
158.919
155.982
148.987
142.969
161.773
180.815
172.191
163.881
147.503
149.846
160.115
164.474
178.317
158.869
156.348
170.663
162.562
158.015
147.362
142.755
161.316
170.126
162.509
159.008
150.591
158.945
153.87
145.645
150.989
150.886
154.679
163.867
172.414
165.494
158.692
146.103
157.493
186.829
169.291
155.412
153.858
161.121
170.054
171.703
162.43
145.285
144.561
153.834
164.541
169.607
170.329
155.581
150.026
157.841
166.32
165.044
156.043
167.49
152.964
151.023
147.7
146.671
156.323
160.115
176.71
163.626
152.114
153.21
169.607
160.385
146.242
143.184
151.309
173.265
172.741
169.952
154.178
148.976
157.828
163.012
159.286
154.166
147.721
141.623
155.775
153.917
134.138
125.786
135.355
133.86
132.363
131.397
123.816
117.73
117.911
133.967
142.521
157.679
157.878
137.656
129.016
129.559
131.406
133.422
136.958
145.096
156.507
163.68
170.969
151.527
141.103
148.412
153.327
146.714
127.624
133.806
136.902
141.233
156.397
122.895
109.146
126.446
137.656
131.165
131.718
140.351
144.425
150.139
132.214
127.486
153.598
168.251
141.363
128.213
132.591
140.341
136.996
136.333
155.376
167.266
176.507
168.492
150.071
145.773
161.342
171.615
172.697
173.145
152.346
145.666
157.803
158.768
158.341
156.091
138.504
144.959
161.773
159.401
147.754
147.005
166.099
160.604
168.905
152.648
147.362
156.887
157.953
176.041
153.48
150.432
168.251
172.533
168.294
164.393
149.577
147.721
168.663
169.233
175.516
167.154
163.599
177.841
176.991
156.654
147.048
156.165
148.666
149.421
152.242
156.409
158.554
158.856
171.13
163.412
165.112
159.312
160.128
173.611
165.207
164.718
158.09
149.79
156.826
168.209
174.171
174.688
165.153
154.214
162.509
172.503
176.647
179.549
165.207
164.231
164.177
159.693
165.686
169.563
133.342
135.731
183.756
156.678
150.286
150.534
148.291
165.481
174.429
164.568
155.424
170.999
175.177
162.456
161.943
161.121
155.231
166.959
182.399
163.385
157.505
161.121
165.824
168.166
158.19
172.563
156.593
139.978
151.332
163.546
166.265
166.113
169.262
151.458
151.217
160.102
139.987
132.635
151.837
167.462
170.358
155.958
151.378
173.868
171.984
160.385
160.888
156.691
151.069
166.334
186.811
168.393
161.473
153.081
156.556
174.14
169.047
180.18
162.18
154.428
165.893
169.693
182.498
155.473
147.189
165.412
165.085
159.046
149.566
140.213
139.441
147.634
165.618
179.775
162.76
159.987
166.959
168.209
172.577
168.848
161.616
160.527
169.162
169.205
157.592
149.678
157.604
170.663
160
164.244
166.82
161.734
179.582
176.835
164.204
158.781
158.065
147.863
143.802
153.175
161.46
141.824
140.144
154.631
154.823
150.966
141.824
160.63
175.254
167.196
159.451
140.568
142.258
166.792
178.731
167.631
162.84
160.979
166.708
178.683
169.924
176.897
179.598
165.112
156.605
161.16
180.034
165.481
150.659
160.295
173.777
154.859
144.498
136.836
140.243
158.015
153.516
156.433
150.978
161.121
173.355
155.063
153.433
161.368
160.167
163.613
169.105
168.876
168.819
158.592
158.806
170.14
167.715
174.186
161.642
156.85
172.117
169.448
163.854
163.252
163.079
161.891
169.219
165.098
156.752
160.901
136.11
137.637
163.265
165.824
161.225
166.32
186.776
172.073
164.231
167.308
145.359
138.658
160.411
167.294
142.878
134.463
156.165
170.707
167.112
178.811
169.981
162.088
163.747
156.531
169.176
164.677
147.71
148.401
156.986
162.14
164.663
151.217
149.276
154.333
148.478
150.41
147.005
162.364
179.019
170.867
155.581
152.964
162.999
158.378
133.932
127.154
126.823
122.392
132.371
148.588
155.497
142.674
138.427
142.44
156.128
162.641
154.727
158.705
170.736
169.938
158.09
147.308
142.847
159.553
157.245
150.353
147.612
144.196
152.52
165.194
168.464
161.421
168.322
168.705
172.518
174.718
158.278
144.04
152.637
168.762
164.636
173.686
162.443
156.863
168.549
168.138
173.31
162.443
153.257
158.228
168.833
176.725
171.541
161.316
157.94
153.941
144.928
157.011
142.542
140.706
152.091
144.749
147.514
145.741
155.28
161.681
165.961
161.057
163.092
148.599
147.059
164.109
168.577
174.566
157.295
161.655
171.91
161.97
161.199
174.201
165.934
153.116
168.663
171.057
170.867
166.514
165.604
181.703
171.762
163.639
129.525
127.138
145.201
150.886
172.965
