1.28813e-311
inf
2.80753
12.2585
12.8034
13.2829
9.56412
9.12284
12.0966
12.4769
11.9479
12.0333
12.3254
12.1479
12.1269
12.1362
11.9947
11.5694
11.6551
11.8392
11.721
11.7959
11.5726
11.5927
11.5355
11.4497
11.5601
10.7689
10.6827
10.6453
10.8099
11.1842
11.0787
11.0747
10.9036
11.2566
11.2131
11.1779
11.1575
11.0105
10.823
10.4965
10.5031
10.5651
10.7842
11.0006
10.9421
10.7913
10.9023
10.6835
10.1917
10.3185
10.329
10.0171
10.1317
10.4124
10.3709
10.5764
10.8222
10.8555
10.5786
10.4726
10.8084
10.769
10.6782
10.2599
10.0113
9.91454
10.0513
10.1522
10.2328
10.4871
10.7547
10.9127
10.7549
10.9626
10.8501
10.8744
10.8737
10.8603
10.8558
10.856
11.0747
11.0566
11.3294
11.104
10.9062
10.7748
10.5097
10.749
10.7959
10.7618
10.6015
10.762
11.0497
10.8838
10.6446
10.7972
10.9649
11.0735
10.9844
10.7372
10.9333
10.8589
10.6907
10.6897
10.9612
10.999
10.4159
10.4682
10.9024
11.0325
10.7898
10.6514
10.5608
10.5345
10.6842
10.8631
10.988
10.9861
11.0427
9.81354
9.81971
10.8878
10.7885
10.2296
10.0415
10.4166
10.6979
10.8803
10.8601
10.6308
10.6543
11.1336
10.7769
10.7245
10.8344
10.7518
10.5898
10.1918
9.67371
9.87884
9.94051
10.0883
10.9715
10.9311
10.9865
10.8592
10.7993
10.9654
10.5961
10.4548
10.82
10.6322
10.532
10.8026
10.6282
10.7399
9.05092
8.48594
10.1792
11.0852
10.9254
10.7717
10.8361
10.9302
10.97
10.9078
11.0923
10.9328
10.9973
10.7264
10.108
10.5264
11.118
11.0492
11.0914
10.7979
10.6859
11.0467
11.0207
10.391
8.66698
9.14018
10.1301
9.78053
10.6253
10.998
10.8412
10.6403
10.6631
11.119
11.4167
10.9046
10.8445
10.6073
10.6317
10.9832
10.7883
10.8242
10.9794
10.9375
10.917
10.9587
10.8799
10.9975
10.8983
10.9013
11.0876
10.8542
11.0187
10.8864
10.7981
10.7516
10.7371
11.0627
11.047
10.9225
10.856
11.0711
10.9766
10.8983
10.9963
11.0854
11.2446
10.8912
10.942
11.0517
10.9362
10.9711
11.0659
11.1344
10.9421
11.1666
11.2164
11.0795
11.1847
11.1769
10.9287
10.8575
11.2286
11.1006
10.8808
10.9382
11.0299
11.1712
11.0299
11.1007
11.0033
10.8585
10.9706
11.0999
11.0149
10.9239
11.3024
11.151
10.9658
10.9413
10.9793
11.08
10.9636
11.1154
10.8405
10.7749
10.9188
10.8734
10.9697
10.9703
11.0101
10.9797
11.0478
10.7891
10.7266
10.9587
11.0975
11.2456
11.0762
11.0706
11.063
11.0465
11.0437
10.9925
10.9774
11.1852
11.4737
10.4871
10.2446
10.6899
10.8613
11.0204
11.1
11.3834
11.3531
11.1679
10.8999
11.0064
10.9707
10.951
11.1927
11.1044
10.9732
10.934
11.0149
10.9916
11.013
10.9427
10.9811
11.2212
11.1255
11.2128
11.16
10.8169
10.0077
9.96582
10.2756
10.5601
10.9107
10.9576
11.3129
11.0689
10.8494
10.7065
10.852
10.8645
10.3855
10.0417
10.2476
10.4706
10.4946
10.8322
10.8405
11.1294
10.9908
10.5449
9.85377
9.71883
10.1559
10.2275
10.4806
10.4976
10.7221
10.971
10.9292
10.9934
11.1145
10.9701
10.9701
11.1249
11.0967
11.342
11.2724
10.9799
11.0234
11.1594
11.1967
11.0008
11.2061
11.1941
11.0113
11.1679
11.3384
11.3261
11.1039
11.1894
11.178
11.0835
11.0836
11.1329
11.1513
11.0799
11.1578
11.159
11.2866
11.2047
11.0136
11.1544
11.2554
11.2072
10.8455
10.8443
10.9827
11.045
11.0073
11.0301
11.2454
11.1542
11.2682
11.2356
11.1052
11.1522
11.1426
11.0829
11.1631
11.0665
10.7808
11.0281
11.2116
11.0065
11.1172
11.0903
11.0223
11.1282
10.9151
10.6192
10.6526
10.5801
10.7181
10.5356
10.6219
11.0394
10.9868
11.2137
11.1376
10.9609
10.992
11.1982
11.1377
11.0278
11.1822
10.9564
10.8446
11.0916
11.3237
10.9637
10.8734
11.1066
10.934
10.9357
10.8168
11.0449
11.1027
11.0897
11.2398
10.6983
10.5996
10.5861
10.175
10.108
10.4159
10.2244
10.3086
10.6894
10.813
10.9388
11.0266
11.2493
11.0843
10.9935
10.8892
11.1038
10.2128
9.374
9.73643
10.6016
11.0574
11.0734
11.3743
11.0047
10.8725
10.6714
10.8497
11.1125
10.8493
10.9698
10.6451
10.742
11.0529
11.0265
11.1033
11.0607
10.7727
10.6108
10.8585
10.7288
10.8358
11.14
11.1493
11.084
11.0878
11.2057
11.071
11.1075
11.0064
11.0156
11.1334
10.9961
11.0622
10.9799
11.0989
11.1097
11.1305
11.2467
11.0869
11.257
11.1333
11.0991
11.0501
11.1116
11.4193
11.1973
11.1131
11.0403
11.1799
11.0389
10.9802
11.1009
10.8959
11.0525
11.1538
11.2061
11.0919
11.1101
11.1373
11.1103
11.13
10.7713
10.9852
11.0717
11.0789
11.042
10.947
11.3162
11.0944
11.1747
11.088
10.9299
11.2143
11.07
10.8828
10.7661
10.9823
10.9701
10.8867
10.8381
10.9106
11.248
11.0897
11.0232
11.015
11.154
11.077
10.9886
11.2129
11.0367
11.0053
11.0048
11.084
11.1384
11.1255
11.3369
11.1282
11.107
11.0706
10.9985
11.0041
11.0545
11.1452
11.1986
11.2839
11.139
11.1379
11.1372
11.178
11.2562
11.1239
10.9552
10.975
11.1947
11.0524
10.9055
10.9709
11.114
11.2205
10.8783
10.9452
11.1511
11.1949
11.1721
11.0782
11.0105
11.0079
11.3532
11.2245
11.183
11.1216
10.9245
10.9336
10.8474
10.8804
10.9165
10.9287
10.8512
11.0336
10.2212
9.87118
10.3376
10.6188
11.0234
11.1178
11.0651
11.0019
11.3255
11.2517
11.1112
11.0989
11.1406
11.2678
11.1836
11.2276
10.8956
10.913
11.1147
11.1755
11.1983
10.9239
10.9337
11.0559
11.2084
11.0644
11.0193
11.2101
11.0756
11.1114
11.111
11.0313
10.954
10.9392
11.0125
11.1158
11.1849
11.0563
11.2269
11.0501
10.8867
10.8908
10.8322
11.0142
11.2065
11.4174
11.2587
11.1752
10.9845
10.987
11.0605
10.9149
11.107
11.0542
11.0932
10.9412
10.9977
11.0294
10.8699
10.9961
10.8744
10.965
10.9567
11.05
10.8418
10.8153
11.0958
11.1411
11.2821
11.1332
11.134
10.7303
10.7619
10.4851
10.0256
10.1021
10.6726
11.3205
11.0221
10.9093
10.3665
10.2888
10.7232
10.9686
10.8473
10.6152
10.6055
10.1773
10.3192
10.1905
10.1132
10.4923
10.827
10.8081
10.6585
10.8609
10.9929
11.3543
11.1621
10.8932
10.4003
10.2514
10.6803
11.0718
11.2639
11.102
11.2754
11.1742
11.0971
11.2138
11.1318
11.222
10.9964
10.8079
10.8528
10.971
11.2009
11.1629
11.0589
11.1316
11.2634
11.0571
10.9264
10.8908
10.9008
11.0919
11.0783
11.1307
10.9486
10.9719
11.1154
11.1093
11.2489
11.2806
11.0885
10.7661
10.865
10.7605
10.976
11.0991
10.9101
11.0535
11.1304
11.2975
11.1358
11.2945
11.1264
10.8608
11.0115
11.0159
11.1274
11.4046
11.4628
11.2355
11.1931
11.0114
10.9146
10.8915
10.815
11.1777
11.2928
11.1251
10.9983
11.0422
11.0138
10.959
11.2129
11.0583
11.0682
10.8798
10.7259
11.0589
11.0725
11.0587
11.0708
11.1056
10.9212
10.8841
10.9812
11.0393
11.0948
11.0247
10.9971
10.782
10.9535
11.221
11.3851
11.033
10.6893
10.7632
10.9701
11.3289
11.1359
11.0389
10.7194
10.3535
10.4716
10.9231
11.1405
11.0615
11.3093
11.1658
11.1107
10.9093
10.816
10.9749
10.8692
11.0181
10.9434
10.9792
11.0213
10.8949
10.8631
11.0485
10.9446
10.7046
10.6115
10.7448
11.1232
10.7756
10.878
11.2825
11.0767
10.8773
11.0944
11.2504
11.0194
10.9471
10.8485
11.0982
11.2962
11.1599
10.989
10.7437
10.8892
11.0988
11.1832
10.9415
10.9409
11.2042
11.0809
10.9799
10.7562
10.8828
11.1795
11.2194
11.0547
10.8524
11.1003
10.8143
10.6686
10.6322
10.8508
11.3516
11.1165
10.8728
10.7574
11.0839
11.0534
10.9818
11.0948
11.1337
11.3325
11.1534
11.0152
10.6269
10.6399
10.8222
10.9723
10.8038
10.5723
10.8622
10.6968
10.7965
10.887
11.0325
11.1761
11.1064
11.009
10.7924
11.1769
11.3689
11.0527
10.9775
11.086
11.1938
11.0582
11.0749
10.8099
10.6304
10.8423
11.0574
11.2049
11.2439
11.224
10.8589
10.8572
10.7955
10.8606
10.9356
10.8873
11.1287
11.1798
11.1367
10.9387
11.1069
10.9826
10.9824
10.9058
10.8628
11.1706
11.0946
11.2351
11.0805
11.0058
11.1811
11.2948
11.3429
11.1473
11.1131
11.1513
11.3221
11.4254
11.2365
11.0795
11.0611
10.9332
10.8336
11.0302
10.985
11.059
11.1735
11.103
11.0947
11.18
11.3244
11.1483
11.0378
11.0543
11.0923
10.7317
10.6437
11.1421
11.1044
11.0824
11.0929
10.9987
10.9649
10.9906
11.3214
11.3387
11.1582
11.1403
11.2035
11.2476
11.204
11.3062
11.1492
11.1242
11.1508
11.1459
11.3398
11.1253
10.9576
10.9668
11.0737
11.0192
11.0703
11.2715
11.2123
11.1564
10.8272
10.9683
11.1465
11.1669
11.4091
11.2568
11.1362
11.0174
11.1077
11.1022
10.999
11.1027
11.0937
11.2386
11.0283
10.9542
10.9559
10.9035
11.1635
11.1806
11.2212
11.1928
11.3214
11.2547
11.2064
11.175
11.1945
11.3738
11.0979
11.1424
11.0299
11.0618
11.1851
11.1849
11.4654
11.0859
10.0028
9.61016
10.3661
10.8663
11.028
11.0462
10.9328
10.79
10.9074
11.2751
10.947
10.9101
11.055
11.1172
11.2088
11.0718
11.1042
11.1829
11.1818
11.2018
11.3902
11.144
11.1022
11.5177
11.4278
11.3602
11.0534
11.0373
11.22
11.1862
11.3928
11.1301
11.1228
11.3395
11.2374
11.2071
11.1713
11.3214
11.3348
11.2682
11.1329
11.1879
11.1849
11.049
11.3217
11.2023
11.1708
11.4317
11.3347
11.0835
11.1437
11.3073
11.0819
10.9582
10.808
10.3707
9.7845
10.2093
10.7622
10.4453
10.1399
10.0369
10.8922
11.1398
10.6218
10.138
10.1187
9.86315
9.57061
10.661
11.3022
10.6052
10.7006
10.8689
10.6375
11.1564
10.9782
10.8825
11.1354
11.1035
10.7061
10.7478
11.2762
10.9567
10.7558
10.8009
11.1818
11.2164
10.9033
10.8201
11.0583
11.0966
10.9638
11.29
11.3988
11.3481
11.0836
10.5178
10.2919
10.8461
11.2249
11.119
10.8787
10.5507
10.6506
10.5208
10.5843
10.4574
10.613
10.9458
10.7141
10.9513
11.1126
11.1365
11.1645
11.4062
11.5545
11.4875
11.6019
11.4508
11.0832
10.864
11.0268
11.0498
10.4117
10.0108
9.68345
8.8363
9.50435
11.236
11.6007
11.8103
11.5104
11.4956
11.4767
11.385
11.7343
11.4065
11.5274
11.8226
11.7242
11.8037
11.8798
12.0111
11.8284
11.8055
11.6932
11.6929
11.7703
11.6301
11.8001
11.6528
11.6029
11.641
11.7483
12.0392
11.7793
11.6814
11.7679
11.6617
11.2595
11.3039
11.8342
11.6962
11.7079
11.731
11.6468
11.8535
11.6446
11.7336
11.7308
11.6885
11.9089
11.737
11.808
11.8099
11.873
11.9461
11.7095
11.8469
11.8094
11.7122
11.827
11.6423
11.6276
11.582
11.6498
11.7458
11.7323
11.6287
11.1978
11.1156
10.8828
10.951
11.1212
11.2475
11.368
10.881
10.9847
10.8065
10.7023
11.2471
10.913
11.012
11.3779
11.1766
9.969
10.1323
11.4088
10.9324
10.9927
11.3254
11.1852
10.9868
11.0382
9.63897
9.47329
10.9675
10.623
9.60237
10.2208
11.7078
11.7373
11.812
11.8451
11.6101
11.6535
11.64
11.737
11.662
11.6532
11.9786
11.7463
11.7361
11.8089
11.7099
11.7541
11.4263
11.5417
11.7795
11.684
11.8204
11.6438
11.5758
11.5825
11.6356
11.6877
11.5511
11.7793
11.7481
11.7388
11.6031
11.5399
11.9012
11.6551
11.6594
11.8436
11.7952
11.9924
11.8457
11.7673
11.5777
11.5808
11.8478
11.6148
11.7233
11.7465
11.7032
11.6741
11.6579
11.6264
11.4022
11.6255
11.4177
11.372
11.6829
11.5539
11.6636
11.6583
11.6144
11.6767
11.7126
11.9062
11.814
11.7401
11.726
11.7188
11.7932
11.7556
11.8949
11.764
11.7705
11.842
11.7049
11.9715
11.8243
11.7165
11.8188
11.7753
11.9155
11.7621
11.8488
11.6232
11.4384
11.7084
11.7505
11.9019
11.8287
11.7615
11.6878
11.622
11.7676
11.7891
11.8559
11.7651
11.708
11.8751
11.8362
11.8415
11.7096
11.6655
11.6418
11.4981
11.7047
11.6666
11.7458
11.7493
11.5529
11.5945
11.7169
11.9315
11.8173
11.7934
11.6166
11.6345
11.8074
11.663
11.8481
11.7843
11.7686
11.7875
11.3454
11.3959
11.1719
11.21
11.5751
11.3573
11.556
11.5902
11.2858
11.4006
11.3051
11.4128
11.4102
10.9981
11.33
11.285
11.1222
11.3552
11.3296
11.3875
11.3841
10.9626
11.0048
11.2352
11.3359
11.7215
11.7757
11.6314
10.9744
10.9625
11.4375
11.1541
11.364
10.8832
10.8248
11.1196
11.1452
11.5572
11.6658
11.757
11.5093
11.5334
11.6603
11.7211
11.6583
11.199
11.0061
11.0705
11.3498
11.5377
11.4487
11.5664
11.37
11.2991
11.1885
11.1977
10.8644
10.761
11.3614
11.3582
11.259
11.1879
11.253
10.9762
10.5545
10.8583
11.3264
11.6406
11.7863
11.9181
10.8845
10.4761
11.4009
11.1357
10.8498
10.8918
10.9871
11.0557
11.162
11.5421
11.6622
11.6368
11.4559
11.6163
11.5587
11.374
11.358
11.4854
11.7374
11.4548
11.407
11.6235
11.4738
10.9579
10.9835
11.5242
11.6115
11.7041
11.5381
11.2974
11.5034
11.4337
11.257
11.0978
11.1355
11.3479
11.5456
11.7185
11.3808
11.4413
11.4614
11.3036
11.5568
11.4644
11.5544
11.7491
11.6155
11.7592
11.6866
11.4934
11.4076
11.3838
11.076
10.69
10.796
10.7362
10.9921
11.4482
11.6979
11.7199
11.7461
11.9507
11.7425
11.6645
11.6687
11.6902
11.8922
11.8602
11.774
11.436
11.1594
11.057
11.1708
11.6632
11.5865
11.6414
11.6242
11.6318
11.8884
11.801
11.8695
11.7563
11.6629
11.415
11.3466
11.1097
11.0095
11.2782
11.0372
11.3699
11.3682
11.1759
11.3011
11.3545
11.8107
11.2968
11.0449
11.3616
11.3314
11.1702
11.4146
11.9758
11.7577
11.7073
11.7204
11.6742
11.7804
11.653
11.7539
11.8702
11.7821
11.7711
11.787
11.8256
11.2409
11.1604
11.7301
11.5101
11.5677
11.0744
11.0986
11.8558
11.9158
11.9814
11.6548
11.6651
11.7824
11.8471
12.0198
11.7175
11.4651
11.2542
11.3081
11.4172
11.2166
11.3905
11.4314
11.4574
11.3612
11.2171
11.1537
10.4685
10.7082
10.6192
10.2192
10.843
11.2189
10.249
9.13547
9.15432
10.3695
11.2661
11.0061
11.2984
11.1615
11.0016
11.0078
10.6098
10.5545
11.0404
10.7387
10.4008
10.7722
10.7443
9.5813
8.07197
8.42918
10.0951
10.6604
11.0166
11.2639
10.6078
10.1864
10.4197
10.356
10.5064
11.0466
10.8852
10.8249
10.9279
11.0091
11.4332
11.3961
11.2279
11.271
11.3394
11.3622
11.3908
11.4489
11.2936
11.416
11.4221
11.29
11.259
11.183
11.1043
11.0582
10.6792
9.96309
9.7307
10.3821
11.236
11.2164
11.2197
11.3818
11.269
10.7932
10.6186
11.1563
11.1868
10.9958
11.3163
11.5431
11.6015
11.5388
11.4991
11.3576
11.394
11.5144
11.3932
11.4798
11.3086
11.1853
10.9824
10.9198
11.2348
11.3441
11.4296
11.3798
11.4022
10.7108
10.7139
11.35
11.0835
11.107
11.1487
11.1467
10.9672
10.9262
11.0476
11.0846
11.3185
11.1391
11.1966
11.2761
10.5353
10.5121
10.937
11.1511
11.1346
11.1609
11.2534
11.2022
11.2184
11.1643
11.2731
11.2115
11.3179
11.1359
11.0938
11.5477
11.3456
11.3776
11.373
11.27
11.4631
11.3847
11.4708
11.1377
11.1416
11.3484
11.1635
11.2042
10.8571
10.549
10.713
11.1547
11.1578
11.2138
11.4741
11.3415
11.4393
11.2994
11.3308
11.2806
11.2063
11.5664
11.5176
11.4424
11.3915
11.416
11.3333
11.2752
11.419
11.3602
11.4183
11.2515
11.3451
11.4908
11.5061
11.5296
11.4571
11.3973
11.1059
11.3068
11.4966
11.4417
11.5525
11.4343
11.431
11.3174
11.2241
10.6247
10.6782
11.3891
11.4131
11.5709
11.3782
11.1633
10.9215
11.0241
11.3094
11.1143
11.1635
10.8427
10.8524
11.2448
11.3003
11.1123
11.0408
11.2288
11.1876
11.3034
11.3047
11.4224
11.388
11.281
11.4552
11.3111
11.3736
11.5444
11.4805
11.6232
11.3607
11.2766
11.165
11.1515
11.2648
11.1499
11.4847
11.4809
11.3867
11.3449
11.3748
11.5207
11.2177
11.1774
11.2393
11.2649
11.5645
11.3491
11.2775
11.3563
11.2967
11.3647
11.4411
11.4629
11.32
11.4662
11.4602
11.2975
11.2608
11.2693
11.3474
11.3764
11.3811
10.7565
10.6402
11.0594
11.2826
11.3063
11.3428
11.5322
11.2252
11.373
11.6111
11.5743
11.7507
11.5328
11.3606
11.2373
11.2501
11.352
11.4039
11.4451
11.1384
11.2058
11.2799
11.2111
11.2815
11.3618
11.3902
11.278
11.3033
11.3195
11.2693
11.446
11.4296
11.3866
11.1887
11.1427
11.2545
11.1709
11.379
10.6509
10.1652
10.2193
10.7666
11.1807
11.0512
11.3748
11.4012
11.484
11.2843
10.9757
11.0639
11.2961
11.5278
11.3995
11.3349
11.3803
11.3492
11.3252
11.272
11.1961
11.2731
11.4685
11.0144
11.0918
11.2446
11.2697
11.4527
11.3819
11.5496
11.4862
11.4297
11.3883
11.3407
11.455
11.3774
11.4004
11.3713
11.2954
11.1357
11.2093
11.5367
11.549
11.4926
11.3412
11.3682
11.257
11.278
11.4531
11.3489
11.4262
11.4624
11.5267
11.4303
11.3749
11.5749
11.2356
11.2544
11.4148
11.3977
11.3116
11.3168
11.482
11.2346
11.2599
11.212
11.2192
11.2827
11.1386
11.3148
11.0913
11.0923
11.5058
11.5517
11.4773
11.2662
11.2106
10.5853
10.6318
11.3221
11.3559
11.3788
11.4571
11.461
11.2202
11.1633
11.2055
11.0936
11.2954
11.5497
11.4964
11.155
10.6501
10.2728
10.2017
10.6133
10.9318
11.2199
11.2774
11.2719
10.9332
10.8314
10.609
10.4099
10.7617
10.3777
10.6615
11.1532
11.1421
11.2929
11.3203
10.6107
10.5917
10.7307
10.3241
10.4003
9.97919
10.2029
10.3116
10.3514
10.5698
10.455
11.0869
11.4434
11.3619
11.3058
11.3453
11.4205
11.5099
11.4481
11.3419
11.4177
11.5523
11.3458
10.6117
10.7558
11.1866
11.2277
11.2409
10.8604
10.6396
10.8647
11.4138
11.2794
11.2142
11.3347
11.4162
11.5562
11.3407
11.372
11.3769
11.4309
11.2327
11.1659
11.3616
11.2982
11.4408
11.4043
11.4228
11.3039
11.2396
11.4174
11.4573
11.5749
11.4492
11.407
11.5198
11.4311
11.4299
11.3521
11.2521
11.2664
11.4049
11.3759
11.362
