1.14701e-311
inf
6.72097
42.6348
41.0088
38.012
34.4614
33.8576
29.2415
28.8796
35.3076
34.7935
28.3974
24.8423
21.5209
18.6579
12.9895
15.4231
34.4661
34.3654
32.8996
33.583
34.0965
29.9783
29.5369
34.2085
32.9506
32.4902
34.4834
34.4465
33.4024
33.5892
34.727
32.9549
32.9457
34.3053
34.089
33.618
34.0182
34.4513
32.2846
30.8918
32.3881
34.191
33.8903
33.9276
34.9357
32.7166
31.7405
33.4812
34.5931
33.6706
33.3161
33.7439
31.5318
31.3789
33.3829
33.7109
33.7052
33.712
33.7365
32.3955
32.2129
33.8914
33.9922
33.6123
33.5852
33.7206
32.7643
32.2373
33.6825
34.2513
33.915
33.428
33.5751
33.7018
32.2784
32.5076
33.6774
33.6372
34.2056
34.3059
32.2508
32.1136
32.7761
33.6344
34.7633
33.7872
32.8699
32.6877
33.3578
33.769
33.3851
33.8679
34.236
32.6664
31.736
33.1769
34.0315
34.0362
34.9926
34.478
33.2563
32.2051
32.7761
34.3348
34.4418
34.4899
35.0312
34.9834
32.9218
31.7007
33.1192
34.0449
33.8495
34.1186
32.8224
30.9914
32.2789
33.9144
32.8947
33.4107
34.8062
33.4471
32.9256
33.0017
32.963
32.9641
33.394
34.9199
33.3189
32.6174
34.2654
34.4875
34.2296
34.6464
34.5895
34.0634
33.583
34.0032
34.4548
34.3036
34.7066
34.6669
33.3912
33.4454
34.5358
34.4412
34.5125
34.5614
34.4988
34.4507
33.2298
33.7132
34.2636
32.9696
33.2624
34.6147
33.9536
31.5119
31.6026
32.4649
33.1044
34.3784
35.2839
33.3444
31.0815
32.3714
33.998
33.9784
33.4986
32.2238
31.5856
32.9083
34.0675
33.6927
33.1131
34.1047
34.5805
34.0275
31.8883
31.8172
34.2132
33.7177
34.031
33.9622
32.4039
32.0981
33.2182
33.9138
33.8673
34.8608
35.3232
25.8158
25.547
35.202
35.3813
33.0415
30.8537
31.3229
32.2601
32.8122
33.8472
33.4476
32.8899
33.4057
32.9468
32.5553
32.844
33.2198
34.2659
34.0803
34.0565
33.8238
31.8051
31.9693
34.0756
35.2075
36.1468
34.3991
32.0307
32.5425
33.7758
33.8966
34.6897
35.591
34.4175
30.9756
32.2867
35.1853
33.9259
34.0003
34.5967
34.1927
33.1796
33.9328
34.9461
35.297
34.7953
34.7675
34.4163
33.3522
32.4302
32.8985
33.9939
34.2865
35.5107
34.9125
32.7139
31.7975
30.7673
32.3792
35.4679
35.2243
34.7464
34.1111
32.6974
32.9995
34.031
34.2477
33.9859
33.413
34.181
34.0397
33.8318
33.8719
32.5553
30.8938
30.1287
31.5831
34.1087
34.8578
34.353
34.6147
35.1784
34.3743
34.1693
34.1344
33.8478
34.3395
35.1741
35.8596
34.8468
34.3513
33.9541
32.8068
33.0497
33.4717
32.6222
32.0364
32.1745
31.9831
31.4525
33.4532
35.6341
34.7639
35.1525
35.7405
33.4885
32.8483
34.3083
34.562
33.6061
33.661
34.8329
33.0923
33.1104
35.5625
36.5063
35.5051
33.8966
33.8003
33.274
32.6648
32.7729
31.7113
32.2269
30.512
30.298
32.9072
32.5415
32.5887
33.3111
33.9662
34.6314
35.2939
34.1513
32.4665
34.0501
35.5701
34.3283
34.0739
34.0617
33.3428
32.6819
32.8964
32.56
30.3237
29.5142
30.3251
29.5583
29.1011
31.3539
33.4314
32.1265
31.4901
30.5097
29.7159
31.377
32.6808
34.2894
34.9864
33.7912
33.5278
33.0049
32.5198
33.5334
33.9363
33.0524
30.5362
30.4016
31.4757
32.4034
35.2063
36.0959
34.8535
34.7923
34.3065
31.1575
31.5776
34.4489
33.7399
33.7126
35.4994
35.6939
35.5518
35.1896
34.5811
30.1814
30.4776
34.6897
33.2867
32.1569
33.3533
34.2542
34.2883
34.876
34.842
35.2952
35.1136
35.1377
35.553
34.5006
33.2795
32.4739
32.2919
32.7606
33.394
32.5261
32.9364
34.5985
34.6789
35.0865
34.8998
32.295
32.4302
34.6771
33.9317
32.8628
33.7103
24.5972
21.8272
28.939
33.9472
32.3128
30.8057
29.0238
27.8691
30.3338
32.7799
31.9969
30.6434
31.7178
30.8342
29.3083
31.5
33.5531
34.0449
33.9576
31.0116
30.7409
33.8897
34.3737
29.8637
28.6476
31.4095
31.2671
31.0955
32.2347
33.0398
32.5839
31.8481
32.8272
32.4987
32.3929
30.5274
30.2952
23.9026
16.9268
17.3025
24.2477
28.1183
28.9448
34.8864
32.2836
29.5657
33.2624
35.9099
34.3536
34.0965
34.62
33.8725
33.9957
35.0042
34.9944
34.918
34.3932
33.3595
32.3258
31.8867
33.2458
34.8657
34.3654
34.4376
35.8487
34.1769
33.0524
33.8862
33.0868
33.9357
34.4715
34.7403
35.2715
33.9709
33.534
33.4068
33.9276
34.7524
34.6963
34.6003
34.0774
34.7711
35.5682
34.4976
34.6506
34.6374
35.1716
33.7889
31.5497
32.438
34.4151
34.7494
34.4768
34.6069
34.0437
33.3884
33.7052
34.7965
35.0097
35.4811
34.965
33.6389
33.4471
34.8135
36.012
35.8064
35.7015
35.0766
34.5066
32.4417
33.0743
35.7003
34.6248
34.1431
35.3151
34.8274
32.9717
32.5913
34.638
35.1259
34.4816
34.4958
33.7558
32.6728
32.6867
34.0368
34.459
34.6729
33.5081
33.8415
32.1864
32.0149
34.9595
35.307
33.3539
33.5509
34.7717
32.8219
32.8666
33.5121
33.8427
34.0466
33.9489
35.2479
34.7681
33.2973
33.7251
34.5369
35.0208
35.1019
34.1279
33.071
33.968
35.3557
35.7507
36.7519
36.2476
33.2829
32.4654
33.5616
34.333
35.3313
35.1235
34.3371
33.9541
32.8159
33.0792
34.7602
35.9215
35.6843
35.269
35.2634
33.6067
33.7849
35.0963
34.3401
34.5435
34.6338
34.3584
33.4891
32
33.2342
34.9071
35.6392
36.0192
34.6105
33.0191
31.9862
32.1172
33.3328
33.8364
33.5306
33.9265
32.9728
30.4706
32.1166
35.6087
35.8384
33.7274
33.6853
33.9963
33.2215
34.8159
35.2715
35.4384
34.9125
33.6157
34.0901
33.9363
33.3039
34.9907
35.4547
33.5914
34.0959
34.3796
33.3417
33.3128
34.7784
34.6933
33.6118
33.8066
32.4523
33.2392
34.8408
34.4626
34.534
35.0773
35.4277
34.9296
33.873
33.661
34.5871
34.9278
35.6424
35.6386
34.8584
33.0049
31.5751
32.8547
29.8659
29.6103
34.0965
33.0213
32.95
35.1253
35.6214
34.995
34.531
35.3519
34.3413
33.4706
34.7373
36.0991
35.6087
34.5113
34.4418
32.9756
32.495
34.1921
34.9791
35.1272
35.3082
35.7692
34.8858
33.6559
34.1186
34.7349
35.9047
35.4503
34.2302
32.6057
29.0643
29.2817
32.1585
32.9104
32.3494
31.6787
30.5946
31.159
33.7416
33.1928
32.0821
33.6836
32.2768
31.3014
32.6947
31.2505
30.7338
32.9364
34.5507
33.3856
33.7359
35.495
34.0785
30.7991
31.0564
31.7108
29.746
30.5153
31.2003
32.62
35.2746
35.5284
35.0607
34.4074
34.5411
32.3196
27.0438
27.3336
30.3108
30.9693
34.6051
35.6024
33.968
32.4739
32.416
33.4666
31.5438
31.3987
34.0942
32.7514
31.7506
33.4169
32.5754
28.5694
29.8663
34.9693
35.2348
34.071
32.3719
31.2276
31.4723
32.4628
32.6926
33.3522
35.5164
34.802
32.8974
32.8494
33.1488
33.6451
32.2877
32.9321
34.4994
33.2077
32.9891
34.6057
34.6795
34.4863
35.1191
35.1815
34.2765
33.4258
34.8766
35.5158
34.6482
34.94
34.4649
33.6474
32.1192
32.2825
33.8301
32.7831
33.1741
34.075
29.6195
27.3905
31.454
36.1304
36.3888
35.0748
34.9516
33.6734
32.684
34.1834
35.8847
36.4505
35.8128
34.7234
33.8627
33.7501
33.9115
34.8979
35.7967
34.6242
34.706
32.1239
30.6405
32.7091
34.1338
35.4893
35.4585
35.3195
34.0657
33.32
32.7241
33.3456
34.8153
35.2933
34.3118
33.3895
33.552
33.0743
33.1494
34.4727
36.0438
31.2008
30.0915
33.3684
33.9391
34.9382
35.565
35.3313
35.0803
34.926
33.9622
34.0431
32.9457
32.2186
33.3061
32.9794
30.9277
29.404
30.9411
33.3611
34.7192
34.9614
35.4083
30.3159
28.8738
32.2857
31.0121
29.9536
31.1507
31.5806
32.3687
34.3124
34.7651
34.5793
34.7391
35.5019
34.0015
32.1249
30.6424
31.9657
34.2184
34.9834
33.9328
30.0476
28.5311
30.0098
32.0996
31.5085
31.5129
32.4407
30.9463
28.173
30.0476
33.3957
31.745
30.8718
29.6476
30.3891
32.8791
32.1048
32.4507
33.5632
31.0049
27.5634
28.4131
32.7182
33.8541
33.8306
32.9169
30.2165
30.1432
31.4564
31.7601
33.6033
34.8931
34.3938
32.8316
32.1952
33.0753
33.2596
34.3519
34.5537
34.2612
33.2552
33.1
34.6278
34.5107
34.6741
35.0748
35.7015
35.8083
34.644
34.1093
34.5513
35.3557
35.1519
33.9432
30.466
26.1712
25.095
30.1123
36.0815
35.5164
35.3101
33.4616
33.3918
35.3751
35.5
35.2317
35.1475
35.7923
34.3383
32.1797
33.2292
35.3251
35.444
33.5486
32.6899
32.6333
28.784
29.2269
34.0628
33.8966
33.0033
32.8569
31.8162
31.1507
32.5738
33.8736
34.4394
34.926
34.4424
31.8684
31.0723
32.4423
32.8521
33.7929
33.4308
32.9631
32.3133
31.4852
33.1433
33.8495
34.1437
35.0428
34.6765
33.6163
33.2657
34.0142
34.6242
34.8165
33.3178
31.8878
32.4191
33.8788
35.0158
35.1667
35.3076
35.3363
33.8874
32.5061
33.2962
35.6621
34.8274
33.57
33.6939
27.7477
27.9548
34.6093
35.3982
35.1235
35.6882
35.6608
32.8159
33.2878
35.8764
35.736
34.6212
35.0428
35.9305
35.0428
33.6876
34.0965
33.8535
32.1399
33.222
34.4727
30.9737
31.001
34.3649
34.5602
35.0158
34.9034
34.9418
33.0126
30.953
31.1619
32.058
33.6005
33.2851
32.7391
31.6126
32.2799
34.5608
33.8943
34.8062
36.0653
35.2815
34.0292
32.6349
33.1785
34.6939
36.1644
36.8365
35.0564
34.6224
34.035
33.9997
34.7005
34.7633
34.7301
33.7519
31.736
28.765
29.3019
31.2393
30.9684
30.2801
31.7864
33.4504
31.9423
32.5993
34.2977
33.9432
32.8796
32.2258
33.184
33.592
33.8817
34.7838
35.0951
35.2796
34.5614
32.844
31.7662
33.8897
36.9522
36.479
35.6379
35.3338
34.9693
32.7917
32.7263
34.7433
35.4434
36.5678
35.8925
35.8847
33.7058
32.6621
34.7608
35.1389
34.478
33.7781
33.7228
32.3719
31.9468
33.9893
34.6482
33.4476
31.8167
32.204
31.4837
31.4936
32.8855
32.817
31.8395
30.9626
32.4081
32.9175
33.3834
35.3582
34.2085
32.6445
34.1279
33.6078
30.6654
32.2009
34.7162
33.9495
33.8478
33.0737
33.7519
34.1997
33.4102
33.3584
34.5369
36.299
34.9022
33.0786
34.082
35.6882
35.3101
34.1606
33.6281
33.2851
32.2945
31.2524
32.2186
33.8181
33.5661
34.273
35.0822
34.1029
34.046
35.3282
35.2529
34.5668
35.1068
34.7403
34.5835
33.3078
32.2591
34.0258
34.6711
35.5379
36.5885
34.976
32.1958
32.487
34.9034
35.1228
35.0736
36.3181
32.9592
30.6443
33.3328
34.3808
34.0483
33.7501
32.7295
31.6746
28.9436
29.3569
32.8612
33.8857
31.7632
30.5413
28.403
27.3486
28.9134
28.6603
27.9712
28.2171
25.9148
27.56
33.9587
33.9069
33.2209
31.7496
30.4479
31.5249
33.8072
35.5398
34.6218
34.2073
35.4283
34.1986
35.1346
38.0952
37.2301
35.4195
33.6474
34.1787
34.8535
33.2171
31.5726
33.1285
35.8051
35.8744
34.7657
32.3415
32.2799
34.3808
35.7156
35.9881
36.1481
33.8627
33.0513
29.8958
28.5531
31.903
34.497
35.729
35.4114
34.9162
33.9276
33.7046
34.1309
34.8967
34.7367
34.7808
34.7494
32.9804
33.5717
35.1241
34.3365
35.2709
34.3454
33.6893
33.071
31.7596
34.2073
35.8693
35.4516
35.184
34.4911
33.1483
33.5739
35.1364
35.897
34.8111
34.756
34.0489
32.0518
33.1785
35.1142
32.6052
31.8796
35.4799
33.6242
31.2261
33.1669
34.0745
35.0067
34.8335
33.7952
32.9783
29.8887
32.3159
36.7235
35.488
35.6005
35.8757
32.0184
29.2654
32.6467
37.1195
35.1933
33.769
34.0437
34.3625
32.5383
32.0847
32.2529
31.4189
33.0836
34.0414
33.2132
30.1818
30.6791
33.315
33.0885
33.5261
34.1128
33.4543
31.736
32.1172
33.5655
34.0136
33.5278
33.6615
33.6882
32.3698
33.5903
35.8198
36.4531
35.727
35.1636
33.7314
30.6246
30.4706
33.0524
33.4919
34.1408
35.3413
34.5698
33.5942
33.5706
35.092
35.7827
34.7893
34.3012
34.4566
33.6808
34.44
34.943
32.8073
31.4352
32.1187
32.022
29.6573
27.9123
30.7097
35.6913
36.0744
34.118
32.9218
34.9987
36.7748
35.4139
34.046
33.8255
34.5161
33.5683
33.9922
35.3576
35.1
35.4925
35.5885
35.8712
35.2777
35.065
34.8365
35.2237
35.1506
34.7693
35.0232
34.5883
33.3879
33.0387
35.1265
35.4767
34.6009
35.8442
35.8577
33.1477
32.9935
34.7705
35.0036
34.1431
33.5565
31.8735
31.175
32.6355
33.0748
33.869
34.4964
34.3956
34.2965
35.2703
36.6582
35.7814
35.6322
35.529
34.3826
34.3407
32.3154
33.4975
36.3346
36.0841
35.759
35.2026
35.7066
34.1105
33.0458
34.715
36.8535
36.9249
35.412
34.8876
34.198
34.3159
36.0978
37.2107
36.1246
34.5334
35.7788
33.3261
31.8031
34.379
35.8314
36.0276
35.2541
35.0318
33.7336
33.4096
35.1031
36.3412
35.5202
33.5177
34.7772
34.3519
33.4515
34.2354
34.9162
36.2011
35.8038
35.6443
35.279
32.7745
31.2076
33.2403
35.1753
35.4045
35.1161
34.2308
33.614
33.3868
33.0551
33.7325
35.2001
35.3719
33.9864
33.3773
34.8821
35.2355
34.8608
35.3064
36.0653
35.3801
34.3708
33.1439
33.5864
34.6951
34.4738
35.2964
36.0484
34.9699
33.0426
34.0205
28.3002
20.1568
16.9241
19.9543
29.6134
34.6039
36.2707
37.9694
37.6506
34.6344
33.7467
35.4528
35.7124
35.3326
35.0539
35.8
35.4453
34.3595
33.1466
33.601
34.6356
35.7092
36.7114
36.5177
34.7397
33.5988
35.0754
35.9913
35.8732
35.7041
35.8269
35.6227
34.2266
34.2214
34.4614
34.8238
35.0073
35.0521
35.61
33.5661
32.9473
32.2456
31.4624
31.5263
32.7536
34.4578
31.5736
31.0251
33.502
33.6967
32.559
32.9571
33.2712
31.3598
29.3148
30.0652
31.1459
29.7694
28.7109
24.871
24.2307
27.6056
31.4797
33.8244
30.4841
29.7345
30.6382
30.3476
30.5162
32.8877
35.3388
34.0368
30.1914
28.949
29.0335
29.5438
31.8395
34.0628
32.975
33.0017
36.3267
34.0808
32.4396
34.7457
35.4868
31.8568
33.1197
35.8262
33.3517
31.2686
30.756
31.1949
29.0516
30.2453
34.0269
34.6111
34.5089
34.239
34.4501
32.5129
32.8369
35.6786
35.6977
34.9004
35.0471
35.3788
33.3483
32.9636
34.7506
36.0581
36.1128
36.2917
35.6474
32.0796
32.8774
35.6894
35.9247
35.1259
34.7627
35.8442
36.0633
35.1364
35.2336
36.2339
35.9157
35.9777
36.3148
35.1142
32.2155
31.7349
32.5452
32.5378
32.9413
32.1833
31.8329
28.4236
28.8463
32.7853
33.5993
33.3907
32.1704
30.8756
31.6206
34.845
36.2194
36.9652
37.2128
36.4033
33.2497
32.7531
34.0211
34.9211
35.7296
35.7034
36.2634
37.0927
34.4947
32.9023
34.647
35.0306
35.1383
35.3501
31.9841
31.193
34.4418
35.7967
36.501
37.4462
37.9061
37.9946
34.825
32.5135
34.0803
34.8171
35.0914
36.1762
35.9105
34.2894
33.2856
33.9432
35.0557
35.3419
35.4855
34.1536
33.1994
30.5465
30.7688
34.1111
34.8487
35.6189
35.2423
35.3382
34.6482
34.8705
34.7651
34.009
35.1253
34.2712
33.9466
33.6661
32.4275
33.6005
34.2524
32.4828
32.3557
33.1653
32.5045
33.4594
30.3776
30.5857
36.5283
34.3065
32.4554
33.1494
33.4068
33.7189
34.3177
34.5979
33.6038
33.4795
31.9249
31.1318
33.6956
35.3588
35.6113
35.0073
32.3923
32.4971
34.6861
34.5626
35.3251
36.1259
35.4648
33.6084
33.2171
34.7066
34.31
34.0849
35.1741
35.4491
32.4291
31.6131
33.2668
34.1215
34.531
34.2184
35.3444
32.3483
31.1609
32.7955
32.8014
32.8753
34.3018
37.3288
36.7242
34.035
34.3773
36.5671
36.6999
37.022
37.4897
36.3808
34.6981
33.6366
34.0275
35.0042
35.6767
35.4742
34.5907
34.2278
34.3619
35.2262
35.6347
35.3151
35.8584
37.3895
36.2582
33.2187
33.712
35.4553
34.8882
35.4868
36.3049
35.5271
34.1874
33.5233
32.8882
32.6968
33.8375
34.33
34.5471
33.5059
33.2585
33.9069
32.1404
31.1105
32.3625
30.7636
30.7834
33.0393
32.5251
33.216
33.5604
33.0929
31.8269
32.189
33.0568
32.5733
33.4029
34.0344
31.5612
31.2906
35.1828
36.71
37.0569
34.9321
35.2703
37.4021
34.8481
33.3283
34.6033
36.1991
35.1142
35.466
37.046
33.9536
32.8677
35.2106
36.12
36.4578
35.9241
35.7769
33.6332
32.9446
34.5865
35.6094
36.4272
36.7282
36.0529
33.5486
33.9478
36.0939
35.699
34.2325
35.0797
34.8171
30.8794
29.7592
32.8666
35.6297
36.1781
36.0172
34.7325
31.7798
30.7967
32.7724
31.174
30.427
29.6323
26.2636
27.0922
29.1805
29.0381
30.0377
31.1052
22.1474
20.8197
27.5043
29.0956
31.014
33.1263
27.6235
24.4609
27.8451
32.2316
30.0752
28.0289
25.5066
26.5763
33.561
35.4039
35.7194
36.5017
36.4186
35.8121
36.884
36.9542
35.9958
35.1475
33.3778
31.6761
31.3018
33.6672
34.7735
34.1186
33.7143
32.2883
31.8056
29.7907
29.8472
31.5941
31.6827
34.0263
35.2584
33.5971
33.4812
32.7686
32.1916
33.3333
34.3324
32.7804
33.094
36.3365
36.7809
36.1272
34.9687
34.724
35.9926
32.079
31.3991
34.8347
35.6125
36.537
34.94
34.5322
35.113
33.2265
33.1879
33.7132
31.0713
27.7054
27.3744
24.9728
25.9413
30.5852
31.0058
32.4007
34.779
37.1113
32.9848
30.6979
31.7985
31.052
30.0549
31.6501
31.1468
31.8832
36.537
37.2439
36.7357
35.8976
35.2342
34.1052
31.066
31.0516
33.3006
34.0044
33.2806
32.5892
30.0314
29.9936
34.9443
36.6993
36.6865
36.8304
35.8192
32.8893
31.6181
32.5505
33.4297
33.5587
34.8955
36.0575
34.3342
34.7385
36.328
37.2821
37.5199
35.2566
34.4033
34.114
33.3217
34.1875
33.8535
32.6829
32.8915
33.3106
31.4827
32.3509
36.1128
35.8262
35.3076
35.9654
34.6999
31.8081
31.8091
34.5829
33.1066
31.8167
34.5883
35.6602
33.2779
32.0919
33.33
35.3526
34.1233
33.7223
34.0588
32.2622
29.8806
30.1218
34.3265
34.8256
31.3288
31.9811
32.9299
30.5399
31.0694
34.2132
35.6805
35.4377
34.2983
32.1404
32.112
33.6281
34.709
35.228
35.507
35.1766
33.5576
33.6893
34.5417
34.0379
33.3622
32.5325
33.1559
31.8862
29.7579
30.6082
31.2862
32.0554
31.6877
27.0015
29.3268
35.4541
33.9934
34.0803
35.2504
35.7003
30.5871
29.2146
33.1483
34.4364
34.3106
