1.14152e-311
inf
10.6228
259.943
298.73
300.571
294.421
303.859
294.681
318.269
339.847
365.03
278.59
258.699
315.806
333.89
336.304
341.705
355.114
365.03
275.938
264.585
342.877
316.256
308.404
284.091
282.287
336.7
159.439
128.824
214.408
270.563
287.811
338.295
256.345
232.721
262.055
274.612
223.939
227.531
308.785
141.693
122.926
193.892
132.468
149.589
288.351
286.164
317.864
327.172
284.819
262.329
197.961
190.803
278.707
308.166
284.981
235.405
248.756
254.647
190.494
215.054
305.998
315.657
290.487
301.659
294.031
249.128
242.718
230.203
233.155
205.17
225.124
319.234
324.886
342.29
291.545
281.334
270.819
285.347
349.345
357.59
353.544
320.873
308.88
322.477
371.816
410.762
424.899
407.664
330.633
244.618
262.089
367.647
313.185
307.22
388.727
406.009
379.363
335.627
317.813
327.708
364.166
393.005
325.15
317.813
390.854
369.822
316.356
291.418
329.327
398.248
382.409
367.377
248.139
252.27
383.362
362.516
351.37
362.056
388.576
409.333
422.565
385.282
218.245
216.826
356.761
349.345
322.009
352.237
408.33
422.565
419.024
372.024
366.032
402.658
418.148
425.26
428.082
392.465
379.363
31.1798
31.2398
431.034
377.572
367.985
396.354
352.671
352.175
346.38
356.252
357.015
352.547
408.08
338.181
314.564
393.314
439.56
445.434
442.184
395.257
343.053
331.565
326.264
242.219
245.188
334.448
320.616
324.359
354.799
372.578
403.796
411.353
399.281
372.024
348.797
367.512
405.022
428.908
428.908
367.175
348.25
383.656
406.835
422.744
406.752
392.08
313.529
298.597
373.413
392.157
340.194
325.733
345.185
371.609
390.016
377.216
402.091
416.927
361.991
352.983
365.097
384.098
432.339
427.077
427.991
399.441
360.295
386.399
436.491
436.11
432.994
454.649
335.345
299.446
360.946
377.074
321.388
330.797
419.903
439.271
425.08
394.555
377.501
399.042
375.446
366.435
431.22
450.653
346.141
331.895
427.168
454.339
433.557
353.045
348.857
346.021
301.25
316.206
289.981
299.222
387.522
405.762
386.1
315.706
322.841
345.304
312.94
263.957
268.24
362.188
415.196
430.385
418.585
383.877
398.327
440.432
417.449
389.257
361.076
362.976
327.976
320.461
360.946
326.264
308.119
334.728
381.243
422.922
394.244
384.098
419.375
411.862
384.246
403.877
384.025
374.111
430.849
420.964
410.172
404.613
372.578
382.117
414.164
424.809
407.166
289.561
282.526
392.619
437.35
456.83
417.798
378.143
398.804
442.576
455.373
428.633
429.553
400.882
355.051
360.036
393.546
429.83
386.922
355.177
388.954
435.54
448.229
439.56
352.361
335.345
420.964
410.425
365.364
353.357
339.041
341.997
360.49
392.619
365.965
341.297
320.256
310.318
313.136
292.398
341.822
426.621
437.924
423.819
410.762
390.168
402.253
446.828
450.045
407.747
354.108
343.407
349.345
362.319
413.479
453.206
384.098
350.693
394.322
414.766
414.336
383.436
380.445
426.621
435.635
345.662
305.483
341.18
387.672
435.066
457.666
451.467
408.664
376.152
407.249
443.656
434.877
452.08
369.344
319.387
366.636
418.06
425.894
344.116
277.431
283.809
301.75
332.502
382.995
348.857
347.826
408.08
451.06
470.035
391.85
386.324
441.696
449.741
482.509
465.441
409.584
400.4
437.828
436.681
378.644
367.918
353.482
331.236
322.269
360.036
384.615
335.683
383.068
465.441
472.367
400.24
249.439
266.064
443.262
467.181
468.055
404.94
351.617
378.286
430.478
417.886
418.673
410.762
407.997
383.362
376.79
446.429
477.327
361.141
335.345
428.082
465.766
454.029
437.924
400.802
409.752
448.43
391.389
346.32
328.407
348.736
412.031
460.723
472.59
457.247
392.85
342.877
368.324
431.22
444.543
433.369
385.06
392.465
444.642
423.191
439.464
445.732
380.88
380.518
429.185
454.236
445.831
440.917
417.711
413.223
382.922
352.423
399.84
441.989
424.628
412.031
437.158
445.038
456.83
463.499
416.493
412.882
436.491
356.189
328.947
368.8
383.583
398.645
451.569
453.001
443.262
348.008
338.409
458.085
492.247
496.032
268.889
245.912
366.233
404.694
452.182
282.606
256.213
366.3
369.072
349.65
312.842
330.852
364.166
365.364
436.491
477.213
373.343
356.761
453.927
464.684
454.856
438.693
386.324
393.778
451.365
413.907
386.847
424.989
421.053
417.711
459.137
476.531
484.027
480.192
432.432
421.763
451.264
472.702
489.356
454.442
343.23
325.415
352.858
369.754
448.129
430.478
385.951
414.594
465.224
480.538
426.439
418.235
421.852
385.134
386.25
407.997
445.534
489.117
396.825
383.73
473.149
462.107
429.738
440.626
427.899
427.991
466.853
399.042
373.065
425.351
405.597
399.361
444.543
428.725
423.012
426.621
396.668
419.375
424.719
405.844
450.248
485.909
322.217
296.604
427.625
490.677
493.949
479.501
305.623
273.149
383.215
420.698
441.989
399.92
338.467
342.29
400.882
462.749
455.996
358.938
339.098
418.235
474.046
459.664
400.4
393.314
447.527
431.965
385.356
424.538
433.182
395.179
409.249
445.633
459.137
433.557
379.291
392.388
466.418
465.983
443.459
435.445
305.857
283.447
376.861
399.122
414.938
391.926
395.961
469.594
500.125
506.073
466.962
430.756
369.686
352.858
407.332
437.063
454.959
491.884
429.553
407.914
470.699
480.769
484.379
473.709
404.776
389.94
450.552
434.972
347.343
373.134
411.269
406.835
475.059
445.236
425.622
443.164
385.654
387.898
461.148
493.827
511.64
510.856
381.752
295.858
322.373
413.565
478.24
492.975
413.822
328.623
343.761
398.406
436.015
416.147
394.789
342.994
341.413
439.367
481.464
386.1
348.129
430.478
497.265
470.81
451.162
426.621
403.714
441.599
440.044
387.222
394.322
396.983
361.991
405.351
481.232
489.836
451.671
382.629
403.877
485.909
494.56
494.315
495.54
364.83
333.611
414.852
467.181
505.051
508.13
470.588
399.521
422.476
502.008
499.251
481.928
470.699
433.745
433.088
437.924
420.256
458.295
493.218
509.684
430.2
359.712
402.091
473.485
469.594
484.848
436.872
407.083
462.642
419.375
341.239
366.771
375.516
368.732
429.185
442.184
457.143
448.934
402.901
430.108
483.092
482.742
475.511
492.49
382.995
344.412
358.038
363.702
457.875
516.929
424.448
406.339
366.972
316.807
365.831
346.2
290.276
315.906
384.246
393.159
339.501
356.252
464.253
501.253
435.92
401.204
393.701
417.449
492.126
453.001
391.16
431.313
435.066
396.196
450.552
506.329
505.689
468.274
447.728
423.908
439.271
501.63
480.885
476.531
510.334
374.111
338.181
424.358
452.284
461.681
449.035
402.414
422.922
504.923
533.333
514.403
484.379
505.051
487.329
463.177
389.712
361.468
430.756
489.237
443.164
425.441
500.25
539.374
550.509
514.139
476.417
442.576
435.73
413.736
389.257
438.885
513.084
476.531
414.336
449.843
510.595
488.281
454.856
459.137
456.934
462
503.018
513.479
506.457
524.659
546.747
349.406
317.965
434.688
383.951
352.92
339.963
340.716
395.883
434.311
428.082
329.218
330.087
376.364
388.425
475.511
529.381
409.752
351.309
427.259
515.863
511.378
462.107
463.714
398.248
394.945
444.939
375.375
372.232
361.011
348.371
424.538
506.586
517.331
476.531
431.22
405.762
446.828
534.759
552.944
543.626
528.402
358.23
335.233
464.253
520.156
550.509
488.043
395.804
377.786
425.894
477.327
471.476
477.441
520.291
507.485
486.973
514.536
436.967
385.505
448.33
522.739
410.172
397.693
479.501
476.077
481.348
483.442
469.043
455.996
477.897
471.698
481.348
412.797
400
415.714
420.964
429.83
407.498
388.199
381.607
411.607
455.166
527.565
514.668
482.393
492.854
377.929
338.868
435.92
510.334
542.299
495.786
345.483
339.963
468.384
513.215
502.513
481.58
404.531
293.212
309.358
443.262
499.002
493.583
389.864
356.506
395.413
436.777
475.285
469.594
411.1
401.123
453.618
482.625
421.407
392.388
413.565
415.369
461.787
487.448
503.778
528.541
515.996
466.309
409.165
435.825
504.668
529.381
539.665
451.162
369.344
405.351
495.663
505.689
455.063
349.65
261.063
287.026
379.867
414.422
474.158
234.632
202.388
296.692
311.575
366.233
443.853
497.389
531.35
527.565
495.663
432.246
438.308
485.555
363.438
340.832
338.009
337.268
438.982
436.11
419.199
398.724
362.647
406.752
500.877
525.486
510.334
516.796
426.803
345.244
401.849
495.909
424.178
386.623
392.696
410.593
412.541
396.589
410.341
453.206
413.223
281.73
288.351
401.929
467.946
489.237
399.76
405.515
476.417
488.639
480.192
480.538
487.924
460.511
454.649
458.085
420.875
404.122
407.498
375.587
404.285
499.376
541.712
519.615
474.608
421.941
427.168
487.686
510.465
493.705
486.855
399.281
351.927
413.565
492.247
492.732
418.76
410.425
418.41
442.772
519.076
492.247
466.092
497.141
487.211
464.145
416.493
395.961
459.348
527.983
432.152
357.654
413.822
506.842
536.049
525.762
510.986
509.424
464.36
469.594
498.505
459.664
424.178
432.432
409.752
431.034
544.366
566.091
568.505
564.812
501.505
433.934
419.551
463.285
505.306
515.331
527.704
541.419
365.965
339.328
485.201
518.135
491.039
500.626
463.714
385.208
410.172
506.329
485.673
476.19
521.376
443.951
339.443
331.895
422.654
527.287
561.167
433.745
404.776
509.165
547.645
548.697
482.625
335.177
336.247
432.62
420.964
395.179
391.16
361.664
335.064
411.946
518.538
527.009
480.654
405.762
393.236
467.181
539.084
495.54
501.63
477.327
344.828
361.011
503.018
541.712
519.481
499.625
452.182
436.491
495.05
524.659
501.379
506.714
542.005
449.135
402.495
394.089
386.698
449.741
490.557
394.089
376.932
485.555
547.196
536.193
524.109
529.942
472.925
452.386
509.814
514.139
423.46
405.186
476.304
417.624
420.08
502.765
485.319
504.796
490.437
440.529
433.463
459.982
475.285
499.875
545.108
538.793
331.4
278.901
310.27
361.076
493.218
469.263
462
533.618
555.247
490.316
440.529
455.27
426.348
396.118
417.101
433.182
434.688
362.188
324.57
338.639
339.271
341.88
401.365
400.721
403.714
474.496
439.754
375.869
369.959
389.712
434.122
529.801
561.956
561.64
527.287
513.743
471.698
467.836
537.057
554.017
538.793
553.097
547.795
339.501
318.522
457.457
481.464
486.263
444.247
395.804
422.386
492.247
508.906
498.256
519.886
524.384
445.236
382.336
370.233
408.914
397.062
357.143
342.056
382.922
502.386
522.603
481.696
464.792
431.22
448.632
482.742
406.918
387.672
457.771
450.857
449.035
487.567
483.325
516.262
483.91
467.617
432.246
413.052
469.484
501.505
526.039
545.852
422.565
363.438
419.199
451.569
466.853
484.261
486.5
439.85
437.254
512.033
505.433
491.28
510.074
514.007
454.133
413.479
378.358
342.466
382.922
374.883
356.57
445.831
522.876
482.625
353.357
298.686
366.435
466.636
476.758
492.975
522.603
329.544
286.533
384.246
438.116
459.664
410.256
366.905
421.763
512.821
517.598
528.402
495.417
301.477
303.582
480.307
482.625
458.295
453.926
414.079
412.967
455.373
432.9
467.29
533.903
499.127
455.27
402.901
402.658
480.538
496.278
429.738
393.933
437.35
504.286
500.5
474.383
478.354
427.168
414.079
414.25
362.779
377.929
456.204
439.271
435.35
520.427
508.776
468.604
440.917
437.35
420.875
425.26
461.148
470.146
488.043
411.353
333.723
390.472
470.146
446.03
467.399
498.008
479.386
454.856
482.16
494.193
470.81
478.469
521.921
483.793
440.335
418.148
449.337
532.198
545.852
520.427
439.85
415.8
472.478
535.332
501.882
467.399
344.59
341.705
451.977
468.274
449.236
444.642
289.184
267.094
392.08
388.199
391.236
369.072
373.134
389.788
392.311
407.166
285.225
290.318
430.2
474.158
437.35
385.579
365.43
390.625
465.116
457.561
467.399
515.996
454.856
405.844
378.143
372.648
350.385
302.984
317.259
370.508
419.199
467.399
486.973
418.148
410.931
451.162
405.68
410.846
476.19
427.077
417.973
493.705
533.476
536.913
483.91
482.858
419.111
372.509
422.208
472.59
499.625
461.467
313.038
317.007
463.929
493.462
506.971
461.574
414.164
448.833
513.215
521.105
501.002
511.64
534.331
471.921
398.804
379.939
394.4
429.461
462.214
392.696
387.522
479.962
523.423
500.375
474.721
492.611
468.823
434.405
415.8
407.747
406.339
372.024
329.815
384.025
498.878
436.3
384.911
363.108
391.619
484.261
429.185
408.998
477.555
376.293
337.154
406.091
450.349
499.002
505.433
468.055
427.716
452.284
526.87
493.705
488.281
511.64
464.253
446.828
419.111
395.491
437.733
484.848
440.432
399.361
414.766
465.983
486.263
479.272
488.878
424.899
436.681
486.381
490.798
429.83
388.274
376.435
396.904
503.398
549.904
555.556
520.833
476.417
427.533
442.674
523.697
541.419
541.272
539.084
524.246
320.205
292.099
412.116
461.894
511.902
517.464
445.633
444.84
500.501
452.899
460.405
526.039
523.56
442.184
381.534
380.735
429.277
495.172
478.813
423.908
423.729
474.721
532.198
545.852
524.659
500.626
418.322
396.983
355.999
313.234
359.971
348.25
373.343
488.878
497.141
468.165
383.73
351.494
415.887
482.509
462.428
464.9
484.261
402.658
385.579
485.673
494.438
408.664
394.4
348.797
356.633
467.29
473.821
466.2
505.306
512.558
437.35
388.954
399.68
450.146
478.469
431.034
374.042
419.551
535.189
547.645
546.001
550.812
540.394
415.8
352.858
401.526
409.249
411.015
433.934
401.526
441.112
510.204
513.215
482.625
476.417
444.346
416.667
468.604
514.139
540.687
551.268
519.616
345.722
321.802
345.066
348.979
394.166
355.24
373.972
375.305
403.633
514.403
533.618
478.126
441.306
437.158
445.931
468.165
478.126
447.527
405.844
429.553
491.521
510.465
517.732
510.856
431.499
420.168
470.146
500.125
480.192
386.026
338.581
333.333
363.769
375.094
351.741
373.134
383.951
424.538
504.668
519.886
509.165
509.424
329.272
296.472
426.985
498.38
518.269
520.291
429.553
404.04
481.58
471.476
476.19
521.512
399.76
352.671
374.532
385.579
394.789
397.377
393.082
411.353
463.285
445.038
454.442
492.126
498.38
443.853
396.118
428.908
433.276
397.614
379.939
391.236
448.029
496.771
517.866
489.956
488.998
462.856
452.489
489.716
487.805
470.367
476.986
368.392
329.979
398.804
455.063
502.008
502.892
496.278
443.754
443.262
503.651
471.254
471.476
529.661
537.634
434.688
359.389
369.481
415.024
402.253
351.062
381.971
474.721
527.844
508.001
488.043
497.389
430.57
385.802
424.088
489.356
431.499
397.852
324.886
329.164
481.812
487.805
451.569
464.684
368.121
340.832
436.681
495.663
510.465
304.878
289.394
450.248
490.076
511.771
474.721
346.44
341.705
457.457
427.716
410.593
476.985
445.633
382.775
360.815
372.024
427.899
450.146
390.778
382.922
420.168
434.972
467.508
501.505
456.204
397.614
420.521
484.731
431.034
394.089
382.922
394.867
469.704
514.271
482.16
454.339
495.417
441.891
432.807
501.882
479.157
482.16
433.745
323.154
344.531
431.406
455.789
457.143
450.045
428.357
430.57
494.56
474.947
481.812
517.063
518.001
432.994
354.799
382.702
411.946
377.501
334.057
344.709
413.907
460.829
482.16
443.754
381.534
370.165
426.439
479.042
495.909
512.558
384.689
336.814
427.168
490.196
443.754
443.951
410.593
366.703
412.967
455.789
481.116
497.884
327.976
271.85
354.673
463.392
498.256
496.032
413.052
398.01
484.261
438.789
361.011
352.175
359.842
346.56
377.216
446.329
445.137
399.441
388.274
422.119
462.214
494.438
508.259
523.013
446.03
408.998
446.628
410.088
361.206
369.276
398.248
455.685
532.481
521.105
457.666
436.11
388.274
387.747
459.137
487.211
484.496
448.129
346.921
323.677
332.116
374.672
451.875
432.62
416.147
434.972
474.496
473.821
502.134
531.491
482.393
431.034
403.47
379.291
420.433
475.285
430.015
397.141
447.127
504.286
486.263
475.964
500.125
451.264
427.077
467.399
496.524
451.06
402.739
359.066
358.938
407.083
445.038
469.373
482.16
435.445
396.511
421.852
473.597
547.046
522.466
408.998
326.477
346.56
358.038
372.439
470.699
417.885
407.332
402.01
347.464
370.714
372.648
302.16
299.536
369.686
379.723
356.888
370.782
447.227
539.084
526.316
509.944
507.872
429.369
404.531
461.574
474.608
418.06
392.696
380.228
413.822
484.731
494.071
476.872
393.933
347.887
394.555
472.032
509.165
534.759
548.998
554.939
350.201
309.215
409.92
453.926
475.624
474.721
442.478
462.321
526.732
478.698
439.56
476.077
512.952
426.167
357.846
401.526
494.805
538.068
501.882
419.815
431.965
491.28
474.721
434.972
432.339
423.012
407.166
407
417.886
412.541
407.249
281.294
267.165
415.282
451.264
469.263
519.481
451.365
428.541
465.116
485.201
470.367
415.973
370.439
399.6
492.732
496.032
426.53
402.334
340.716
346.801
401.204
402.253
375.023
317.864
317.46
344.353
387.522
434.311
451.365
