1.03782e-311
inf
13.4416
292.312
501.756
1956.95
1289.49
847.458
1059.32
1919.39
2466.09
3048.78
4048.58
4405.29
4464.29
4545.45
4694.84
4618.94
4608.3
4716.98
4728.13
4796.16
4651.16
4662
4535.15
4454.34
4618.94
4587.16
4662
4694.84
4694.84
4716.98
4705.88
4728.13
4739.34
4773.27
4878.05
4950.5
4962.78
4987.53
5050.51
4514.67
4264.39
4597.7
4716.98
4773.27
4878.05
4987.53
5000
5012.53
5063.29
5115.09
5167.96
5167.96
5167.96
5208.33
5154.64
5050.51
5050.51
5025.13
4975.12
5000
4807.69
4716.98
4807.69
4301.08
3913.89
3824.09
3898.64
4008.02
4464.29
4545.45
2016.13
1990.05
4219.41
4914
4545.45
3663
3316.75
3053.44
3424.66
4424.78
4761.9
5012.53
3690.04
3062.79
3139.72
3125
3424.66
3344.48
3200
3316.75
3333.33
3384.09
3787.88
4008.02
4210.53
3831.42
3327.79
3565.06
3361.34
3344.48
3656.31
3418.8
2911.21
2306.81
2288.33
3062.79
3430.53
3454.23
4056.79
3676.47
3565.06
1816.53
1167.54
1246.88
1924.93
3159.56
3058.1
3252.03
3252.03
3442.34
3327.79
3294.89
3508.77
2828.85
2747.25
3412.97
3906.25
3577.82
3401.36
4106.78
3717.47
3395.59
3738.32
4166.67
4385.97
3853.56
3521.13
3278.69
3407.15
3552.4
3384.09
3552.4
3745.32
3527.34
3436.43
3629.76
3502.63
3577.82
3780.72
3731.34
3752.35
3745.32
3565.06
3616.64
3189.79
1189.06
995.025
1453.49
1465.2
1782.53
2673.8
3466.2
3610.11
3189.79
2190.58
2309.47
3597.12
3236.25
3139.72
3663
3853.56
3610.11
2336.45
2424.24
3378.38
3241.49
2923.98
2252.25
1743.68
1843.32
2466.09
2249.72
2192.98
2531.65
2224.69
2141.33
2801.12
560.695
553.557
2702.7
2257.34
1795.33
1895.73
3007.52
4032.26
4115.23
3669.72
3246.75
3745.32
1895.73
1763.67
3676.47
4618.94
4950.5
4950.5
4291.85
3861
3738.32
2116.4
2040.82
2358.49
1459.85
1596.17
1350.44
1335.11
2262.44
2580.65
2820.87
2008.03
2074.69
2941.18
2209.94
1838.24
2395.21
2649.01
2666.67
3241.49
3577.82
3984.06
4434.59
4310.34
4149.38
4434.59
4524.89
4694.84
4773.27
4866.18
5089.06
4938.27
4901.96
4514.67
4424.78
4962.78
5277.04
5449.59
5571.03
5665.72
5730.66
5747.13
5633.8
5305.04
4524.89
3703.7
3913.89
4535.15
4310.34
4415.01
4081.63
3436.43
3809.52
4878.05
5361.93
5449.59
5494.51
5494.51
5361.93
5263.16
4347.83
4210.53
4608.3
4716.98
4395.6
2409.64
683.527
649.14
1869.16
2336.45
1317.52
1492.54
2728.51
3086.42
4376.37
4158
2861.23
2383.79
2869.44
3289.47
3021.15
2967.36
3267.97
3669.72
3350.08
2645.5
2777.78
3086.42
3115.26
3355.7
3527.34
3738.32
3539.82
3389.83
3220.61
3401.36
3603.6
3344.48
3154.57
2721.09
604.778
582.411
2412.55
3984.06
4938.27
3062.79
2663.12
1563.72
1267.43
1655.63
1836.55
2181.03
2120.89
2547.77
3745.32
3200
2902.76
3154.57
3164.56
3154.57
2971.77
3159.56
3401.36
3338.9
3395.59
3683.24
4329
3710.57
3205.13
3333.33
3091.19
2607.56
2808.99
1079.91
1061.01
3430.53
3676.47
3717.47
3759.4
3795.07
3669.72
3454.23
3738.32
4219.41
3968.25
3717.47
3745.32
3802.28
3724.39
3738.32
3802.28
3565.06
3558.72
3759.4
3683.24
3636.36
3824.09
3696.86
4008.02
4889.98
4672.9
3831.42
3703.7
3795.07
3831.42
3780.72
3552.4
3731.34
3968.25
4434.59
4016.06
3448.28
3717.47
4415.01
4081.63
4166.67
4651.16
3913.89
3603.6
3067.48
3144.65
1452.43
995.52
1746.72
4424.78
4962.78
5277.04
5390.84
5464.48
5464.48
4032.26
3952.57
4338.39
3623.19
3418.8
3558.72
4255.32
4106.78
3436.43
849.979
718.649
1546.79
2152.85
1792.11
1181.33
1601.28
3669.72
4576.66
3436.43
2898.55
3424.66
3816.79
3809.52
3007.52
996.016
713.012
1204.82
2192.98
2400.96
2785.52
3372.68
3129.89
3129.89
3546.1
3616.64
3571.43
3610.11
3831.42
3629.76
3514.94
3289.47
3355.7
3703.7
3816.79
3539.82
3412.97
3649.64
3384.09
3305.79
3210.27
2844.95
3003
3460.21
3154.57
3058.1
3546.1
3424.66
3546.1
4228.33
3898.64
3745.32
3669.73
3603.6
3676.47
3294.89
3350.08
894.855
818.666
1919.39
1834.86
2237.14
2691.79
2604.17
2717.39
2600.78
2659.57
3120.12
3502.63
3333.33
3115.26
3502.63
3502.63
3514.94
3690.04
3717.47
3577.82
3210.27
1936.11
1601.28
2493.77
3616.64
3350.08
3338.9
3220.61
3194.89
3508.77
4123.71
4889.98
5361.93
5571.03
5602.24
4514.67
3745.32
2415.46
853.242
893.256
2320.19
2624.67
3134.8
3508.77
3418.8
2945.51
2840.91
2869.44
2919.71
2173.91
2155.17
2770.08
2971.77
2797.2
2777.78
3816.79
4192.87
4672.9
4938.27
4192.87
3787.88
4073.32
3100.78
1682.09
1093.49
1498.13
3472.22
3690.04
4016.06
4123.71
4357.3
4504.5
4415.01
3636.36
2453.99
2010.05
2564.1
2770.08
2762.43
3696.86
3824.09
3898.64
4098.36
4081.63
3225.81
3115.26
3976.14
4273.5
4008.02
3327.79
3300.33
3853.56
3809.52
3906.25
4291.85
4219.41
4166.67
4514.67
4705.88
3766.48
3490.4
3968.25
3984.06
3780.72
3472.22
3350.08
3571.43
3853.56
4065.04
4115.23
4016.06
4264.39
4629.63
4672.9
3571.43
3514.94
4651.16
4878.05
4926.11
4830.92
4830.92
4273.5
3883.49
3976.14
4008.02
4123.71
4264.39
3838.77
3656.31
4040.4
3816.79
3484.32
4016.06
4504.5
4008.02
4329
5181.35
5333.33
5449.59
5405.41
4807.69
4716.98
5089.06
5167.96
4796.16
4739.34
4975.12
4807.69
4395.6
4376.37
4739.34
4629.63
4683.84
4938.27
4784.69
3252.03
2857.14
3496.5
4098.36
4716.98
4938.27
4728.13
4576.66
4694.84
4166.67
3795.07
3649.64
3676.47
4040.4
4494.38
4866.18
4878.05
4694.84
4651.16
4514.67
3883.5
3267.97
3076.92
3378.38
4106.78
4750.59
4705.88
4484.3
3773.58
3378.38
3610.11
3875.97
3703.7
3372.68
3546.1
3831.42
3508.77
3831.42
4784.69
5012.53
5208.33
5208.33
5263.16
5221.93
5115.09
5420.05
5420.05
5249.34
5291.01
5291.01
5235.6
5194.8
4830.92
4587.16
4926.11
5333.33
5449.59
5390.84
5347.59
4914
4494.38
4694.84
4854.37
4716.98
4683.84
4662
4219.41
4219.41
4694.84
4405.29
4405.29
4750.59
4474.27
4219.41
4555.81
4987.53
4672.9
4597.7
4926.11
5076.14
3669.73
3289.47
3809.52
4081.63
4683.84
5000
5037.78
4914
4889.98
4901.96
4975.12
5012.53
4926.11
4807.69
4784.69
4866.18
4819.28
4761.9
4889.98
4926.11
4878.05
4273.5
4008.02
3976.14
3853.56
3853.56
3898.64
4166.67
4032.26
3831.42
126.582
124.766
2442
3179.65
3883.5
4555.81
3690.04
3091.19
3115.26
3929.27
5208.33
5479.45
5649.72
5665.72
5347.59
5319.15
5681.82
5494.51
3623.19
2976.19
3225.81
3389.83
4338.39
5586.59
5714.29
4264.39
3284.07
3968.25
5076.14
5235.6
5571.03
212.202
205.297
2649.01
3809.52
3976.14
4555.81
4016.06
3883.49
4683.84
4273.5
3883.5
4149.38
4566.21
4739.34
4830.92
5128.21
5390.84
4192.87
3436.43
3802.28
4329
4545.45
4705.88
4878.05
5154.64
5361.93
5089.06
2105.26
1996.01
4228.33
4878.05
5221.93
5494.51
5649.72
4866.18
4056.8
4098.36
4608.3
5154.64
5479.45
4728.13
4415.01
5012.53
5376.34
5277.04
4376.37
4081.63
4535.15
4694.84
4048.58
3603.6
3968.25
4484.3
4854.37
5128.21
5167.96
5277.04
5291
5263.16
5390.84
5449.59
5464.48
5555.56
5479.45
5390.84
5434.78
5524.86
5649.72
5555.56
3577.82
3472.22
4065.04
2820.87
2735.98
3436.43
4115.23
4830.92
5154.64
5333.33
5464.48
5464.48
5434.78
5464.48
5540.17
5665.72
5797.1
5780.35
5747.13
5025.13
4694.84
5115.09
4926.11
4065.04
3710.57
4310.34
4175.37
4201.68
4716.98
4524.89
4629.63
4301.08
3875.97
3745.32
3584.23
3656.31
3976.14
3906.25
3846.15
4040.4
4056.79
4024.14
3960.4
3759.4
3944.77
4366.81
4484.3
4524.89
4474.27
4166.67
4089.98
4494.38
5063.29
5263.16
5221.93
5115.09
5025.13
5050.51
4484.31
4149.38
4395.6
3968.25
3565.06
3838.77
4210.53
4494.38
4694.84
4728.13
4878.05
4950.5
4987.53
4962.78
4484.31
4329
4716.98
5025.13
5025.13
5037.78
5128.21
5141.39
5012.53
4672.9
4796.16
5181.35
5390.84
5649.72
5665.72
5681.82
5730.66
5602.24
5602.24
5730.66
5555.56
5037.78
4807.69
5194.8
4219.41
3478.26
3194.89
3284.07
467.946
461.467
3466.2
3527.34
3252.03
3690.04
3913.89
4255.32
4405.29
2339.18
2070.39
2857.14
3257.33
3231.02
3179.65
3883.5
4444.44
3898.64
3527.34
2450.98
2004.01
2631.58
3577.82
3273.32
2587.32
2808.99
3179.65
3577.82
4545.45
4750.59
4926.11
2958.58
727.273
773.096
3454.23
3952.57
4415.01
4056.79
3039.51
2816.9
2812.94
2808.99
2812.94
2594.03
3105.59
3267.97
2642.01
2298.85
2352.94
2564.1
2583.98
922.935
837.872
1824.82
1912.05
1932.37
2096.44
2176.28
2336.45
579.71
574.713
2217.29
2207.51
2152.85
2400.96
499.251
472.702
2222.22
2538.07
2285.71
2341.92
2534.85
2444.99
1355.01
1402.52
2828.85
3546.1
3846.15
3906.25
3220.61
2873.56
3257.33
3669.73
3846.15
4228.33
4773.27
4938.27
5154.64
5333.33
5194.8
5167.96
5181.35
5076.14
4319.65
3466.2
3115.26
3316.75
3752.35
3780.72
3809.52
2614.38
2328.29
2628.12
1800.18
1863.93
3091.19
3460.21
3816.79
4301.08
4158
2421.31
2072.54
2747.25
1016.78
954.654
2176.28
2590.67
3081.66
3200
3502.63
3466.2
3095.98
3095.98
595.061
564.972
2070.39
2296.21
2728.51
2659.57
2699.06
2713.7
2812.94
3267.97
2717.39
2528.45
2541.3
2677.38
3067.48
2962.96
2998.5
944.287
897.263
2614.38
2607.56
2587.32
2844.95
1978.24
1736.11
2395.21
3236.25
3546.1
3752.35
3952.57
3816.79
3773.58
4032.26
4395.6
4750.59
5194.8
5333.33
5277.04
4555.81
4434.59
4784.69
4474.27
4024.14
3690.04
3669.73
3984.06
4474.27
4830.92
4926.11
4889.98
4962.78
4987.53
4938.27
5063.29
5291.01
4264.39
4201.68
4854.37
4694.84
4494.38
4366.81
4640.37
4784.69
4987.53
5249.34
5361.93
5449.59
5571.03
5540.17
5494.51
5479.45
5305.04
5376.34
5633.8
5698.01
4866.18
4098.36
3110.42
2967.36
3875.97
4566.21
5076.14
3968.25
3246.75
3220.61
2828.85
2463.05
620.347
595.77
2453.99
3766.48
3289.47
3316.75
4016.06
3401.36
3149.61
3338.9
3076.92
3597.12
4032.26
3478.26
2728.51
2389.49
2604.17
3091.19
3294.89
3144.65
3378.38
3642.99
3676.47
3690.04
3616.64
3210.27
3252.03
3724.39
3466.2
3194.89
3384.09
3696.86
3683.24
3189.79
3194.89
3350.08
3086.42
2554.28
618.812
610.501
2567.39
3159.56
3003
3355.7
3616.64
3546.1
3389.83
3597.12
4024.14
3853.56
3472.22
3086.42
2652.52
2447.98
2587.32
2980.63
3278.69
3696.86
3731.34
3484.32
2915.45
2574
3007.52
3220.61
2460.02
2298.85
2652.52
2463.05
2364.07
2463.05
2793.3
3372.68
917.431
798.085
1992.03
3044.14
3316.75
3656.31
4975.12
5333.33
5449.59
5524.86
5494.51
5390.84
5333.33
5291
5277.04
5141.39
5076.14
5167.96
2824.86
2604.17
3968.25
4024.14
4073.32
4228.33
4329
4376.37
4434.59
4237.29
4158
3044.14
2424.24
2574
2061.86
2036.66
1103.14
1076.43
2398.08
2732.24
3257.33
3120.12
2288.33
755.287
790.514
2339.18
2713.7
3738.32
2621.23
953.289
909.091
2044.99
2989.54
3478.26
1520.91
1150.09
1769.91
2832.86
3571.43
3044.14
1646.09
1448.23
2333.72
3300.33
3629.76
3875.97
4016.06
4016.06
3952.57
3053.44
1096.49
1078.17
2127.66
1988.07
2105.26
2383.79
3095.98
3976.14
4301.08
4662
5089.06
5291
5361.93
5479.45
5555.56
5571.03
5602.24
5586.59
4357.3
3584.23
3669.73
3846.15
3853.56
4123.71
3960.4
4040.4
4926.11
5050.51
5181.35
5376.34
5390.84
5509.64
5586.59
5571.03
5617.98
4819.28
4716.98
4901.96
4366.81
4385.97
4608.3
4705.88
4672.9
4830.92
4576.66
4338.39
4640.37
4914
5089.06
5181.35
403.959
390.396
2928.26
3273.32
3552.4
3683.24
1682.09
997.009
1364.26
2808.99
3284.07
3952.57
4651.16
5141.39
5181.35
4854.37
4773.27
4773.27
4210.53
3795.07
3846.15
4201.68
4728.13
5154.64
5319.15
5305.04
5263.16
5291.01
5291.01
5291.01
5361.93
5361.93
5333.33
5277.04
5333.33
5540.17
5347.59
2865.33
1749.78
2087.68
3144.65
3412.97
3267.97
3430.53
4291.85
4705.88
5063.29
5000
5063.29
5167.96
5208.33
5167.96
5050.51
5063.29
5194.8
5319.15
5405.41
5235.6
4962.78
5102.04
5390.84
5420.05
2785.52
2436.05
3929.27
4728.13
5012.53
5194.8
5347.59
5420.05
2793.3
2439.02
3906.25
4705.88
5128.21
5361.93
5420.05
5277.04
5208.33
5221.93
5194.8
5167.96
5249.34
5361.93
5347.59
5361.93
5420.05
4434.59
3703.7
4000
4662
4938.27
5063.29
4796.16
4796.16
4889.98
4878.05
5263.16
5291.01
5361.93
423.46
18.8505
19.6298
3508.77
4385.97
4357.3
4395.6
4854.37
4608.3
4566.21
4962.78
5181.35
5319.15
5305.04
5221.93
5154.64
5115.09
5115.09
5089.06
4962.78
4914
4914
4950.5
4950.5
4938.27
4514.67
4255.32
4608.3
4545.45
2169.2
1620.75
2280.5
3076.92
3039.51
3016.59
3067.48
400.641
379.579
1463.06
1795.33
2439.02
2322.88
2197.8
2004.01
2061.86
2450.98
3189.79
3044.14
3144.65
3623.19
3361.34
3300.33
3577.82
3472.22
3454.23
2840.91
2457
1687.76
1523.23
2328.29
2262.44
934.143
925.926
1308.04
1469.51
2886
3527.34
3875.97
4048.58
2515.72
1888.57
2551.02
2538.07
540.979
563.857
3273.32
4395.6
4987.53
3194.89
3016.59
4454.34
3355.7
3200
3780.72
3636.36
3780.72
3898.64
4132.23
4376.37
4640.37
4901.96
3960.4
3527.34
3642.99
3816.79
4192.87
4210.53
4073.32
3861
3937.01
1899.34
915.332
768.344
999.5
1619.43
2642.01
3696.86
4184.1
4484.3
3053.44
2751.03
3436.43
3418.8
3883.49
4366.81
4587.16
4830.92
4938.27
5050.51
4716.98
4608.3
4683.84
4608.3
2421.31
2224.69
3430.53
2570.69
2057.61
2059.73
2594.03
836.82
781.25
2148.23
2178.65
2512.56
2861.23
2865.33
2754.82
2766.25
2906.98
2954.21
3030.3
3003
2873.56
2751.03
2713.7
2770.08
2886
2958.58
2869.44
852.515
858.369
3344.48
3527.34
3448.28
3952.57
4504.5
4901.96
5063.29
5076.14
5050.51
5089.06
5221.93
5333.33
5154.64
4264.39
3868.47
3952.57
4008.02
3861
4000
4739.34
5249.34
5434.78
5376.34
5347.59
5434.78
5602.24
5714.29
5681.82
5586.59
5602.24
5681.82
5714.29
5586.59
5390.84
5208.33
4514.67
4310.34
4796.16
5063.29
5102.04
4282.66
3906.25
4237.29
4454.34
4629.63
4683.84
4705.88
4694.84
1768.35
1508.3
3086.42
4415.01
4424.78
4048.58
4282.66
2352.94
1537.28
1879.7
2695.42
2531.65
2777.78
3824.09
4106.78
4319.65
4357.3
4237.29
4024.14
3968.25
561.167
534.331
2688.17
3703.7
3846.15
3338.9
2828.85
2617.8
2849
3454.23
3992.02
3846.15
3546.1
3294.89
3710.58
4255.32
4514.67
4750.59
4901.96
5012.53
4962.78
4694.84
4395.6
4338.39
4424.78
4081.63
3780.72
3514.94
3460.21
3787.88
3724.39
3802.28
3724.39
3558.72
3552.4
3649.64
4073.32
4237.29
4282.66
4424.78
4504.5
4618.94
4149.38
3831.42
3241.49
3267.97
3838.77
3305.79
3311.26
3831.42
3891.05
3861
4115.23
4347.83
4555.81
4773.27
4962.78
4784.69
4535.15
4219.41
4210.53
4504.5
4424.78
4608.3
4866.18
4376.37
4149.38
4338.39
4672.9
5141.39
5050.51
4166.67
3831.42
4166.67
4434.59
4576.66
4683.84
4566.21
4434.59
4608.3
1478.2
1353.18
2728.51
3034.9
3642.99
3086.42
2666.67
2328.29
2466.09
2659.57
322.217
313.136
1913.88
2066.12
2442
3603.6
3795.07
3853.56
4237.29
4219.41
4347.83
4716.98
4866.18
5037.78
5154.64
5089.06
4987.53
4329
3795.07
3891.05
3960.4
3898.64
3976.14
4175.37
3968.25
3952.57
4514.67
4555.81
4587.16
5063.29
5305.04
5277.04
4796.16
4761.9
5263.16
5494.51
5494.51
4987.53
4796.16
5012.53
3960.4
2928.26
2762.43
2475.25
2805.05
3846.15
2469.14
2421.31
3454.23
3454.23
3616.64
3944.77
3976.14
4032.26
4291.85
4484.31
4830.92
4524.89
4048.58
4210.53
4694.84
5025.13
5305.04
5361.93
5405.41
5494.51
5434.78
5479.45
5586.59
5555.56
5479.45
5115.09
4830.92
4784.69
4796.16
4444.44
3838.77
3913.89
4434.59
4640.37
4889.98
5115.09
5128.21
5221.93
5089.06
4484.3
4366.81
4608.3
4761.9
4926.11
2808.99
2534.85
3898.64
3327.79
3144.65
4000
4366.81
3448.28
2600.78
2610.97
3021.15
2898.55
1546.79
1687.76
3898.64
4319.65
4728.13
4866.18
4807.69
4819.28
4819.28
4842.61
4555.81
3490.4
2919.71
3236.25
3766.48
4098.36
4454.34
4629.63
4750.59
4576.66
4434.59
3861
3558.72
3683.24
3944.77
4618.94
5128.21
5000
5037.78
4474.27
4555.81
5665.72
5681.82
5730.66
5797.1
5390.84
5305.04
5665.72
5714.29
5780.35
5649.72
5586.59
5747.13
5681.82
5698.01
5333.33
4474.27
4504.5
5128.21
5420.05
5586.59
5617.98
5681.82
5747.13
5509.64
5494.51
4073.32
3333.33
3496.5
3976.14
4716.98
5063.29
5347.59
5235.6
5291.01
5347.59
5405.41
5571.03
5449.59
4640.37
4158
4395.6
4662
4716.98
4842.61
4576.66
4032.26
4219.41
4889.98
4739.34
4464.29
4444.44
4454.34
4395.6
4424.78
4545.45
4291.85
4282.66
794.597
680.504
1236.09
1424.5
2202.64
2670.23
4056.79
4796.16
5102.04
5235.6
5277.04
5319.15
5376.34
5305.04
5449.59
5617.98
5602.24
5681.82
4008.02
3081.66
3144.65
2832.86
3039.51
3816.79
1760.56
1805.05
4474.27
4672.9
4878.05
4366.81
3929.27
4040.4
4424.78
4716.98
4158
4166.67
4866.18
5291.01
5449.59
5464.48
5540.17
5602.24
5586.59
5617.98
5698.01
5747.13
5730.66
5747.13
5780.35
4914
4415.01
4672.9
4854.37
4962.78
4773.27
4750.59
5076.14
5319.15
5509.64
5509.64
5524.86
5649.72
5617.98
5633.8
5509.64
4773.27
4629.63
5063.29
5050.51
4987.53
