7.70901e-312
inf
9.88279
211.551
169.062
176.538
240.993
221.435
220.361
246.548
248.139
218.747
216.123
235.239
228.833
229.069
230.282
215.75
171.13
180.881
224.77
179.937
149.365
118.547
132.635
198.669
200.24
202.963
162.035
131.744
163.439
176.445
172.191
208.398
207.189
102.569
101.112
185.237
135.962
140.105
190.042
189.555
191.883
149.678
139.363
159.693
177.242
138.447
135.026
195.656
159.885
148.379
199.96
239.751
225.989
229.437
252.94
169.105
158.844
175.009
177.636
239.12
253.872
198.787
189.448
233.891
202.86
197.687
235.1
225.785
215.216
241.809
239.292
226.091
250.627
265.745
245.308
244.918
243.132
218.747
209.622
226.526
223.314
224.442
234.99
205.634
201.593
230.044
260.315
230.707
231.481
264.201
251.667
235.349
239.464
257.5
235.71
29.0166
28.7977
213.379
250.784
259.471
247.005
228.624
239.091
246.063
247.494
260.349
263.713
249.159
234.99
240.385
239.837
253.518
279.955
273.038
242.984
224.366
203.004
190.767
213.311
232.207
197.18
205.044
247.341
215.378
205.044
232.423
229.043
236.686
267.272
257.898
236.939
240.964
241.867
224.568
225.225
254.712
267.559
240.587
242.248
264.55
240.819
191.553
200.04
226.912
237.756
261.097
265.957
258.866
236.855
249.314
246.305
238.806
258.833
260.62
254.485
256.97
252.302
224.871
230.044
261.746
267.666
250.532
251.004
255.037
217.604
220.921
266.205
282.965
185.322
177.289
262.605
236.658
214.018
240.067
233.645
232.558
261.883
259.909
246.245
247.647
248.416
222.767
235.045
279.33
285.551
262.812
254.874
265.182
282.287
247.893
234
269.542
273.898
269.796
276.396
256.082
240.385
239.923
241.78
262.364
255.689
255.428
264.585
248.016
252.557
274.499
253.421
226.783
247.311
276.549
272.22
254.227
255.984
278.59
285.266
250.627
243.665
279.018
227.998
225.124
283.607
287.977
268.962
181.422
175.3
221.705
244.17
253.421
232.396
249.004
271.444
220.289
211.842
241.546
248.262
251.953
248.54
269.542
274.311
238.294
238.72
246.366
228.128
232.423
229.148
223.839
206.037
206.164
217.723
224.947
247.924
268.565
267.13
262.571
271.113
264.34
246.124
252.908
267.845
233.863
240.211
259.202
257.931
235.239
232.153
268.745
244.17
224.014
236.798
269.288
264.515
209.996
193.125
207.232
228.598
206.143
200.381
228.807
223.864
215.169
227.428
241.604
241.284
256.674
274.839
284.01
259.235
242.836
260.315
265.111
242.925
232.829
248.077
234.384
218.388
237.982
268.565
263.227
249.626
258.131
255.395
233.536
248.201
258.431
233.672
239.751
253.197
231.241
202.388
203.5
215.68
230.867
239.837
229.489
231.428
221.705
224.039
237.558
238.095
263.089
233.699
215.193
226.398
236.044
250.063
259.74
256.345
208.812
219.178
277.277
280.978
259.437
250.532
267.953
273.187
250.063
250.501
266.596
258.632
246.67
242.689
244.559
243.043
229.384
231.857
230.123
231.428
250.941
241.342
216.544
182.732
181.061
162.747
145.943
184.502
242.277
268.24
262.467
262.295
280.899
262.329
249.594
267.773
272.665
261.952
255.297
235.377
222.05
242.219
272.74
285.307
213.881
196.464
227.402
202.552
212.993
242.219
212.134
210.172
242.072
258.098
228.598
230.974
257.367
243.398
246.518
263.644
279.759
270.124
244.529
252.239
253.968
239.952
257.003
266.845
261.814
274.348
292.013
265.358
226.706
228.938
245.851
249.688
236.686
243.635
282.048
209.205
197.278
236.239
224.467
237.643
252.08
234.714
212.562
228.076
251.667
244.888
252.27
249.501
240.125
231.107
221.656
218.89
224.997
257.235
268.637
258.231
261.199
278.707
284.819
256.509
252.813
264.166
258.699
255.787
242.63
252.111
262.433
238.72
238.01
243.013
235.156
247.158
249.626
242.424
254.647
271.702
256.838
233.59
256.016
283.046
285.551
266.56
260.146
283.206
276.663
242.718
226.86
236.77
228.571
244.021
275.748
276.702
264.48
256.542
280.269
271.003
260.994
279.72
131.944
96.4925
146.94
165.057
159.757
226.398
260.417
251.667
229.148
242.984
268.565
258.498
270.49
276.817
257.666
245.73
248.849
275.52
281.057
260.146
260.078
272.405
266.418
261.097
281.334
264.795
236.798
260.688
297.974
293.902
266.773
221.877
218.15
221.288
228.598
263.4
213.927
187.178
201.552
219.443
218.675
208.986
231.992
253.711
256.115
261.609
266.987
263.366
272.331
264.901
242.219
262.95
264.831
248.416
242.866
244.948
255.951
218.436
222.395
282.207
280.584
236.742
221.754
252.972
257.036
230.894
251.921
289.687
226.912
228.598
288.6
285.837
276.243
271.665
267.094
236.827
251.984
288.642
272.814
256.706
256.608
279.955
315.159
254.097
243.754
291.248
289.436
279.799
281.849
299.715
311.915
276.434
215.773
202.819
220.702
254.097
279.135
248.17
241.809
268.528
286.082
288.976
262.571
263.019
272.405
273.898
254.874
244.888
289.603
238.124
187.494
208.312
230.309
247.678
280.466
289.729
276.549
244.918
253.293
288.6
266.916
264.971
277.431
272.665
271.887
257.136
239.722
226.86
249.781
287.026
300.842
290.782
283.246
288.101
290.107
256.377
249.75
275.634
276.091
274.123
290.487
314.169
300.707
262.226
248.139
245.912
252.781
254.162
269.614
290.444
265.006
261.131
282.566
264.096
219.01
241.313
299.043
296.252
275.596
263.193
279.408
304.692
246.944
212.089
252.398
286.328
238.806
218.771
265.217
257.301
222.717
243.873
276.434
263.817
269.469
288.767
283.93
263.193
260.688
264.096
234.274
250.344
274.123
279.174
252.016
234.329
269.179
300.707
251.446
240.587
266.987
262.123
270.526
286.369
304.183
296.78
258.164
238.379
266.738
269.505
267.63
274.99
234.687
229.621
268.889
294.118
245.429
229.095
263.678
286.738
288.725
270.856
256.213
273.56
280.387
274.273
262.64
242.66
240.038
250.91
270.197
237.53
229.991
245.459
255.624
260.824
265.076
274.612
282.247
285.837
280.938
308.547
284.455
237.586
255.885
287.563
287.977
266.383
252.781
289.226
294.855
245.61
255.2
292.74
290.023
274.537
274.16
303.49
317.41
294.724
253.743
258.098
290.571
278.668
281.968
301.523
296.78
290.487
288.475
299.446
256.377
230.123
266.312
311.381
324.992
290.529
269.324
273.935
285.266
267.344
265.816
305.623
219.804
215.169
272.035
266.951
226.116
208.312
249.128
262.192
267.023
279.72
291.758
287.894
275.065
293.298
314.911
256.443
241.663
292.526
309.645
292.398
262.433
265.006
296.736
309.741
273.71
262.226
284.131
278.435
270.38
261.814
275.255
289.268
257.965
252.016
279.72
280.505
277.971
292.912
296.516
293.169
295.727
312.598
304.275
241.371
236.463
283.688
289.771
283.487
277.971
292.398
318.016
293.945
246.457
242.718
268.384
236.072
235.793
289.059
210.97
198.511
261.712
263.054
221.141
215.285
266.205
287.604
256.937
248.262
240.385
230.229
269.724
304.09
308.928
275.482
250.658
271.813
304.09
267.38
249.969
270.307
271.961
267.344
259.774
283.97
313.48
285.063
257.367
274.348
264.166
259.235
275.558
272.072
278.629
286.205
302.847
294.291
232.558
234.247
271.481
287.935
285.022
251.921
252.844
269.942
218.747
222.469
283.849
262.674
273.373
270.636
273.187
280.623
234.522
239.206
282.127
236.77
201.45
245.58
271.998
257.998
288.475
267.058
232.072
260.112
291.078
287.894
274.537
266.525
288.809
302.847
256.608
256.213
300.436
305.064
299.67
292.74
306.607
321.492
256.148
234.247
260.586
265.71
271.334
278.823
279.877
256.641
262.261
305.111
333.89
266.738
225.378
263.158
313.775
315.956
279.096
267.523
299.94
327.815
267.487
262.329
311.187
302.939
278.164
237.361
257.965
317.712
296.472
230.548
221.582
228.18
224.115
246.093
265.041
250.313
257.998
273.56
238.493
245.791
274.801
295.683
278.862
258.598
273.823
286.082
197.883
192.808
274.424
270.416
272.963
302.297
325.945
288.6
273.038
271.407
273
260.79
262.674
293.04
298.418
277.546
263.852
298.374
297.221
276.702
263.054
272.22
308.594
301.75
287.315
299.76
323.677
340.252
270.124
251.13
259.403
229.991
258.465
275.103
283.447
296.033
287.026
259.538
244.379
262.778
286.738
294.855
261.643
241.721
261.37
301.25
276.587
235.988
257.898
306.796
295.377
257.798
260.18
309.837
332.613
256.509
245.308
295.596
306.232
288.559
277.085
312.598
330.469
289.143
277.316
282.725
288.934
274.688
273.187
300.255
266.596
258.598
285.429
310.222
281.809
259.37
286.451
312.647
324.886
328.03
285.103
265.076
271.481
269.614
259.235
279.799
302.801
273.373
261.37
269.724
295.727
293.04
292.869
289.687
255.787
247.985
280.308
305.764
285.022
233.536
238.521
308.928
261.063
215.913
249.719
309.023
330.633
272.963
263.435
319.949
329.435
259.707
253.936
297.177
279.096
255.722
262.709
305.81
325.15
295.29
255.526
262.261
296.956
288.268
284.698
270.966
268.492
259.471
245.58
267.451
254.13
259.437
287.356
289.478
277.469
261.131
270.563
304.925
323.468
231.965
199.72
243.368
263.331
267.666
290.909
302.16
276.855
257.998
273.149
238.92
234.632
281.136
298.018
259.504
255.2
308.642
271.518
210.305
226.963
297.398
321.958
255.558
238.521
296.209
321.492
269.833
256.706
301.296
318.117
295.377
289.771
303.859
295.334
275.103
257.102
274.198
307.361
283.768
279.838
277.932
278.823
296.472
293.815
315.856
279.369
247.739
280.23
323.258
321.595
312.598
278.125
277.585
310.704
285.144
241.896
261.712
315.358
323.258
307.361
296.868
322.685
325.998
287.48
238.892
252.493
313.972
284.131
263.435
270.088
289.645
292.697
259.437
238.18
249.439
267.989
279.486
312.451
285.919
242.807
262.02
305.344
283.326
259.875
258.465
261.814
263.296
277.277
299.177
319.795
276.319
251.921
267.63
269.542
257.4
262.055
300.255
307.031
293.083
286.41
305.483
319.642
248.942
246.275
310.318
328.03
316.556
272.109
275.672
318.269
331.071
266.951
254.065
294.898
299.267
289.101
287.439
311.139
321.699
293.513
254.097
260.18
301.159
293.858
287.563
274.801
276.205
295.072
298.418
327.065
278.552
221.926
233.182
237.614
210.018
226.116
266.951
286.903
227.118
221.288
255.069
248.54
269.833
302.984
324.149
293.858
277.932
266.773
266.383
309.502
280.899
261.131
295.814
319.693
282.725
267.881
295.77
268.276
240.993
274.688
333.278
342.056
295.072
262.674
292.569
325.415
294.507
268.312
275.786
291.63
290.487
279.838
297.575
331.895
332.779
310.078
286.656
278.242
304.971
292.912
251.699
270.599
323.206
301.25
289.226
230.84
206.377
264.271
300.707
258.933
235.571
276.052
327.761
343.112
283.006
257.003
297.044
306.748
297.309
293.556
299.177
324.728
343.407
295.814
259.875
263.089
288.018
286.533
282.925
262.985
257.036
265.993
279.564
321.285
318.928
299.985
297.221
299.895
305.53
317.007
300.842
300.797
307.503
298.151
250.878
250.47
288.309
286.533
277.2
296.516
324.834
308.737
274.424
256.345
277.431
311.721
288.268
273.673
301.659
312.793
272.702
278.513
337.439
299.043
246.975
233.918
267.201
317.259
236.379
233.727
330.033
339.674
234.329
222.494
305.344
301.069
278.862
297
326.211
334.225
288.642
252.525
264.55
301.887
290.234
271.039
260.247
261.37
265.322
276.434
288.226
263.887
268.565
286.082
303.582
326.531
302.618
290.613
279.447
276.625
235.599
223.539
288.684
312.647
285.755
290.951
318.776
314.515
303.536
299.76
312.695
313.775
288.268
274.01
291.418
320.616
335.852
303.536
306.796
348.918
290.571
248.787
266.702
276.396
285.388
236.602
232.531
312.256
340.774
257.865
232.019
271.37
289.813
282.127
289.143
328.731
321.699
283.286
263.783
287.48
331.181
305.018
278.164
269.433
268.492
272.442
292.312
334.225
291.206
254.745
276.74
303.951
316.606
318.624
312.647
331.071
341.122
324.307
275.482
278.474
325.415
334.56
269.978
240.096
292.398
336.022
293.815
291.843
295.596
286.862
311.915
306.373
300.842
315.01
337.895
297
285.714
327.493
285.266
242.365
267.058
299.715
237.671
224.997
253.068
245.851
223.639
235.96
270.49
298.374
308.261
276.014
272.146
296.692
291.418
259.538
253.775
265.534
276.396
288.434
305.39
321.182
302.893
291.206
324.044
309.406
278.319
285.959
307.456
324.254
343.112
302.297
289.394
325.627
330.36
236.714
233.481
307.55
303.444
276.129
251.13
282.008
316.006
272.146
254.842
275.255
297.619
286.821
287.068
313.922
317.46
304.646
296.34
318.471
295.596
266.064
277.162
303.951
314.812
301.932
279.564
290.065
278.164
225.53
235.599
263.783
259.875
256.542
263.331
304.739
340.774
292.526
258.632
266.489
285.47
265.182
254.842
267.702
274.499
283.487
292.44
329.652
291.928
264.62
286
299.356
320.307
327.172
290.023
291.843
331.071
335.739
266.916
258.632
316.656
333.278
311.672
269.034
272.442
317.309
307.503
295.683
296.516
288.434
309.454
295.639
260.62
271.37
309.215
300.12
310.174
350.324
314.663
281.77
302.663
323.415
327.225
265.463
259.067
334.672
291.248
220.507
240.703
314.021
329.272
277.393
261.404
313.48
318.624
264.725
256.377
263.678
261.233
251.004
260.383
297.309
312.5
276.702
262.881
315.358
315.457
296.252
296.34
292.141
311.672
343.112
310.607
284.779
310.655
295.203
210.283
214.225
298.686
330.142
313.824
295.203
290.234
293.427
296.912
284.981
291.545
319.693
322.321
307.787
312.647
315.507
322.893
293.686
293.902
336.191
258.131
227.221
281.452
322.945
298.018
267.845
290.824
340.716
343.348
259.74
248.602
307.456
280.073
244.858
276.243
337.098
348.553
272.851
242.601
255.395
265.217
265.006
240.732
246.944
231.027
246.063
314.07
297.398
264.131
273.673
273.373
282.167
320.307
301.659
312.305
353.669
339.213
270.234
246.731
276.663
312.256
311.721
290.867
297.974
307.078
290.613
297.044
297.398
291.758
321.492
295.421
288.976
328.677
354.547
324.992
301.341
317.058
288.226
254.907
271.85
309.933
307.361
296.252
277.2
270.563
304.507
338.123
265.534
249.314
319.642
344.116
323.572
287.563
259.202
268.889
284.131
275.103
246.609
251.541
255.591
251.541
270.015
257.268
276.358
317.108
292.184
268.42
281.69
308.976
327.225
322.425
280.191
273.635
323.415
308.928
247.862
242.542
256.082
278.979
276.281
249.875
283.126
311.042
289.771
287.894
314.762
308.071
280.034
279.018
308.976
333.667
290.782
281.452
333.5
297.044
251.036
270.746
303.859
317.763
274.952
261.438
313.48
340.716
322.165
261.883
243.605
292.056
344.887
326.851
314.218
287.522
253.293
249.781
234.962
235.933
271.113
263.4
261.883
312.305
347.524
311.333
305.437
346.021
285.429
248.663
277.162
314.861
333.611
302.984
289.603
319.949
335.008
325.786
272.405
265.322
310.318
331.84
269.542
258.833
323.258
330.579
292.74
272.963
273
288.6
297.575
286.41
301.705
328.03
322.269
305.998
323.729
336.587
301.932
276.434
288.85
315.756
322.945
288.143
286
320.616
323.206
322.997
262.674
254.001
321.234
307.977
273.224
298.686
295.946
260.586
260.518
268.565
245.972
218.245
242.66
296.209
334.896
321.337
293.126
318.928
318.269
283.407
259.909
282.366
330.579
319.132
283.728
289.226
335.345
344.056
321.802
276.358
274.65
316.206
336.021
284.01
282.566
336.361
318.319
291.673
266.56
275.976
311.042
282.326
257.4
264.131
268.456
272.294
298.998
320.976
312.354
287.48
280.191
306.984
322.113
309.023
284.941
298.107
328.947
329.435
253.872
233.508
281.334
305.951
302.48
315.209
342.056
287.646
252.876
275.558
285.022
291.036
216.873
201.654
278.396
260.315
259.067
324.097
304.553
231.187
241.196
320.976
345.363
312.012
280.426
296.34
325.468
305.111
250.784
256.115
314.713
336.078
292.227
283.086
320.873
318.776
302.526
307.929
281.571
271.555
293.255
276.893
274.839
290.402
282.406
282.845
305.717
291.163
260.213
271.702
316.907
350.324
343.997
288.018
283.286
327.869
319.591
263.366
244.469
283.889
334.56
308.499
294.985
332.889
342.759
319.285
262.64
230.601
259.875
286.369
241.109
232.829
285.144
277.816
261.575
294.421
282.845
250.094
261.952
301.205
320.924
292.912
283.126
322.009
339.616
333.167
260.044
240.327
266.205
244.141
246.396
267.63
272.294
278.203
275.255
281.373
297.974
281.215
252.302
247.893
266.418
282.925
278.746
268.492
194.194
177.62
226.116
226.732
251.256
316.456
315.856
247.494
215.703
233.427
271.887
292.697
292.013
275.634
258.131
243.102
209.468
190.876
191.718
216.076
249.066
236.435
234.055
252.781
245.881
247.77
237.756
250.344
246.033
232.91
258.598
269.76
232.639
230.654
285.144
255.069
254.323
274.236
245.188
260.01
276.625
262.02
257.699
267.165
285.144
304.275
256.18
246.457
271.223
261.233
250.501
272.517
242.542
237.051
262.261
254.453
279.057
264.41
254.712
