7.62456e-312
inf
11.9306
197.044
204.96
205.867
197.922
188.164
180.522
181.028
163.948
161.891
164.474
156.067
160.205
161.486
174.566
179.131
166.072
169.448
169.996
173.566
174.368
165.865
140.302
140.262
160.591
159.096
156.213
102.004
97.4896
151.4
164.447
163.532
170.271
158.831
132.855
138.927
174.322
101.513
93.1402
147.037
142.237
151.688
180.099
177.952
179.372
169.005
171.851
174.368
167.21
166.044
176.616
177.179
161.695
174.825
179.324
178.317
109.957
108.196
164.976
150.602
129.124
137.722
163.212
159.681
128.866
120.077
130.31
140.115
135.291
114.593
107.365
110.632
118.772
22.0658
22.9661
173.596
170.111
170.678
158.253
158.907
158.278
174.368
189.376
194.666
204.918
191.168
191.333
202.388
195.484
195.217
194.666
183.167
191.296
196.657
191.498
201.39
197.394
188.715
178.715
176.118
118.554
120.89
119.41
116.489
173.445
179.662
193.592
163.84
164.447
177.983
179.163
189.988
162.456
160.914
173.671
179.469
185.288
176.336
182
178.875
186.202
139.034
134.844
200.28
158.09
154.667
193.405
189.988
199.203
206.462
196.986
196.098
197.785
201.43
198.511
191.571
202.02
157.828
149.88
185.684
173.686
171.453
171.13
173.25
193.611
191.883
182.715
180.457
191.461
192.883
176.897
186.986
190.931
183.942
197.902
173.476
166.708
186.098
177.431
180.424
196.444
188.235
191.681
199.461
195.293
201.147
195.695
184.928
185.908
182.782
188.573
197.687
179.872
182.116
171.262
175.408
170.184
158.378
189.502
184.553
173.506
184.468
189.286
200.823
201.39
190.73
184.06
182.066
194.005
200.381
199.601
209.118
208.725
181.176
182.05
198.039
197.006
204.144
199.144
182.149
181.258
188.947
192.66
203.108
191.443
180.815
180.034
190.621
201.715
196.464
188.147
171.541
145.064
153.198
174.277
177.132
190.949
189.072
192.16
180.391
186.498
203.957
187.652
182.133
187.652
184.23
187.196
189.538
184.111
194.837
187.477
188.377
209.512
197.414
190.204
205.255
193.367
183.05
177.999
157.307
167.588
189.215
193.237
193.968
197.394
203.252
197.219
182.882
169.765
160.295
170.358
176.6
174.535
197.18
183.756
171.585
173.536
183.57
207.706
198.098
184.145
172.801
175.855
184.792
184.434
194.761
206.526
179.244
175.116
197.628
193.517
190.024
192.363
186.724
192.178
192.53
191.022
202.758
193.723
188.094
185.856
185.856
192.068
194.062
194.647
202.347
173.611
171.043
171.659
168.251
202.552
181.835
167.827
189.663
179.953
183.739
209.446
186.237
173.581
176.678
192.567
205.825
194.477
199.92
190.821
178.699
189.179
195.351
199.501
203.542
197.414
185.168
179.969
177.525
189.286
207.232
198.768
186.881
171.821
173.31
190.06
190.241
196.194
202.757
189.054
191.132
199.84
200.723
203.211
195.293
161.057
149.802
176.227
187.758
174.978
172.176
182.698
191.883
192.66
191.791
190.313
187.917
173.928
179.872
211.932
210.948
193.949
201.877
190.803
187.67
195.046
182.017
197.628
206.122
191.516
191.333
188.182
192.808
208.442
203.542
206.271
181.785
171.63
203.025
208.965
199.521
205.677
202.45
185.684
169.405
163.586
166.03
168.322
180.018
194.024
193.274
180.261
154.919
159.071
179.035
180.815
201.471
221.803
203.025
196.136
198.728
191.351
202.511
201.045
203.438
217.486
207.62
186.116
190.168
201.369
203.625
212.811
195.561
195.733
194.307
171.925
176.398
187.056
195.293
213.333
204.855
201.755
209.82
195.446
196.58
199.98
195.027
198.946
175.392
168.039
182.648
178.412
193.367
215.216
182.399
172.563
187.617
191.589
203.169
185.925
184.877
206.718
197.2
197.18
207.706
207.232
200.481
199.88
205.91
212.834
220.216
209.82
207.104
196.406
180.538
197.922
216.076
208.986
211.349
222.717
187.67
182.582
198.452
198.531
216.967
190.458
189.448
199.402
177.022
186.15
213.972
191.939
192.493
179.824
168.492
205.465
209.556
204.186
209.293
178.079
178.444
209.271
194.553
197.453
215.285
195.198
175.3
180.522
200.28
213.698
193.836
191.939
196.387
180.522
187.371
179.035
181.554
216.99
213.402
187.547
180.685
184.672
190.803
208.921
180.261
174.963
196.541
197.609
177.762
163.039
183.251
186.341
182.432
202.84
214.638
199.461
194.477
199.124
194.212
194.118
195.465
202.943
215.796
202
190.949
186.306
180.196
194.704
199.283
204.019
228.337
181.225
169.448
199.025
201.147
200.321
208.398
188.573
182.732
207.641
198.551
200.562
221.068
212.743
194.837
195.351
202.184
184.01
177.573
184.077
182.698
180.979
197.316
224.643
201.369
190.204
195.79
190.295
190.367
194.363
204.583
220.289
199.92
184.519
200.02
200.965
200.16
219.13
218.055
217.462
235.821
194.932
183.133
207.125
207.512
211.416
212.382
187.459
192.252
225.632
220.386
201.45
202.122
191.644
176.913
172.147
162.933
178.763
195.848
208.921
181.587
171.262
212.517
210.926
203.687
222.123
201.877
181.34
193.592
193.498
199.164
217.132
201.857
182.415
195.065
205.952
206.761
221.852
207.749
203.666
188.555
181.505
209.578
213.744
206.101
219.058
223.614
198.768
189.52
198.295
209.336
220.921
206.633
199.601
199.74
199.442
207.469
208.572
183.57
183.402
195.963
157.369
162.022
187.038
181.422
200.501
191.773
189.97
218.007
177.352
151.849
173.777
204.207
208.442
202.984
207.857
219.13
215.1
203.978
196.541
186.829
199.045
208.877
159.324
159.35
162.298
130.141
144.928
196.078
217.132
208.812
201.857
204.855
210.904
213.129
216.708
215.308
224.871
173.702
145.275
146.692
155.292
179.84
188.005
204.75
207.577
189.573
196.599
216.92
207.598
192.901
191.132
195.008
203.583
206.654
199.164
202.922
190.476
191.241
211.685
203.273
197.668
205.212
209.688
198.216
199.104
186.081
192.883
222.568
204.269
188.288
186.15
196.909
215.587
225.861
213.972
218.055
197.941
164.474
184.723
210.194
200.1
183.739
170.416
181.984
206.718
210.97
218.531
232.369
204.729
183.722
174.703
178.811
200.864
202.306
211.015
224.039
205.023
203.273
219.13
208.834
201.654
218.341
210.859
196.522
211.842
207.297
205.486
227.299
214.638
204.186
204.918
194.685
198.748
222.321
215.471
208.268
201.005
182.615
197.785
214.731
187.882
177.667
186.22
183.621
190.349
194.761
207.598
228.781
206.804
188.768
197.765
203.5
204.269
212.472
211.372
207.49
203.211
186.654
192.086
215.866
206.42
210.77
235.073
213.972
201.654
209.82
197.414
188.75
183.84
195.046
202.491
189.466
194.989
204.499
195.771
197.472
212.743
192.16
181.061
195.752
203.459
212.63
228.728
194.894
183.419
178.444
177.007
212.608
209.952
199.005
199.96
185.529
187.389
210.993
207.555
190.132
176.367
181.984
211.082
220.167
205.107
205.931
210.815
197.902
200.682
207.857
211.416
220.58
207.684
210.637
207.082
190.531
200.481
222.519
227.998
221.068
231.374
205.634
199.442
221.386
205.255
198.511
216.497
213.242
195.179
206.313
211.349
189.952
196.831
205.191
177.336
183.638
197.103
187.196
197.57
205.634
219.226
199.601
188.164
217.581
232.369
217.817
222.198
241.138
200.441
188.147
214.5
219.25
217.77
226.193
217.462
207.577
213.858
212.067
210.548
223.989
217.486
220.507
212.902
194.799
199.005
194.231
194.288
215.913
236.714
219.298
217.014
230.229
213.789
176.211
171.88
188.573
170.663
163.412
175.778
198.787
207.792
217.912
213.447
190.712
206.484
225.938
209.952
211.238
221.141
195.963
194.742
199.402
197.531
219.804
230.734
205.74
187.459
191.902
201.613
218.866
231.428
203.998
202.86
195.084
194.024
222.173
216.24
217.25
230.947
240.269
223.514
214.569
223.339
223.514
226.578
218.364
207.792
201.005
192.456
175.377
181.127
191.663
196.213
229.2
197.258
191.975
232.477
219.082
200.562
212.089
225.734
208.377
204.353
188.768
197.531
235.156
207.404
185.168
198.354
211.864
213.424
228.18
217.51
209.578
211.595
176.616
178.444
218.245
220.897
224.543
240.125
201.167
180.326
196.928
191.241
202.02
223.964
209.6
211.216
201.39
178.587
190.949
221.043
189
174.917
178.444
193.274
226.603
192.511
195.313
230.627
207.189
203.894
213.835
205.191
207.275
211.528
207.641
190.731
194.382
206.526
208.659
222.025
217.297
216.24
210.305
196.002
192.289
193.536
208.073
232.18
247.709
221.019
201.045
212.789
218.508
222.816
231.214
206.782
195.81
207.62
187.582
190.658
223.714
191.626
188.2
196.618
184.247
202.716
215.355
208.29
215.031
212.224
198.098
205.107
196.986
200.06
218.699
207.447
210.46
208.594
194.288
204.52
222.124
220.946
223.289
233.182
188.448
185.494
224.014
210.018
208.551
228.702
222.99
208.616
216.029
223.289
212.089
215.239
219.202
214.754
210.239
200.702
165.81
173.385
203.666
209.183
193.442
166.472
193.723
238.124
223.564
214.73
232.18
202.716
190.114
194.894
186.724
188.164
196.348
218.364
212.834
198.57
204.897
215.703
211.999
215.123
241.78
212.067
199.243
222.296
236.183
213.288
211.461
244.051
215.008
196.464
214.777
215.843
203.645
208.377
211.573
206.186
207.555
189.843
178.587
193.611
216.873
239.952
184.945
174.688
217.25
208.594
212.879
241.458
235.46
207.383
208.725
210.15
199.402
215.008
191.847
179.775
199.481
204.269
204.457
221.754
233.918
229.384
231.965
192.623
188.626
225.479
231.08
203.252
214.316
249.066
218.794
207.018
225.454
215.308
208.877
217.581
210.948
205.423
217.32
199.621
186.306
207.383
214.754
226.168
172.31
158.831
193.949
192.511
210.815
238.949
217.51
210.416
231.294
215.75
211.126
234.962
227.118
216.92
207.749
202.061
206.804
213.197
212.157
205.677
220.459
201.796
195.484
204.082
198.551
217.533
236.77
225.2
209.38
213.129
226.449
212.879
210.327
229.279
219.949
203.749
204.165
197.648
202.737
210.659
201.349
208.768
174.611
168.478
211.573
203.128
205.825
235.128
202.532
193.424
199.541
196.773
220.799
235.405
226.629
219.949
202.881
193.013
208.551
230.68
220.507
222.916
232.666
194.761
195.944
222.99
213.698
216.826
232.666
223.739
203.645
210.904
219.539
217.984
232.342
233.372
223.439
196.715
195.906
206.484
209.732
237.445
211.909
205.107
222.222
188.786
187.266
191.957
188.75
210.793
180.766
157.99
151.941
170.59
211.775
204.729
211.64
215.959
207.061
209.314
224.921
223.364
225.2
238.692
190.476
173.265
202.573
210.46
218.341
219.467
175.055
178.763
228.076
226.629
224.165
233.836
225.428
230.15
227.299
223.214
192.827
193.648
235.018
195.141
163.399
155.763
173.085
189.591
199.481
226.347
222.742
203.169
195.637
203.811
203.293
205.276
206.526
209.864
206.164
186.098
195.656
230.601
232.423
226.578
205.91
186.567
202.963
232.504
222.148
214.087
231.75
223.189
198.059
205.698
229.806
211.349
212.743
234.632
226.629
215.796
216.708
216.123
206.612
221.656
231.241
222.643
189.072
175.208
204.353
187.354
189.663
240.356
248.509
209.205
200.361
200.341
194.704
226.578
233.345
215.123
205.952
202.819
192.068
190.676
210.305
213.652
217.155
231.669
218.221
216.967
244.141
232.477
221.068
217.628
180.75
184.963
232.612
214.638
200.08
214.892
215.564
205.212
207.577
195.351
199.481
242.984
240.183
230.627
206.122
182.782
204.75
214.293
189.358
206.654
231.75
205.952
207.318
216.45
203.542
216.497
231.616
223.414
219.539
209.93
198.531
213.63
238.892
225.352
218.436
212.022
190.876
199.442
220.289
201.674
193.874
220.143
223.889
205.888
217.085
219.804
220.434
232.288
220.119
223.964
216.99
195.236
199.362
226.449
245.339
231.911
231.884
219.37
181.686
199.302
224.215
198.098
215.262
238.55
190.024
190.06
229.384
200.944
205.339
232.91
219.78
201.755
209.096
215.424
218.388
234.907
228.363
229.226
206.079
181.455
184.043
203.025
209.512
223.964
243.635
223.589
224.165
237.192
208.877
203.936
226.04
220.556
231.134
218.866
196.986
209.052
231.214
245.881
238.01
229.463
214.041
202.922
225.352
254.582
193.855
184.809
236.49
208.117
206.228
179.131
172.102
225.53
217.179
208.117
203.004
206.079
212.337
215.564
239.751
235.516
214.225
198.748
192.4
207.835
232.369
219.563
218.269
212.608
189
199.064
227.454
228.05
219.684
213.424
202.081
196.271
210.305
200.985
203.791
235.766
216.92
214.064
216.099
203.066
215.913
232.883
203.957
186.707
207.663
193.461
176.554
196.56
210.659
228.964
215.61
199.223
201.552
204.939
208.442
215.61
239.693
234.274
221.092
210.77
198.61
197.883
223.589
226.449
214.915
219.877
197.414
192.957
211.528
198.531
203.542
227.972
225.708
229.542
219.974
200.642
215.401
246.063
237.473
235.71
219.78
195.656
203.087
227.454
221.803
216.92
209.578
202.532
202.922
213.447
188.111
176.944
200.582
187.126
182.582
205.973
212.789
217.439
237.135
224.014
220.556
216.732
196.754
189.394
206.462
216.357
226.372
231.374
201.715
195.771
225.454
223.115
217.723
237.332
228.337
210.283
211.573
212.427
218.007
236.546
229.542
215.983
220.58
206.847
195.733
221.558
234.439
224.543
235.627
238.436
193.05
158.529
153.504
189.394
231.535
205.55
192.548
211.171
211.775
213.789
244.858
242.66
221.631
214.385
189.915
195.198
239.578
244.26
219.034
218.436
229.753
206.271
208.899
243.013
221.214
210.904
228.284
222.965
211.685
203.936
173.1
175.331
223.564
228.676
218.651
218.794
215.448
228.467
252.685
228.598
211.349
225.403
192.16
183.503
218.651
213.927
213.447
208.247
186.116
184.332
204.123
207.211
205.381
229.911
226.757
217.179
218.031
195.484
188.929
208.572
221.41
226.886
231.642
214.477
201.309
222.445
231.562
229.332
236.546
222
210.748
197.064
188.324
211.551
244.021
243.516
231.16
234.329
223.04
200.521
199.501
222.395
228.964
234.439
251.857
224.921
203.046
216.732
220.07
220.24
232.477
226.937
225.225
198.728
188.041
188.786
198.866
214.477
224.291
231.267
195.065
195.886
208.138
198
221.459
243.784
209.336
186.272
210.593
228.102
214.546
217.675
211.595
213.47
222.717
170.926
174.825
238.521
197.18
178.348
189.484
164.015
167.743
176.01
190.186
201.715
187.021
215.983
199.263
171.689
193.611
200.803
164.84
168.011
175.116
172.966
171.571
177.762
192.715
164.366
174.642
196.541
199.461
213.493
199.96
184.792
178.827
178.047
196.502
198
192.382
190.078
169.535
160.836
185.563
194.363
184.536
179.356
168.322
189.197
193.33
196.56
216.826
208.768
208.877
221.976
216.053
219.877
227.066
219.13
224.316
192.289
175.254
218.388
255.984
217.32
193.274
200.723
185.271
191.994
233.046
222.074
222.37
252.239
249.004
205.149
205.55
247.005
220.897
219.539
238.521
229.463
204.687
198.236
208.681
217.25
236.183
229.305
218.818
227.687
211.842
217.604
260.654
251.509
227.324
227.609
243.902
212.97
167.015
168.308
208.681
240.674
246.275
221.705
211.104
219.563
200.985
207.62
182.966
177.274
229.437
180.636
175.162
242.219
237.699
222.05
227.144
229.489
203.025
206.996
243.457
228.05
224.165
228.65
216.38
206.654
214.339
210.748
217.628
248.725
235.516
233.59
240.442
198.827
202.819
252.876
232.666
215.193
229.41
238.892
228.206
226.142
241.546
235.571
229.806
239.923
248.973
235.322
211.551
216.732
215.68
225.2
250.313
237.417
225.606
186.776
158.14
185.408
198.807
182.698
196.04
192.252
196.676
218.579
196.367
198.373
228.938
215.796
200.341
199.422
205.888
220.824
238.237
233.263
229.806
233.073
215.355
212.45
239.521
233.672
211.775
221.558
249.501
229.305
185.477
195.389
219.443
220.07
234.467
235.682
215.378
204.311
205.002
225.683
253.004
251.509
233.209
216.826
173.686
177.305
203.335
186.047
208.268
238.892
197.628
180.979
201.187
191.644
207.684
226.372
212.54
207.835
216.357
213.584
222.519
249.875
236.016
233.973
236.323
214.362
199.74
216.849
231.508
212.495
189.34
200.662
199.124
197.804
198.61
197.609
225.989
233.863
221.533
213.972
232.883
211.126
213.767
251.351
238.124
226.091
208.398
182.315
194.175
207.641
203.811
227.428
243.279
193.686
189.107
219.949
198.708
209.93
243.962
229.964
198.629
199.283
204.75
216.591
242.454
229.095
213.767
207.577
200.2
216.567
241.4
226.244
219.611
231.455
247.77
218.15
200.662
218.675
218.699
232.612
242.954
227.583
212.766
216.38
218.89
229.174
252.493
245.369
234.824
232.883
224.997
199.442
211.149
242.014
212.993
213.493
243.516
189.52
186.237
245.881
205.846
201.796
242.718
223.689
192.123
194.609
195.217
207.211
252.016
239.063
218.866
207.082
202.45
220.022
243.043
236.295
234.467
242.718
245.218
209.052
190.367
189.861
194.345
223.739
240.935
230.362
228.65
234.329
206.825
213.812
246.914
230.309
221.607
240.993
202.102
195.561
235.988
230.15
206.377
213.652
245.038
221.459
202.573
