1.40349e-311
inf
13.6053
284.738
453.309
1176.47
1118.57
1123.6
1291.99
1340.48
1381.22
1488.1
1572.33
1571.09
1588.56
1619.43
1644.74
1646.09
1532.57
1441.96
1468.43
1418.44
1431.64
1542.02
1586.04
1557.63
1431.64
877.578
853.971
1287.83
1381.22
1436.78
1380.26
1386.96
1359.62
1307.19
1291.16
867.679
851.789
1297.86
1424.5
1396.65
1418.44
1352.26
524.521
497.884
982.318
846.024
634.921
691.563
1054.3
1251.56
1314.06
1324.5
1337.79
1377.41
1279.59
1162.79
1220.26
1319.26
1318.39
1291.99
1292.82
1322.75
1355.01
1451.38
1470.59
1371.74
1367.05
1486.99
1550.39
1497.01
1419.45
1009.08
855.066
830.22
890.472
1210.65
1421.46
1498.13
1549.19
1611.6
1647.45
1612.9
1594.9
1596.17
1563.72
1524.39
1511.72
1554
1592.36
1489.2
1394.7
1343.18
1252.35
1250
1075.27
983.768
1026.17
1071.81
1207
1328.9
1456.66
1563.72
1675.04
1727.12
1693.48
1648.8
1669.45
1655.63
1482.58
943.841
900.09
806.127
830.91
1082.25
775.494
852.152
1261.83
1366.12
1282.87
1265.02
1317.52
1292.82
1239.93
1017.81
1040.04
541.859
532.056
1273.89
1334.22
1290.32
1323.63
1445.09
1533.74
1609.01
1622.06
1573.56
1455.6
1343.18
1339.58
1418.44
1481.48
1504.89
1588.56
1552.79
1380.26
752.162
790.202
1532.57
1576.04
1562.5
1558.85
1414.43
1375.52
1452.43
1486.99
1643.39
1597.44
1472.75
1410.44
1434.72
1564.95
1614.2
1620.75
964.32
824.402
993.542
1044.39
1250
1395.67
1458.79
1486.99
1546.79
1586.04
1543.21
1349.53
831.601
725.953
946.97
1158.75
1181.33
459.559
446.329
962.001
1038.42
1182.73
1040.58
1035.73
1270.65
1116.69
278.629
271.518
912.825
1041.12
1115.45
1246.11
1342.28
1418.44
1318.39
1123.6
1179.94
1308.9
948.767
612.557
631.712
703.977
803.859
1182.03
696.136
665.336
1052.08
1173.71
1351.35
1355.93
1419.45
1498.13
907.441
858.001
1223.99
890.869
846.74
1119.19
1390.82
1769.91
1850.14
1787.31
1706.48
1693.48
1748.25
1740.64
1669.45
1652.89
1563.72
967.118
821.355
1037.34
1137.66
1173.71
1291.16
1393.73
1422.48
1428.57
1448.23
1520.91
1616.81
1568.63
1481.48
1491.42
1500.38
1497.01
1415.43
1471.67
1690.62
1790.51
1762.11
1632.65
1515.15
1467.35
1365.19
1297.86
1350.44
1421.46
1454.55
1449.28
1418.44
1403.51
1439.88
1467.35
1398.6
1321
1403.51
1579.78
1733.1
1904.76
2024.29
2014.1
1828.15
1626.02
1644.74
1578.53
1414.43
1419.45
1549.19
1748.25
1895.73
1943.63
1941.75
1943.63
1886.79
1779.36
1636.66
1554
1479.29
1411.43
1446.13
1534.92
1527.88
1531.39
1659.75
1707.94
1620.75
1524.39
1502.63
1600
1762.11
1872.66
1986.1
2079
2111.93
2123.14
2118.64
2123.14
2127.66
2127.66
2087.68
2032.52
2053.39
2103.05
2116.4
2127.66
2103.05
2096.44
2120.89
2125.4
2125.4
2100.84
1752.85
1506.02
1556.42
1739.13
1853.57
1669.45
1573.56
1715.27
1917.55
2059.73
2127.66
2141.33
2136.75
2136.75
2143.62
2148.23
2143.62
2141.33
2136.75
2136.75
2148.23
2049.18
1893.94
1888.57
2008.03
2096.44
2098.64
2076.84
2014.1
1945.53
1906.58
1926.78
2002
1996.01
1930.5
1893.94
1785.71
1626.02
1573.56
1546.79
1522.07
1534.92
1618.12
1777.78
1858.74
1798.56
1680.67
1606.43
1644.74
1705.03
1684.92
1650.17
1576.04
1506.02
1490.31
1597.44
1694.92
1591.09
1539.65
1544.4
1539.65
1463.06
1415.43
1453.49
1485.88
1524.39
1512.86
1446.13
1408.45
1458.79
1455.6
1392.76
1357.77
1360.54
1379.31
1331.56
141.794
134.327
756.144
1030.4
962.927
819.001
903.751
1031.46
801.925
631.114
790.202
355.619
358.487
1233.81
1405.48
1497.01
1497.01
1488.1
1455.6
1458.79
705.219
599.341
887.705
953.289
1060.45
756.144
764.234
1298.7
1397.62
772.798
754.432
1421.46
1635.32
1385.04
1348.62
1579.78
1618.12
1657
1712.33
1687.76
436.586
403.063
1047.67
1245.33
1297.86
1297.86
1366.12
1390.82
1589.83
1568.63
1403.51
1075.85
983.284
1090.51
1206.27
1300.39
725.689
743.494
1437.81
1501.5
1435.75
1421.46
1385.04
1336.9
1345.9
1405.48
1500.38
1449.28
1043.3
1030.93
1318.39
1313.2
1352.26
1244.56
788.333
378.143
460.405
1490.31
1643.39
1707.94
1728.61
1390.82
1191.19
1123.6
1180.64
1144.82
1129.94
1426.53
912.409
838.926
1297.02
1503.76
1597.44
1554
1532.57
1581.03
1642.04
1705.03
1774.62
1788.91
1746.72
1562.5
1380.26
1376.46
1447.18
1469.51
1446.13
1472.75
1399.58
1350.44
1489.2
1512.86
1416.43
1399.58
1149.43
1034.66
467.29
458.295
857.265
673.401
230.947
249.439
1071.81
1190.48
1331.56
1431.64
1456.66
1526.72
1561.28
1492.54
1469.51
1530.22
1337.79
1107.42
1207
1465.2
1501.5
1531.39
1498.13
1465.2
1542.02
1536.1
1485.88
1435.75
1450.33
1393.73
1366.12
1435.75
1445.09
1152.74
1041.12
1212.86
1402.52
1612.9
1657
1437.81
1300.39
1302.08
1388.89
1471.67
1464.13
1499.25
1506.02
1497.01
1526.72
1546.79
1603.85
1658.37
1676.45
1652.89
1622.06
1557.63
1480.38
1468.43
1502.63
1631.32
1639.34
1507.16
1527.88
1624.7
1606.43
227.324
23.214
25.4463
1754.39
1912.05
1998
2047.08
1953.13
1670.84
1737.62
2051.28
2105.26
2107.48
2118.64
2152.85
1956.95
1765.23
1851.85
304.599
288.143
942.951
980.392
1063.26
1019.89
1177.86
1273.07
1324.5
1261.03
1388.89
704.225
255.004
317.46
1501.5
1587.3
1686.34
1616.81
1539.65
1495.89
1543.21
481.58
476.417
1657
1787.31
1823.15
1683.5
1540.83
1481.48
1443
1523.23
1696.35
1779.36
1751.31
1699.24
1680.67
1731.6
1746.72
1733.1
1768.35
1803.43
1808.32
1848.43
1771.48
1564.95
1470.59
1473.84
1586.04
1703.58
1705.03
1751.31
1779.36
1725.63
1618.12
1437.81
1372.68
1390.82
1343.18
1360.54
1457.73
1566.17
1597.44
1450.33
1353.18
1365.19
1438.85
1461.99
1385.04
1329.79
1398.6
1539.65
209.842
179.453
650.618
1201.92
1269.84
1346.8
1367.99
1429.59
1503.76
1587.3
1673.64
1687.76
1648.8
1628.66
1563.72
1497.01
1448.23
1428.57
1486.99
1538.46
1571.09
1614.2
1053.19
1019.89
1491.42
1537.28
1597.44
1447.18
1302.08
1328.02
1386.96
1401.54
1419.45
1455.6
1470.59
1543.21
1612.9
1638
1655.63
1622.06
1587.3
1480.38
1423.49
1523.23
1577.29
1572.33
1465.2
1500.38
799.68
355.24
347.705
564.334
508.518
622.471
756.716
671.366
1067.81
1323.63
963.855
948.767
1370.8
1362.4
1300.39
1423.49
1407.46
1429.59
1624.7
1697.79
1350.44
1261.83
1347.71
1375.52
1537.28
1673.64
1736.11
1795.33
1872.66
1862.2
1860.47
1857.01
1853.57
1892.15
1892.15
1883.24
1904.76
1798.56
1512.86
1420.45
1479.29
1495.89
1563.72
1510.57
1438.85
1498.13
1574.8
1620.75
1626.02
1611.6
1610.31
1407.46
1294.5
1424.5
1273.89
1151.41
1239.93
1457.73
1776.2
1657
1581.03
1605.14
1429.59
1431.64
868.81
616.523
764.526
1002
1212.86
1427.55
1446.13
1530.22
1690.62
1798.56
1834.86
1522.07
1344.09
1581.03
1795.33
1785.71
1696.35
1819.84
1748.25
1312.34
1292.82
1538.46
1549.19
1610.31
1800.18
1865.67
1912.05
1956.95
1978.24
1974.33
1836.55
1788.91
1888.57
1926.78
1921.23
1917.55
1897.53
1850.14
1259.45
603.865
654.236
1128.67
1148.77
1327.14
1336.9
1334.22
1340.48
1451.38
1573.56
1663.89
1722.65
1675.04
1429.59
1322.75
1386
1376.46
1360.54
1434.72
1499.25
1647.45
1745.2
1464.13
1381.22
1478.2
1583.53
1811.59
1818.18
1697.79
1706.48
1819.84
1897.53
1857.01
1885.01
1930.5
1886.79
1795.33
1795.33
1876.17
1897.53
1800.18
1594.9
1670.84
1773.05
1601.28
1456.66
1311.48
1320.13
1483.68
1001
823.384
1124.86
1576.04
1782.53
1760.56
1776.2
1700.68
1722.65
1843.32
1862.2
1904.76
1994.02
1883.24
1805.05
1793.72
1801.8
1809.95
1754.39
1616.81
1536.1
1573.56
1566.17
1687.76
1833.18
1915.71
1930.5
1949.32
1883.24
1881.47
1988.07
1947.42
1901.14
1919.39
1921.23
1809.95
1803.43
1790.51
1836.55
1945.53
1824.82
1740.64
1771.48
1851.85
1755.93
1484.78
1377.41
1409.44
1551.59
1800.18
1752.85
1746.72
1766.78
1455.6
1213.59
1107.42
811.359
837.521
1366.12
1658.37
1740.64
1706.48
1716.74
1863.93
1846.72
760.167
696.864
1365.19
1420.45
1052.08
808.407
984.737
1412.43
1406.47
1428.57
1456.66
1458.79
1448.23
1350.44
1397.62
1640.69
1874.41
1818.18
1551.59
1484.78
1552.79
1611.6
1724.14
1879.7
1829.83
1801.8
1803.43
1833.18
1937.98
1876.17
1745.2
1769.91
1881.47
1857.01
1883.24
1904.76
1877.93
1823.15
1862.2
1956.95
1968.5
1283.7
564.334
582.92
1150.75
1421.46
1686.34
1721.17
1748.25
1788.91
1652.89
1564.95
1627.34
1689.19
1730.1
1722.65
1742.16
1706.48
1673.64
1743.68
1776.2
1803.43
1497.01
798.403
834.725
1538.46
1751.31
1788.91
1784.12
1829.83
1876.17
1740.64
1594.9
1682.09
1636.66
1631.32
1702.13
1627.34
1654.26
1826.48
1877.93
1913.88
1951.22
1964.64
1862.2
1727.12
1651.53
1646.09
1819.84
1713.8
1410.44
1413.43
1640.69
1826.48
1923.08
1974.33
1980.2
2034.59
2047.08
2020.2
2032.52
1919.39
1937.98
1892.15
1628.66
1631.32
1796.95
1845.02
1888.57
1876.17
1888.57
1819.84
1693.48
1609.01
1555.21
1739.13
1919.39
1850.14
1808.32
1924.93
2004.01
1848.43
1870.91
2018.16
1988.07
1945.53
1970.44
1994.02
1899.34
1890.36
1858.74
1879.7
1990.05
1939.86
1958.86
1970.44
1917.55
1850.14
1833.18
1754.39
1640.69
1610.31
1696.35
1902.95
1978.24
1870.91
1870.91
1862.2
1858.74
1941.75
1956.95
1773.05
1474.93
1447.18
1642.04
1796.95
1759.01
1838.24
2006.02
1982.16
1955.03
1955.03
1976.28
1659.75
951.022
1009.59
1762.11
1879.7
1947.42
1902.95
1928.64
1984.13
1980.2
1930.5
1841.62
1913.88
2022.24
1994.02
1943.63
1949.32
1888.57
1904.76
1988.07
1908.4
1846.72
1921.23
2020.2
1926.78
1784.12
1739.13
1682.09
1662.51
1858.74
1939.86
1939.86
1883.24
1877.93
1915.71
1945.53
2034.59
1860.47
1805.05
1906.58
1839.93
1870.91
1917.55
1924.93
1982.16
1956.95
1863.93
1784.12
1850.14
1879.7
1779.36
1417.43
1241.46
1350.44
1542.02
1488.1
1547.99
1740.64
1655.63
1628.66
1209.92
1154.07
1561.28
1748.25
1751.31
1652.89
1661.13
1818.18
1937.98
1956.95
1858.74
1848.43
1962.71
1784.12
1549.19
271.186
271.813
1647.45
1615.51
1631.32
1777.78
1728.61
1610.31
1557.63
1582.28
1612.9
1769.91
1679.26
835.771
865.426
1862.2
2051.28
1413.43
1116.07
1279.59
1464.13
1576.04
1591.09
1564.95
1605.14
1536.1
1491.42
1607.72
1679.26
1615.51
1655.63
1855.29
1956.95
1865.67
1766.78
1677.85
1512.86
1539.65
1801.8
1793.72
1607.72
1466.28
1483.68
1745.2
1910.22
1851.85
1836.55
1839.93
1851.85
1809.95
1853.57
1936.11
1895.73
1936.11
1974.33
1947.42
1978.24
1994.02
1928.64
1782.53
1638
1677.85
1793.72
1917.55
1879.7
1902.95
2036.66
1939.86
1908.4
1809.95
1782.53
1943.63
1668.06
1478.2
1557.63
1540.83
1238.39
1124.23
1380.26
1774.62
1932.37
1917.55
1970.44
1705.03
1371.74
1384.08
1337.79
1415.43
1801.8
1865.67
1917.55
1886.79
1912.05
1908.4
1897.53
1988.07
1941.75
1923.08
1945.53
1936.11
1941.75
1703.58
1154.07
1146.79
1433.69
1184.13
1151.41
998.004
1028.28
1589.83
1801.8
1906.58
1915.71
1908.4
1915.71
1939.86
2028.4
1912.05
1739.13
1629.99
1672.24
1795.33
1833.18
1846.72
1982.16
1996.01
1960.78
1862.2
1769.91
1897.53
1683.5
1199.04
1177.86
1341.38
1383.13
1680.67
1829.83
1768.35
1845.02
1937.98
1890.36
1883.24
1956.95
1936.11
1947.42
1919.39
1850.14
1917.55
2008.03
1964.64
1879.7
1926.78
1992.03
1829.83
1816.53
1943.63
1768.35
1224.74
1117.94
1527.88
1913.88
1958.86
1968.5
1960.78
1886.79
1937.98
2032.52
1974.33
1947.42
1855.29
1874.41
1912.05
1908.4
1895.73
1888.57
1752.85
1544.4
1731.6
1912.05
1923.08
2008.03
1798.56
904.977
899.281
1547.99
1221
1273.07
1788.91
2028.4
1888.57
1888.57
2074.69
1939.86
1928.64
2018.16
1980.2
1955.03
1976.28
2028.4
1921.23
1919.39
2020.2
1949.32
1964.64
1998
1809.95
886.132
844.595
1650.17
1917.55
1921.23
1986.1
1949.32
1949.32
1992.03
1960.78
1874.41
1921.23
1919.39
1949.32
2040.82
1928.64
1826.48
1853.57
1924.93
1874.41
1809.95
1716.74
1539.65
1353.18
1233.81
1257.07
1436.78
1724.14
2000
1964.64
1913.88
1879.7
1855.29
1937.98
1937.98
1955.03
1978.24
1964.64
1930.5
1668.06
1504.89
1622.06
1787.31
1923.08
1970.44
1893.94
1906.58
1996.01
1980.2
1811.59
1549.19
1478.2
1530.22
1628.66
1834.86
1953.13
1862.2
1888.57
2010.05
1990.05
1951.22
1851.85
1824.82
1937.98
2016.13
1881.47
1895.73
2022.24
2004.01
1930.5
1908.4
1974.33
1879.7
1926.78
2040.82
1890.36
1589.83
1191.19
1353.18
1872.66
1888.57
1986.1
1964.64
1924.93
1945.53
1913.88
1831.5
1862.2
1926.78
1588.56
1578.53
1839.93
1665.28
1769.91
1893.94
1860.47
1890.36
1897.53
1394.7
1243.78
935.016
837.521
1314.06
1874.41
2018.16
1897.53
1902.95
1919.39
1958.86
2030.46
1860.47
1886.79
1937.98
1960.78
2040.82
1960.78
1966.57
1904.76
1932.37
2036.66
1936.11
1838.24
1901.14
1897.53
1787.31
1765.23
1337.79
1351.35
1908.4
1994.02
1960.78
1984.13
1902.95
1818.18
1936.11
1883.24
1790.51
1939.86
1881.47
1826.48
1930.5
1956.95
1855.29
1853.57
2016.13
1968.5
1824.82
1901.14
2034.59
1877.93
1902.95
1399.58
1052.08
1374.57
1934.24
1457.73
1228.5
1317.52
1527.88
1872.66
1960.78
1773.05
1777.78
1949.32
1972.39
1960.78
1956.95
1943.63
1990.05
1826.48
1583.53
1672.24
1955.03
1919.39
1766.78
1755.93
1627.34
1463.06
1501.5
1748.25
1890.36
1917.55
1978.24
1953.13
1980.2
1930.5
1928.64
1888.57
1930.5
1936.11
1943.63
2070.39
2055.5
2000
1923.08
1941.75
1982.16
1958.86
1939.86
1976.28
1737.62
1589.83
1658.37
1739.13
1716.74
1697.79
1874.41
1980.2
1893.94
1838.24
1921.23
1547.99
1256.28
1518.6
1465.2
1027.22
935.016
942.063
1110.49
1546.79
1874.41
1932.37
1658.37
1331.56
1272.26
1434.72
1703.58
1833.18
1892.15
1899.34
1869.16
2002
1994.02
1951.22
1934.24
1974.33
1972.39
1953.13
1805.05
1623.38
1566.17
1077.59
955.11
1163.47
1297.02
1315.79
790.514
858.369
1765.23
1913.88
1926.78
1883.24
1901.14
1886.79
1876.17
1968.5
1919.39
1930.5
1978.24
1951.22
1879.7
1937.98
1913.88
1906.58
1906.58
1466.28
1283.7
1436.78
1501.5
1125.49
1061.57
1464.13
1877.93
1960.78
1996.01
2026.34
1982.16
1863.93
1908.4
2034.59
1893.94
1941.75
2038.74
1870.91
1913.88
2036.66
1998
1968.5
1945.53
1879.7
1777.78
1816.53
1904.76
1972.39
1694.92
1146.79
1184.83
1795.33
1998
1962.71
1996.01
1897.53
1862.2
1943.63
1974.33
1939.86
1848.43
1913.88
1913.88
1819.84
1921.23
2014.1
1962.71
1951.22
1996.01
1972.39
1951.22
1879.7
1923.08
2012.07
1760.56
1657
1675.04
1665.28
1821.49
1943.63
1879.7
1577.29
1477.1
1675.04
1813.24
1947.42
1937.98
1897.53
1978.24
1955.03
1947.42
1867.41
1801.8
1821.49
1919.39
2008.03
1924.93
1941.75
1996.01
1924.93
1826.48
1745.2
1728.61
1697.79
1722.65
1848.43
1917.55
1923.08
1958.86
2000
1947.42
1858.74
1824.82
1947.42
2032.52
1951.22
1966.57
1949.32
1808.32
1429.59
1256.28
1564.95
1972.39
1968.5
1936.11
1966.57
1958.86
1201.92
1175.09
1906.58
1949.32
1930.5
1978.24
1912.05
1843.32
1904.76
1876.17
1904.76
1992.03
1943.63
2010.05
1722.65
1620.75
1755.93
1751.31
1858.74
1848.43
1885.01
1913.88
1824.82
1853.57
1755.93
1428.57
1308.9
1415.43
1651.53
1901.14
1777.78
1601.28
1515.15
1629.99
1853.57
1865.67
1803.43
1888.57
2008.03
1913.88
1951.22
2059.73
1895.73
1858.74
1862.2
1897.53
2016.13
1964.64
1962.71
2004.01
1501.5
1111.11
1316.66
1885.01
1968.5
1877.93
1869.16
1867.41
1890.36
1910.22
1839.93
1806.68
1850.14
1780.94
1785.71
1980.2
1970.44
1774.62
1577.29
1675.04
1906.58
1566.17
1388.89
1638
1745.2
1216.54
1142.2
1515.15
1702.13
1798.56
1921.23
1913.88
1858.74
1928.64
1915.71
1937.98
1867.41
1917.55
2081.17
2063.98
2063.98
2070.39
1968.5
1953.13
2032.52
1881.47
1771.48
1793.72
1915.71
2012.07
1841.62
1477.1
1517.45
1839.93
1949.32
1913.88
1932.37
1945.53
1949.32
2049.18
1834.86
1869.16
1947.42
1964.64
2083.33
1966.57
1926.78
1955.03
1843.32
1848.43
1860.47
1485.88
1550.39
2002
2059.73
2105.26
2120.89
1876.17
1719.69
1757.47
1855.29
2020.2
2096.44
2092.05
1805.05
1390.82
1361.47
1591.09
1742.16
1818.18
1860.47
1972.39
2024.29
2006.02
1980.2
2002
2051.28
2079
2100.84
2107.48
2116.4
2139.04
2155.17
2145.92
2083.33
1996.01
1990.05
1877.93
1829.83
1996.01
2114.16
2150.54
2155.17
2150.54
2150.54
2157.5
2157.5
2155.17
2152.85
2157.5
2164.5
2166.85
2018.16
1819.84
1829.83
1908.4
1930.5
1902.95
1902.95
1919.39
1863.93
1885.01
1836.55
1543.21
1297.02
1403.51
1808.32
1945.53
1910.22
1901.14
1886.79
1902.95
1883.24
1819.84
1867.41
1913.88
1811.59
1782.53
1779.36
1874.41
1974.33
1809.95
1561.28
1469.51
1340.48
1336.9
1258.65
775.795
860.215
1560.06
1687.76
1846.72
1899.34
1895.73
1876.17
1904.76
1921.23
1879.7
1779.36
1742.16
1831.5
1857.01
1890.36
980.392
787.402
1079.91
1115.45
730.727
808.407
1471.67
1693.48
1992.03
1988.07
1939.86
1913.88
1813.24
1850.14
1801.8
1742.16
1870.91
1956.95
1923.08
1934.24
1974.33
1915.71
