1.41226e-311
inf
9.6934
80.6907
78.3576
77.0891
77.4683
75.8927
74.5684
70.492
69.6427
66.7445
61.3121
65.3979
56.1956
52.0969
55.1405
44.8491
50.3018
64.5016
64.8803
68.7356
66.8785
53.9403
51.8995
51.8699
55.2486
53.7273
39.9202
38.789
48.9333
19.9293
20.4003
66.8382
60.8865
64.0574
69.8105
69.4517
69.7642
69.9472
62.4844
62.1775
62.1002
59.2821
63.5647
67.5447
68.8919
68.7332
72.3223
60.2192
54.8125
65.3232
68.4369
66.0895
68.8895
70.9497
70.3532
69.1443
68.956
67.5767
67.7094
68.1477
65.6944
68.2547
70.5343
68.5989
62.6076
57.9341
61.5896
66.8404
69.1085
69.604
70.5368
70.7714
69.5144
66.1857
67.6911
71.3674
71.3598
72.9847
69.8422
64.9161
64.8782
68.341
68.7498
65.6944
68.2524
72.0279
70.9044
68.6577
68.9964
71.4745
60.7607
60.9347
63.9141
62.4064
58.2598
52.3766
54.4055
56.8037
59.2329
60.4741
62.004
60.361
60.0312
56.794
58.4744
58.9154
56.9541
58.8201
59.4248
61.908
65.9304
69.4999
70.2297
72.2961
69.9399
70.4201
69.0203
67.1659
69.3217
70.609
67.7254
62.4902
65.0766
70.1311
70.0746
68.7214
70.8968
74.1015
70.3136
66.8516
67.8817
69.9374
71.7643
72.6427
69.8275
65.1063
67.2382
70.927
69.3289
68.3784
71.623
72.7141
69.3987
68.1315
68.8587
70.8015
68.0573
68.3831
69.2857
67.365
69.5459
67.465
65.5695
68.9322
71.6743
69.9154
69.9203
71.9295
71.3369
72.0799
71.7051
72.99
71.8985
66.9456
68.0041
70.5318
68.4697
69.1276
70.1902
68.4697
70.3953
73.4592
72.111
72.1137
70.4523
70.5691
74.4518
66.4341
66.9075
69.3337
65.7009
68.1779
70.3978
70.7339
71.1516
71.3572
67.7002
68.6955
70.8215
72.2204
72.6006
72.8969
70.6839
67.7897
67.1682
67.288
72.1683
71.0858
70.7239
73.4781
70.1287
72.3406
71.5205
70.3087
73.3649
71.375
72.5111
67.7231
63.8183
68.533
70.804
69.7715
70.4201
72.4375
72.0799
72.3903
72.2048
70.2001
69.6888
69.5434
69.9178
66.7512
65.2465
64.933
67.6018
70.6614
70.0207
71.4311
69.9374
70.0844
69.5797
71.1592
70.5791
69.4758
73.9536
70.1066
62.5998
63.0994
66.1266
68.2874
72.7114
70.8994
68.7924
66.1244
62.3189
65.46
67.9071
66.1485
63.0756
60.2573
57.924
60.855
68.2547
71.4005
70.9371
69.8641
71.8726
71.7695
71.9088
71.0177
71.1592
73.5646
72.8783
68.8539
64.3149
67.974
69.9032
67.5265
71.0934
74.308
75.0075
72.1215
71.3801
72.2465
70.3804
71.3827
72.6243
73.7517
71.1592
70.922
71.3598
68.341
70.3087
70.6964
71.7618
72.82
70.3878
71.6666
71.182
71.4031
73.4295
72.3615
71.8288
66.8472
64.5599
67.5106
71.0884
68.8871
67.2156
70.5343
71.0555
61.1565
62.0713
72.9874
70.7164
70.5666
69.0536
66.8003
67.9302
69.5604
71.7746
72.1917
71.9295
70.5368
69.5749
71.4566
70.173
70.4473
74.7552
75.749
73.1502
65.6707
61.8219
63.3072
68.5284
70.1754
68.8824
70.1041
70.1262
68.9679
69.3842
72.1137
71.6358
72.1631
72.3851
67.1389
64.1828
66.569
69.7156
69.4372
69.7618
74.1592
72.6903
67.6727
69.6816
73.7599
73.0834
72.1553
71.4235
70.9446
66.7
65.8718
71.1136
70.794
72.5347
73.2306
71.2048
73.1904
71.7386
73.6567
72.1397
68.5518
69.1826
69.0012
69.9766
67.4263
69.0822
68.1477
68.8279
74.1482
73.3595
72.372
70.8793
73.6052
73.1181
72.448
75.4262
74.5184
71.8752
68.5096
67.9648
67.547
67.595
71.6409
73.6377
71.2225
69.8373
72.3851
72.1449
69.8129
67.4992
67.7163
70.8391
67.4104
61.601
55.3174
57.0499
67.5425
72.6401
71.0757
67.6041
69.4035
67.6384
68.1733
73.1208
71.1364
70.0084
70.599
72.2335
71.8778
67.9417
68.519
71.9088
74.7384
73.7572
70.5219
71.1491
74.1262
73.054
69.1109
72.8651
72.3668
66.538
64.1704
65.7549
69.2377
73.1288
74.319
70.614
69.9105
70.5891
72.5058
71.3547
68.6672
71.5103
69.7034
68.0967
69.0751
62.7116
64.8067
72.7114
71.821
71.0707
72.3432
71.3496
71.8701
72.0565
71.449
72.889
70.7014
70.6889
69.0584
65.8631
64.5161
65.6276
70.492
70.0624
70.995
72.6586
72.3668
72.722
69.9986
70.2371
71.1516
71.7978
69.0942
61.7627
61.9617
68.7687
71.7283
70.2445
70.9119
72.9927
71.9295
72.2726
70.8341
70.5194
72.1709
71.0101
68.9204
70.619
71.0656
68.9441
71.4107
71.5564
69.9472
70.2494
70.4846
69.1276
69.6282
71.8546
71.0884
71.7437
71.4184
65.5287
65.6017
70.0427
71.9787
71.182
70.1681
69.087
67.4764
67.3991
67.7966
71.4388
70.7814
70.6614
70.373
70.9774
71.1845
62.4298
63.7735
68.3831
70.2988
72.3694
70.6015
70.8717
71.0202
74.73
76.089
74.1098
72.8571
71.0303
71.3699
72.2204
72.6744
66.9882
65.3488
68.7285
70.5891
71.7875
71.101
73.6784
73.4511
73.1101
69.8959
67.2066
71.048
70.1656
69.0441
63.2931
63.5284
70.5766
71.3725
71.5461
71.8159
74.1977
72.2361
71.9062
71.8571
69.4613
71.7489
72.881
70.4027
68.8942
71.0177
71.754
71.8004
75.8323
74.3163
73.8362
75.3438
73.6486
74.5129
70.3755
70.4002
74.2528
73.3165
69.2905
67.7346
71.4439
67.1614
67.9486
74.3108
72.5479
74.1345
72.0383
70.4523
72.9076
73.6431
72.7617
72.9182
75.0385
70.7214
64.992
64.874
70.3854
71.9502
73.1449
73.5375
69.9986
70.4399
71.2758
70.2765
69.2113
71.9787
71.8184
65.1551
65.7635
70.0452
69.6573
69.1252
69.9717
72.1631
72.5058
72.2361
71.8442
71.6692
73.6947
72.8146
73.73
71.4082
69.5459
67.6613
66.8427
69.9154
67.4627
68.6436
71.8417
74.3052
72.393
71.7669
76.9586
76.2689
74.677
73.3434
71.1061
67.627
64.1746
69.8373
72.8916
71.2581
70.5442
70.4647
74.9148
73.8035
74.5879
73.4916
72.1084
74.2583
70.0403
67.8219
64.1108
65.3317
69.8129
68.9299
67.9763
70.6639
74.9962
70.9019
70.0378
72.0279
72.2648
70.4622
68.8468
71.9373
71.3012
69.3626
68.8042
69.1133
73.4916
74.0604
73.9754
74.0302
72.3511
69.9692
69.8836
73.858
74.8839
73.022
72.6876
74.8952
74.7133
68.4252
70.0894
70.1287
70.2765
74.6798
75.8409
79.4155
76.555
74.1043
76.8758
73.3514
71.5922
73.5781
71.2606
68.278
66.3989
70.7764
73.373
71.2835
68.7238
70.9874
73.1235
72.6982
75.7375
75.7146
74.9036
72.6296
74.1262
76.8876
73.0594
71.9114
67.5973
69.2521
74.2997
71.8133
72.3982
73.1288
73.8934
72.6454
68.8848
70.9144
71.9192
72.8385
72.2857
69.43
69.1396
70.0501
72.7379
70.4697
70.5642
69.4589
70.8115
75.3352
71.5948
71.9968
73.497
71.4822
70.7189
69.3722
72.3929
67.7209
64.4351
69.8666
73.8198
74.3771
69.7058
70.6714
71.6923
71.0858
73.6947
75.3381
74.8895
69.0632
66.7
67.0803
69.4734
70.9925
70.2889
72.9448
75.188
73.3541
69.3361
70.6964
72.3249
72.5347
75.0976
72.4638
71.1187
71.472
71.3241
70.8742
67.8127
69.5096
73.0967
74.011
71.6307
71.2682
76.4292
74.2997
74.228
74.6324
72.2909
76.1673
71.4694
67.8841
68.1989
67.5927
69.7715
73.1502
75.7805
74.2143
76.3359
76.7106
75.6087
75.8093
74.355
73.8334
71.4439
72.0955
71.9476
66.7936
69.0512
72.1007
72.648
74.096
71.6281
74.0247
73.3326
73.8498
75.5629
72.4874
72.4743
71.8649
72.5295
68.7734
63.9468
67.3786
72.881
74.0138
72.3249
72.4454
70.2124
69.7593
74.0165
71.6512
71.3267
73.3568
74.6965
69.2233
65.3937
70.8843
75.1174
73.9235
70.0427
71.6923
76.6137
73.8443
71.9399
72.3641
73.8798
78.9422
77.6337
75.2106
70.7014
66.9748
65.9522
67.0084
71.8726
70.4498
70.6289
73.6594
73.2601
73.0674
72.2387
75.2134
75.3807
75.2474
78.4129
73.1261
68.519
66.9703
68.106
71.319
74.3605
76.0977
72.6718
74.4574
73.3756
72.002
76.5931
74.6882
73.5078
71.9347
70.4325
70.799
71.1111
74.5101
71.7283
72.0124
76.9645
76.7165
73.9372
69.5459
73.5321
76.8521
73.6269
75.6087
74.8643
75.8956
74.1977
71.4975
74.2997
73.2628
72.7458
70.8893
71.4694
71.5871
68.8255
72.3301
73.5673
71.347
63.3894
63.2551
68.8065
66.8159
64.8046
66.4938
73.4349
72.0799
71.8442
75.8093
74.8952
75.7949
72.8173
72.8597
75.1823
72.3301
73.3676
68.8634
69.4855
69.7618
68.9941
73.1904
73.6458
76.2195
75.3324
75.253
70.2469
71.8288
77.2589
74.5101
75.91
73.2333
71.6076
70.0795
67.2178
70.3136
70.624
71.883
73.8471
72.8359
75.8208
74.7608
74.5684
73.8634
70.9497
74.1262
73.9809
74.6074
75.1569
73.9563
69.5701
66.379
70.321
72.0098
75.4945
73.4592
70.4796
73.8689
74.4214
75.9878
72.21
71.6692
78.1219
74.6519
69.7058
68.8279
71.5717
74.1812
73.3111
74.8559
71.8055
70.794
75.3267
74.3191
73.2681
72.2256
71.7206
69.9105
70.2223
71.8752
70.2938
73.1877
73.6377
74.2143
74.985
72.5821
74.6854
70.8416
71.5256
75.6716
74.4962
75.9532
71.9813
68.4229
67.3673
71.2251
75.9417
72.4008
71.664
72.3014
73.2091
72.5558
72.8916
74.5018
74.0823
73.5483
72.2048
74.0439
76.9024
73.5537
70.6115
71.9735
73.0353
76.6607
75.3012
73.8771
71.3547
71.5333
78.1219
74.308
75.1202
77.7575
72.8943
73.9153
73.5051
68.7427
65.5222
61.5101
64.3915
75.0751
76.3213
74.4518
74.8895
73.3918
71.3343
71.2962
74.7384
76.333
72.3327
70.5666
68.0226
66.9411
69.2137
71.314
76.0774
74.8923
74.2804
72.1007
72.0072
77.8513
75.4489
73.0407
72.9954
72.5295
74.2115
73.5808
67.9763
68.0596
72.0903
72.1214
71.9114
74.022
75.2276
75.9619
74.1977
71.2403
73.9891
76.2544
75.9532
70.7864
68.8065
69.7983
70.624
73.4376
73.1984
73.5727
75.5886
73.959
75.6687
73.5105
72.3825
77.3485
73.303
70.8341
69.2521
69.4975
69.7593
71.6717
75.6144
69.9252
68.6295
72.5453
73.8116
73.0247
71.9192
74.7859
74.971
74.011
71.4388
69.377
69.2569
68.9893
73.0434
71.4133
72.2361
78.2901
73.8525
70.9925
71.101
71.2631
74.7915
75.7117
75.7174
66.2361
65.6254
67.7599
67.8979
73.4241
64.3749
54.1727
61.078
75.1597
68.975
70.3012
73.0674
74.744
76.8256
74.129
73.3703
67.2291
66.1967
70.8918
75.5858
78.0701
76.6078
77.6277
75.3012
71.7257
74.9878
72.3982
71.2352
74.5601
74.6575
74.4629
72.7537
70.0452
68.1779
72.59
73.3595
73.2279
76.5023
74.3301
73.5889
71.3954
70.4647
75.3154
74.8727
74.3301
71.314
68.1013
64.3749
65.9522
75.4262
76.514
76.6548
73.9344
74.2501
74.6742
67.9302
68.646
73.381
72.9767
72.1371
69.6161
69.2042
69.0894
70.6614
71.253
71.6897
75.663
74.1537
75.5972
74.6519
74.5851
75.7719
72.3537
75.1004
74.9625
66.4783
63.6476
70.3334
75.8524
70.6639
73.4214
75.5829
73.054
76.205
71.9373
70.824
71.6384
71.9554
74.4269
76.5902
74.926
64.2797
66.4805
74.0138
74.4629
75.6945
72.8067
74.1757
72.2831
72.2282
76.9556
72.3327
72.3877
74.0604
71.4694
68.2431
70.4945
72.1917
65.1296
64.9667
66.5735
64.7815
65.5093
64.2694
60.6005
60.7755
59.5415
59.8516
60.4686
61.0668
62.7786
63.4417
63.9939
65.3019
64.4766
60.4467
64.5578
67.0241
65.2422
68.5002
71.518
69.365
68.7924
72.8465
73.3299
75.1258
76.2922
73.7191
71.8004
73.03
76.9231
74.1922
73.8416
77.4264
75.3693
70.7014
62.4473
62.3228
71.4413
73.7164
70.7214
72.2465
77.006
75.5144
75.3693
77.1933
74.94
75.5144
72.5637
71.4975
63.7613
60.9515
68.2547
68.6577
70.2494
72.8571
75.0751
73.8253
72.1813
71.9166
71.182
75.9244
76.147
74.0412
71.0833
70.4597
71.6769
69.0775
70.8818
72.8863
75.0582
77.5164
73.1235
71.3445
74.3384
74.7384
72.2596
72.3458
74.8615
72.2831
72.2491
72.0695
71.4362
72.7617
71.958
73.9754
73.4511
73.5429
75.0075
73.8552
76.1325
75.8409
74.9316
77.1754
72.8704
69.7642
71.6589
73.497
76.2253
72.982
72.6876
72.1293
72.7855
74.9176
71.1136
75.663
76.176
73.6648
76.2893
72.99
71.582
68.835
69.7715
72.2152
72.7326
76.333
75.2615
75.1174
73.4026
74.926
77.9727
72.4585
72.5558
72.8969
70.7389
70.492
69.5483
71.8778
72.6956
76.3126
71.7901
68.7663
76.5169
75.2049
74.0083
73.062
73.0887
76.2282
76.3796
75.5944
66.6689
65.0533
73.9372
75.838
75.2247
73.3703
74.8195
77.9849
73.2306
75.2757
71.564
70.6314
78.1433
76.3913
75.4945
70.2765
69.1372
69.7934
70.6339
75.8064
73.4241
73.1208
71.6846
70.614
71.9114
73.295
74.0549
70.9975
70.6964
69.5314
71.9994
73.3003
72.2596
76.3271
74.6436
74.1565
78.8426
76.0948
75.3977
72.2778
70.9799
77.2827
77.006
74.9766
73.7762
73.7327
70.7139
71.5052
74.8391
69.8983
70.8868
74.9794
75.3523
76.4614
70.2469
69.5024
76.6372
78.3116
76.4614
72.4585
69.9937
70.4622
72.3275
73.888
69.8373
70.1951
75.3352
77.0683
77.7031
75.2814
75.3466
73.8443
73.3541
73.73
72.9049
71.7721
68.5471
70.3556
72.4218
75.3807
76.33
72.2935
72.1423
70.8516
72.5347
78.8768
75.3267
74.2198
78.0305
76.8699
74.9008
69.7204
68.7734
71.8365
74.2804
73.828
72.4428
76.8787
76.0427
73.1475
75.3125
75.8208
76.0109
74.0713
75.4091
76.646
72.7061
69.3963
67.0646
72.1267
75.5972
73.9727
72.4218
71.1516
74.0823
72.9528
75.884
77.818
74.4297
77.1337
74.0604
72.1891
73.5889
72.4533
75.0131
76.5462
77.2022
75.1767
72.7379
75.4632
71.7463
70.1927
75.1371
74.1812
74.6603
75.4034
72.2309
67.8633
70.8015
76.0456
73.4592
75.4375
74.7999
73.7164
77.4954
76.7578
75.0807
73.8716
74.297
75.27
72.6797
76.266
68.816
63.8427
72.4087
75.9157
76.7313
73.828
73.8334
77.5134
71.5359
70.5716
74.9906
76.234
78.0214
76.0427
74.8531
74.6018
73.5889
71.3394
70.3779
71.4388
71.3445
74.9036
79.2581
77.5434
76.1615
73.9235
75.6029
80.4052
76.3738
75.4318
74.7999
71.8468
69.9619
69.8153
72.002
72.9687
75.0779
76.4848
78.1891
76.2486
68.9489
71.7695
75.4603
73.8062
77.9211
76.1267
72.0357
69.0799
71.4337
72.3092
70.4473
74.6296
75.0103
75.092
77.5554
77.9727
75.2247
74.4352
77.0891
74.8531
72.1527
72.7511
69.4613
68.1477
67.6178
69.6379
75.0582
73.4457
74.9148
76.1151
76.0081
78.9515
75.5544
73.8743
72.0981
75.2927
74.5518
65.8328
69.6816
76.3038
77.0832
69.5749
70.1484
76.8994
72.0072
75.1117
73.3864
71.6486
78.9484
74.8195
73.6431
69.8714
68.292
72.5926
71.8468
75.3154
75.171
74.0823
75.3239
75.6544
76.0659
73.7762
74.6882
75.6573
70.4349
70.2963
76.1644
74.7356
67.4286
69.512
78.0488
75.0723
74.4186
75.3182
72.8226
73.8962
70.1853
71.7643
73.8525
75.1146
77.9606
74.912
71.1668
67.2043
69.5193
74.4713
73.8007
72.8704
74.7217
76.6518
78.9359
76.7872
75.9273
74.5629
73.3057
75.3012
69.2833
68.2967
73.0834
76.365
74.8643
74.7552
76.9853
73.0727
73.3407
75.0525
75.8179
77.9059
76.2544
76.0543
76.5374
73.4457
71.2733
68.0758
72.2517
77.9849
79.545
77.8028
74.8699
77.8301
75.7978
73.798
76.2631
75.8064
75.5601
78.6133
73.9809
70.4722
61.7341
61.4666
73.0807
76.2282
74.94
73.779
76.2166
78.5577
77.5825
74.3191
74.7552
75.8927
74.6408
73.1128
71.4235
70.1853
73.4403
74.3218
73.9098
74.2501
74.5156
76.333
74.151
77.0802
78.533
76.2893
77.0891
76.2573
77.5946
71.3318
66.4783
70.9346
66.2076
65.4472
74.3771
74.7496
72.2543
73.7708
77.5885
73.3111
73.5781
79.5862
74.3494
75.2644
71.0707
68.3457
73.2252
73.7436
70.5343
70.109
75.0638
75.0638
75.9042
76.147
74.4463
76.2253
75.959
75.9878
76.205
74.355
74.366
70.5716
72.1397
77.7635
74.9541
72.2282
74.6798
78.3453
75.9244
71.2809
73.9782
76.118
75.9042
78.9671
76.089
74.3937
72.6427
72.469
78.5855
79.5323
77.918
76.1325
77.009
79.3777
71.347
71.5384
75.7547
76.1557
79.8818
80.4149
78.9546
72.6058
73.6106
72.7114
69.1611
73.8389
72.1059
70.9975
75.9129
78.1983
78.0914
73.7055
74.2335
77.3096
74.4546
76.0023
74.8699
66.1638
65.6965
67.8887
69.4035
73.6458
75.0385
74.1647
74.6965
79.5007
76.9468
71.3623
71.0985
74.7524
79.2142
76.5609
77.0179
70.4647
66.1573
74.151
73.6757
73.97
73.9426
74.1372
79.139
79.0826
74.3025
70.5891
73.6133
78.1067
78.3914
78.7061
68.4322
66.3812
76.5755
75.03
70.3755
71.6255
77.0713
78.8644
77.6699
73.2038
69.6694
72.0825
75.8179
74.7496
73.5402
73.6133
71.9295
70.205
73.5375
75.6974
73.6052
76.7136
72.9474
71.5461
71.8752
71.4975
78.064
75.4063
75.6687
72.5531
55.5741
55.8862
67.3378
70.497
73.0353
74.8951
74.8867
75.3069
75.8035
74.6102
75.838
77.1218
73.8225
74.5268
77.2678
71.1769
64.1437
67.7622
75.683
75.683
76.7519
76.8226
76.9024
78.064
76.3417
73.9044
72.469
75.6802
78.8737
76.1064
74.2639
71.4388
68.7262
73.2333
75.5144
73.7354
72.7405
75.0469
78.1861
75.7461
77.1903
75.2785
74.9064
80.8996
79.0545
72.1501
66.8673
69.8227
73.4295
73.6675
77.6578
78.7464
79.4155
78.9079
76.4848
76.1064
74.228
75.9619
80.8113
77.7786
75.6659
74.5796
73.4673
75.358
75.3211
76.1064
74.7803
71.1592
73.9754
74.9653
73.7463
74.6714
77.7031
80.4926
78.7247
78.9889
76.476
72.4795
73.3918
74.7161
74.7859
75.0441
74.8811
77.1218
78.9858
76.4818
76.9468
76.8344
75.7174
77.9271
76.8049
76.1354
75.7662
73.7191
70.1508
69.0632
72.0903
74.3439
78.3453
75.6144
74.4491
78.6751
76.7695
76.5257
75.8725
75.1202
77.8301
77.6096
77.0001
71.6358
71.9813
80.9618
76.2631
72.1605
76.089
77.9454
77.0743
75.7834
77.915
76.7342
74.3025
77.9879
76.9556
78.5238
71.6872
69.2089
78.3147
76.8256
75.0356
77.6699
80.3503
75.9215
70.9119
74.9288
78.2687
75.4034
77.818
78.0853
77.2947
75.0188
66.0153
68.1733
75.3892
74.7328
72.5137
72.8093
77.003
77.104
77.2678
77.5374
77.2678
80.8538
80.5899
