1.40213e-311
inf
4.957
57.2181
61.5745
59.9466
53.3433
52.8807
56.4223
56.5963
57.4201
62.3675
60.4942
59.6908
47.7452
46.657
59.1856
61.0706
55.4739
49.5074
39.9592
41.2635
51.6076
18.9527
19.4805
58.5995
60.1016
64.4164
68.8492
71.1567
70.0771
63.6213
59.2768
62.5234
62.8003
61.4288
66.2274
68.5002
66.2164
64.1704
66.3526
60.6373
57.0207
63.8794
68.7994
66.0917
67.1366
73.2118
71.319
70.1066
69.9717
68.3714
67.5744
70.7965
72.722
70.082
70.3037
73.3165
72.3694
64.9119
66.0589
72.2256
70.1533
72.6718
73.0754
70.8391
72.7643
70.8341
67.8035
69.8153
74.9204
74.4934
73.8634
74.2391
70.326
68.8042
65.5566
67.7209
73.0647
72.2543
75.5002
72.889
72.111
76.1006
75.2304
75.8495
73.3245
74.8363
71.0606
66.1529
73.3004
66.9927
65.9
73.7409
74.7803
72.5926
64.5807
61.6998
63.5728
64.7061
60.5638
63.802
66.8494
61.4742
66.9187
75.1484
75.358
74.9906
68.271
68.5049
75.2417
76.0254
77.6759
77.1248
72.4323
71.8133
76.3446
77.1545
72.2074
65.5544
65.6254
71.9606
72.99
70.6914
74.6547
80.6224
78.8706
74.4574
70.8767
73.4673
76.3097
75.3239
77.3425
75.4404
70.9723
67.7828
70.2223
75.2502
74.118
75.092
78.796
76.1702
76.1035
78.4314
79.3619
79.6495
73.9536
73.3918
74.151
68.8705
70.4449
74.524
74.9962
72.6639
74.4214
75.1428
73.1797
78.0671
78.9204
76.0138
73.4214
73.338
77.1486
74.8167
66.3746
66.4342
73.8662
76.3097
74.638
75.8351
75.8639
73.858
75.5801
76.8433
78.6535
76.7548
72.8571
74.9372
76.6783
71.7875
72.4769
73.2279
70.6989
71.8004
74.1675
74.0768
75.7633
78.3976
74.7999
76.7519
80.0512
77.5494
74.5101
70.0501
68.3831
69.7083
73.1235
76.5374
73.959
75.0976
74.3965
74.0878
77.7877
78.0305
74.3163
72.6216
77.3904
75.4973
71.347
75.9359
74.3743
74.022
68.6601
68.1222
77.1426
73.6594
72.8067
75.4063
75.6802
75.0159
73.6025
75.188
74.2694
73.5781
75.2842
73.2654
73.5159
65.8068
63.9754
72.6401
75.3494
77.1307
76.7136
73.9727
77.2082
76.7784
72.5005
71.144
73.4781
75.2984
71.1744
70.3854
66.107
65.9304
75.1343
75.5601
74.5434
75.8869
75.3778
76.4205
80.1089
82.1052
74.3163
72.8146
78.2901
78.4314
71.7051
67.6544
70.2667
70.8516
73.0487
75.9359
75.1964
74.2556
72.3432
74.6018
78.5392
80.538
76.6724
72.8757
77.3904
78.1158
71.3827
69.2329
70.9396
74.3218
74.9569
74.2501
73.8307
72.7802
75.9359
73.2547
72.4165
76.4789
73.9672
75.0441
78.2534
75.6029
74.0302
72.9288
71.4745
72.2883
70.0525
71.0581
74.5434
73.7681
73.4754
75.2644
76.646
76.3126
78.7619
73.4322
74.6436
79.564
73.6702
73.4889
72.1397
73.0594
77.2589
70.6789
71.4362
75.6916
74.2225
75.3438
76.4877
75.9244
71.6795
71.7952
71.3674
71.2758
71.1668
70.492
77.8271
77.5404
76.0341
76.2282
71.7052
73.1261
74.8335
74.5406
73.4214
73.6214
75.4603
73.3353
70.9824
68.0573
65.9783
69.2857
73.3084
75.4603
72.2491
71.5205
75.2785
72.889
73.8498
71.4005
73.5889
76.4848
73.5321
72.9927
68.8705
70.5716
73.2306
74.9597
76.4643
74.0823
74.9008
73.4835
72.889
77.4353
75.5287
74.3163
77.8938
80.2375
76.8728
68.8492
66.4783
71.4235
74.162
76.1354
77.5164
74.6324
74.0988
73.185
74.2749
75.0723
76.3068
74.8083
74.4048
75.0554
69.6185
67.1908
70.4573
75.2445
76.6078
75.9157
75.1597
73.295
72.6164
71.8675
73.5186
76.7666
72.7379
70.7439
71.5205
70.7839
71.2175
71.6332
72.2831
75.5144
77.1367
74.1922
73.8689
73.8607
73.7191
74.3882
75.8121
78.9359
79.526
75.7117
69.541
68.0064
71.2428
71.2936
70.6664
75.3211
78.0062
77.3784
76.2486
73.9262
74.6464
79.984
75.8006
70.1066
72.0851
72.5926
68.0619
69.0274
73.3622
72.8359
75.1089
74.0905
72.8996
76.7754
75.9215
74.096
70.819
68.0295
73.2332
73.3245
72.6718
67.9856
64.1437
69.808
75.2361
73.5673
71.3496
73.3326
74.2556
74.9485
77.3126
77.5675
76.8108
78.0579
74.3384
72.5874
70.932
71.2327
72.3903
72.1371
73.5754
70.7789
71.4515
75.2785
75.375
74.6213
74.355
76.1122
76.2195
71.6512
73.8634
72.1189
70.9044
74.638
72.2491
72.812
72.3563
70.5916
70.1434
73.7735
77.2469
75.2049
72.7379
72.3092
70.6065
67.4423
67.1862
71.5231
73.5835
73.6594
73.8634
72.3694
71.5359
71.7257
74.8727
74.3882
75.0525
76.9053
73.6431
66.6556
65.5136
68.7073
71.5743
75.1287
75.0694
73.9508
73.8416
74.2225
72.3197
71.605
72.722
69.9619
70.8893
74.5657
65.675
64.9035
69.5822
70.9195
71.7772
72.6375
76.176
74.2721
74.5851
73.7898
73.7599
75.4575
73.8689
74.4518
74.7245
71.5333
68.7262
68.4135
68.8705
71.5154
75.2106
73.5078
72.9102
75.3778
74.5629
71.7721
66.7847
70.1557
76.5111
74.3218
75.4063
70.9799
65.7873
63.1552
63.7471
70.1582
71.6769
71.9917
71.7772
72.6533
74.9738
74.1785
73.7382
72.8332
71.5948
69.5604
67.8242
67.9602
69.541
72.5505
72.99
74.549
76.2573
73.8989
70.3062
71.7566
76.5404
74.8615
72.4165
74.9204
67.8472
64.3128
71.664
73.0194
68.278
68.5025
77.2111
78.4129
73.038
68.7096
70.0992
74.2446
74.5018
72.9129
71.7566
69.3169
68.9251
72.1996
73.6567
74.0521
72.9341
65.3766
63.5284
68.8302
73.5402
73.8307
73.2011
74.5851
73.0087
72.4611
66.6889
65.0132
70.5766
70.0329
70.6289
74.2942
73.8035
72.4113
68.6648
70.8416
74.8615
74.3301
73.5998
72.6401
70.2445
66.0284
68.6908
69.4999
70.7014
75.9388
73.2064
75.6315
75.1541
72.9501
73.2574
72.0695
75.0216
72.6665
71.1617
68.7805
65.3744
68.0666
71.4592
72.197
72.3615
70.7814
67.5699
71.0707
72.3772
71.5231
75.1654
74.7943
72.1059
73.9317
68.2571
59.839
65.1529
73.8035
70.7139
71.3827
71.8933
71.1313
72.9448
69.6015
71.9942
72.0202
71.2835
69.4758
68.4041
66.8829
64.0759
67.2224
68.5965
70.5866
69.4565
70.794
72.9129
70.6814
69.4348
67.2653
69.6403
73.9317
74.2335
72.1163
66.3812
65.6211
65.9739
67.6407
71.8804
71.1516
73.9809
75.5401
75.9013
76.0138
70.1336
68.9917
71.6255
69.2209
65.0407
68.2477
71.1415
68.3924
70.7589
72.5847
71.0076
70.8893
72.1683
72.1865
73.1582
74.5601
73.0247
73.2493
73.8334
70.5841
63.6416
64.8487
71.9321
70.1262
70.9748
72.2517
71.7206
71.1972
70.8893
73.2735
69.0084
69.3193
72.1032
67.2495
65.3979
67.9071
71.6692
70.7764
71.3852
71.1592
70.5318
70.3309
70.7089
71.9037
70.7889
73.5592
73.0647
73.9208
69.4541
64.612
71.0581
73.4214
72.1475
71.4643
70.7814
73.654
70.8366
71.1693
75.3182
74.8083
72.2726
67.7002
68.9727
69.8202
64.4912
64.5515
69.2113
71.2784
71.2504
71.0858
70.809
72.7749
73.2333
73.4862
72.9714
68.9679
70.502
67.8956
67.5242
69.4131
69.3049
73.0914
69.8178
70.2543
72.4769
68.7167
67.9648
70.995
73.3192
71.0303
71.3547
72.0695
67.0848
65.5437
71.1769
74.3909
67.184
67.7782
72.7484
70.4771
67.8403
69.9839
73.2735
70.6265
72.223
71.8004
67.6933
66.39
67.4445
71.4694
70.2445
70.7614
72.9235
69.9521
70.4548
73.5971
73.381
69.9496
70.6289
74.4408
73.0514
67.8058
65.0618
64.9245
67.579
71.3419
70.7214
70.8291
70.5567
68.9893
71.6076
65.3147
65.7484
72.1709
70.8968
71.605
65.3168
64.1704
67.5584
69.3842
71.3012
71.9709
69.604
69.5773
72.0331
70.6889
71.7412
70.0648
70.7064
71.0278
67.4718
64.9857
67.2563
71.1313
69.0655
70.1607
70.0476
70.2741
70.594
70.8441
72.1084
69.2641
69.0989
70.9119
71.6666
65.3509
60.6079
66.3636
68.5589
68.2734
71.4388
73.1235
67.6384
68.0064
73.1155
72.2465
69.7204
67.9117
73.1475
69.4276
63.1532
64.7165
69.6937
70.5666
66.443
67.4241
71.314
71.852
70.9346
72.8863
74.0631
69.4228
70.3631
70.1533
67.3696
68.7711
69.5193
71.4311
69.9594
66.5491
68.5471
72.7696
69.0942
68.4932
71.5922
70.0943
71.1693
69.0489
65.4836
63.9018
65.8415
70.2321
71.6307
72.4061
67.5197
66.6245
71.3419
71.5897
71.3801
69.7715
71.6127
73.5646
68.0087
64.3915
65.6771
68.6742
70.6289
71.3827
69.5773
68.5471
71.2682
73.7681
70.9069
70.1164
72.2204
69.2521
69.8397
65.0343
61.7551
63.2131
66.1857
70.205
71.6615
71.3623
67.7736
70.9673
71.7721
72.1267
73.1877
70.1164
69.9227
69.2425
65.0618
64.9035
70.6439
72.5768
68.6389
70.604
72.9741
72.2074
68.3971
68.4346
74.3301
72.7511
70.7789
67.7277
62.3034
59.0615
65.1551
72.3353
70.5069
70.5617
67.9209
69.7861
72.5979
67.2518
66.3746
71.144
73.2762
73.3165
69.9252
61.7551
61.6504
66.2866
69.4637
69.7131
69.5604
70.619
69.6161
72.8491
71.3191
68.9893
67.7025
67.7759
67.2812
64.7584
66.7178
63.2851
63.3232
69.6986
72.7352
72.1527
72.5111
74.308
72.8491
67.6682
66.3394
70.4052
71.8365
68.0018
63.0418
64.6893
67.6384
66.2405
69.2809
73.9919
72.7352
69.9325
71.3878
71.7566
68.3457
69.7058
72.6507
68.7971
65.2869
67.2563
71.4235
72.7193
71.7077
70.8767
72.0539
74.7943
72.9049
71.2149
71.9399
68.7592
67.193
70.6964
72.6586
66.6956
62.0232
66.6422
69.8836
66.1967
67.5767
70.1804
70.7064
72.2308
70.3978
71.2454
72.4769
73.47
75.2417
68.526
64.3356
67.8725
70.2963
68.0226
67.3355
69.6888
71.4056
70.8516
68.9061
70.3928
72.2622
72.9661
70.3829
67.0826
63.486
63.1333
68.0851
69.3529
71.2911
71.4899
69.7691
67.3015
67.2088
70.4399
71.1415
67.6064
65.4472
63.91
60.5473
63.678
67.7782
68.3364
67.861
66.8807
66.807
68.1361
71.319
67.2043
67.1614
72.6322
68.4627
63.6659
63.3553
67.0488
69.9081
70.3878
70.3631
68.9964
71.0404
69.43
68.899
71.5359
69.8666
67.5676
64.7103
66.4011
64.7124
62.8615
65.7614
67.1569
68.5401
69.4469
66.865
66.1201
68.8753
70.1533
71.6409
69.1539
65.2103
64.2034
66.4143
67.7713
67.0578
67.7943
69.4228
69.4059
66.6733
69.8275
70.3309
67.0826
71.0707
67.2111
63.1512
66.0175
66.5535
66.2866
68.7285
68.5424
69.1635
70.5741
67.8633
66.8315
67.3877
66.7
68.5096
68.0897
65.1636
68.573
67.0938
67.6293
70.0624
68.1826
71.664
71.1238
69.0703
69.7253
70.0722
71.1288
67.5995
65.6599
68.5072
63.2871
61.344
67.7209
68.3901
69.847
66.8315
64.2013
69.7593
72.9315
71.682
66.9792
68.341
63.6375
60.0781
65.3339
68.0527
72.1397
75.0328
75.1993
71.8055
70.8541
71.6435
72.2831
73.6404
69.4686
69.7569
67.5128
62.69
64.2735
67.4582
68.334
68.5801
70.927
67.8173
67.0736
69.7034
70.7814
71.4975
71.3725
72.8306
66.1923
62.4239
65.1869
68.7876
68.8634
66.4717
69.1037
68.7924
69.8446
68.5753
67.5242
68.8966
70.8416
74.7943
65.675
62.4532
65.3275
65.796
68.0666
67.7163
67.8311
71.1491
71.7592
70.594
68.0365
66.2888
68.1872
70.4746
69.471
61.2426
61.8066
70.5642
70.619
70.0231
66.7624
67.3242
70.5243
69.0489
68.7096
67.254
65.9935
55.6174
52.532
62.1987
67.7231
63.8244
64.9519
68.5565
68.6648
69.9594
70.006
67.0376
67.6453
69.1133
66.3812
60.2609
56.1971
61.1359
64.5911
65.2082
64.2075
63.1373
62.1813
61.7646
65.9131
68.2152
66.2559
63.0756
59.2751
56.1403
56.8505
59.6694
62.3247
62.8595
61.5953
65.8285
71.4158
70.599
69.9521
69.3553
70.2667
66.6556
60.5455
61.6352
63.8814
64.487
67.0107
69.2185
64.5411
66.4584
70.614
67.7025
66.2976
67.8564
69.6258
67.6613
62.7058
58.8685
63.6537
67.6911
69.6913
67.8887
68.6271
72.7035
70.5517
70.3012
68.5565
69.173
71.0682
64.1581
57.5556
59.0336
61.6181
65.8133
70.6339
70.4821
70.1927
64.2075
59.8982
63.5667
63.9693
63.7816
58.4573
49.7401
47.6429
52.2384
59.0249
55.93
55.6019
63.1114
57.3822
52.4453
54.8772
56.6348
48.8031
51.435
66.527
67.3968
67.4787
68.5002
71.2454
70.284
67.8035
67.5721
66.3702
66.6756
64.8803
57.3362
61.459
65.7657
63.8366
68.4908
72.3668
69.0226
70.2494
76.6342
75.3154
74.6965
69.5434
68.0203
66.1857
61.8372
62.9782
66.2296
70.1385
63.3533
62.3616
67.39
69.0751
69.9227
69.7545
67.0174
65.8436
69.3121
67.2993
64.7019
64.0164
66.1398
66.6644
69.1898
68.9204
68.5542
73.6974
69.8959
68.2245
69.4324
69.4228
69.7034
65.7895
63.5284
65.1317
66.4805
67.4969
71.5308
72.3851
69.0179
68.6719
69.2929
69.2018
67.7254
67.2405
66.6089
64.4143
65.2678
64.6392
63.5243
68.2757
68.9608
69.1467
71.8365
64.4932
65.189
70.0329
67.2721
65.6707
69.0918
69.3217
62.0732
63.4558
68.5002
69.4493
68.458
68.7545
68.1129
68.2874
71.0353
70.4424
71.0631
69.6258
67.8127
65.4044
62.8852
62.9921
66.3504
68.6625
69.0751
69.1874
66.4739
68.0018
65.1211
67.0421
71.2479
70.4647
71.4822
65.0936
64.3439
61.2445
60.2627
65.0512
67.5356
67.1772
68.4955
70.0109
67.7576
66.9299
66.4143
68.5965
66.4916
61.9483
57.8737
61.2201
66.2691
67.8887
70.1927
70.1262
69.442
67.5288
67.7713
67.0354
66.5491
66.2208
68.055
65.9696
61.7837
63.9182
68.3574
67.8933
67.9348
70.9622
68.348
68.533
71.9554
72.8704
68.7191
68.5377
72.4664
65.2976
66.096
66.3306
65.2358
69.5628
70.8592
72.8916
68.3878
68.451
68.5518
68.0411
67.8449
67.1524
69.891
67.2359
63.5021
63.9672
67.5995
68.8539
68.1315
68.861
68.6248
67.4536
66.2822
67.5379
68.0087
68.9774
65.2082
64.5911
64.9245
61.4232
64.933
69.8105
69.83
65.6362
67.2066
70.8868
71.286
66.7022
66.3922
69.8836
67.331
67.0444
63.9918
60.3409
63.8345
69.1085
70.2543
68.1199
66.0044
69.3866
72.393
70.7539
69.8568
66.6223
66.346
64.8572
62.1659
61.3742
61.2182
65.3339
69.173
69.5386
64.1787
64.6768
70.2025
70.8291
68.4744
67.0174
66.2032
68.1803
63.8468
59.6036
64.0677
68.1594
70.8165
68.1989
68.6908
65.1084
64.0718
68.5471
68.1152
69.7374
66.5668
66.3218
64.6747
62.6822
65.0639
67.6819
68.7262
69.4276
69.2042
67.5676
66.0524
66.7289
70.2741
68.3714
67.5311
66.2383
65.066
64.7836
66.5071
70.3705
68.8942
69.6209
69.6549
66.4651
62.4727
63.7613
67.6979
67.4195
67.8288
65.9326
62.8239
59.312
61.6295
64.0102
67.0646
71.736
68.6059
65.9914
65.6405
65.634
68.0805
69.8641
65.6965
65.255
66.2186
61.3365
59.7997
66.3526
69.025
67.3854
65.591
65.083
66.6267
66.1551
68.0249
65.2465
64.7794
64.9372
61.8793
63.3392
66.1923
66.3064
67.8702
70.5069
67.0039
66.4055
65.9892
65.1657
67.5744
69.8641
70.4796
66.5469
56.9006
58.2157
65.1296
65.7527
66.9927
67.7828
69.2785
66.1223
68.3504
73.0167
72.1917
72.4349
61.8716
58.7165
63.9304
65.8957
67.2518
64.8298
68.4627
71.9813
68.8468
67.0961
68.1733
67.5288
66.1223
63.7816
58.2785
61.1154
65.887
60.0042
60.4961
65.6987
65.9435
66.589
69.9325
72.5426
71.1997
69.9937
68.5213
64.3646
57.9391
60.1594
66.2405
64.224
64.7501
66.1704
66.8114
66.2142
68.7285
70.0771
67.506
66.223
62.5332
57.8051
62.0367
65.8349
65.0216
68.4908
69.9105
70.8868
63.4115
61.8429
66.9882
69.442
67.1366
63.8549
62.9109
65.1084
63.1951
63.2151
67.7667
66.7312
67.9509
68.2221
69.7156
67.2947
66.0219
68.3948
67.202
65.1148
65.4664
67.6727
65.0237
65.5093
69.0894
67.9902
68.7853
70.6015
69.8592
68.9703
68.4346
65.4022
63.955
60.4431
58.7889
63.9918
65.5587
66.7579
68.4486
66.7
65.3104
66.8785
66.986
64.3211
65.4857
66.0764
63.1892
65.4815
63.3312
63.5385
70.0795
69.2929
68.2804
65.2912
67.0848
69.604
68.465
66.7289
60.7681
60.1739
59.6961
53.268
53.6193
61.1583
60.8254
61.5915
64.7815
62.2278
64.4725
64.587
61.1396
61.1079
53.496
53.8619
66.201
67.7484
67.5356
70.7764
65.7592
65.4322
69.1133
67.288
66.5979
68.8492
68.0944
63.1532
64.5494
60.9923
61.3987
68.8065
68.4861
65.4343
67.0286
67.6682
65.6599
69.5652
69.6986
69.4131
67.5402
65.0703
63.5142
61.954
63.3072
65.9478
69.0226
66.9568
66.443
68.956
71.1162
71.0757
69.587
68.7167
68.679
66.4187
65.43
65.1466
66.5248
71.0631
68.3083
68.4041
68.348
67.0062
63.5102
64.2756
68.7332
67.3718
63.1971
58.2937
60.0366
64.1355
67.8656
68.4674
68.3995
69.3529
68.8279
67.2631
67.4104
69.9374
69.5628
70.5642
69.2881
59.5149
57.2738
60.9738
62.7176
65.9152
65.3552
66.6067
71.3674
69.5555
67.3355
63.9632
64.189
68.5542
70.2469
64.1211
59.4689
63.3092
64.4309
65.2997
70.5716
74.228
71.053
69.1563
66.3636
67.7186
69.056
67.3764
70.2938
64.9836
61.282
64.8929
66.2449
66.5071
70.619
69.3746
66.5912
68.1152
67.714
67.4241
65.6728
66.1901
67.5562
63.9816
63.4055
68.0064
68.2361
66.4849
70.1189
67.6704
66.0895
67.7209
68.0921
65.7009
63.676
67.6636
66.5779
62.251
64.1005
66.9994
67.3061
66.8092
64.288
65.0851
66.8382
68.5448
67.5356
67.297
68.7971
63.8529
62.3403
62.1871
64.317
66.0458
67.0039
68.2501
64.0348
63.0001
66.6511
69.2905
69.2377
68.2175
64.973
63.9672
61.6523
60.5749
61.6314
62.9584
63.8937
66.379
66.4386
64.0184
67.3129
70.2149
71.2403
68.4158
66.4761
62.8141
60.9849
62.3636
64.7962
69.6185
71.0656
70.1705
66.4187
61.4685
61.841
67.2314
66.0633
65.5308
64.7752
58.1294
56.3095
63.0994
68.7356
67.4241
68.5589
70.8015
69.5459
66.3922
68.6884
66.5535
64.9351
67.9509
69.2329
61.9348
59.848
67.9255
67.5333
66.1179
65.7354
64.2158
66.1419
68.2058
65.047
65.4986
67.5699
60.0745
60.0619
66.0197
64.727
65.6556
65.5415
64.5932
68.1686
66.1551
65.7549
67.7943
66.6911
65.4044
64.3501
63.004
59.6267
63.3372
67.792
66.5912
67.8933
70.7164
67.0871
66.107
68.975
69.2305
66.6556
66.4717
63.9223
56.7553
