1.51739e-311
inf
5.56393
292.056
295.814
293.729
275.558
271.665
282.207
286.697
253.389
230.123
237.897
257.765
261.404
230.044
225.276
214.202
227.687
246.396
200.823
224.77
276.778
265.006
272.665
295.858
319.591
320.154
295.159
238.635
233.672
222.494
229.859
274.424
259.639
196.986
167.364
161.747
192.16
287.977
321.647
256.97
237.954
263.158
260.722
284.252
314.961
325.892
323.677
289.478
283.889
315.856
313.676
300.616
311.964
328.893
263.539
228.598
276.281
323.468
326.904
286.985
255.82
274.386
308.833
298.775
287.687
311.624
255.297
220.531
250.094
283.889
291.545
274.311
280.034
317.36
334.113
252.43
241.546
314.169
332.668
268.637
262.467
316.106
321.647
306.984
286.574
296.077
304.183
310.511
304.785
301.023
319.949
325.098
305.857
286.738
289.017
212.993
181.061
157.035
143.082
160.038
122.979
136.444
26.1076
26.2357
265.111
319.183
335.909
330.469
278.94
267.38
297.619
290.402
262.089
266.987
306.89
330.142
301.796
293.427
336.7
354.988
358.166
314.564
303.122
332.226
330.797
288.6
278.823
279.213
285.47
310.463
306.796
318.725
329.164
344.768
308.547
301.386
345.423
355.619
360.946
325.521
320.256
360.685
358.68
335.796
292.826
306.984
373.483
366.166
320.616
310.318
347.222
377.715
383.362
327.869
261.233
273.823
296.604
273.112
272.777
274.612
285.225
292.227
302.572
347.826
372.926
372.439
335.233
317.309
350.508
326.584
308.642
284.536
286.944
332.779
303.628
269.143
283.527
311.769
322.217
329.544
329.218
333.167
342.994
340.194
314.07
308.119
330.524
346.62
350.508
332.447
323.311
334.784
336.474
339.386
318.218
321.13
324.57
319.591
309.933
307.74
349.589
373.972
384.763
373.413
348.493
184.945
135.199
199.342
316.957
330.415
251.383
243.132
326.105
345.363
330.579
271.334
284.819
358.551
351.37
306.654
281.215
292.526
338.066
331.29
327.065
367.444
352.983
338.066
340.426
346.801
366.771
381.17
389.484
363.108
341.764
354.988
370.302
354.862
327.172
335.121
366.3
383.215
371.609
340.02
342.583
365.163
359.906
339.041
315.358
321.492
356.824
371.264
338.238
316.106
337.724
344.412
341.122
332.834
297.885
307.645
316.456
303.03
301.932
316.857
352.609
370.302
382.044
338.868
292.569
309.981
350.57
339.328
301.205
306.607
350.816
358.102
312.793
288.684
307.74
352.983
366.3
328.03
259.134
268.853
355.051
315.308
305.111
351.617
320.564
251.889
251.794
323.415
310.752
303.122
287.356
291.375
349.162
348.918
330.579
314.367
339.789
349.834
315.408
289.813
310.559
354.862
363.24
353.544
320.102
312.5
342.936
358.23
321.027
268.204
291.036
361.402
370.37
313.873
287.233
308.261
338.467
365.163
338.868
340.483
336.191
318.421
317.712
312.598
339.847
367.918
380.518
337.325
320.051
357.079
359.066
347.283
280.112
276.434
346.801
365.831
373.343
347.403
324.675
329.381
348.432
373.483
343.23
295.159
243.754
240.877
283.849
315.308
248.17
229.542
300.12
345.006
309.31
302.435
302.389
302.709
341.297
341.18
307.55
289.645
336.87
367.242
316.056
271.592
299.67
331.785
312.11
284.131
282.167
325.098
344.056
351.741
306.326
282.805
321.388
345.006
322.685
303.859
316.006
342.29
344.353
308.642
264.655
270.856
316.957
316.456
314.218
324.57
330.251
347.584
328.839
308.88
306.56
299.222
268.204
281.452
334.28
336.53
348.797
331.016
319.591
350.508
351.989
309.693
299.177
318.928
332.06
347.283
299.85
243.843
268.492
283.567
263.123
309.167
340.541
341.88
279.72
266.276
338.409
367.175
364.299
287.853
283.326
342.231
336.304
259.74
262.123
349.773
346.921
320.873
287.109
283.607
321.699
355.492
330.142
307.929
323.154
345.244
325.521
285.185
271.37
300.978
340.136
310.27
303.49
310.704
285.837
211.104
217.936
287.48
254.712
244.23
272.48
276.932
214.339
214.823
277.277
261.677
248.17
275.596
290.487
265.111
227.998
225.938
263.505
218.508
210.571
274.499
248.108
239.149
280.899
295.77
235.793
205.086
244.738
240.125
230.07
271.297
262.674
249.844
278.28
301.841
307.172
296.648
298.063
329.272
328.192
307.267
302.297
303.306
310.078
324.465
295.421
293.815
320.77
306.701
237.727
246.64
321.182
326.052
326.264
327.547
347.102
361.402
353.232
325.362
326.264
360.881
374.392
356.633
302.297
291.036
299.715
300.661
302.755
287.853
290.487
298.063
307.078
284.091
270.636
293.47
311.187
299.446
300.436
320.77
325.892
316.156
269.36
265.498
308.452
305.064
272.628
256.082
263.817
252.43
262.398
288.018
269.433
266.276
295.683
299.222
284.495
283.086
297
326.264
321.543
313.676
312.5
329.272
357.398
366.367
335.796
315.507
326.158
348.918
333.167
291.63
303.444
308.119
294.204
299.536
313.873
341.588
351.37
354.799
331.565
303.628
325.468
347.041
311.042
277.047
297.442
347.162
363.372
329.218
271.998
281.175
326.584
340.136
298.686
294.594
329.761
331.84
299.043
272.368
309.741
350.324
347.222
315.01
315.159
290.318
265.463
256.509
280.859
352.92
280.82
236.323
283.366
311.526
279.174
258.264
286.369
348.008
340.02
275.179
263.054
312.012
324.412
288.226
284.981
322.217
341.355
336.814
293.858
280.978
319.744
346.56
324.939
315.109
309.167
263.089
259.875
295.727
317.309
338.524
341.997
310.849
310.849
341.588
332.005
301.978
282.566
297.974
333.667
356.443
329.652
316.756
339.559
328.192
308.404
290.909
278.746
266.347
282.965
297.044
303.398
314.614
305.483
299.356
314.367
330.087
303.076
243.102
246.822
320.77
335.683
268.673
268.312
340.774
350.201
318.827
276.932
286.985
298.374
303.444
281.69
241.809
258.398
288.226
263.054
273.187
327.6
336.814
276.778
269.215
326.371
340.89
321.595
307.456
318.37
318.522
326.371
318.167
305.67
324.044
353.544
366.905
333.111
321.234
330.251
333.167
292.227
287.15
329.164
330.087
317.914
301.705
319.336
338.238
336.53
340.832
316.356
316.256
340.832
345.006
333.278
319.336
294.334
291.545
331.4
294.247
282.925
302.343
300.978
276.281
285.103
348.918
352.734
256.509
250.627
342.936
346.5
299.401
260.484
274.424
298.463
267.594
262.916
281.532
290.867
282.048
273.187
308.547
346.56
355.366
320.461
315.507
332.336
305.998
282.885
292.398
265.781
259.067
278.668
292.227
312.989
319.642
327.708
302.435
317.612
353.607
336.7
288.559
290.192
335.458
337.325
337.268
316.456
307.361
325.998
304.832
299.625
293.988
303.444
339.156
352.547
312.647
294.942
336.134
346.981
303.214
293.169
328.138
312.061
315.159
235.821
222.099
317.209
344.828
285.755
270.161
247.801
191.902
225.403
326.637
349.956
323.729
310.607
320.307
323.992
324.254
294.942
293.729
331.51
321.388
288.06
300.12
326.105
324.412
329.489
312.891
304.832
305.204
306.796
293.988
297.486
335.008
344.649
349.834
275.103
274.311
335.402
271.961
248.324
278.009
294.811
294.161
286.246
307.503
342.466
343.171
323.102
283.849
290.276
323.52
330.306
306.89
298.998
319.744
323.782
308.024
303.122
294.898
289.478
321.027
320.513
294.031
301.432
329.815
314.663
265.957
252.557
282.008
271.702
270.599
305.81
320.205
311.381
303.951
325.098
331.51
319.949
282.406
283.93
318.725
325.839
301.614
289.603
284.738
289.939
316.857
324.728
311.672
288.725
285.103
287.728
289.771
309.406
328.623
294.898
289.143
328.138
343.584
267.094
255.558
320.667
338.123
340.948
315.358
297.089
313.48
337.041
325.68
279.135
283.246
315.657
304.785
294.594
310.704
337.895
346.861
298.463
285.225
317.712
326.424
320.718
310.414
295.596
279.096
296.604
290.782
295.552
269.07
258.933
293.427
309.406
336.814
301.841
272.591
298.909
344.947
355.429
342.348
278.435
267.13
285.266
290.149
297.265
304.646
343.112
355.809
331.016
302.893
287.687
288.351
294.334
299.312
318.37
332.723
321.543
290.824
300.842
335.57
336.87
275.103
261.131
306.138
326.904
333.611
296.956
299.267
295.508
290.318
295.29
285.919
313.922
324.886
309.933
308.976
329.707
319.234
306.044
303.26
314.07
322.165
313.283
308.261
299.446
299.222
306.419
330.579
310.752
300.978
280.662
219.082
240.067
319.898
326.424
320.256
227.557
210.948
269.651
238.521
244.559
286.246
300.707
282.247
280.623
333.389
341.122
335.458
309.454
300.12
280.623
285.51
290.107
291.588
341.122
353.794
337.439
319.285
322.633
331.95
334.616
305.39
301.296
317.41
311.964
286.205
290.36
330.306
333.723
344.709
338.983
315.11
324.517
325.15
265.287
261.267
316.356
343.053
343.525
308.214
287.191
261.986
266.631
290.276
306.419
343.407
321.027
290.909
286.164
301.796
302.16
265.781
273.785
300.21
298.775
228.938
223.639
304.925
329.489
306.185
258.365
241.196
277.739
279.838
247.28
275.103
313.185
292.526
278.242
289.101
300.707
292.954
295.421
322.425
315.308
307.314
289.603
294.855
333.556
335.965
277.2
276.243
319.03
313.381
283.889
278.707
312.744
321.802
292.269
280.899
319.081
324.412
315.956
303.352
300.165
325.256
314.614
260.586
269.107
309.071
314.564
334.28
309.55
285.47
305.204
335.683
296.736
290.529
313.136
287.687
264.515
285.225
327.547
345.066
335.458
304.739
317.209
305.064
294.594
294.551
217.77
223.214
292.483
295.159
302.48
317.763
333.556
301.205
293.643
311.333
271.003
254.065
292.44
336.247
343.053
340.832
299.85
295.029
327.547
309.598
273.523
278.474
319.591
335.683
310.27
288.184
292.141
307.977
280.584
234.494
249.844
298.418
291.886
291.843
320.718
319.285
308.976
296.165
305.623
316.006
309.837
283.326
243.043
264.866
318.319
303.214
290.36
306.513
309.454
265.781
272.146
323.468
323.05
318.573
298.507
306.044
282.048
269.724
289.897
305.483
281.73
274.236
277.277
278.048
321.647
309.885
282.885
295.858
291.8
288.06
283.487
279.564
312.402
317.309
283.849
283.688
314.416
308.024
307.456
281.77
283.206
320.564
331.675
306.607
302.16
330.415
335.064
339.041
296.165
275.444
310.897
334.113
315.856
294.421
302.389
325.045
331.345
306.044
291.29
309.167
323.834
302.526
301.932
327.761
337.952
313.038
298.374
312.5
303.674
228.154
235.266
326.531
342.173
340.252
291.545
284.576
302.206
229.753
228.076
302.847
316.306
253.197
256.575
333.834
349.589
345.066
291.715
271.628
257.268
239.234
256.641
291.758
314.713
318.117
291.206
288.6
322.581
311.867
284.051
290.192
295.858
290.107
311.284
286.492
287.274
328.515
339.156
306.654
285.022
310.994
335.064
327.172
317.058
323.206
315.657
317.259
310.414
304.275
299.985
304.925
310.8
306.654
324.412
318.624
299.76
277.624
297.486
302.847
260.18
259.336
298.374
324.044
295.377
265.393
282.885
303.398
312.256
259.707
249.844
309.454
313.48
250.878
250.752
322.269
342.29
273.598
259.707
272.294
277.162
283.688
271.961
301.796
307.456
287.687
294.074
306.513
287.853
271.85
283.889
312.744
320.154
314.812
283.648
274.386
282.486
301.614
299.67
283.688
305.018
315.457
283.97
290.023
321.027
310.849
291.503
289.184
293.384
293.513
293.169
293.858
322.113
328.623
283.527
260.892
290.318
316.756
300.03
291.163
312.402
333.556
342.936
350.631
303.536
280.544
316.006
341.297
321.079
255.363
260.146
325.468
272.294
248.509
292.526
329.056
316.206
294.898
279.72
236.911
226.193
280.781
342.407
341.764
315.01
298.864
310.511
311.769
282.526
258.498
287.48
338.181
335.345
305.111
302.16
284.414
281.136
300.797
280.466
262.295
266.064
267.344
285.714
338.811
350.877
335.289
297.177
270.051
275.634
309.167
312.256
294.985
316.006
330.524
302.663
301.659
315.408
308.547
292.997
290.698
310.463
327.011
330.961
302.709
300.797
329.001
330.142
300.345
270.709
285.063
320.154
320.976
289.897
264.866
264.41
294.724
284.819
269.215
261.986
239.866
253.229
270.161
273.56
249.532
265.393
321.234
325.468
244.499
236.044
307.74
331.895
337.61
307.74
281.69
292.826
296.736
270.453
263.887
291.375
320.513
300.978
294.638
313.627
324.623
285.714
265.534
259.235
266.489
279.291
290.909
335.064
335.402
331.181
315.159
312.159
326.158
317.864
275.9
272.926
302.297
315.358
306.513
278.784
270.636
284.414
279.018
255.33
278.979
310.174
297.885
297.133
295.552
297.575
305.111
295.902
271.26
229.727
220.046
272.22
336.587
334.113
277.778
262.158
301.568
322.893
277.894
265.111
308.833
330.633
321.854
276.549
275.065
312.11
326.318
296.077
261.233
285.144
321.647
298.73
298.73
320.102
324.359
337.211
281.334
268.853
275.748
278.552
285.063
277.354
301.523
311.867
297.575
304.692
329.056
290.824
269.796
300.707
324.834
328.084
337.496
300.842
282.725
300.933
295.77
288.268
306.091
325.468
332.281
322.217
299.895
305.25
314.713
307.692
287.646
286.369
279.291
286.492
245.158
246.214
331.236
337.496
231.75
221.092
292.141
217.604
215.633
300.616
324.992
280.859
271.739
287.811
289.771
295.377
278.396
286.205
307.882
297.53
283.447
292.099
310.704
316.356
298.196
310.463
293.212
287.233
294.551
295.247
323.939
325.574
309.598
291.545
296.209
278.979
243.902
268.061
325.309
334.672
325.733
289.478
271.37
278.319
295.247
285.714
287.522
316.506
309.167
286.574
299.805
333.778
324.939
318.674
285.551
273.112
295.334
310.366
279.252
251.004
284.131
309.358
230.203
216.45
253.421
249.844
279.994
293.556
292.654
299.625
297.089
309.406
305.904
291.29
286.328
285.429
298.954
316.807
293.643
300.255
328.569
301.568
278.125
297.442
305.623
307.361
293.384
278.435
298.775
299.805
295.116
304.646
307.22
307.125
268.348
265.887
304.692
321.647
329.218
277.393
256.674
288.684
320.154
299.895
272.591
293.341
327.708
304.229
297.398
318.928
315.358
317.965
287.563
284.172
294.161
295.334
294.898
292.869
325.15
338.524
316.907
300.797
273.373
275.217
281.215
279.994
318.979
340.368
326.637
257.4
210.993
234.852
268.24
272.48
302.16
316.256
299.133
298.24
328.785
338.639
334.28
275.406
241.517
246.366
268.709
286.41
298.552
332.392
332.005
305.764
286.287
298.552
310.174
303.49
307.74
325.045
332.281
326.958
297.089
289.645
314.614
321.595
285.388
242.424
268.348
328.839
267.559
254.55
307.929
323.834
313.087
279.877
259.673
283.527
310.222
301.841
314.218
322.321
312.891
294.551
297.974
263.644
212.789
238.351
294.118
253.261
226.501
271.665
326.105
324.57
283.648
271.813
288.85
303.306
277.894
263.158
294.421
315.557
315.856
277.047
270.38
294.942
315.856
300.391
284.172
306.56
325.998
309.31
305.623
324.202
302.709
235.571
225.581
279.838
311.187
299.222
298.463
284.819
278.28
297.265
297.752
301.932
311.09
316.106
285.47
287.15
293.945
292.099
299.043
302.115
310.463
307.078
289.143
289.771
327.923
326.904
316.456
294.204
282.048
292.912
266.88
262.571
303.721
296.296
256.542
249.439
288.475
325.68
326.797
236.967
218.986
294.421
305.904
273.598
285.959
327.815
331.565
270.161
229.043
252.621
294.898
281.017
277.239
290.318
291.29
281.373
286
311.915
281.77
259.067
287.48
320.359
324.149
305.857
289.101
285.266
290.571
293.341
290.529
299.94
309.023
314.416
307.22
311.09
326.211
331.895
274.763
253.165
276.74
295.596
268.962
266.347
317.259
315.856
298.998
303.168
320.256
323.887
258.532
250.564
313.578
324.517
320.513
238.692
233.508
309.789
289.352
235.46
233.182
265.922
240.183
238.294
269.906
286.369
284.091
284.051
300.707
300.752
278.901
264.48
289.226
301.75
283.126
284.738
295.116
271.26
260.586
287.853
319.846
326.797
290.74
273.075
290.318
291.971
278.668
280.191
297.841
306.466
276.932
282.167
322.581
329.652
335.627
303.49
281.175
268.709
276.167
280.859
284.374
317.41
322.685
295.596
239.636
246.944
292.826
274.085
278.125
309.55
317.965
297.974
281.492
266.241
245.158
236.072
240.906
254.81
228.311
245.218
290.782
298.418
300.526
280.387
286.123
295.858
299.356
298.597
311.333
316.456
290.107
266.205
278.474
300.481
228.99
223.764
300.707
314.515
309.31
285.878
278.474
302.297
319.183
301.296
288.725
309.981
324.307
286.944
285.388
318.979
320.051
304.368
286.328
286.451
259.605
261.986
279.72
286.656
313.332
325.521
304.507
301.159
326.851
330.633
304.878
294.985
289.352
295.029
303.951
293.945
287.935
250.689
224.543
238.663
243.992
221.386
244.708
305.67
315.856
311.672
269.687
247.249
282.287
318.016
281.532
278.784
326.691
322.737
293.384
275.406
276.091
258.398
250.532
284.616
323.206
329.218
312.256
277.2
275.862
295.421
289.226
277.008
294.464
326.744
328.084
286.574
277.316
315.259
327.065
277.971
254.097
253.582
276.663
280.544
273.224
305.951
318.218
299.536
295.727
311.915
304.785
288.934
270.673
294.507
328.785
300.978
290.234
