1.36546e-311
inf
5.2206
267.38
395.335
565.451
558.503
690.608
725.163
852.515
855.432
878.735
1000
1106.19
1170.96
1163.47
1126.13
1131.86
1152.74
1164.82
1223.24
1302.93
1334.22
1328.02
1341.38
1338.69
1275.51
1166.86
1054.3
1019.37
1104.97
1144.82
844.595
807.754
940.734
910.747
960.154
1055.41
1130.58
1122.33
1112.97
533.049
479.386
872.22
1037.88
1111.11
1209.19
1288.66
1318.39
1303.78
1241.46
1236.09
1268.23
1062.13
841.043
865.426
789.578
729.129
903.751
1043.84
1073.54
1109.26
1143.51
1140.9
1086.96
893.256
793.336
922.509
971.817
667.334
507.485
634.518
927.644
874.508
832.293
862.069
792.079
740.192
814.001
895.656
396.04
395.179
799.041
718.391
605.694
644.33
889.284
970.403
1034.13
983.768
520.291
513.084
915.751
824.742
853.971
988.142
967.118
785.855
680.041
813.339
659.631
634.719
839.983
871.46
1003.01
1090.51
910.747
752.162
438.982
303.998
389.029
692.761
925.497
1012.66
934.579
751.597
730.46
749.344
783.699
937.647
415.282
402.658
834.725
763.067
807.754
660.284
687.049
1085.78
1143.51
1114.83
705.467
657.462
920.81
1016.26
1076.43
1061.57
1055.41
1109.26
1166.18
896.057
686.577
793.336
731.529
600.601
735.565
856.898
940.291
1121.71
1179.94
1158.08
1143.51
1138.95
1160.09
1180.64
1091.11
1062.13
1085.78
674.082
643.708
952.835
1057.64
1126.13
1025.12
956.938
954.654
871.08
928.074
1089.92
1121.7
1159.42
1058.2
784.006
810.373
937.207
915.751
936.33
961.076
1074.11
1063.26
1041.67
1073.54
1004.02
992.556
528.402
406.421
592.593
825.083
969.462
1070.66
1085.19
971.817
859.107
879.894
1003.01
1041.67
992.063
1028.81
1000.5
984.737
999.001
878.349
898.876
1012.15
988.631
764.818
674.536
785.238
883.002
918.274
968.523
1036.81
1112.35
1207
1255.49
1295.34
1337.79
1327.14
1085.78
949.668
935.891
1018.85
1207.73
1251.56
1263.42
791.452
677.277
951.928
959.233
771.903
837.521
848.896
764.818
807.102
841.043
893.655
557.725
471.143
706.964
333.056
325.733
148.071
147.7
822.03
859.476
862.441
927.214
689.893
661.813
850.34
900.495
797.448
778.513
863.931
838.574
934.579
947.867
921.659
839.278
373.972
367.242
698.08
813.008
938.967
711.491
670.466
792.707
680.967
545.703
666.889
988.142
789.889
618.047
592.242
668.449
592.417
323.311
350.324
758.725
416.927
338.409
530.363
188.466
194.175
480.423
319.949
413.309
626.37
362.319
22.049
22.7648
1124.23
1133.79
1176.47
1206.27
1110.49
784.006
740.741
913.659
930.233
969.932
1015.23
1076.43
1126.76
1098.9
985.707
951.022
1038.96
1102.54
1050.42
758.725
762.486
988.631
1038.96
1085.78
1118.57
1216.55
1253.92
1212.86
1206.27
1215.07
1070.66
985.707
1055.97
1054.3
649.984
625
968.992
1103.14
1182.73
1255.49
1043.3
956.023
1101.32
1142.86
1121.71
1149.43
1129.94
1046.57
747.105
739.919
1091.11
1227.75
1186.94
907.853
815.328
764.818
780.336
978.953
1164.82
1375.52
1348.62
718.907
605.327
840.689
905.387
997.506
1145.48
1164.14
1204.82
1238.39
1268.23
1280.41
1289.49
1283.7
1181.33
194.25
189.555
922.935
995.52
1054.85
359.906
348.129
616.523
595.77
850.34
876.04
999.5
625.978
528.961
394.089
363.372
685.166
950.57
933.271
1004.02
1085.78
1056.52
1024.59
859.845
801.925
831.601
950.119
1233.81
1251.56
1189.06
1164.82
1200.48
1297.86
1337.79
1277.14
1262.63
1277.96
1304.63
1387.93
1391.79
1384.08
1437.81
890.076
792.079
1114.83
1261.83
1324.5
1372.68
1371.74
1286.17
1282.05
1381.22
1406.47
1350.44
1408.45
1416.43
1313.2
1345.89
1424.5
1385.04
905.797
802.246
894.454
803.213
783.085
884.173
993.049
1036.81
1158.08
1167.54
1124.86
1131.86
1147.45
987.167
611.06
652.742
1105.58
1165.5
1213.59
1253.92
1271.46
1355.01
1147.45
931.532
895.656
925.497
999.001
941.62
702.247
736.106
1042.21
1208.46
1337.79
1350.44
1260.24
1294.5
1175.09
1056.52
1183.43
1336.9
1386
1387.93
1434.72
1438.85
1315.79
1004.52
991.08
1253.92
1318.39
1328.9
1387.93
1332.45
1295.34
1354.1
1375.52
1370.8
1360.54
1419.45
1447.18
1436.78
1390.82
1404.49
1453.49
1312.34
1000
990.099
1250.78
1355.93
1418.44
1463.06
1395.67
1373.63
1390.82
1334.22
1312.34
1248.44
1199.04
1219.51
1284.52
1325.38
1291.16
1058.76
951.928
1132.5
1296.18
1311.48
1349.53
1398.6
1380.26
1329.79
1339.58
1397.62
1410.44
1356.85
1339.58
1350.44
1340.48
1373.63
1420.45
1360.54
904.159
773.994
960.615
1152.07
1349.53
1409.44
1417.43
1395.67
1410.44
1459.85
1457.73
1411.43
1403.51
1289.49
1179.25
1298.7
1441.96
1355.01
1052.63
1027.75
1240.69
1023.02
993.542
1263.42
1327.14
1372.68
1385.04
1353.18
1354.1
1404.49
1425.52
1360.54
1355.01
1369.86
1398.6
1389.85
922.084
902.12
1332.45
1411.43
1386
1405.48
1389.85
1346.8
1367.05
1363.33
1395.67
1438.85
1434.72
1477.1
1395.67
1308.9
1306.34
1347.71
1318.39
1035.2
1023.02
1245.33
1305.48
1339.58
1395.67
1371.74
1331.56
1247.66
1209.92
1311.48
1410.44
1419.45
1390.82
1414.43
1434.72
1378.36
1353.18
1094.09
1006.04
1213.59
1322.75
1372.68
1363.33
1391.79
1404.49
1422.48
1427.55
1417.43
1449.28
1439.88
1437.81
1379.31
1392.76
1460.92
1460.92
1399.58
1179.25
949.668
997.009
1237.62
1336.01
1345.9
1332.45
1356.85
1373.63
1396.65
1393.73
1403.51
1408.45
1361.47
1291.99
993.049
968.523
1168.22
1001
1035.73
1283.7
1302.08
1383.13
1416.43
1373.63
1411.43
1399.58
1395.67
1421.46
1403.51
1421.46
1452.43
1484.78
1447.18
1394.7
1393.73
1431.64
989.12
860.956
1112.97
1233.05
1148.77
1127.4
1215.07
1243.78
1271.46
1278.77
1299.55
1340.48
1280.41
1266.62
1265.82
1254.71
1291.16
956.938
883.002
1138.3
1199.04
1221.75
1096.49
934.143
902.935
944.287
1061.57
1116.07
1094.69
1184.13
1263.42
1189.06
875.657
783.699
1003.01
1239.93
1305.48
1330.67
1386.96
1430.62
1119.82
872.6
735.294
751.88
875.657
947.418
772.798
767.46
1117.32
1264.22
1356.85
1378.36
1386.96
1445.09
1474.93
1052.08
932.401
1229.26
1384.08
1389.85
1354.1
1354.1
1341.38
1247.66
1024.07
1035.2
1262.63
1319.26
1355.01
1336.01
1333.33
1391.79
1448.23
1459.85
1400.56
1351.35
1351.35
1312.34
1291.16
1310.62
1277.14
1167.54
1169.59
1194.74
1236.86
1388.89
1461.99
1406.47
1327.14
1324.5
1355.93
1399.58
1398.6
1316.66
1284.52
1367.05
1389.85
1372.68
1356.85
1376.46
1311.48
1148.11
1147.45
1221
1305.48
1394.7
1447.18
1372.68
1227.75
1204.82
1291.16
1355.01
1238.39
1209.19
1275.51
1314.06
1223.24
1059.88
1082.25
806.127
756.43
1056.52
1229.26
1241.46
1250.78
1291.99
1232.29
1256.28
1290.32
1265.82
1213.59
1200.48
1260.24
1325.38
1381.22
1156.74
888.889
1001
1214.33
922.935
946.074
1236.86
1320.13
1344.99
1356.85
1352.27
1340.48
1243.01
1246.11
1314.92
1321
1281.23
904.568
816.66
1012.15
1178.55
1269.84
1303.78
1301.24
1291.99
1330.67
1365.19
1363.33
1340.48
1343.18
1381.22
1246.11
1192.61
1267.43
1144.16
755.858
803.858
1112.35
1029.34
1170.28
1297.86
1179.94
1160.77
1323.63
1309.76
1287
1337.79
1332.45
1260.24
1266.62
1274.7
1053.19
970.403
1038.96
1187.65
1295.34
1329.79
1389.85
1370.8
1251.56
1179.25
1263.42
1329.79
1360.54
1239.16
1216.55
1322.75
1321
1301.24
970.874
936.33
1119.19
1119.82
1197.6
1287
1346.8
1378.36
1377.41
1246.88
1169.59
1256.28
1308.9
1144.82
958.773
1023.54
1062.7
996.016
1098.3
1143.51
1116.07
1090.51
1140.9
1249.22
1282.05
1314.06
1356.85
1326.26
1319.26
1353.18
1383.13
1344.99
1353.18
1197.6
844.951
898.069
1207.73
1223.99
1206.27
1215.81
1290.32
1318.39
1266.62
1256.28
1285.35
1209.19
1146.13
1199.76
1286.17
1344.99
1048.77
970.874
1168.22
1250.78
1186.94
1168.91
1272.26
1295.34
1302.93
1344.09
1357.77
1302.93
1230.77
1246.11
1370.8
1335.11
1229.26
1196.89
787.092
728.067
1018.33
967.118
861.326
855.066
963.391
1135.72
829.187
755.858
784.006
752.729
708.717
754.717
1059.88
1195.46
1246.11
1258.65
1327.14
1054.3
849.257
979.432
1227.75
1352.27
1261.03
1234.57
1335.11
752.162
668.673
1015.74
1164.82
1162.79
1177.16
1290.32
1258.65
1156.74
1154.07
1187.65
1214.33
1307.19
1343.18
1250.78
1246.88
1125.49
702.988
702.988
1002.51
1031.99
1118.57
1223.24
1196.17
1144.82
1196.89
1277.96
1363.33
1347.71
1219.51
1250
1192.61
790.202
730.46
1036.81
1286.17
1226.24
1264.22
1334.22
1348.62
1354.1
1361.47
1303.78
1277.14
1365.19
1325.38
1289.49
1231.53
1152.74
1092.9
1100.72
1179.94
1299.55
1386
1282.05
1259.45
1365.19
1366.12
1352.26
1382.17
1340.48
1314.92
1319.26
1355.93
1392.76
1426.53
1436.78
1273.89
1218.03
1228.5
1125.49
1178.55
1337.79
1282.87
1206.27
1114.83
1077.01
1195.46
1306.34
1276.32
1287.83
1257.07
1204.09
1293.66
1294.5
970.874
871.84
1084.01
1258.65
1214.33
1190.48
1209.92
1247.66
1282.05
1297.02
1299.55
1339.58
1337.79
1244.56
1240.69
1278.77
1337.79
994.53
896.861
1109.88
1214.33
1336.01
1361.47
1403.51
1415.43
1282.87
1182.03
1008.57
964.32
1121.08
1278.77
1378.36
1270.65
1212.12
1018.33
951.928
1128.03
1229.26
1261.83
1262.63
1249.22
1168.91
1223.99
1274.7
1202.65
1273.89
1314.92
1335.11
1384.08
1269.84
1194.74
1049.87
921.659
1041.12
1271.46
1222.49
1175.78
1209.19
1208.46
1162.79
1032.52
1055.41
1230.01
1298.7
1349.53
1201.2
1103.75
1151.41
900.495
881.057
1163.47
1308.04
1340.48
1352.26
1292.82
1292.82
1317.52
1291.99
1307.19
1257.86
1144.16
1102.54
1179.94
1252.35
1165.5
892.459
936.33
1249.22
1326.26
1324.5
1329.79
1311.48
1304.63
1354.1
1409.44
1243.78
1154.07
1091.7
1071.24
1173.02
1226.99
1256.28
977.517
922.509
1003.01
913.659
964.32
1082.25
1198.32
1279.59
1276.32
1281.23
1265.02
1151.41
1058.2
1135.07
1267.43
1302.93
1287.83
1178.55
1129.31
1223.24
1326.26
1252.35
990.099
934.579
1031.46
1196.89
1307.19
1285.35
1311.48
1321
1277.14
1253.13
1117.94
905.387
839.631
866.551
839.983
842.105
975.61
994.036
951.475
1140.25
1371.74
1344.99
1274.7
1273.07
1308.9
862.441
742.942
997.506
1225.49
1366.12
1378.36
1368.93
1373.63
1327.14
1249.22
1188.35
1177.86
1242.24
1322.75
1336.9
1356.85
1369.86
1191.19
949.217
950.57
1093.49
1215.07
1281.23
1202.65
1221.75
1336.01
1331.56
1222.49
1179.94
1277.14
1367.05
1297.86
1189.77
1090.51
914.495
851.789
1033.59
1305.48
1236.86
1163.47
1245.33
1256.28
1311.48
1355.01
1310.62
1261.03
1189.77
1187.65
1243.01
1271.46
1215.81
1009.59
915.332
1117.94
1424.5
1495.89
1504.89
1349.53
1201.2
1247.66
1244.56
1227.75
1250.78
1239.93
1285.35
1310.62
1334.22
1321.88
1291.99
1052.08
973.236
1146.13
1164.14
1188.35
1050.42
1013.17
1249.22
1327.14
1324.5
1337.79
1291.16
1210.65
1201.92
1257.07
1328.02
1256.28
828.5
744.325
1021.97
1212.12
1289.49
1397.62
1304.63
1198.32
1213.59
1264.22
1343.18
1339.58
1338.69
1141.55
1097.69
1357.77
1472.75
1091.11
976.086
1146.79
1243.01
1379.31
1372.68
1269.04
1142.86
968.523
955.566
1051.52
1110.49
1192.61
1284.52
1347.71
1375.52
1387.93
1207
1092.9
1179.94
1302.08
1357.77
1386.96
1410.44
1324.5
1253.92
1270.65
1222.49
1177.86
1250
1351.35
1389.85
1327.14
1286.17
1316.66
1010.61
911.993
1128.67
1253.92
1262.63
1315.79
1314.06
1205.55
1256.28
1312.34
1233.81
1239.93
1316.66
1356.85
1350.44
1174.4
1173.02
931.532
828.157
1086.96
1177.16
1218.03
1309.76
1343.18
1370.8
1365.19
1040.04
923.788
1029.87
1020.41
1004.52
1054.3
1074.11
904.977
898.069
1091.11
1231.53
1234.57
1191.19
1264.22
1243.01
1234.57
1253.13
1282.05
1303.78
1225.49
1224.74
1088.73
1063.26
1024.07
875.657
901.713
1052.08
1192.61
1238.39
1273.07
1269.04
1251.56
1240.69
1273.07
1234.57
1171.65
1277.96
1367.99
1361.47
1372.68
1137.66
881.446
975.61
1321
1358.7
1327.14
1406.47
1328.02
1297.86
1418.44
1447.18
1451.38
1473.84
1511.72
1361.47
1291.99
1358.7
1358.7
1188.35
936.33
998.502
1204.09
1170.28
1178.55
996.512
855.432
696.621
745.156
1046.57
1143.51
1273.89
1208.46
1021.45
772.499
754.148
832.986
814.001
920.387
909.091
951.475
1204.09
1300.39
1338.69
1376.46
1310.62
1220.26
1175.78
1131.22
892.857
872.6
1177.86
1365.19
1367.99
1203.37
1089.32
1234.57
1358.7
1144.82
1138.95
1309.76
1249.22
1144.16
1108.03
1194.74
1054.3
936.768
1046.57
1189.77
1108.65
1083.42
1175.78
1238.39
1279.59
1269.04
1235.33
1203.37
1241.46
1227.75
1234.57
1319.26
1126.13
842.105
893.256
1112.97
1185.54
1215.81
1265.82
1126.13
971.817
1038.96
1172.33
1180.64
1227.75
1256.28
1279.59
1302.08
1213.59
966.651
905.797
962.927
1016.26
1231.53
1316.66
1301.24
1277.96
1326.26
1285.35
1244.56
1261.83
1329.79
1270.65
1156.74
1179.94
682.361
636.537
1008.06
1063.26
997.009
920.81
820.345
816.327
816.327
826.105
1002.51
1160.77
1204.09
844.238
767.165
998.004
1112.97
1168.22
1168.22
1170.96
1137.66
1122.33
1012.15
893.256
913.659
989.12
1025.12
795.229
755.002
944.733
1047.67
1064.96
1038.42
1034.66
1036.27
1108.65
1061.01
911.993
916.59
1012.66
1109.26
1186.94
980.392
887.705
980.873
957.854
959.233
1052.63
1081.67
1014.2
961.077
984.737
968.054
758.725
728.597
713.776
784.621
1080.5
1039.5
1051.52
1097.69
1053.19
946.522
958.313
1048.77
1052.08
1064.96
1052.08
1094.09
749.625
715.563
807.102
688.468
791.766
899.685
1000.5
1119.19
814.001
657.462
569.638
567.537
777.303
957.854
1100.72
1137.01
1016.26
1018.85
1038.42
1067.81
1121.71
1138.95
1173.71
1233.81
1240.69
1047.12
819.672
781.861
868.056
881.446
808.734
827.13
878.349
935.016
968.992
931.532
851.789
694.203
643.708
804.829
1011.63
987.167
1030.4
702.988
445.038
495.663
852.152
1204.09
851.426
723.327
929.368
1108.03
1138.95
1154.73
1170.28
767.754
625
652.316
721.501
893.655
920.81
740.741
798.085
1084.01
1110.49
1160.77
1186.94
1201.92
1184.13
1131.22
1098.3
1175.78
1268.23
1133.79
975.61
958.313
768.049
817.327
1166.18
1208.46
1210.65
1187.65
1207
1205.55
1208.46
1234.57
1266.62
1282.87
1304.63
1247.66
1155.4
1043.3
1030.93
1117.94
1157.41
1201.2
1275.51
1342.28
1377.41
1413.43
1422.48
1267.43
1162.12
1197.6
1227.75
1249.22
1246.88
1285.35
1263.42
1116.07
821.693
847.458
1148.77
1204.82
1306.34
1337.79
1320.13
1239.16
1246.88
1336.01
1318.39
976.086
894.055
809.389
809.062
839.278
894.855
1296.18
1331.56
1305.48
1313.2
1327.14
1369.86
1404.49
1424.5
1472.75
1412.43
1414.43
1397.62
1253.13
1271.46
1332.45
1387.93
1052.08
922.509
1196.17
1379.31
1357.77
1390.82
1453.49
1398.6
1388.89
1324.5
1246.11
1298.7
1377.41
1433.69
1438.85
1374.57
1364.26
1423.49
1355.93
1056.52
1015.23
1229.26
1312.34
1371.74
1372.68
1377.41
1373.63
1379.31
1370.8
1387.93
1457.73
1387.93
1418.44
1469.51
1450.33
1407.46
1341.38
1328.9
1166.18
1005.53
1129.94
1339.58
1371.74
1399.58
1418.44
1437.81
1441.96
1434.72
1375.52
1386.96
1426.53
1435.75
1349.53
1252.35
1260.24
1260.24
1279.59
1026.17
982.801
1242.24
1311.48
1364.26
1411.43
1397.62
1412.43
1436.78
1424.5
1408.45
1429.59
1372.68
1372.68
1448.23
1448.23
1379.31
1252.35
1271.46
1091.11
1063.26
1290.32
1315.79
1360.54
1410.44
1415.43
1420.45
1388.89
1313.2
1284.52
1314.92
1341.38
1336.9
1348.62
1411.43
1484.78
1502.63
1477.1
1074.11
1018.85
1152.07
1056.52
1175.78
1370.8
1369.86
1399.58
1499.25
1454.55
1432.66
1469.51
1336.9
1261.83
1359.62
1367.05
1376.46
1321
987.167
905.797
1025.12
1134.43
1208.46
1063.26
1021.45
1103.75
1103.14
1131.86
1152.07
1111.11
1066.1
1045.48
1076.43
848.176
841.397
1141.55
1229.26
1277.14
1297.86
1292.82
1297.02
1270.65
1233.81
1257.07
1322.75
1340.48
1070.09
860.585
855.432
750.188
770.416
1071.81
1199.04
1170.96
1191.9
1189.06
1143.51
1051.52
1013.68
1034.66
1089.92
1106.81
989.609
974.659
1005.53
1014.2
1104.97
1128.67
1196.17
1239.16
1171.65
1192.61
1244.56
1233.05
1186.24
1119.19
1066.1
1085.78
1070.66
1037.34
991.08
987.167
1095.89
1212.12
1235.33
1293.66
1302.08
1283.7
1327.14
1246.11
1183.43
1230.77
1288.66
1261.03
1239.93
1293.66
1288.66
1198.32
1106.19
1048.77
1137.01
1263.42
1297.86
1296.18
1206.27
1191.9
1252.35
1245.33
1156.74
1199.76
1277.96
1299.55
1305.48
1325.38
1201.92
951.022
1040.58
1116.07
1063.26
1221
1225.49
1126.13
1141.55
1186.24
1221.75
1338.69
1308.04
1196.89
1268.23
1307.19
1222.49
922.084
835.771
1041.12
1177.16
1220.26
1273.89
1360.54
1423.49
1411.43
1374.57
1390.82
1461.99
1502.63
1495.89
1495.89
1512.86
1498.13
1508.3
1427.55
1049.87
912.409
1046.03
1207
1198.32
1081.67
1062.7
1045.48
1002.51
1073.54
1218.77
1232.29
1170.96
1271.46
1409.44
1432.66
1349.53
957.396
914.495
1179.25
1228.5
1252.35
1238.39
1218.03
1258.65
1323.63
1374.57
1380.26
1398.6
1404.49
1397.62
1405.48
1397.62
1391.79
1270.65
960.615
925.926
1013.68
1039.5
