9.19263e-312
inf
3.30818
15.8386
15.6399
15.3169
14.5504
9.73828
10.2392
15.7458
15.7721
16.2954
14.9042
15.0297
16.4
15.967
15.6405
15.7975
16.2566
15.9788
15.9584
16.314
15.6371
15.6901
15.9247
13.9264
13.2376
14.7495
15.8382
15.8125
16.4167
16.5633
16.0206
16.645
17.0502
16.3619
16.371
16.8414
16.4675
16.2853
16.5699
16.7626
16.1894
16.2799
17.2079
16.4806
16.2322
16.8939
17.2451
16.7069
16.7322
17.3306
16.7805
16.4533
16.7867
17.584
16.9726
16.8067
17.6424
17.8188
17.1602
17.3232
17.9599
17.4415
17.2008
17.6977
18.4522
18.1835
17.64
18.0187
18.5553
17.8072
17.3842
18.1524
18.3518
17.5511
17.4578
18.5744
18.3454
17.3857
17.9548
18.4308
17.9724
18.12
18.4596
18.3337
17.6059
17.4793
18.3274
18.6098
18.1747
18.0248
18.4734
18.6118
18.3279
18.5022
18.3927
17.7002
17.8493
18.2372
18.8122
18.7859
18.1952
18.636
18.5941
17.5901
17.7181
18.4601
18.5216
18.0149
18.3169
19.3011
18.5206
17.8272
18.2662
18.6072
17.9005
17.9319
18.6705
18.7273
18.2765
18.6102
19.1909
18.9613
18.0558
18.0258
18.6607
18.7512
18.2299
18.2397
18.8469
18.3857
17.9088
18.2105
18.8262
18.4626
18.013
18.4345
18.7693
18.3321
18.2098
18.5195
18.9141
18.2095
17.999
19.23
19.3575
18.2713
18.203
18.8601
18.91
18.412
18.0735
18.6511
18.9079
18.3874
18.2274
18.9132
19.3313
18.1223
17.7142
18.435
18.6663
18.4463
18.4157
18.8244
18.8772
18.3721
18.4662
18.7936
18.6383
18.481
18.5908
18.6982
18.0073
18.0214
18.7498
19.1115
18.789
18.7744
18.9038
19.0045
18.7366
18.3372
18.613
18.4653
17.709
17.8742
18.9779
19.2858
18.0927
17.3724
18.3545
18.9297
18.5214
18.7054
19.2695
18.4546
18.3911
18.8645
19.0701
18.6419
18.536
19.1285
18.8235
18.5106
18.557
19.1703
19.3532
18.1352
18.1063
18.6998
18.5381
17.9994
18.1427
19.2446
18.448
18.1133
18.9107
19.0729
18.4335
18.5739
19.478
19.273
18.4006
18.1184
18.7887
19.2665
18.6362
18.069
18.6884
18.7883
18.1708
18.7329
19.1951
18.9816
18.3335
18.0624
18.7178
18.5444
17.6733
18.0698
19.2315
18.953
18.197
18.3623
19.3573
19.6663
18.3726
18.2734
18.8799
18.4676
18.076
18.4147
19.111
18.8528
18.6518
18.2583
18.1289
18.1439
17.7836
18.1465
18.6076
18.0961
18.1788
18.7931
18.9439
18.2113
17.9152
18.1539
16.825
16.5529
17.6191
18.3431
18.5977
18.411
18.5634
17.2507
16.0826
17.3674
17.9366
17.1337
17.4222
18.2882
18.6729
18.7064
18.8733
18.8638
18.6341
18.0509
18.0041
18.8297
19.0647
18.2597
18.1271
18.523
18.478
17.1168
17.2366
18.7099
18.5472
18.0229
18.1416
18.9084
19.0197
18.3982
18.4264
19.0085
18.8308
18.0814
18.6932
19.294
18.9654
18.4435
18.5219
19.1907
18.7
18.1109
18.5989
19.5101
18.0731
17.1815
18.1526
18.9184
17.9382
17.5551
18.4659
18.3137
18.2892
18.8269
18.9527
19.1281
18.3216
17.8477
18.7973
18.6173
17.6097
17.9429
18.6701
18.9615
18.3655
18.1929
18.946
18.3138
17.9351
18.9072
19.0882
18.2542
17.6922
18.1473
19.0843
18.7589
18.2106
18.7786
19.1183
18.766
18.7776
18.7452
18.9462
18.6965
18.2086
18.4318
18.5789
18.3884
18.1916
18.3601
18.5534
18.0701
17.9698
18.674
18.5704
17.6863
17.9348
18.7173
18.3004
17.663
17.9507
18.9322
18.8368
18.5729
18.7626
18.4848
17.978
18.2545
18.8807
18.6588
17.7543
17.8584
18.5491
18.7601
17.9727
17.9611
19.0925
18.4792
18.1821
18.803
18.7526
18.689
18.0986
17.9667
18.5813
18.0214
18.11
18.3896
18.4035
18.0483
18.2647
19.0186
18.6086
17.8857
18.2445
19.1819
19.1108
18.5033
18.4032
18.7347
18.3416
17.7048
17.9982
18.7191
18.2867
18.0675
18.3545
18.4379
17.5681
17.8509
18.7857
18.2974
17.4586
17.6415
18.7334
19.073
18.3374
17.9609
18.3611
18.024
17.2582
17.53
18.7954
18.2737
17.4178
18.0512
19.1679
18.1592
17.8052
18.6851
18.4541
18.0465
18.1868
18.7725
19.0893
17.8248
17.4954
18.5062
18.7241
17.5205
17.285
18.7797
18.3775
18.147
18.8209
19.1631
18.7883
17.7582
17.9913
18.9854
18.3103
17.8236
18.1883
18.4138
18.0598
18.1732
18.7068
18.1964
17.4744
17.5389
18.316
17.716
17.4662
18.5813
18.9876
18.1969
18.0244
18.457
18.2422
17.8129
17.9392
18.3579
18.7434
18.4281
18.2052
18.6588
18.628
18.3483
18.493
18.7066
18.5101
18.0203
18.0284
18.659
18.6783
17.8411
17.836
18.7382
18.4155
18.1594
18.5096
19.0523
18.4255
18.2412
18.6928
18.3582
17.7805
17.8164
18.7026
18.7273
17.6319
17.4759
18.5549
18.614
17.6629
17.6379
18.3086
17.8741
17.7885
18.4558
18.9157
18.1315
17.6925
18.2497
18.5123
18.1302
18.032
18.471
18.2637
17.9735
18.1095
18.8784
18.4925
17.8888
18.5115
18.7582
17.6406
17.6622
18.5469
18.5487
17.5949
17.2847
18.1263
18.1967
17.0033
16.6266
17.7259
17.9069
17.9766
18.2377
18.6668
18.1404
17.7609
18.3377
18.7371
18.0976
17.678
18.4303
18.4992
17.8824
17.9456
18.4906
18.1054
17.8045
18.3204
18.5079
17.9045
17.6896
18.4384
18.3192
17.3133
17.6741
18.517
17.9854
17.9035
18.2876
18.4497
18.1782
17.991
18.3038
18.4081
18.0883
18.0175
18.4686
18.0989
17.294
17.0864
17.7568
18.1027
18.0686
18.0083
18.3981
17.5026
17.0387
18.3081
18.2377
17.7914
18.3876
18.7299
18.2025
18.2482
18.4538
18.806
18.5946
18.3021
18.7528
18.6293
17.7244
18.0013
18.6221
18.2548
18.0491
17.9446
18.5654
18.4441
17.6493
17.751
18.1732
17.6291
17.7401
18.3137
17.8458
17.9801
18.4371
18.6251
18.5189
17.8042
17.948
18.8619
18.4795
17.7615
17.6291
18.1256
17.9569
17.6512
18.3357
18.5984
18.1615
17.9722
18.1628
18.3714
17.6392
17.4528
18.3316
17.9588
17.13
17.7648
18.8374
18.2824
17.5118
17.7877
18.4466
17.7425
17.4648
17.8329
18.2973
17.5445
17.4061
18.7064
18.0964
17.6069
18.0164
18.4038
17.2475
16.8761
18.2442
18.5477
17.6849
17.67
18.5972
18.03
17.1524
17.6766
18.4618
17.8086
17.7219
18.4532
18.401
17.7223
17.9588
18.6079
18.2533
18.0175
18.0369
18.2412
18.349
17.8952
17.8341
18.0574
17.5784
17.577
18.005
18.1032
17.0003
17.4149
18.8443
17.8131
17.5452
18.552
18.6286
17.8042
17.4931
18.0315
18.4879
17.9698
17.6707
18.0582
17.8099
17.8961
18.5811
18.5718
16.9421
16.7466
17.9231
18.1306
17.4563
17.7275
18.7515
17.4688
17.3427
18.3244
18.1334
17.7685
17.8616
18.2502
17.9989
17.9195
17.9942
18.3651
17.7618
17.1953
18.0789
18.247
17.8213
18.1325
18.8258
18.3813
17.6032
18.0393
18.5734
17.261
16.8942
18.0214
18.3768
17.3282
17.4782
18.5917
18.1531
17.1381
17.4444
18.197
17.8717
17.9025
18.5185
18.8303
17.9282
17.8474
18.6265
18.4191
17.1553
16.8486
18.1077
18.2688
17.2749
17.6911
18.8297
17.6075
17.0422
18.0709
18.1777
17.3898
17.7349
18.0909
17.7614
16.6044
17.0323
18.0326
17.1006
17.3674
18.0533
18.3714
16.6828
17.0761
18.4833
18.204
17.8683
17.6063
18.1205
17.8607
17.1932
17.7454
18.6409
18.002
17.4465
17.5837
17.7759
17.4013
18.0154
18.5601
18.0953
17.7688
17.9046
18.2937
18.0717
17.8747
17.6972
18.0188
17.4943
17.2409
18.1235
17.8958
17.2293
17.739
18.556
18.1045
16.8657
17.2098
18.5213
17.5151
17.5693
18.3216
17.9382
17.567
17.6739
18.0281
17.6602
17.2527
17.8326
18.3338
17.2313
16.8193
18.0201
19.2738
18.0107
16.7558
17.3865
18.0093
17.5861
17.6484
18.1914
17.9665
17.3141
17.4385
18.1417
17.264
17.416
18.3053
18.0182
17.4692
17.7869
18.2525
17.5863
17.47
17.6599
17.9098
17.8071
17.4753
17.8026
18.4676
17.842
17.8169
18.1022
17.5259
16.9836
17.5463
18.4434
17.0952
16.6688
17.7176
17.9829
17.2566
17.3644
17.9714
17.8793
17.9186
18.4335
18.6822
17.8992
17.6861
18.0917
18.3236
17.3727
17.1911
18.3668
17.4911
17.6297
18.459
18.3143
17.1067
16.6377
17.8248
17.8856
17.6913
18.0739
18.255
17.8674
17.9403
18.518
18.6558
17.9746
17.5472
18.1534
18.6104
17.8541
17.7764
18.4543
17.9717
16.9939
17.4345
18.4071
17.7456
17.7234
17.9798
17.94
17.2356
17.0672
18.246
18.3532
17.4865
17.6993
18.5007
18.315
17.6078
17.9324
18.4935
18.0183
18.083
18.2211
18.0595
17.3313
17.6252
18.2038
18.3258
17.9662
17.7958
18.4221
17.9546
17.5055
17.8939
18.2542
16.9838
16.8972
18.2708
18.3928
17.5177
17.5423
18.3727
17.5329
17.6002
18.1329
18.159
17.7735
17.5911
17.9412
18.1939
17.6791
17.4677
18.133
17.6247
17.4788
17.8067
18.2317
18.1498
17.3108
17.7827
18.0892
16.6167
17.3325
18.3888
17.5394
17.6546
18.2675
18.1779
16.2619
16.1628
17.7735
17.1502
16.4526
17.285
18.2103
17.6249
17.5164
17.9168
18.0166
17.6838
17.4963
17.8789
17.526
17.0892
17.3717
18.3485
17.7324
17.0987
17.2618
17.6173
17.6224
17.5648
18.2149
18.0185
17.4964
17.6018
18.4223
18.045
17.6406
18.5286
18.3532
17.4477
17.5468
18.0995
17.888
17.2505
17.2451
17.6846
17.0528
17.1318
17.8142
17.2046
16.6533
17.1427
17.9837
17.4715
17.2752
17.7779
17.9403
17.3822
17.3667
18.0369
17.8312
17.7776
18.151
18.2244
17.7201
17.9624
18.33
18.3444
17.7248
17.2006
17.6691
17.3205
16.9152
17.4461
17.8659
17.2683
17.3915
18.12
18.1508
16.9978
16.9624
17.9641
17.5736
17.2331
17.3211
17.744
17.2907
17.2513
18.0865
17.815
17.2087
17.3579
17.5055
16.8759
16.8425
17.4211
17.8699
17.4586
17.0896
17.5625
17.8841
17.2991
17.3827
18.0049
17.2939
17.5813
18.4875
17.9021
17.5359
17.9277
18.184
17.9934
17.5716
17.4983
17.7473
17.3999
16.7711
16.8545
17.5682
17.0377
16.4581
17.2722
17.8348
17.224
17.1728
17.8805
17.871
17.4278
17.4784
17.9557
17.698
17.5445
17.5679
17.7662
17.7598
17.6089
17.6535
17.5055
17.8704
18.3749
18.1893
17.658
16.5886
17.0213
18.2212
17.4033
17.3671
17.8862
17.7771
16.8475
17.0918
18.1628
17.9712
17.6188
17.9411
18.0874
17.5929
17.8992
18.1406
18.0961
17.5634
17.2378
17.9672
18.0261
17.3495
17.538
18.1166
17.8033
16.698
16.954
17.9625
17.4152
17.1274
17.6996
18.0414
17.3522
17.298
18.0861
17.8768
17.3869
17.6571
17.9064
17.2153
17.0573
17.7118
17.6266
17.059
17.3237
17.9248
17.7779
17.1942
17.2664
17.9504
17.1177
16.4213
16.3875
14.8746
15.239
17.2864
17.2299
16.8863
16.6546
16.4819
16.351
16.9085
17.8565
17.7614
16.7833
16.7263
17.3207
16.9604
17.1195
17.2252
16.9252
16.4639
16.2979
16.8108
15.7145
14.9967
16.1409
15.6875
15.0405
16.5057
17.5775
16.4443
16.6719
18.1361
17.0606
16.2213
16.5556
16.7514
16.1166
16.6073
17.8678
17.7893
17.845
17.7816
18.1457
17.7228
17.2344
17.6396
17.6157
16.7097
17.0223
18.3236
17.7145
17.3791
17.6974
17.7982
17.0997
17.1708
18.0932
18.2585
17.4589
17.333
17.8077
17.3349
17.3479
17.7781
17.9101
17.3661
17.2707
17.7877
17.3709
16.9258
17.6289
18.3239
17.7639
17.3931
17.6916
17.6791
17.497
17.6523
18.2944
17.6182
17.4732
18.1169
18.091
17.3436
17.1801
17.9939
17.9142
17.4155
17.8942
18.5448
17.8274
17.2771
17.7156
17.856
17.001
17.0204
17.6317
17.8993
17.1948
17.2166
17.7779
17.5614
17.4592
17.8571
18.045
17.5128
16.7097
17.0435
18.0704
17.5371
17.6028
17.9213
17.706
17.8512
18.0745
18.2189
17.177
16.3482
17.1502
18.4446
15.8023
13.6062
15.0107
15.5318
15.5525
16.0829
14.3807
15.0579
14.8683
14.2179
15.4152
14.5483
12.5447
12.8975
15.1489
11.8301
11.2013
13.0456
12.141
12.9174
12.9299
12.7885
14.7267
14.0257
13.784
13.6147
13.5952
14.3698
13.7919
12.9511
14.6715
17.3668
16.1705
16.3976
17.2039
17.223
16.5862
16.4281
17.4033
16.5865
15.3883
15.2871
14.7951
14.7706
15.4606
12.5624
12.4215
16.9043
17.428
16.3124
16.6885
17.4576
17.0869
16.7964
17.2184
16.8038
16.9928
17.4813
17.4619
16.3424
16.5599
17.3969
15.3838
14.8818
16.3827
17.0634
17.2844
17.7398
17.8899
16.8257
16.1441
16.9182
17.3049
16.7358
16.7407
17.5602
16.8641
16.4582
17.1474
16.974
16.7576
16.9085
16.5986
14.8831
15.2103
16.91
16.5519
15.3683
15.4648
16.1721
16.1509
17.1308
17.6362
17.0756
16.9423
17.7467
18.058
16.8795
16.9206
17.6039
17.0104
16.8493
17.4201
17.7305
17.1518
17.3228
18.123
18.0166
15.7679
15.6926
17.909
17.5359
16.6913
17.1703
17.5463
17.0491
16.4736
16.9549
17.0587
16.3846
16.2888
16.5614
16.8866
16.524
17.0337
16.8057
16.416
17.1627
17.1325
14.5404
14.1893
15.8903
14.1325
14.9536
16.6327
16.1878
17.1659
17.7259
17.6225
16.7052
16.9039
17.6507
17.463
17.0158
17.4607
17.9475
17.2234
17.2061
17.2347
17.0382
16.5284
16.5762
17.4784
17.0978
16.8223
17.144
17.7206
17.3262
17.1525
17.6868
17.4511
16.6443
16.681
17.407
16.9854
17.0819
17.5456
17.3619
16.6852
16.8806
16.8792
16.38
16.8833
17.2354
17.5316
16.4173
16.324
17.4167
16.8616
16.7291
16.7388
15.4853
14.7655
15.8489
17.2225
16.9425
16.9252
17.6159
17.3955
16.8774
17.2768
18.0497
17.1733
16.9245
17.1638
17.246
17.217
17.0969
17.9835
18.1189
17.1206
16.5928
17.2386
16.6661
16.5633
17.2756
17.092
17.1067
17.3388
17.6277
16.8566
16.4152
17.0877
17.9038
17.0465
15.8729
16.5
17.2249
16.9876
17.1352
17.719
17.3686
17.2181
17.7413
17.7465
16.1756
16.1231
17.9281
17.7511
17.5114
18.054
18.0711
17.168
17.5254
18.0991
17.5072
16.7464
16.9246
17.3961
15.9307
15.9382
16.9043
16.8323
16.1307
16.5701
17.5565
15.9402
15.8336
16.7354
16.9548
16.2207
16.5659
17.6657
16.8393
15.624
15.8936
16.9295
17.1261
16.948
16.0615
15.5857
15.425
16.2828
16.6204
16.9818
17.9433
17.3977
16.793
17.1516
17.3024
16.1752
16.3806
17.4474
17.4342
17.256
17.2679
17.3969
16.677
16.7619
17.4433
16.9012
17.0135
17.7569
17.485
17.1431
17.1748
17.3265
17.1749
16.7915
16.999
17.4072
16.9137
16.5155
17.0844
17.6211
16.8439
16.7153
17.5888
17.2756
17.1267
17.2191
17.4234
17.0788
16.855
17.396
16.6038
16.72
17.2726
17.6544
17.0971
16.7579
17.3184
17.3174
16.6729
16.8654
17.7896
16.3681
15.6794
16.8916
17.7486
16.8265
16.6454
16.722
16.0262
16.3965
17.2726
17.1013
16.7513
17.3989
17.7919
16.5127
16.603
17.7285
17.1897
16.6156
17.2077
17.686
16.7269
16.3658
17.3424
17.0398
16.5631
17.0519
17.2524
16.5384
16.8839
17.9139
16.8973
16.823
17.369
17.583
17.075
16.8927
17.3411
16.8869
16.3808
16.241
15.3168
15.4538
17.1199
17.7366
16.4051
16.4498
17.734
17.3003
16.6656
16.9545
17.5761
16.9089
16.9879
17.5934
17.9517
17.0243
16.5179
17.1622
17.2997
17.1031
17.2368
17.5075
16.7549
16.8624
17.6333
17.0557
16.563
17.2749
17.4057
16.2566
16.659
17.5722
17.0136
16.7889
17.0503
17.4642
16.8616
16.5489
17.253
17.4727
16.8709
16.9163
17.8388
17.408
16.8809
17.1477
17.8072
17.488
16.8564
17.1734
17.4174
16.3067
15.6537
16.6685
16.4395
16.4068
17.5403
17.1212
16.4936
17.0901
17.6328
16.6644
16.3866
17.306
17.1075
16.6477
16.8472
17.047
16.6065
16.8986
17.5714
17.509
16.2002
16.3755
17.7574
16.5695
16.287
17.1867
17.4993
16.2408
16.3144
17.8218
17.0901
16.8798
17.3751
17.2985
16.8627
16.854
17.599
17.3757
16.9302
17.1999
17.5162
17.4213
17.5841
16.9149
15.4953
14.4947
14.7666
14.535
14.566
16.6739
17.7321
16.73
16.6034
17.4703
17.3801
16.8095
17.1226
17.7839
17.144
16.8422
17.4981
17.5614
16.823
16.7072
17.2852
17.1714
17.0673
17.2945
17.3924
16.9212
16.8553
17.3786
17.2741
16.2454
16.4612
17.7327
16.5638
16.4555
17.0869
17.4608
17.0035
16.9938
17.8167
17.0137
16.8424
17.2295
17.3512
16.6682
16.6788
17.239
17.0574
16.8318
16.9915
17.0966
16.3646
16.1041
17.1196
17.0255
16.6874
17.3351
17.7726
17.1253
16.7729
17.4738
17.4031
17.1752
17.052
17.2539
17.0834
17.1196
17.5428
17.4119
15.9361
15.9304
17.1218
16.4693
16.3663
16.9065
16.709
16.0327
15.4369
15.9794
16.7041
17.0692
17.4225
16.8038
16.9106
17.5579
17.4871
17.0609
16.9928
17.3769
17.2047
16.783
17.2454
17.5613
17.085
16.8953
17.2943
17.0316
16.7871
17.0705
17.4503
16.659
16.2415
16.866
17.0048
16.9145
16.9668
17.6101
16.9641
16.3748
16.9263
17.1355
17.2858
17.7343
17.704
16.8721
16.863
17.5394
17.4963
16.5399
16.3771
17.0298
16.0861
16.174
17.3412
17.1026
16.2122
16.1664
16.9096
16.7559
16.8211
17.588
17.6336
16.4453
16.4301
17.3297
16.6753
16.5568
17.2224
17.19
16.7048
16.5839
17.1571
16.7123
16.6468
17.2196
17.1466
16.4514
16.6672
17.3166
16.5831
16.7153
17.2835
16.6283
16.6087
17.4116
17.8819
17.3196
16.8069
17.5111
16.8586
16.4339
16.6615
16.8715
16.8021
16.9252
17.2207
17.125
16.8675
16.5999
16.8056
15.7351
15.7598
16.8495
16.8966
16.4334
16.3733
17.0229
16.4885
16.637
17.3105
17.4046
16.8313
16.6176
17.1091
16.6707
16.4642
17.1721
17.5815
16.8634
17.0179
17.3102
16.2512
16.2775
17.5735
17.1746
16.7259
17.0179
17.3057
16.7283
16.7389
17.5064
16.8441
16.5278
16.9945
17.2391
17.113
17.4318
17.7926
17.5963
16.4751
16.3172
16.9812
16.1107
16.1246
17.4292
17.4124
16.8302
17.2276
17.3018
16.5226
16.5743
17.0103
17.1633
16.8939
16.7975
17.1311
16.3299
16.2002
17.1826
17.3543
16.7995
16.9582
17.2755
15.9801
16.2081
17.5722
17.2161
16.5334
16.6588
17.641
17.0663
16.6178
16.8873
16.5493
16.0928
16.5861
17.3156
16.8526
16.5369
15.8381
15.5504
15.7356
16.5444
17.4271
16.2819
15.9005
17.051
16.7267
16.4317
17.0598
