6.12199e-312
inf
1.59121
4.08427
4.75865
5.65345
5.66551
5.61304
5.44387
5.35381
5.30276
5.30297
5.23637
5.14389
5.1064
5.10819
5.15686
4.90349
4.71884
4.87214
4.92913
4.83656
4.85801
4.92584
4.67928
4.64419
4.79901
4.72187
4.71982
4.70839
4.62641
4.57629
4.6366
4.8415
4.96685
4.97531
4.98683
4.98695
5.03904
4.9663
4.9047
4.98396
5.04555
5.0774
5.05569
5.06059
5.04591
4.78444
4.73763
5.00011
4.85948
4.86607
5.14008
5.1247
5.14137
5.05929
5.02787
4.91457
5.02027
5.32223
5.17712
5.10594
5.0343
4.95292
4.96411
4.97254
5.07944
5.23697
5.26825
5.2001
5.24036
5.37874
5.19343
4.96396
5.06216
5.16736
4.73022
4.74146
5.27411
5.44923
5.50565
5.53604
5.54811
5.49837
5.49174
5.57227
5.66934
5.53803
5.47264
5.57864
5.62243
5.44274
5.4157
5.63726
5.71837
5.70498
5.63425
5.64812
5.67437
5.6345
5.63741
5.66604
5.62069
5.54593
5.55108
5.59904
5.56401
5.4679
5.36389
5.43332
5.41931
5.27939
5.48358
5.74399
5.78205
5.60135
5.52402
5.58322
5.63544
5.73455
5.67682
5.42001
5.37058
5.48804
5.47392
5.32114
5.16652
5.16685
5.29131
5.52767
5.55639
5.61142
5.79588
5.79455
5.73862
5.70277
5.51919
5.4915
5.73066
5.76688
5.75554
5.69672
5.65584
5.75778
5.83124
5.74325
5.54129
5.45482
5.46844
5.58029
5.70718
5.79673
5.73719
5.59685
5.62033
5.6045
5.55007
5.58262
5.73868
5.85007
5.67477
5.49573
5.59909
5.75083
5.78025
5.74799
5.62502
5.63404
5.59142
5.49958
5.549
5.64565
5.61426
5.63696
5.7603
5.74429
4.33697
4.35445
5.72854
5.51805
5.59362
5.74104
4.86882
4.79104
5.4495
4.99859
4.65595
4.93116
5.23556
5.17114
5.25749
5.14783
4.82508
4.73166
4.69377
5.15732
5.64153
5.49262
5.45063
5.62397
5.75146
5.74916
5.52344
5.18718
5.36511
5.56122
5.6322
5.8496
5.61659
5.45625
5.47984
5.54364
5.53152
5.54465
5.71174
5.64495
5.34466
5.45984
5.74361
5.75591
5.49224
5.32975
5.52866
5.50684
5.47762
5.65877
5.6078
5.58466
5.71464
5.83322
5.80354
5.60376
5.64801
5.74246
5.77632
5.86318
5.76951
5.6475
5.69324
5.76216
5.78043
5.81783
5.8601
5.62601
5.06271
5.18312
5.66439
5.46212
5.34865
5.25522
4.90807
5.05456
5.47507
5.60812
5.74775
5.29922
5.13351
5.36085
5.39829
5.39987
5.29327
5.44679
5.76058
5.77306
5.76508
5.83497
5.61151
5.43031
5.49107
5.62409
5.63087
5.35451
5.39982
5.46403
5.36992
5.52758
5.57434
5.42502
5.62042
5.80095
5.6763
5.53174
5.54508
5.71728
5.80648
5.85309
5.68175
5.67453
5.78222
5.75094
5.86932
5.86409
5.73765
5.63823
5.49641
4.96697
4.95627
5.12097
5.21397
5.78026
5.8478
5.59345
5.4026
5.46138
5.45801
5.51738
5.80105
5.9267
5.73625
5.50902
5.51294
5.65742
5.76405
5.78245
5.85689
5.82352
5.69973
5.71079
5.80051
5.93948
5.8589
5.66616
5.66948
5.79685
5.79571
5.75728
5.86806
5.88365
5.65622
5.61561
5.73582
5.80196
5.60296
5.07354
5.25512
5.68406
5.69836
5.68561
5.7187
5.82147
5.87682
5.93879
5.75243
5.67271
5.77744
5.84177
5.90798
5.82756
5.76419
5.80889
5.74913
5.77282
5.90599
5.91301
5.73302
5.69376
5.72556
5.52187
5.35369
5.5193
5.64199
5.59478
4.71405
4.65047
4.83063
4.5419
5.25082
5.7916
5.73559
5.73362
5.75116
5.86863
5.86151
5.6078
5.44271
5.49146
5.67791
5.8566
5.82237
5.83567
5.80258
5.68959
5.7479
5.7608
5.71793
5.65937
5.60648
5.66277
5.58456
5.6149
5.77257
5.65875
5.61213
5.65608
5.68413
5.72027
5.72897
5.70944
5.6283
5.68025
5.79294
5.69445
5.66035
5.79032
5.73174
5.68088
5.72015
5.75611
5.83
5.83453
5.82774
5.78182
5.77829
5.7007
5.70902
5.72392
5.73969
5.71063
5.63323
5.7251
5.79415
5.83935
5.79391
5.8088
5.68414
5.61467
5.70215
5.69823
5.6735
5.73473
5.81184
5.76226
5.54075
5.47785
5.7008
5.8237
5.85151
5.85712
5.75536
5.52585
5.46639
5.53673
5.67753
5.83553
5.78138
5.75432
5.81874
5.75357
5.79129
5.87385
5.81387
5.76597
5.73913
5.76
5.75304
5.45929
4.79181
5.02429
5.61967
5.2582
5.26157
5.44952
4.81387
4.66343
5.15127
5.12551
5.05555
5.309
5.63087
4.83925
4.56558
5.30279
5.66797
5.62065
4.28881
4.35924
5.79855
5.74051
5.69408
5.72071
5.73687
5.80826
5.86705
5.88049
5.72859
5.38879
5.28248
5.38342
5.18828
5.23686
5.69392
5.75285
5.55119
5.6472
5.75702
5.63193
5.5534
5.67637
5.55374
5.11468
5.1836
5.52279
5.68095
5.66128
5.64637
5.45703
5.16466
5.13637
5.07916
5.17895
5.32201
5.27283
5.06819
5.22489
5.46378
5.51391
5.74416
5.75286
5.77679
5.71321
5.63466
5.52839
5.56115
5.37992
5.2867
5.5987
5.6043
5.41531
5.34345
5.43935
5.62563
5.80085
5.68726
5.56347
5.17217
5.04479
5.32134
5.37439
5.44347
5.55435
5.74208
5.29831
5.16645
5.09516
4.75231
4.99296
5.46453
5.74927
5.72148
5.7863
5.90026
5.77552
5.66781
5.57322
5.56818
5.74074
5.78764
5.76763
5.62586
5.63272
5.79428
5.76178
5.82008
5.85448
5.70584
5.52918
5.51843
5.62911
5.7403
5.77257
5.69862
5.73143
5.65293
5.6254
5.55674
5.61325
5.73286
5.62449
5.63125
5.60557
5.63734
5.66312
5.73273
5.86808
5.71817
5.21808
5.05008
5.48088
5.74444
5.72948
5.6516
5.44639
5.21674
5.23237
5.35398
5.39294
5.53918
5.63257
5.61326
5.5882
5.61463
5.63318
5.57826
5.62499
5.73914
5.73386
5.50193
5.34008
5.4577
5.48969
5.39807
5.21465
5.13987
5.37156
5.57793
5.73041
5.74615
5.57268
5.3955
5.2272
5.39713
5.58082
5.60636
5.74544
5.72964
5.48429
5.374
5.48789
5.55016
5.52564
5.52024
5.60857
5.61422
5.38464
5.41483
5.61826
5.16528
5.02418
5.25189
5.37825
5.68085
5.52413
5.28626
5.10864
5.26761
5.64064
5.57875
5.06654
5.0288
5.5463
5.73649
5.79488
5.7069
5.50505
5.23567
5.2778
5.52477
5.51686
5.42912
5.47205
5.60099
5.60309
5.57585
5.56838
5.58823
5.71595
5.71368
5.56678
5.59337
5.75742
5.607
5.45117
5.61574
5.8162
5.73994
5.6212
5.66529
5.43492
4.97884
4.95083
5.42224
5.76048
5.64425
5.52724
5.58171
5.14557
4.77475
5.04289
5.3518
5.49179
5.61821
5.71937
5.85427
5.44898
4.84387
4.90376
5.16138
5.06234
4.86877
4.74594
4.81487
5.07882
5.37353
5.44559
5.27056
4.96829
4.6805
4.77985
4.87997
4.82888
5.11488
5.24138
5.12558
5.3502
5.52815
5.47121
4.99294
4.72906
5.1428
5.44253
5.40679
5.39368
5.32188
5.31923
5.61741
5.75951
5.59344
5.45317
5.2305
5.0632
5.18022
5.47449
4.72005
4.66067
5.63828
5.7249
5.45658
5.41071
5.58467
5.1536
5.20367
5.68198
5.73404
5.74914
5.62572
5.59026
4.46728
4.24869
5.25822
5.59286
5.62927
5.64129
5.50455
4.85255
4.90303
5.65806
5.72302
5.68717
5.63672
5.47142
5.55863
5.67355
5.68235
5.5843
5.23471
5.1565
5.07962
5.162
5.35277
5.43549
5.51365
5.48805
5.64782
5.60439
5.3989
5.44771
5.65516
5.65878
5.59923
5.699
5.69643
5.64661
5.59015
5.59156
5.66628
5.65504
5.74035
5.78622
5.74008
5.63753
5.59975
5.64594
5.65005
5.71868
5.77402
5.66991
5.627
5.5473
5.53102
5.65989
5.81037
5.81296
5.64812
5.59754
5.52695
5.62208
5.50041
5.22831
5.44799
5.66069
5.6746
5.65736
5.55392
5.38361
5.2213
5.26015
5.45665
5.53949
5.34599
5.10832
5.00968
5.01008
5.05479
5.21008
5.24057
5.19355
5.07276
5.28576
5.10912
5.01472
5.35946
5.33678
4.8316
4.41857
4.88837
5.44367
5.52088
4.47681
4.43869
5.427
5.51557
5.6011
5.61761
5.61098
5.50309
5.446
5.59904
5.60422
5.5455
5.61037
5.67713
5.65672
5.61054
5.64102
5.59627
5.50497
5.47536
5.34555
5.40222
5.17036
5.10168
5.49981
5.33038
5.12157
5.28921
5.43629
5.48159
5.63614
5.65654
5.5539
5.59583
5.56409
5.50467
5.59059
5.66279
5.65411
5.60886
5.6255
5.5503
5.44219
5.46033
5.55323
5.57967
5.44092
5.4768
5.58026
5.51691
5.61478
5.70163
5.44883
5.00015
4.7146
4.88594
4.95845
4.77946
4.87293
5.01286
4.89068
4.88646
5.03218
5.18191
5.13997
5.20235
5.51965
5.30391
5.25009
5.33063
5.45557
5.37496
5.14027
5.30808
5.47513
5.47623
5.28896
5.08484
4.95383
4.85184
5.16664
5.58445
5.65322
4.94094
4.36883
4.41207
4.63205
4.91711
4.73325
4.23607
4.68209
5.6096
5.54244
5.61681
5.53206
5.49475
5.62268
5.66174
5.63765
5.46382
5.49592
5.65792
5.71937
5.7063
5.59387
5.56785
5.35765
5.09028
5.27223
4.91298
4.41185
4.46678
4.73822
4.68348
4.44279
3.80894
3.55264
4.09339
4.38455
4.35322
4.70306
4.92681
5.06818
4.80335
4.76322
5.33793
5.32786
5.33332
5.30638
5.09324
5.19968
5.51758
5.57527
5.58843
5.57252
5.60599
5.66245
5.56708
5.35134
5.38723
5.58204
5.43907
5.44772
5.70853
5.74736
5.62384
5.49991
5.52103
5.51697
5.49673
5.49015
5.43545
5.33958
5.25554
5.26211
5.15344
5.10661
5.3389
5.57675
5.65136
5.65845
5.6217
5.63978
5.58109
5.46817
5.56542
5.6608
5.60948
5.34155
5.17907
5.43142
5.53508
5.56195
5.68548
5.69547
5.63134
5.59203
5.5767
5.53897
5.51022
5.55338
5.59769
5.563
5.57122
5.59563
5.60956
5.44228
5.11186
4.86165
4.92525
5.16823
5.32827
5.54417
5.41986
4.75215
4.51098
4.60553
4.83888
5.04389
4.83609
4.95924
5.33873
5.3506
5.31168
5.44302
5.61733
5.55087
5.45933
5.53463
5.54731
5.61731
5.63107
5.57319
5.62419
5.59494
5.56211
5.71411
5.70561
5.57851
5.5109
5.50884
5.54516
5.58123
5.32639
5.38254
5.65606
5.38233
5.28131
5.39533
5.46251
5.44246
5.54785
5.67838
5.67135
5.66207
5.61705
5.59699
5.57063
5.66332
5.60314
5.50705
5.53485
5.51431
5.57224
5.53446
5.53782
5.62262
5.58931
5.53174
5.51841
5.41988
5.43033
5.57598
5.614
5.54084
5.55065
5.62767
5.59423
5.63461
5.68715
5.54756
4.99092
4.65108
5.10256
5.58121
5.58743
5.53875
5.48921
5.5377
5.61511
5.6677
5.61251
5.54268
5.54728
5.47767
5.27526
5.35445
5.5716
5.61225
5.28882
5.19638
5.50803
5.58481
5.56088
5.46057
5.49165
5.62449
5.57378
5.58304
5.61735
5.56486
5.48086
5.45801
5.58912
5.71878
5.69492
5.64503
5.5894
5.47798
5.50341
5.56003
5.60709
5.65168
5.59646
5.53379
5.50044
5.44098
5.51692
5.59165
5.64925
5.6716
5.60889
5.59711
5.51077
5.52364
5.59873
5.6904
5.67466
5.60149
5.49013
5.44734
5.52877
5.55426
5.58159
5.59488
5.5496
5.5772
5.59489
5.50443
5.47668
5.58765
5.64426
5.60139
5.57353
5.58483
5.57098
5.25243
5.27622
5.56793
5.54822
5.56866
5.59538
5.46256
5.49386
5.52958
5.57967
5.69742
5.64008
5.55005
5.57094
5.58928
5.50943
5.61627
5.63876
5.338
4.95808
4.87071
5.08381
5.39617
5.53192
5.51292
5.57746
5.62166
5.65066
5.63453
5.53157
5.50268
5.46463
5.45515
5.59195
5.73875
5.7142
5.59888
5.56048
5.57757
5.52749
5.56928
5.64064
5.52897
5.52486
5.53399
5.54727
5.49227
5.39382
5.53178
5.66256
5.67276
5.52017
5.40377
5.4747
5.47342
5.53429
5.28786
5.37595
5.68666
5.5863
5.57961
5.50229
5.47254
5.55756
5.57283
5.55004
5.59585
5.38386
5.35688
5.40836
5.41636
5.57061
5.65673
5.7186
5.63593
5.53635
5.48139
5.50078
5.53004
5.58776
5.6362
5.65312
5.68637
5.62749
5.38825
5.33662
5.53367
5.52827
5.52616
5.64108
5.66696
5.62599
5.48449
5.50709
5.60219
5.59511
5.65976
5.71153
5.6296
5.55939
5.48265
5.53152
5.67596
5.63622
5.54556
5.60041
5.52526
5.20068
5.25449
5.52839
5.64788
5.62022
5.40903
5.31463
5.54146
5.63862
5.5829
5.62434
5.46644
5.07579
4.87143
4.99957
5.33605
5.64933
5.66184
5.46262
5.43471
5.54964
5.587
5.60059
5.62197
5.64135
5.62835
5.56827
5.57195
5.65373
5.6439
5.72146
5.66823
5.547
5.53889
5.56161
5.58177
5.57493
5.63564
5.61738
5.56269
5.45564
5.47701
5.59234
5.58569
5.61415
5.54663
5.52134
5.5685
5.58001
5.59848
5.60518
5.61919
5.66117
5.73018
5.58333
5.31135
5.16373
5.32816
5.57424
5.61004
5.67437
5.7213
5.57645
5.46874
5.57125
5.5753
5.56939
5.62691
5.7035
5.63474
5.49657
5.53433
5.57959
5.62555
5.68314
5.73506
5.67392
5.55101
5.51659
5.48455
5.4736
5.57543
5.62932
5.47992
5.27902
5.21989
5.38464
5.14591
5.14173
5.56517
5.5979
5.67311
5.67645
5.59344
5.57112
5.54944
5.57237
5.62542
5.65472
5.58308
5.51922
5.42851
5.40338
5.61266
5.6465
5.58128
5.58237
5.51729
5.47279
5.38329
5.11163
5.24781
5.6239
5.65595
5.53563
5.44304
5.47554
5.57721
5.62186
5.56118
5.60757
5.69372
5.61877
5.34297
5.18196
5.35774
5.55156
5.57824
5.63865
5.63846
5.49165
5.46136
5.55739
5.53521
5.54585
5.65131
5.67365
5.48014
5.44723
5.59976
5.58823
5.56974
5.57232
5.61235
5.62374
5.59358
5.5248
5.41382
5.38533
5.47956
5.46317
5.45731
5.65777
5.63468
5.57564
5.59126
5.56827
5.62189
5.66567
5.64573
5.54979
5.52706
5.57274
5.5833
5.6109
5.61158
5.6563
5.63307
5.56784
5.56285
5.57088
5.60221
5.6312
5.71951
5.65526
5.49263
5.52233
5.57233
5.63046
5.66429
5.58212
5.49706
5.4564
5.40976
5.4417
5.61011
5.68579
5.71893
5.68319
5.56926
5.49095
5.50899
5.57344
5.5943
5.69329
5.6265
5.57029
5.52906
5.5165
5.60738
5.66484
5.75533
5.71362
5.63873
5.4536
5.46126
5.62525
5.59923
5.60251
5.59972
5.57826
5.61582
5.64272
5.62449
5.60658
5.57445
5.51409
5.5777
5.62485
5.5405
5.43826
5.52164
5.66287
5.59364
5.57159
5.5475
5.53348
5.52248
5.56214
5.62854
5.58719
5.55835
5.54004
5.54584
5.61615
5.69658
5.63141
5.55084
5.49892
5.48097
5.52338
5.58697
5.61943
5.60133
5.58058
5.55306
5.53298
5.50497
5.48306
5.42183
5.51873
5.65764
5.61341
5.56438
5.59179
5.57991
5.55985
5.64143
5.59222
5.54753
5.56517
5.54321
5.53926
5.57026
5.61481
5.62749
5.64105
5.62542
5.57401
5.55492
5.51352
5.55552
5.65737
5.58037
5.55921
5.60485
5.62577
5.612
5.61949
5.65302
5.60486
5.57693
5.50603
5.48107
5.54255
5.61815
5.65042
5.56638
5.53912
5.5897
5.60442
5.58153
5.52177
5.52683
5.58566
5.59398
5.60405
5.6258
5.61068
5.57299
5.53808
5.55264
5.63746
5.59367
5.53342
5.53787
5.59289
5.62702
5.63685
5.62155
5.50988
5.49742
5.57114
5.54431
5.55326
5.72584
5.62677
5.34241
5.36848
5.55071
5.60293
5.56706
5.57651
5.60978
5.58185
5.56447
5.59386
5.57061
5.55909
5.62091
5.62607
5.57984
5.43205
5.43502
5.59293
5.65405
5.61501
5.56158
5.57355
5.60207
5.6328
5.59466
5.5513
5.55517
5.508
5.55249
5.64169
5.52616
5.49954
5.56567
5.49864
5.49475
5.52023
5.55571
5.55347
5.55948
5.64126
5.58276
5.50362
5.50284
5.5373
5.48476
5.46786
5.63558
5.62433
5.51983
5.54442
5.49934
5.53871
5.49747
5.5246
5.61703
5.53065
5.52724
5.50976
5.49597
5.49899
5.57966
5.64838
5.63437
5.59469
5.53214
5.53304
5.55062
5.43712
5.41614
5.57317
5.41361
5.35779
5.56367
5.59096
5.48438
5.46435
5.60274
5.65337
5.61714
5.5924
5.57637
5.50776
5.3859
5.4494
5.62106
5.5475
5.46463
5.45233
5.4931
5.47212
5.36681
5.48734
5.61984
5.56926
5.49552
5.52643
5.54402
5.51184
5.57992
5.67627
5.70636
5.51039
5.41272
5.54284
5.55324
5.46442
5.43006
5.55107
5.70233
5.67645
5.5523
5.53816
5.47077
5.39441
5.52428
5.62643
5.62246
5.57868
5.51826
5.55776
5.52135
5.47774
5.52882
5.60464
5.64162
5.55067
5.47636
5.41955
5.41118
5.47477
5.59261
5.65457
5.54823
5.4738
5.34681
5.38652
5.50306
5.56636
5.65221
5.60019
5.57704
5.43916
5.39018
5.38277
5.24084
5.28836
5.29411
5.30842
5.45399
5.36184
5.34955
5.49254
5.54187
5.54439
5.5961
5.55477
5.47836
5.44572
5.44256
5.53155
5.57212
5.595
5.6155
5.62338
5.587
5.42981
5.41111
5.42613
5.41114
5.53325
5.62221
5.60827
5.52537
5.40527
5.4425
5.57055
5.57246
5.49963
5.54574
5.62552
5.53045
5.36573
5.35831
5.4842
5.52972
5.53269
5.59408
5.60378
5.47251
5.4091
5.41804
5.50335
5.54671
5.57751
5.63876
5.61437
5.43334
5.44502
5.54694
5.48447
5.52164
5.70228
5.60194
5.39015
5.38783
5.39118
5.47065
5.50265
5.53477
5.61369
5.63325
5.56762
5.44194
5.38109
5.46385
5.48582
5.47938
5.42572
5.42038
5.58527
5.49848
5.45164
5.53843
5.53422
5.53371
5.51988
5.58832
5.57358
5.53022
5.54126
5.47771
5.51564
5.52218
5.4762
5.58828
5.54281
5.38096
5.42611
5.53825
5.52314
5.52335
5.49334
5.52961
5.59625
5.53511
5.51121
5.48279
5.47551
5.53056
5.5976
5.61725
5.61965
5.50556
5.46704
5.52844
5.51382
5.51403
5.50794
5.51279
5.51421
5.50764
5.56427
5.48232
5.46375
5.5802
5.4821
5.44087
5.44286
5.36813
5.24509
5.34489
5.54103
5.41225
5.43493
5.60246
5.55892
5.44883
5.47762
5.521
5.42972
5.52364
5.6646
5.60347
5.51788
5.4901
5.5338
5.58556
5.53399
5.45078
5.52497
5.62722
5.56977
5.47389
5.4567
5.51276
5.42102
5.40877
5.55852
5.58509
5.6434
5.57561
5.48166
5.32175
5.31204
5.48613
5.53368
5.63385
5.54198
5.43997
5.36776
5.35292
5.46753
5.46923
5.49022
5.55087
5.66916
5.42683
5.16674
5.22537
5.26535
5.31433
5.46541
5.52451
5.39929
5.38191
5.4994
5.58369
5.50765
5.49727
5.48587
5.34586
5.35769
5.45093
5.53238
5.65425
5.63876
5.46965
5.39211
5.35723
5.40792
5.51485
5.51764
5.47729
5.51031
5.51025
5.41518
5.19197
5.24119
5.57271
5.62453
5.51921
5.47839
5.52431
5.49202
5.44224
5.41526
5.47405
5.49402
5.19937
5.17805
5.50362
5.37844
4.95042
5.10036
5.37246
4.81329
4.36789
4.09391
3.99553
4.57691
4.74872
4.51515
4.63852
4.8623
5.25825
5.07173
4.64239
4.98486
5.65032
5.64022
5.44916
5.25601
4.97024
4.93064
4.89974
4.71422
4.71527
5.01837
5.34015
5.34772
5.29068
5.11021
5.33944
5.61934
5.42352
5.35887
5.4684
5.33867
5.06878
4.84303
5.03219
5.25815
4.65248
