1.20796e-311
inf
4.21457
24.5363
28.641
28.6201
28.4442
33.6893
33.1543
28.9001
27.9662
25.174
21.6664
13.9041
15.2338
31.5916
33.315
30.8871
31.0068
33.2912
31.797
31.0236
31.0121
27.5607
27.2305
31.6982
33.3528
32.9267
33.6123
34.1087
30.2741
30.04
33.8633
33.1532
33.6095
34.3495
33.4052
32.4812
31.502
32.4602
32.7735
33.64
34.9138
34.9168
33.0732
31.45
32.6845
30.9009
29.292
29.3509
28.4398
31.1803
34.1373
35.4635
36.4844
35.0177
35.3588
34.4062
33.2801
33.6293
34.7138
36.1148
34.9132
34.3838
36.3788
34.8833
33.1719
34.2971
34.4181
34.7778
35.8269
36.6019
33.6905
31.7662
34.3371
36.3168
35.7967
34.2278
35.4208
36.0568
34.2196
33.4375
33.4666
35.4578
37.335
36.4378
34.7355
31.7834
32.8899
37.2648
36.8406
35.6379
35.4516
36.5938
35.7328
26.5139
25.4433
33.5441
36.8256
37.4132
34.5286
31.191
33.8839
38.3039
38.3494
37.3469
37.3274
37.4357
34.8985
33.7149
35.3413
36.3524
36.4691
37.1319
37.145
37.0968
34.9058
34.7289
38.6518
37.4904
36.7094
37.589
37.0782
36.3392
34.7614
35.4145
36.6193
37.2877
37.96
36.884
37.1851
34.8991
33.9593
35.9952
36.9079
36.8725
36.1683
36.6133
34.9308
34.8305
36.7141
37.5242
36.9228
37.0096
37.4266
37.3093
36.8956
33.4728
34.2871
37.8158
36.8698
37.0982
37.8544
37.5333
34.7947
33.423
35.0281
37.0165
38.546
36.5364
36.3392
36.6287
33.9052
34.0281
35.979
37.0233
37.534
36.7999
37.8924
37.8243
35.3213
35.65
36.8759
37.3525
37.7865
37.1851
36.4944
34.1204
34.4098
36.4133
37.2308
37.8408
37.0796
36.8351
35.6201
36.2996
37.0501
36.5811
36.4505
36.4651
37.5707
37.5869
36.1781
35.6481
36.3736
35.6703
36.6939
39.2835
38.506
35.6309
35.5593
37.5848
37.9514
36.3775
36.5992
37.8752
35.9486
34.256
35.7353
37.5157
37.2759
37.4939
37.6025
37.3811
33.5666
33.0093
36.2891
37.3951
37.8946
37.1899
37.5073
35.8873
34.0408
34.7108
36.3023
37.7124
37.4076
38.184
37.7487
35.7603
36.6623
36.4332
36.5564
38.0764
37.7936
36.6959
35.0533
35.8558
37.2398
36.704
37.8874
39.6967
39.4781
37.1312
35.3494
35.7003
36.9147
36.8725
36.2976
37.7965
37.7017
36.1853
34.9479
35.1983
37.1078
37.5848
37.9615
37.9997
38.2636
37.5799
35.9428
34.4489
34.0072
34.4406
32.6472
31.3696
29.0706
28.6812
30.5022
32.3792
33.1494
33.1038
32.2799
28.8675
29.1971
34.0797
37.1443
36.974
36.4637
35.3376
35.1074
36.6119
37.805
38.3237
38.7109
37.4763
36.9495
37.0652
36.4804
35.8108
36.8358
37.5087
37.0405
36.4485
35.5454
36.2024
35.5038
35.3213
37.1002
37.5094
36.7667
35.9499
37.0989
36.3332
35.6583
37.2662
37.1851
36.9522
36.3326
35.946
37.5199
35.9861
34.6723
35.4396
35.657
37.2939
38.2102
36.81
32.4781
32.34
34.5429
35.6341
37.3211
37.5052
37.5784
35.8481
34.5185
35.1204
35.0312
35.782
37.0055
37.0624
36.9399
35.8417
35.0896
36.188
36.9065
36.9228
37.3832
37.6946
35.8873
33.8644
35.5044
38.2453
36.2319
35.307
37.1119
36.4438
34.2319
34.4122
35.9913
36.9454
38.6332
38.2007
37.0721
35.8802
34.6915
36.531
38.7988
37.1768
35.6436
36.8623
38.176
35.926
34.8918
35.9324
37.2377
36.4047
35.9253
37.1982
37.145
34.1361
33.2646
35.9086
36.5631
37.2072
37.706
36.324
35.7073
35.3845
34.7373
36.2614
37.3587
36.5243
36.8704
37.8272
36.3835
35.5057
34.8268
35.8474
38.1621
37.8301
37.6783
38.133
36.7235
35.72
35.5133
35.897
37.5636
38.466
37.2891
36.2404
35.706
35.7092
35.8461
34.9553
34.9565
35.3813
36.3749
36.3861
35.4083
35.2262
36.1415
36.7512
36.4498
36.8752
37.4827
36.519
35.2846
35.3913
36.5163
38.3024
38.6615
35.9447
34.8742
33.8908
33.6683
35.4327
35.1531
35.825
36.092
35.7194
36.0231
36.243
36.3121
34.9877
35.2877
36.7607
36.1219
33.695
35.0109
38.238
37.1948
35.9124
35.2274
36.1435
36.6878
34.2062
34.1186
35.7878
36.6878
37.1713
37.6591
37.9557
35.2014
33.5031
35.7935
37.4014
37.0775
36.8446
36.9727
36.5972
34.709
35.0318
36.9215
37.2079
36.669
36.3921
37.6216
36.1971
35.488
36.4319
35.8089
36.8012
36.7958
36.1605
36.1069
33.9772
33.5272
35.4899
36.207
36.8956
36.2812
36.3954
34.5644
34.1793
37.6286
37.0144
36.6099
36.702
35.6977
36.3392
35.782
35.2616
35.6367
36.485
37.8301
36.4538
36.0302
36.5831
35.4679
35.1161
36.5117
37.8723
37.8437
35.4365
32.041
28.265
29.0246
33.1994
32.3614
31.5856
34.093
35.1185
35.0613
37.2509
37.9766
36.1265
36.3994
37.0412
37.2031
35.025
34.2184
36.4193
37.0055
35.8134
35.8301
37.2884
36.8134
34.3295
34.4353
37.0322
37.3093
36.3339
35.9447
35.1105
33.7012
34.2712
36.2076
37.0268
36.4272
36.1474
35.6532
33.4997
33.9012
35.6011
35.9783
36.3042
35.3132
35.6697
35.0945
34.2114
34.0803
35.3176
37.4076
36.9106
35.8989
35.9583
34.5584
34.503
35.9706
36.7776
37.5432
36.4087
36.2674
36.1703
34.478
35.0643
36.9658
37.3113
36.5444
36.6892
36.4073
34.0803
34.5578
37.0151
37.8931
36.8324
37.1154
37.2183
35.5334
33.6383
34.4252
36.6952
35.8494
36.203
37.1879
37.2655
35.4585
34.263
35.9906
36.9508
36.3082
37.6598
38.37
35.2983
34.6542
35.3388
36.6925
37.1706
36.1461
36.5985
37.4967
36.1808
34.9926
36.513
37.3371
37.192
35.7686
36.2634
36.495
33.8799
33.8295
35.5006
36.4007
36.4671
36.3828
36.9372
34.5328
33.4762
36.1481
37.3232
37.5404
37.5263
36.133
33.9265
33.9732
35.968
36.7074
37.3218
36.914
36.2753
36.7262
32.5103
30.8623
34.5572
36.9563
36.2214
35.0036
34.9101
33.7998
33.592
35.2715
36.628
37.0638
36.3934
35.8783
35.3176
34.839
35.7711
36.1461
35.8237
35.6824
36.2004
35.3663
34.0913
35.0152
36.0367
35.4522
36.1252
37.5693
37.1471
34.4151
34.662
36.8311
36.3319
36.3617
37.0076
36.9488
36.1167
33.8324
33.5666
35.7456
36.6562
36.5003
35.4566
35.3107
34.1542
31.736
33.2568
35.6335
34.7457
36.0607
35.6595
33.3522
33.9576
35.2958
36.2562
36.8012
35.0976
35.3707
34.424
33.9939
35.495
35.7718
36.6589
36.519
35.7213
34.9394
35.1976
34.8924
35.2933
36.863
35.8789
34.6236
32.7311
31.9611
34.2565
35.2156
35.7596
36.2957
35.8038
34.8973
34.1804
34.7596
35.8044
36.4193
35.7353
35.1685
34.5704
33.6174
34.3678
36.0412
37.2218
35.6532
34.7307
36.0133
33.4029
32.3044
35.4698
36.9433
35.171
35.5309
36.077
33.2474
33.0458
35.6455
36.6347
35.9686
35.6971
37.1892
35.3432
33.8009
35.9002
36.2621
35.9337
36.0614
35.5189
35.065
34.94
35.2914
35.9835
36.0503
36.3095
36.2096
36.135
33.6734
33.1609
35.3694
35.6875
35.7539
35.9971
35.228
33.8369
34.2924
35.9848
35.7577
35.2796
37.3315
38.4445
37.0954
34.356
31.3288
32.6286
35.736
36.7121
36.4047
35.2976
33.4689
32.4644
34.9644
36.0308
36.0978
36.7269
36.5404
37.3232
32.6749
31.9775
35.2417
35.1007
36.1755
36.5283
36.8507
34.3885
34.3613
36.5323
36.8555
36.8772
34.8888
35.6259
34.5089
32.4955
34.6753
36.6777
35.9958
35.5764
35.5101
36.3352
34.7132
33.2629
35.2815
36.2496
35.868
35.5581
35.816
34.9546
34.2319
35.06
35.9337
36.6032
36.2693
36.2766
36.9331
34.174
33.0006
34.9302
35.1834
35.8468
35.957
36.1768
36.322
33.2989
33.5525
35.0945
34.9449
35.6037
35.3089
33.2563
32.2341
33.4896
34.4039
35.4673
36.5551
35.7782
34.6308
33.5385
33.9836
35.8764
35.9667
36.2358
36.6106
35.6843
33.475
32.8321
34.7874
35.8025
36.268
36.7606
35.3819
32.1657
32.5759
34.7445
34.3177
35.4585
36.3974
35.6005
34.5859
33.4644
34.9785
36.0881
34.6993
34.2343
35.003
35.3188
33.8015
34.7971
35.9991
35.6519
35.9641
35.4145
35.2243
32.1678
31.0805
33.8725
35.9228
35.0232
35.0693
36.6193
34.7445
34.5369
35.1667
35.8661
35.9479
33.8765
34.181
35.0896
34.4122
33.6044
35.1093
36.8114
35.1815
35.2026
36.6797
35.6818
32.2175
31.9203
34.8584
36.4319
36.2522
36.0575
35.8835
34.7566
34.6843
35.4227
35.4258
35.5499
35.7711
35.3494
34.2155
33.548
35.0416
35.8025
35.3176
34.8002
34.7017
33.7268
34.1425
35.8667
36.3148
35.9344
35.8699
35.4509
34.1268
32.4855
33.2176
35.3688
35.4139
36.7519
36.0432
33.8061
31.3789
32.5627
35.5904
36.1795
37.0089
36.7498
35.3207
32.7826
33.2906
34.9235
34.901
35.6939
36.3808
36.5938
32.943
32.6621
35.1395
35.0054
35.8815
35.8487
36.485
36.1278
32.788
33.2325
36.0516
35.2317
35.8551
37.386
36.5657
34.0907
32.8143
34.5781
36.1415
35.2131
34.5465
35.7341
33.1455
32.0251
35.4497
35.9686
34.2184
35.0373
35.7974
34.5393
31.7541
32.4591
35.407
35.3607
34.9999
34.6554
34.3974
33.3039
33.2928
34.6993
36.2884
36.4651
35.2529
34.7048
34.3407
33.7166
34.6801
36.7755
37.4329
36.2851
34.715
33.5677
33.9853
34.3371
35.2678
35.9842
35.4773
34.2565
33.4818
35.0594
35.4535
34.9785
35.4001
35.4264
35.1216
31.0159
31.4648
35.7788
34.7108
34.8699
35.7105
35.0067
30.9162
30.4785
33.8198
35.4315
35.9518
35.8301
34.4869
32.4186
33.716
35.1167
35.2057
34.8596
34.5991
34.6897
32.5489
32.5738
35.5442
36.1148
34.8086
33.741
34.7337
35.4906
32.944
33.5087
36.0036
36.5751
36.152
35.7609
33.1851
32.5172
34.6897
34.5322
34.7078
35.0042
34.7633
32.416
32.2977
33.9524
33.2962
33.5875
35.8237
35.7807
32.6057
31.7279
33.7217
36.3253
36.5464
35.5739
35.2821
33.9911
31.9417
33.1516
35.7564
35.629
34.8864
34.7415
33.644
33.1329
33.9836
34.8305
34.8991
34.647
35.3644
34.8268
33.4046
33.5666
34.7893
34.2783
34.4857
35.065
34.3224
32.5441
33.6423
35.8173
35.5669
35.9124
34.9975
34.2783
34.2366
34.3631
34.6165
35.2286
35.8198
35.1846
34.2718
33.4745
33.8289
35.9157
34.9987
34.5316
34.9553
33.8478
32.1301
31.5293
33.5768
35.1562
35.1068
34.6753
34.9553
35.0293
33.6417
33.2071
34.5197
34.3909
34.7427
35.5278
36.1239
34.0049
32.8251
34.7977
35.2417
35.3738
34.635
32.9712
31.6997
33.106
35.5866
34.6308
35.0557
36.6737
34.528
32.7177
32.9707
34.1746
35.3245
35.5044
35.0625
35.0625
33.3244
32.6813
34.5089
34.1513
34.8232
36.4166
35.7718
31.1003
30.6434
33.8181
34.3637
34.7542
34.6518
34.0217
32.6286
33.5424
35.1117
35.0521
34.9773
35.9131
35.1599
33.3028
33.2248
34.0315
34.9822
35.8256
36.1455
36.0815
33.3456
33.0115
34.5692
35.0275
35.1995
35.2392
34.3324
32.3908
33.8472
35.0859
35.2796
36.1402
34.7096
34.556
33.4063
32.6744
34.2184
34.5006
35.636
35.9518
35.4767
31.4292
31.4446
34.3542
33.7433
34.3159
34.709
35.3701
34.9883
32.7011
33.2458
36.2687
35.2386
34.9711
35.8841
32.8601
32.295
34.1945
34.8032
35.6125
35.9202
36.0653
34.3944
31.9463
32.585
34.7868
35.6227
34.805
34.497
34.6374
32.7917
32.9451
34.6057
35.6043
36.0075
34.9962
33.9132
33.0518
33.8364
34.7078
35.4434
35.823
33.9311
32.5781
32.0405
32.1466
34.089
34.3106
34.5483
34.3153
32.7654
31.3112
32.0646
34.5775
34.8675
35.488
35.2404
35.0079
34.3838
34.2278
35.4755
35.2466
35.1019
35.2497
34.9736
33.0852
32.8213
34.4804
34.8639
35.8789
35.3751
34.4875
31.1168
30.8833
32.096
32.4733
35.2144
34.9877
33.4655
32.0415
32.1844
34.2226
35.5847
35.6824
36.2568
35.256
32.1755
32.5008
35.8867
36.8725
35.8307
35.8006
35.7571
32.9571
30.7139
31.9387
35.4434
36.1468
35.6583
36.1729
32.6803
32.079
35.4001
35.5379
35.113
36.2542
36.2891
35.7207
33.1461
32.8672
35.3307
35.6773
35.2647
34.4709
33.284
32.7681
34.2003
35.759
35.657
35.0576
33.8977
33.7553
33.6027
32.5553
30.7981
31.068
33.1802
33.1225
33.4969
32.5542
33.2381
34.4335
34.3312
35.6316
35.8751
35.0859
33.3784
31.6812
33.5261
36.4524
36.1788
35.6322
34.9907
32.8343
33.3156
35.7085
34.4489
34.2431
35.7226
35.8455
34.27
33.5452
34.6572
34.8426
34.8827
35.6379
35.4836
34.1396
31.98
32.8353
35.4428
34.4732
34.976
35.8487
34.7705
33.0126
33.8478
34.8244
34.6117
34.8566
34.7427
34.9583
32.0364
32.2784
33.8455
33.961
33.661
33.5267
31.799
30.6012
33.72
35.979
36.0705
35.5961
35.3663
32.5103
32.2206
32.0837
31.1013
33.4891
35.2983
32.7778
31.0453
32.8569
32.9913
33.5267
34.6771
34.8056
35.1395
32.8289
32.7928
35.1964
34.9174
34.7826
35.1451
34.8293
32.2087
31.9494
34.7295
34.3962
34.2261
36.0568
36.4
32.619
32.2051
35.0914
36.0653
35.9745
34.7439
35.0422
32.6036
31.7294
34.0959
35.0785
34.1863
32.9495
34.4021
33.6163
30.8328
32.0041
35.0128
34.9981
34.0623
35.1506
33.4102
31.9366
33.479
33.4431
33.9559
34.8651
33.8581
32.0215
32.6563
34.4982
34.7482
34.0379
33.9075
33.6655
32.2815
32.9669
34.7621
35.8976
35.1766
35.1414
35.1148
33.6785
33.8078
33.1263
33.9484
35.3757
35.0428
34.0495
33.1824
33.1115
33.8192
33.2287
33.3985
33.9087
34.5662
33.6763
30.9043
32.5733
33.7126
34.4039
36.5557
35.4742
33.1835
32.1854
32.5813
33.2867
33.5756
34.2477
34.808
30.8504
29.9356
33.1384
34.5596
34.0669
34.0512
34.1018
33.0792
33.4364
33.7872
33.9368
33.2088
34.4305
36.2214
34.1326
32.9413
34.0205
34.5483
34.5453
34.5316
34.2284
33.5999
33.4269
34.859
34.9369
34.2836
34.1239
34.0628
32.5288
31.8086
33.9691
35.2193
34.856
34.3047
34.8797
32.7939
32.4565
34.5841
34.2413
35.0441
35.8461
35.0097
33.2254
33.4515
34.6879
35.1087
36.0354
35.3682
34.756
34.2448
32.7633
33.4119
34.4145
34.8256
34.9699
34.6705
33.9512
32.019
32.4423
33.6259
33.1225
33.284
33.4734
33.0901
33.0808
33.0191
33.6434
33.9916
34.2027
34.0582
33.6525
32.6429
32.1182
34.0512
34.7343
34.4554
34.4104
34.2266
31.5239
31.4495
33.9357
34.7373
34.9981
34.644
34.559
32.0046
32.306
34.6975
35.636
34.405
33.2817
35.2566
31.9928
30.713
34.2824
35.2094
34.6356
33.9058
33.7958
32.62
32.4818
34.3885
34.2214
34.2255
34.0878
32.3232
31.1721
32.3818
33.8455
35.108
36.4212
34.4234
33.2298
32.4386
32.4065
33.7058
34.1443
34.9437
35.3926
34.5358
32.173
32.8596
35.0067
34.6368
34.5543
33.6242
33.6893
31.5174
30.7036
33.9449
33.8009
33.5926
34.577
34.2777
32.0914
32.2581
34.4917
33.8221
34.2971
34.3471
34.721
33.3344
31.9117
34.5173
35.6265
35.3901
35.9505
35.2324
32.1989
31.1978
33.335
34.5107
34.1711
33.4605
33.8547
33.1439
32.4981
33.4297
33.1197
32.9707
34.2226
34.5632
32.9669
32.1115
33
33.7872
33.6502
34.4792
32.7842
29.9931
30.4326
33.0759
33.57
33.413
34.2296
35.0785
33.2193
32.5431
34.9699
35.6563
35.4334
33.7371
34.7893
35.736
33.3422
31.5936
31.8203
33.8639
34.7246
34.6939
33.4549
32.4892
33.3261
34.1163
35.1235
35.1321
34.2108
32.7166
31.3327
31.9458
33.5036
33.8713
34.6741
33.7821
31.8598
31.9
33.145
34.2877
33.3322
34.0159
32.885
29.7672
31.3239
34.0623
34.5203
34.7844
34.3932
32.7456
31.3514
32.9745
34.2865
32.4065
32.6461
33.5171
32.467
31.7798
32.6328
34.1974
33.7764
33.2812
33.2757
33.0022
32.9332
33.9807
34.4062
34.1898
34.1408
33.3578
33.3478
33.3
34.2144
35.0754
34.3012
33.7166
34.118
32.8305
32.3185
33.6264
33.2088
33.6151
34.1093
33.2513
30.9286
31.5433
34.3991
34.6987
34.1041
34.5716
33.5317
31.7023
31.7294
32.8801
35.0073
35.7066
34.7035
32.3939
32.1481
33.4213
33.7764
33.3294
32.8866
34.2091
31.8304
30.1555
32.1942
32.1249
30.2453
29.8601
31.6942
33.2651
32.7241
32.515
34.4548
35.0613
34.4691
34.6141
32.6344
32.0559
33.8369
33.8966
34.0512
34.1431
34.0843
33.2386
31.231
32.577
34.2618
32.8343
33.3078
34.4015
34.1006
30.8409
30.5302
33.7223
35.2243
35.5448
34.8056
34.2354
31.7975
31.2965
33.987
34.6735
34.2736
33.6802
33.5942
32.6669
32.5304
34.0594
33.7855
33.3478
34.65
34.7373
32.2248
32.6445
34.6021
35.274
34.9883
33.7393
32.6477
32.1203
32.3321
33.543
33.9391
34.3731
35.4943
35.3613
32.0718
31.3721
33.7331
33.9368
34.6705
34.2542
33.2265
32.3839
32.0554
33.4459
34.057
34.4021
34.5453
32.6318
31.0236
32.4807
33.9006
33.5295
34.0466
34.3454
33.4902
32.078
32.3499
33.7029
34.0896
34.1285
33.7513
34.2132
33.9443
32.7295
32.7966
33.1527
34.5787
34.8171
34.475
32.9777
31.7007
32.8791
33.9905
34.8111
33.9853
34.0049
33.3817
31.6041
32.5887
34.1472
34.3171
34.1221
34.1146
30.1618
28.9272
32.6477
34.5286
35.0306
34.44
33.3178
31.7063
31.7985
33.9052
35.3226
33.8392
33.4958
34.2936
31.6827
30.0707
31.0882
32.9207
33.8387
34.8202
33.9911
31.1003
30.8062
33.7558
35.5986
34.2683
33.8931
32.1999
30.2165
30.5399
31.7899
32.407
31.8421
30.9019
30.3813
31.2676
32.6142
32.0446
31.8107
32.3824
30.8071
30.409
32.6131
33.7633
34.0304
34.2724
33.6644
30.1705
30.4507
34.2659
32.9283
33.0289
34.1676
33.7001
31.4268
31.6857
34.0414
34.0009
34.2924
33.9732
33.3823
31.3259
32.0749
35.4969
34.5042
34.0512
34.5012
34.3342
33.2602
32.3457
33.248
34.2865
33.4874
33.9674
35.4578
31.2911
30.5166
33.9288
33.4476
32.447
34.0298
33.2939
31.0549
31.1901
32.4391
33.32
33.0196
32.5298
30.7267
30.3108
32.5611
34.0159
34.8026
33.3533
32.4855
31.6411
32.0595
33.7467
32.5797
33.4554
34.6176
33.3851
32.7086
32.5616
32.8861
34.3454
34.3536
34.2677
33.4169
32.4612
32.6477
32.6115
33.6763
33.9709
34.2671
32.4686
31.5154
33.9749
34.1804
33.7901
33.8702
32.7504
31.1148
32.0472
33.6598
34.198
33.7627
33.8095
34.0426
30.0404
