9.69057e-312
inf
2.1798
5.91923
5.83012
6.64516
8.04069
8.35345
8.31407
8.23842
8.09104
7.85244
7.1561
6.926
7.55304
7.81372
7.79293
7.74794
7.74033
7.58564
7.11106
6.83969
6.82722
7.24853
7.7033
7.53066
7.6609
7.71539
7.64582
7.80113
7.65867
7.63685
7.78759
7.75359
7.76473
7.75023
7.69793
7.77841
7.81323
7.74216
7.77545
7.77055
7.82026
7.85432
7.7901
7.86791
7.80302
7.83171
7.71254
7.57031
7.81803
7.88802
7.91042
8.09346
8.07885
8.15268
8.14621
8.0813
8.10179
7.9483
8.06826
8.25392
8.23835
8.32026
7.80847
7.90251
8.21956
8.08836
8.36691
8.24372
8.31961
8.31923
8.39049
8.48011
8.40909
8.47529
8.49466
8.61134
8.54131
8.66919
8.64566
8.57258
8.52824
8.43252
8.62902
8.69384
8.79531
8.66634
8.62088
8.71532
8.69603
8.70375
8.69671
8.70519
8.48461
8.6162
8.63155
8.54599
8.67389
8.60904
8.60941
8.41032
8.53854
8.70595
8.59949
8.34899
8.45298
8.51934
8.38652
8.1675
7.97525
8.48043
8.8003
8.91953
8.88423
8.76639
8.77609
8.67649
8.78557
8.68625
8.68233
8.81998
8.90761
8.84431
8.75523
8.75956
8.66544
8.81896
8.73282
8.85422
8.96077
8.98029
8.75231
8.56744
8.76186
8.84091
8.91226
8.85579
8.95688
8.50055
8.18223
8.5859
8.92985
8.87571
8.66442
8.7305
8.78399
8.66825
8.09268
8.20038
8.31712
7.51877
7.98795
8.76981
8.38838
8.31535
8.22091
8.33288
8.7171
8.77551
8.25433
8.19985
8.18934
7.89045
7.92553
7.95156
8.30775
8.22595
7.98426
8.36908
8.63535
8.73145
8.82796
8.84052
8.92734
9.09678
8.8702
8.51368
8.49795
8.0951
8.31497
8.70159
8.69063
8.76305
8.88601
9.02886
8.56021
7.79341
7.79791
8.45319
8.29848
7.50739
7.24719
7.59997
7.93739
8.46564
8.79678
8.12074
7.61122
7.61533
7.35851
7.42294
7.95036
8.38933
8.12803
7.97967
8.21062
8.24994
8.32924
8.40555
8.76267
8.78495
8.69006
8.54172
7.97127
8.19309
8.43878
7.28393
6.94179
7.52304
8.29714
8.81341
8.8324
8.87697
8.40287
8.46142
8.80475
8.85269
8.88391
8.85316
8.77305
8.7308
8.85359
8.8003
8.76655
8.72901
8.29383
8.29734
8.82317
8.83568
8.59668
8.59856
8.43853
8.35649
8.29181
8.28638
8.50441
8.72041
8.59587
7.83899
7.41227
7.77786
8.38831
8.67299
8.68218
8.57604
8.35523
8.12123
8.11352
8.17157
8.34307
8.1102
7.86859
7.80466
7.45682
7.90945
8.64966
8.73214
8.79705
8.78708
8.922
8.71243
8.47691
8.0954
7.99587
8.14531
8.37332
8.72319
8.53818
7.68876
7.49392
7.97633
8.31905
8.67438
8.87634
8.79887
8.78194
8.80549
8.73347
8.91917
9.12917
9.00751
8.9437
8.89035
8.94498
9.08018
6.28636
5.9919
8.38392
8.82461
8.65033
8.66829
8.75109
8.4809
8.36383
8.49827
8.23133
7.893
7.92632
8.58174
8.99973
8.97292
8.94678
8.71836
8.531
8.51136
7.81476
7.11425
7.73004
8.52471
7.77938
6.90322
6.98253
6.89522
6.55779
7.04928
8.05786
8.83767
8.77959
8.61208
8.15761
7.81091
8.33695
8.73943
8.86434
8.71729
8.7892
8.90559
8.41762
8.58797
8.47027
8.3375
8.42549
8.54241
8.77686
8.58609
8.57287
8.47328
8.40075
8.26884
8.25127
8.40622
8.1181
8.05195
8.26381
8.61761
8.6952
8.76033
8.70561
7.79514
7.14914
7.22562
7.33122
7.79402
8.45755
8.69629
8.44766
7.85108
8.10823
8.45573
8.67295
8.77424
7.3554
7.19551
8.34439
8.6467
8.6766
8.69508
8.27345
8.09061
8.59092
8.70894
8.84165
8.76217
8.70417
8.42024
7.68764
7.35962
7.71248
8.47752
8.7499
8.87126
8.81935
8.67562
8.69713
8.58483
8.50608
8.40852
8.51738
8.37949
8.2057
8.22473
8.12305
8.42879
8.52017
8.22007
8.4841
8.66641
8.64783
8.4885
8.54916
8.58594
8.2248
8.43355
8.58937
8.61842
8.5685
8.73717
9.01429
8.9425
8.62776
8.54818
8.6798
8.50365
8.55608
8.60807
8.825
8.86847
8.79113
8.78804
8.75319
8.86054
8.65973
8.73725
8.63882
8.69225
8.75653
8.69626
8.56799
8.48385
8.89989
8.89605
8.8363
8.76812
8.79569
8.58432
8.57905
8.66281
8.70439
8.87532
8.75197
8.78789
8.7342
8.77166
8.54201
8.60978
7.8541
7.42735
8.21696
8.49387
8.71547
8.77586
8.78924
8.59472
8.27753
8.59077
8.47117
8.38522
8.6037
8.68949
8.66942
8.56692
8.83068
8.69796
8.61898
8.638
8.58229
8.58952
8.4659
8.53239
8.49592
8.52697
8.43843
8.00961
8.0898
8.44648
8.55264
8.54515
8.77882
8.59306
8.55743
8.52933
8.47282
8.78434
8.67577
8.77409
8.75316
8.91544
8.89838
8.63506
8.59003
8.1358
8.2085
8.59938
8.69573
8.18605
7.94916
8.60648
8.7429
8.63166
8.5855
8.54829
8.45205
8.18676
8.33177
8.44566
7.96353
7.17291
7.3927
8.43978
8.58155
8.75695
8.82301
8.7452
8.55688
8.58207
8.76497
8.75465
8.91782
8.61026
8.4822
8.62437
8.68071
8.73668
8.83178
8.69078
8.69323
8.61779
8.49838
8.5789
8.29562
8.45966
8.70576
8.80158
8.82056
8.72033
8.65333
8.51557
8.57357
8.24851
8.3469
8.52395
8.41128
8.54694
8.44944
8.54909
8.53501
8.46238
8.32397
8.19981
7.89232
7.35778
7.74584
8.55198
8.81671
8.85555
8.50275
8.61501
8.91866
8.53439
8.23791
8.53341
8.67916
8.49636
8.68037
8.49744
8.5845
8.6405
8.57901
8.66045
8.6491
8.79887
8.62575
8.72875
8.79786
8.82071
8.70978
8.7008
8.84224
8.8271
8.72456
7.8959
7.90823
8.59339
8.66345
8.58764
8.7249
8.75837
8.57574
8.3986
8.49372
8.7637
8.65561
8.7747
8.85669
8.9334
8.90135
8.7329
8.65778
8.43199
8.39025
8.27715
8.38817
8.6769
8.70405
8.75875
8.88498
8.86093
8.69505
8.74111
8.75155
8.81679
8.56018
8.4943
8.6198
8.5185
8.55853
8.41637
8.59059
8.78059
8.73824
8.32019
8.39053
8.71133
8.63782
8.62794
8.57343
8.75615
8.65662
8.57001
8.60111
8.6301
8.47174
8.26518
8.29442
8.47465
8.78302
8.70591
8.70042
8.55106
8.14531
8.19736
7.6189
7.68008
8.06182
7.917
8.29979
8.11632
8.32428
8.77459
8.72612
8.44121
8.49632
8.75584
8.6256
8.78858
8.6016
8.60948
8.70966
8.62206
8.61104
8.69002
8.85265
8.38019
8.39789
8.72825
8.70746
8.32726
8.08996
8.25042
8.21828
8.43921
8.35624
7.98161
7.91487
8.14611
7.98728
7.71391
8.00907
7.99645
8.08309
8.33549
7.97671
8.26262
8.70807
8.676
8.39419
7.92186
7.71647
7.96987
8.63632
8.69747
8.6792
8.30334
8.15784
8.18759
7.52327
7.90055
8.64327
8.41202
8.16577
7.9344
8.1184
7.89173
7.72481
8.24606
8.46719
8.56043
7.16325
6.12458
6.50258
7.00508
7.59497
8.61345
8.82418
8.69414
8.78789
8.76532
8.72779
8.67811
8.3111
7.46227
6.67639
6.24011
6.63044
7.30241
8.14535
8.63614
8.11972
7.6866
7.49684
8.01446
8.50651
8.42737
8.42897
8.37311
8.4645
8.59151
8.63107
8.64323
7.27927
6.94905
7.96968
8.36037
8.39726
7.05856
6.9136
8.4592
8.67826
8.49748
7.77282
7.4124
8.09697
8.38458
8.53086
8.65224
7.99303
7.6289
7.51716
7.83972
8.37349
8.29146
8.31746
7.87591
7.52383
7.19197
7.17208
7.86123
8.04722
8.14694
8.66296
8.801
8.61145
8.56128
8.62389
7.95434
5.09841
5.37526
8.12717
7.56061
7.9509
8.15155
7.9033
7.98518
7.46118
7.54136
7.97305
7.85558
8.15169
8.18877
7.88594
7.7591
7.8651
8.0262
8.08976
8.438
8.51803
8.61553
8.46339
7.35429
7.20599
7.52114
7.73778
8.10872
8.10442
8.05357
7.95998
8.44602
8.62307
8.16137
7.76337
7.9609
8.54219
8.28871
8.03177
8.02571
7.96635
8.19018
8.25777
7.81974
7.86943
7.78407
7.06402
7.40072
7.99971
5.89558
5.61763
7.15884
7.71385
8.11827
7.51594
7.23647
7.66477
7.76877
8.00849
7.88799
7.85133
8.41815
8.14462
8.21578
7.7332
7.41699
7.9863
7.46383
7.05064
7.57736
7.72615
7.59319
7.94562
8.17354
8.48335
8.22565
8.08401
8.04246
7.60893
7.92399
7.83834
7.69148
8.25222
8.11965
8.17397
8.35694
7.54848
6.98278
7.17561
8.00766
8.25655
7.60552
8.07467
8.47188
8.23876
8.4478
8.17949
8.24899
8.61709
8.1675
7.6958
7.77726
8.27383
8.00058
7.79864
7.76856
7.32107
7.62372
8.17331
8.24705
8.05419
7.92713
8.07676
7.81415
7.93846
7.84692
7.78101
8.21757
7.91809
7.98668
8.32244
8.49113
8.21335
8.10918
8.44816
7.94527
7.67392
7.79411
7.79253
8.09415
8.25832
8.0196
7.71685
7.81024
8.17317
7.9627
8.07582
8.5314
8.17311
8.05646
8.11754
8.01986
7.9057
7.83665
8.00743
8.19726
8.12097
7.63082
7.81904
8.31542
8.02774
7.93248
7.98273
8.04959
8.22514
8.2311
8.22961
7.80844
7.53452
7.86352
7.73733
7.62646
7.5112
7.46837
7.83893
7.8642
8.12797
7.78828
7.78195
8.31992
8.11139
8.23404
8.22416
8.00631
7.80768
7.7707
8.23306
7.96365
7.87098
8.29373
8.12038
8.25522
8.02842
7.90067
8.09504
7.73724
7.36887
7.49131
7.86448
7.94647
7.56141
7.58527
8.06478
7.55002
7.26623
7.72335
8.01436
8.20237
8.05721
7.95323
8.00708
7.90276
7.98961
8.05137
8.04356
7.9143
7.80789
7.71165
7.9557
7.84348
7.50951
7.57708
7.85839
8.14306
7.61855
7.58216
7.90092
8.00641
8.01189
8.00413
8.25747
7.78586
7.69391
8.0991
8.0186
8.17307
8.26296
7.93459
7.8864
8.0351
7.92274
7.79791
7.87721
8.15614
8.11461
8.20705
8.22944
7.8621
7.99901
8.09628
8.07895
8.03687
8.07533
7.98639
7.64511
7.53301
7.42832
7.57183
7.80719
7.31157
7.05174
7.46595
7.36838
7.65325
7.9169
7.75203
8.07155
8.15787
8.17551
7.87507
7.96949
8.36995
7.97836
7.88746
7.93282
7.48988
7.28807
7.69544
7.96946
7.83334
7.43879
7.58113
7.54945
7.39497
8.16173
8.09707
7.863
7.96242
7.8998
8.1247
8.29401
8.33719
8.37135
8.324
8.05111
8.20227
8.46149
8.30734
8.52715
8.41676
8.36369
8.33063
7.92971
7.67404
7.74911
8.16837
8.33959
7.92064
7.71254
7.85413
7.67598
7.98008
8.09671
7.99185
8.36943
8.28631
8.1101
8.02987
8.29191
8.49831
8.31497
8.38385
8.08724
8.02391
8.40008
8.5771
8.55421
8.45909
8.55509
8.49242
8.49592
8.47002
8.6247
8.53523
8.45645
8.61026
8.46439
8.53453
8.54537
8.43444
8.41436
8.56891
8.35548
8.22007
8.50666
8.39729
8.51814
8.59904
8.50297
8.48058
8.39934
8.73404
8.63137
8.38803
8.26778
8.3646
8.64215
8.3545
8.36162
8.49755
8.61538
8.64768
8.55275
8.51876
8.66363
8.61397
8.40679
8.55556
8.42968
8.48227
8.36009
8.35446
8.52675
8.28658
8.22703
8.03235
8.22856
8.44103
8.28871
8.37198
8.24056
8.43782
8.52802
8.3723
8.60045
8.52857
8.60456
8.50774
8.48248
8.63219
8.57751
8.582
8.12255
8.23781
8.49311
8.56564
8.66172
8.49221
8.58708
8.52104
8.4726
8.44441
8.48471
8.33604
8.28961
8.45909
8.39423
8.576
8.40972
8.38567
8.38849
8.08319
8.19028
8.30917
8.42311
8.28123
8.33952
8.61386
8.5696
8.57839
8.46894
8.55469
8.51818
8.47361
8.22355
8.17127
8.30068
8.01
8.31822
8.43974
8.2872
8.29122
8.41967
8.70004
8.59406
8.38831
7.66383
7.41444
8.02259
8.32186
8.4488
8.47239
8.47591
8.35506
7.85145
8.04706
8.50185
8.57093
8.39902
8.43074
8.48061
8.23723
8.39987
8.38701
8.48007
8.51629
8.56322
8.54193
8.37482
8.48123
8.05172
7.94669
8.29648
8.28154
7.96927
7.71998
7.68291
7.80463
8.33542
8.46955
8.17979
8.24691
7.98891
8.10504
8.20254
8.09156
8.32719
8.26597
8.42428
8.47009
8.42481
8.49636
8.3073
8.42492
8.40665
8.38715
8.54894
8.69641
8.65782
8.44167
8.55725
8.43309
8.47749
8.5582
8.55088
8.35411
8.27185
8.5732
8.56329
8.62422
8.42744
8.45695
8.61842
8.52966
8.59989
8.4493
8.57946
8.46604
8.30268
8.33722
8.33094
8.5384
8.53556
8.54464
8.41368
8.27239
8.42503
8.48727
8.48425
8.20755
8.17882
8.34763
8.41011
8.35199
8.25808
8.33576
8.19467
8.27736
8.2872
8.3032
8.40495
8.10629
8.29762
8.51814
8.40064
8.51781
8.40424
8.5034
8.55879
8.57019
8.4702
8.45034
8.43715
8.02188
8.09179
8.13951
8.32976
8.36495
7.64435
7.48895
7.11878
7.02514
8.03397
8.17832
8.07559
8.26901
8.27578
8.51466
8.38588
8.39077
8.50239
8.52958
8.3949
8.34948
8.69289
8.61052
8.53818
8.30827
8.18485
8.31611
8.26747
8.47174
8.54391
8.53832
8.53785
8.24882
7.78407
7.3551
7.71307
8.23733
8.2752
8.1818
8.11494
8.43117
8.37816
8.21433
8.17578
7.79302
7.85839
8.03584
7.62233
7.58959
7.85321
7.85244
7.68495
7.93069
8.26398
7.98097
7.91703
8.06058
7.92603
7.99143
7.99517
7.83721
7.89911
7.7468
7.97267
7.82081
7.60705
7.50368
6.8981
7.20352
8.09661
8.03558
8.05971
8.3612
8.32681
8.311
8.2589
8.43281
8.01584
7.69595
8.03342
8.24419
8.20035
7.95194
8.10448
8.11201
8.06624
8.42102
7.926
7.32805
7.03591
7.08672
7.88078
7.8296
7.48514
8.11201
8.31038
8.08764
8.09654
8.22727
8.44609
8.26078
8.32931
8.47092
8.07533
7.96489
7.9728
8.17234
8.31826
7.76491
7.61882
7.8147
7.97464
7.81781
7.35391
6.90219
6.81159
7.5509
8.32737
8.24715
7.96673
7.84501
7.61855
7.99795
8.15571
8.17134
8.45148
8.36785
8.33868
8.27633
8.47483
8.22385
8.11162
8.10849
8.09654
8.54701
8.2882
8.22703
8.33813
8.17822
8.33108
8.33469
8.4359
8.29253
8.16817
8.42865
8.31279
8.02626
7.59371
7.89288
8.36663
8.09887
8.31874
8.31753
8.31791
8.47343
8.42024
8.27499
7.55355
7.45979
7.71989
7.38604
7.72046
8.32449
7.98955
8.03158
7.87169
7.45949
7.47907
7.36063
7.77276
8.24236
8.2428
8.32165
8.36204
8.38219
8.15594
7.93522
7.66827
7.87262
8.35544
8.00669
7.94477
7.93818
7.51854
7.7691
8.00403
7.98209
7.45023
6.87314
7.38062
7.96895
8.04971
8.04285
8.10655
8.31124
7.72612
7.54686
8.15531
8.09494
7.97016
7.54851
7.27016
7.84308
8.15149
8.13643
8.06403
7.81314
7.92905
7.90049
7.72371
7.93059
8.12249
8.31459
8.2894
8.5225
8.41344
7.81995
7.83512
7.88243
8.05004
7.9133
7.64275
7.97331
7.96331
7.96714
8.10153
8.18699
8.48072
8.15341
8.06884
8.0329
8.07484
8.41988
8.21224
7.96572
7.72335
7.79758
8.11132
8.23883
8.28157
8.09055
8.23299
8.41847
8.33729
8.47975
8.41089
8.42219
8.37717
8.32397
8.3407
8.26754
8.22166
8.05766
8.31846
8.37181
8.22351
8.33118
8.2576
8.41882
8.35792
8.29315
8.32823
8.2575
8.40827
8.1623
8.26521
8.48446
8.47307
8.44598
8.26918
8.39578
8.3112
8.34742
8.32307
8.30958
8.27541
8.10737
8.38072
8.141
8.11893
8.34213
8.22507
8.32743
8.37405
8.32768
8.36869
8.55849
8.47803
8.42354
8.22331
8.10268
8.49369
8.28123
8.20183
8.36208
8.25771
8.4218
8.53195
8.55362
8.37974
8.27952
8.05416
7.82666
8.22754
8.41011
8.43707
8.09635
7.86491
8.30458
8.46787
8.46679
8.14213
8.24375
8.51459
8.52737
8.46382
8.27198
7.8288
7.43577
7.74365
8.12886
8.26815
8.41793
8.21494
8.18619
8.24134
7.82167
7.76325
7.71941
7.69512
7.78328
7.80302
8.17017
8.13656
8.11102
8.35143
8.28229
8.30434
8.25675
8.38448
8.36215
8.27743
8.2481
8.25791
8.36358
8.14349
8.29758
8.37002
8.40845
8.4053
8.03016
8.01838
8.15534
8.48306
8.50724
8.42453
8.33441
7.76959
7.97172
8.36372
8.29762
8.36078
8.3033
8.29666
8.35981
8.516
8.36082
8.16427
8.30306
8.08953
8.19259
8.40343
8.3992
8.38891
8.18434
8.12437
8.13696
8.29387
8.20813
8.08156
8.248
8.05266
7.71355
7.64316
7.7181
8.04628
8.3195
7.84286
7.90711
8.31342
8.22483
8.17661
8.18314
8.31304
8.12797
8.18106
8.36369
8.29958
8.22612
8.21075
8.35942
8.31784
8.31611
8.23279
8.10209
8.30265
8.07989
8.09238
8.0435
7.93509
8.18656
7.84621
7.66457
7.84286
7.69308
7.84649
8.05257
8.0361
8.13411
8.07784
8.28844
8.35666
8.37896
8.33816
8.27866
8.51549
8.31283
8.20153
8.03681
8.07905
8.28048
8.10261
8.33028
8.34874
8.28425
8.36383
8.05458
7.77659
7.6015
7.97146
8.44577
8.32653
8.43387
8.48529
8.38304
8.35509
8.44174
8.46085
8.38174
8.5862
8.33191
8.12883
8.24715
7.55569
7.52182
7.99629
8.25062
8.30482
8.188
8.33146
7.99789
7.83831
7.92431
8.10537
8.37069
8.28408
8.28528
8.1823
8.04612
8.20274
8.10333
8.10737
7.67527
7.46701
7.91781
7.77777
7.96093
8.24923
7.89905
8.08296
8.02668
7.79992
8.11208
8.20133
8.22199
8.07402
8.17952
8.37461
8.36106
8.4447
8.30437
8.28041
8.35024
8.47569
8.40071
8.16487
7.80126
7.63531
8.05828
8.27055
8.32096
8.15135
8.13468
8.38504
8.09986
8.15195
8.04133
7.69651
7.93408
7.95026
8.02011
8.07406
7.91687
8.21011
8.24763
8.21818
8.28538
8.30379
8.24406
7.45259
7.47451
8.19353
8.22247
8.1654
7.81204
7.65246
8.00782
7.48374
7.14648
7.0094
7.0607
7.71587
8.149
7.99281
7.63974
7.64584
7.55085
7.55358
7.49395
7.5897
7.82066
7.64257
7.71587
7.8323
7.71709
7.97162
8.08891
8.16103
8.19749
8.05059
8.13418
7.594
7.17548
7.15507
7.23977
7.82592
8.06179
7.65477
7.60673
7.9812
8.30699
8.26375
8.22115
8.43014
8.15824
8.16393
8.21976
8.02056
8.14458
7.59769
7.65717
8.31038
7.9647
7.65618
7.42931
7.68117
7.83055
6.83882
6.62923
6.96289
7.29906
8.07122
7.74464
7.331
7.93169
8.04761
8.03168
8.29483
8.38163
8.49784
7.97461
7.86742
7.90698
7.79934
8.24742
7.77729
7.76123
7.60485
7.26839
7.17852
7.05487
7.73201
8.22879
8.03587
7.5472
7.43522
7.11658
6.94517
7.2847
7.44435
7.5297
6.98802
6.51585
6.84053
7.60986
7.75167
7.74467
8.27863
8.2311
8.0177
7.46726
7.34759
7.8179
7.81998
7.99185
7.81574
7.54805
7.60879
7.65058
7.73165
7.78516
7.82381
7.9557
7.35513
7.39834
8.28037
8.11553
8.13054
8.31563
8.15481
7.88961
7.49179
7.51295
7.79344
7.52644
7.49443
7.91578
8.07852
8.24511
8.19665
7.95099
8.18743
8.3342
8.1408
7.9938
8.04263
7.77838
7.71688
7.89596
7.98457
8.05027
8.04088
8.0575
8.25529
8.30889
8.28322
8.29373
7.89082
8.11007
8.04114
7.69175
7.72786
7.69089
7.89896
8.12018
8.31007
8.01928
7.77418
7.74329
7.56753
7.9249
