7.96164e-312
inf
5.13495
132.644
147.645
173.747
166.003
162.88
169.65
169.492
153.327
147.026
158.303
150.218
125.188
121.699
133.476
129.685
130.787
90.5264
89.218
126.59
135.245
142.694
148.765
162.747
156.287
146.081
154.811
146.843
144.896
162.404
160.875
122.459
118.036
152.544
145.359
57.2131
48.391
82.826
98.1691
111.259
122.918
134.409
153.233
148.943
148.258
79.3336
59.6481
20.5963
22.6357
172.951
168.563
163.921
152.23
156.165
188.005
182.017
180.995
179.791
178.651
193.611
186.811
183.268
194.269
193.069
191.589
187.793
173.085
178.38
142.43
106.298
130.506
177.51
163.961
168.933
155.003
140.746
143.102
154.823
123.289
112.931
130.753
131.648
150.739
172.176
180.018
128.444
128.584
164.989
163.359
177.399
190.858
196.928
190.621
189.843
192.326
198.728
198.295
189.699
187.231
178.126
181.719
139.548
136.24
158.567
155.075
176.196
175.454
176.882
169.005
171.644
195.236
196.754
194.818
201.572
191.498
192.623
206.868
199.86
194.571
194.913
163.8
163.145
184.094
186.463
191.498
181.967
169.176
165.7
179.099
193.274
191.791
174.292
167.35
179.84
190.531
170.911
171.38
167.898
157.878
181.209
184.775
188.253
189.197
161.147
166.542
173.551
175.131
190.078
187.705
196.155
195.906
194.647
204.562
191.296
187.529
191.424
179.727
190.331
200.622
196.522
188.786
175.917
163.439
170.911
194.534
195.408
188.218
192.215
195.714
182.765
188.573
204.102
189.502
182.949
161.799
160.128
194.78
163.452
157.233
171.6
154.512
159.744
180.278
193.667
192.16
179.969
182.749
185.925
187.038
184.4
174.246
177.573
179.308
179.099
176.336
186.029
203.542
186.567
163.733
166.736
176.289
178.412
170.619
172.221
180.213
185.185
200.361
187.196
180.62
190.876
158.215
159.122
171.248
156.433
163.252
167.673
181.785
180.489
176.491
183.1
183.016
180.766
174.11
183.385
185.271
179.26
182.983
179.775
175.469
152.323
143.246
157.654
150.444
149.243
145.719
146.542
153.304
155.003
155.812
147.297
125.873
132.776
147.286
149.925
125.439
122.362
156.091
145.497
146.929
162.43
171.204
176.507
173.551
167.098
179.035
185.46
174.353
155.69
162.88
190.512
197.922
193.705
194.78
198.551
175.101
172.906
183.79
180.865
178.875
175.454
174.11
166.141
175.577
196.059
188.626
173.205
147.07
150.466
177.873
177.226
177.62
168.053
165.344
152.335
146.757
151.55
159.872
183.908
172.98
177.258
175.948
166.681
183.15
174.125
174.383
183.402
177.746
180.31
167.266
165.03
175.177
180.701
186.881
174.246
171.409
164.217
159.122
179.035
184.638
179.937
175.731
179.808
193.648
179.614
178.237
167.112
139.899
135.117
158.479
191.608
174.948
161.303
155.171
164.042
184.57
178.492
180.375
159.008
150.026
161.577
167.912
183.655
186.933
185.391
185.684
187.213
184.077
176.01
182.432
171.086
171.043
192.715
185.117
177.069
180.002
168.053
167.462
173.822
174.292
188.573
148.776
146.692
156.201
153.104
166.973
158.806
167.364
177.399
184.792
182.216
182.565
178.827
167.87
178.619
183.117
180.815
190.458
184.843
182.983
180.115
182.448
190.64
178.699
172.995
162.92
171.851
197.726
184.706
171.585
169.635
173.536
182.749
169.823
167.757
184.672
157.667
155.909
161.134
159.401
175.516
177.51
178.11
178.079
191.241
190.241
172.518
171.556
153.245
156.067
182.415
185.014
194.856
184.366
174.246
166.265
170.736
189.717
177.101
166.016
173.37
181.028
190.549
183.368
172.577
162.404
165.071
188.75
183.84
181.703
178.747
167.462
178.651
182.266
163.881
162.986
180.554
184.74
158.692
148.203
157.146
173.235
166.597
160.179
185.718
177.242
168.52
173.732
170.082
176.788
169.276
170.926
180.914
181.357
173.415
163.747
180.963
187.301
172.369
168.124
167.294
179.791
185.288
167.238
169.996
168.039
157.072
162.721
180.245
194.875
177.101
151.711
152.975
177.399
163.412
158.806
174.019
151.584
155.897
168.691
171.189
176.741
162.404
167.983
176.632
173.958
173.491
165.645
159.757
163.934
177.038
179.872
177.321
176.32
165.33
171.321
183.15
179.824
177.022
154.739
158.128
175.239
171.748
168.762
173.31
181.851
155.255
158.09
159.248
151.976
150.818
155.183
180.245
172.533
171.556
175.716
175.392
179.63
169.693
172.028
177.179
169.938
163.185
169.607
183.807
177.022
177.73
189.394
171.424
166.708
170.94
170.054
178.811
161.07
164.935
172.726
174.353
191.113
171.925
166.127
166.486
159.617
166.514
147.395
125.243
138.639
159.439
165.796
176.803
172.058
175.654
173.265
171.16
178.396
178.555
184.792
168.933
168.081
186.324
180.848
182.382
165.467
161.825
187.988
176.944
167.842
173.4
170.75
168.265
158.781
164.582
178.269
182.315
159.859
143.916
143.937
153.527
162.959
156.838
167.983
158.768
162.417
185.529
173.37
169.176
167.504
172.073
182.432
169.635
158.416
161.303
173.506
169.938
169.981
183.959
167.518
164.69
172.132
171.072
177.636
174.11
164.501
162.615
171.512
178.285
167.504
162.906
166.542
151.183
151.849
174.019
154.595
151.274
181.274
167.001
164.042
175.577
170.78
178.476
163.948
162.272
174.871
168.421
160.849
167.42
187.248
174.095
165.618
157.654
159.693
182.966
178.364
176.18
179.147
175.716
180.115
178.603
174.064
166.847
166.21
173.445
171.145
174.948
158.19
160.604
158.919
146.552
160.514
162.404
163.385
157.122
162.986
171.336
173.115
174.14
152.917
144.186
154.631
170.111
160.308
156.937
140.687
139.159
163.265
168.663
173.445
162.694
163.252
144.071
138.706
153.339
159.046
156.814
144.928
140.647
151.895
139.363
134.12
159.936
131.527
119.303
134.98
143.369
161.018
175.5
153.988
143.082
157.023
155.86
140.786
127.698
132.214
135.3
144.331
170.01
154.404
134.644
129.634
139.431
151.355
126.751
114.11
132.882
150.128
123.556
117.062
119.218
110.491
121.847
134.463
126.032
137.174
166.82
165.235
160.823
166.973
168.905
170.082
184.111
166.459
165.289
172.652
171.365
183.201
169.005
163.626
165.837
166.708
175.623
175.963
170.401
153.398
161.708
185.494
167.884
165.604
173.521
175.469
176.913
170.518
161.603
159.439
165.317
160.038
168.819
184.723
165.728
161.655
173.837
180.522
187.811
179.324
177.431
159.413
153.233
165.303
169.42
172.429
154.321
160.064
175.346
173.28
181.984
181.209
174.856
172.399
178.396
185.219
169.621
163.132
165.865
172.458
181.984
168.648
170.097
148.544
146.199
149.22
141.123
140.786
139.597
156.055
174.216
188.626
164.65
160.759
158.919
161.225
174.978
166.237
169.794
171.101
157.965
155.654
169.765
179.372
179.517
178.11
160.979
160.785
164.19
159.847
169.621
166.653
173.686
168.919
160.424
168.577
150.682
140.243
142.106
159.375
173.822
160.038
152.149
164.352
180.115
167.715
158.642
147.831
159.324
176.289
176.445
184.196
176.476
169.722
169.334
174.627
179.517
177.92
164.433
152.08
163.559
156.998
159.172
184.604
175.469
172.176
162.853
161.199
163.145
138.639
142.197
171.762
169.033
149.031
154.847
154.739
159.21
170.999
163.787
171.057
162.747
165.906
169.75
165.837
169.607
172.414
183.268
173.581
169.434
163.666
155.003
145.064
154.404
186.341
176.134
147.558
143.719
165.44
182.133
166.127
159.808
169.248
148.622
144.217
168.025
152.103
149.321
173.853
162.483
167.884
169.592
165.262
160.785
154.452
171.91
168.223
161.878
169.119
169.492
169.823
173.777
179.26
173.31
175.454
169.19
162.707
173.883
171.35
166.736
158.003
162.43
181.225
172.043
168.223
171.644
159.261
140.371
153.457
155.873
154.19
180.554
167.546
167.21
164.339
160.966
172.414
172.013
176.118
176.087
167.532
159.885
162.245
174.764
167.56
171.556
179.501
169.967
164.758
153.905
160.488
160.578
159.033
165.604
172.221
187.424
170.882
161.956
164.406
163.934
171.984
176.087
179.533
154.178
149.925
156.703
149.388
157.629
163.425
173.355
166.003
166.583
170.532
162.853
171.851
174.338
156.642
152.497
164.163
167.462
174.11
165.59
154.571
166.987
172.771
175.963
157.816
148.599
165.153
165.92
166.016
160.927
163.066
172.548
173.28
180.946
151.286
141.213
149.6
150.083
158.24
170.025
169.334
163.8
177.384
165.686
156.691
165.645
167.434
165.948
164.285
173.822
172.995
158.604
159.783
173.25
183.705
164.785
160.72
168.308
169.033
171.057
161.956
168.223
173.807
160.295
161.342
166.764
167.518
144.655
140.538
154.679
149.054
137.146
143.01
141.283
144.907
163.706
162.009
159.541
162.84
179.517
174.262
175.654
175.731
172.652
175.948
172.25
177.952
176.305
163.066
162.575
149.298
157.629
174.019
166.583
172.102
169.176
173.747
171.703
170.372
176.398
157.307
127.291
135.925
145.709
149.142
174.398
167.043
170.896
168.563
164.541
173.415
161.057
161.238
167.87
167.968
164.948
168.962
181.571
170.532
170.155
162.18
159.49
165.892
169.133
171.233
168.535
173.686
169.924
154.583
151.953
165.371
172.206
168.563
170.169
169.448
172.771
158.554
143.688
160.875
139.694
137.099
160.488
162.959
163.212
163.359
170.329
151.953
154.979
166.694
163.8
163.372
161.629
162.986
168.35
170.838
153.257
158.705
169.291
166.223
175.824
173.807
176.975
165.139
157.431
166.141
171.218
164.935
158.73
173.974
170.126
166.223
132.345
130.506
160.077
158.844
172.265
158.14
151.24
161.904
170.097
166.376
166.583
165.125
159.008
169.492
169.967
176.429
175.331
170.561
174.627
166.279
168.421
173.943
156.937
152.544
166.348
173.34
168.492
170.94
170.503
167.616
179.905
175.994
173.641
172.951
165.057
166.279
166.945
167.799
148.898
147.776
165.577
171.674
181.34
174.11
166.875
158.053
155.316
161.199
166.362
176.694
165.453
163.8
170.068
165.044
171.365
170.401
171.527
169.65
171.013
180.375
172.741
167.799
171.145
177.636
182.548
176.647
171.866
158.818
159.134
175.3
180.783
167.827
154.404
141.523
138.246
163.693
168.577
166.016
160.038
159.337
176.336
158.078
150.444
144.55
152.393
165.659
158.617
170.285
162.259
161.134
169.362
169.319
171.984
172.28
161.904
157.791
169.924
160.539
161.747
171.88
172.891
178.715
175.516
178.126
178.763
170.184
162.114
148.006
157.406
159.502
160.128
170.488
167.968
168.379
158.14
166.806
170.926
173.566
179.695
161.381
160.102
167.168
154.119
153.022
165.207
171.218
168.053
164.65
163.199
167.715
166.625
168.435
163.052
147.82
161.917
174.49
175.331
178.079
171.807
151.561
140.459
147.005
143.647
133.014
143.988
156.826
147.634
162.43
174.353
166.528
166.085
160.488
166.141
165.645
157.891
161.812
169.148
167.997
165.18
170.025
161.97
162.259
159.91
159.02
168.449
142.511
144.331
160.992
156.666
156.116
152.404
155.763
148.017
149.802
170.926
157.443
144.791
164.271
165.549
163.119
166.597
172.473
183.318
160.462
154.631
162.43
161.512
153.716
160.604
180.261
168.748
151.458
151.297
158.328
157.394
164.65
161.943
161.865
165.221
155.099
164.474
168.876
161.799
171.659
168.876
163.119
152.358
136.668
143.637
159.923
162.404
170.372
180.245
168.294
171.644
169.909
162.694
168.919
166.417
166.362
167.616
163.559
160.424
169.779
163.934
150.297
160.077
168.095
171.16
172.473
174.262
177.478
161.943
160.604
167.056
159.987
161.525
174.856
174.581
161.76
152.497
143.761
157.085
157.729
152.835
155.461
157.456
167.574
151.183
157.965
169.88
167.602
170.619
171.674
175.963
169.535
161.407
152.625
159.847
174.231
171.336
169.105
155.654
151.309
162.694
171.91
180.261
158.19
150.376
159.274
162.747
165.865
170.78
162.933
151.561
163.76
146.445
140.578
151.86
162.127
171.674
167.546
170.867
160.823
162.364
163.159
164.935
164.853
166.583
169.736
162.443
169.578
169.405
166.196
145.826
146.049
161.655
161.865
175.979
169.765
155.994
149.265
156.067
168.719
173.461
177.101
171.086
172.801
148.346
132.661
136.575
153.574
167.504
160.836
166.806
155.994
151.08
161.057
171.468
166.486
168.053
165.03
160.63
172.682
168.52
170.111
180.914
166.792
167.448
171.233
165.207
171.6
158.453
157.729
160.346
154.166
155.436
162.628
160.128
161.865
179.372
174.353
143.01
132.652
156.961
150.921
143.41
155.111
159.553
165.344
171.63
178.891
168.223
147.091
147.525
165.892
159.528
162.022
172.726
157.332
149.388
147.591
161.044
177.888
162.509
157.295
169.765
177.336
163.026
154.895
158.403
167.28
176.118
170.445
161.121
149.846
160.308
145.656
135.676
144.311
144.248
146.994
156.446
165.017
165.989
176.663
160.115
150.444
156.58
161.316
159.859
156.728
165.453
170.984
164.002
160.295
159.528
163.72
173.506
172.936
165.33
159.847
157.406
166.875
173.747
167.926
160.798
137.334
141.713
141.683
144.227
164.352
164.853
169.463
167.785
177.368
171.042
155.352
152.497
157.22
160.966
164.055
166.334
164.082
163.867
159.337
154.095
164.69
166.251
167.462
172.936
171.35
160
161.147
172.936
175.747
181.785
167.785
167.238
166.722
140.885
145.9
172.073
157.766
148.677
167.238
158.793
156.177
160.282
158.642
147.962
151.93
178.843
170.648
164.555
154.979
155.219
158.416
159.91
167.546
155.824
158.228
167.687
168.705
161.381
151.619
157.816
158.053
163.212
167.743
162.127
145.741
136.23
147.951
147.46
149.365
167.043
173.476
163.867
153.929
158.015
165.989
161.616
166.085
174.444
161.956
158.453
140.38
141.014
163.934
167.518
170.025
164.42
168.18
173.28
175.531
175.439
174.11
177.873
174.231
173.19
172.622
172.518
178.444
172.891
163.773
162.18
158.881
153.822
147.308
144.415
159.388
174.049
165.948
165.276
159.337
160.527
174.505
165.385
153.28
140.076
149.198
171.057
173.085
176.01
155.848
153.692
166.459
168.905
171.306
171.35
166.306
166.237
176.663
167.434
165.003
157.766
156.912
168.081
153.034
152.707
148.236
154.392
156.299
153.681
158.253
154.428
149.622
151
172.876
143.482
130.856
151.172
169.219
165.893
130.856
117.793
134.889
152.091
152.683
138.284
135.437
138.754
125.455
131.57
150.06
137.561
145.592
167.574
163.425
160.604
166.293
167.448
147.406
150.512
151.057
123.206
130.642
151.837
137.732
130.361
143.73
146.007
143.854
143.39
131.787
139.597
120.853
117.883
149.365
153.622
158.881
175.562
169.105
166.792
159.008
159.401
173.34
172.563
169.233
163.079
159.375
152.602
141.193
140.302
131.354
127.665
148.478
154.178
158.128
152.358
150.773
169.477
166.223
161.93
151.584
151.883
154.679
160.565
158.065
149.376
149.6
151.642
157.878
160.888
174.703
161.381
159.962
177.132
172.921
171.644
164.609
147.34
146.897
154.19
145.296
156.47
166.625
156.924
149.209
143.174
158.579
146.381
146.606
166.306
165.837
167.224
155.267
158.629
161.891
164.352
160.875
153.87
159.008
159.898
164.015
161.29
160.565
161.199
163.399
166.694
167.574
173.686
146.886
146.445
167.743
164.447
144.582
144.123
134.057
135.117
150.455
153.245
147.482
144.55
162.628
162.933
171.072
161.134
159.49
166.542
169.664
176.96
176.585
173.28
170.256
172.25
174.764
173.913
169.88
149.209
153.657
171.394
166.237
166.611
158.428
156.974
161.812
169.391
151.057
136.491
141.513
156.128
165.467
147.167
143.451
158.869
169.219
157.778
160.539
168.294
160.141
157.94
166.597
176.258
162.536
151.206
158.065
165.289
151.32
154.703
159.732
147.732
159.122
165.892
168.734
162.127
155.509
156.556
159.541
172.043
166.861
161.956
148.876
153.198
162.694
153.386
128.717
132.89
165.289
165.098
161.16
148.931
152.277
159.757
164.204
168.279
165.125
160.527
162.999
169.09
156.482
156.458
157.99
161.865
174.657
167.35
168.563
149.948
145.836
161.225
166.459
172.473
167.743
167.21
163.934
168.606
154.273
129.87
125.345
147.438
166.597
161.825
159.096
152.114
160.875
165.248
163.894
156.826
147.831
146.467
158.743
168.748
165.673
166.223
145.296
149.936
167.546
159.274
151.895
150.015
156.9
165.03
167.588
164.082
152.462
150.218
166.085
169.19
167.729
168.251
157.134
156.887
153.704
156.482
158.403
152.683
156.974
164.271
176.025
160.565
145.296
147.787
159.591
159.515
157.394
167.266
171.365
174.672
173.385
172.98
174.368
156.838
155.231
164.352
168.407
164.177
153.034
154.943
163.827
173.461
167.574
170.401
156.006
150.83
155.63
156.875
174.611
145.465
127.105
139.978
148.445
150.591
160.901
162.92
165.782
168.791
160.424
148.28
153.339
170.736
160.772
151.24
153.268
153.445
152.555
164.271
175.979
167.56
160.501
161.786
169.808
159.413
151.057
150.852
154.619
172.429
154.464
136.166
127.364
139.305
154.907
158.403
160.668
151.297
154.907
160.643
165.194
163.052
164.19
158.053
162.628
162.986
165.071
170.794
156.409
160.359
164.069
165.221
170.619
172.414
170.14
157.778
162.668
165.194
