1.22724e-311
inf
5.08055
272.183
354.17
496.771
483.793
470.921
420.345
422.208
462.535
477.441
493.827
477.555
467.946
419.727
419.111
494.315
367.85
327.386
293.772
304.646
421.141
391.619
410.509
400.962
387.147
473.037
497.265
403.226
421.496
547.795
575.043
581.564
582.072
560.853
429.553
427.35
556.948
564.812
462.321
426.894
378.644
359.906
459.348
500.751
389.105
379.075
364.964
354.421
450.45
478.583
472.59
426.348
326.052
342.877
445.137
381.825
402.253
479.501
325.521
180.44
206.718
371.816
394.166
492.126
545.256
547.795
531.067
530.082
487.924
465.441
522.33
551.876
506.714
485.909
511.64
390.549
395.648
560.695
556.948
526.316
527.565
552.792
409.333
375.023
459.137
471.698
510.856
559.441
559.91
499.251
495.05
511.117
423.729
443.656
544.514
493.705
444.84
468.604
502.513
520.969
527.844
534.902
555.864
430.663
243.457
268.24
460.405
477.897
440.82
400.4
458.61
524.521
430.293
412.626
401.204
341.764
409.92
521.376
516.662
503.018
520.427
468.165
468.165
526.87
520.156
525.072
525.624
502.765
409.668
428.266
554.785
543.774
523.56
520.291
514.007
422.744
426.076
516.129
478.354
445.236
473.485
270.161
247.249
222.074
212.202
258.532
268.492
329.598
310.078
366.771
336.134
160.026
164.029
349.711
413.394
356.57
316.156
372.439
497.141
522.193
432.526
26.111
26.3703
487.805
485.555
556.019
592.944
612.933
621.697
582.581
408.33
390.244
534.759
587.027
595.061
618.238
624.025
624.025
421.053
400.882
577.367
603.682
599.341
605.694
612.182
602.773
483.559
454.856
561.01
633.112
630.318
612.182
618.812
429.092
393.933
533.476
617.093
656.599
651.042
641.231
635.526
598.623
474.158
475.737
584.112
612.37
577.701
551.42
568.99
545.852
459.559
444.939
510.856
555.71
573.394
546.299
567.376
549.753
511.378
575.871
659.413
695.894
697.107
677.966
659.631
690.131
580.552
518.135
596.659
654.236
683.06
643.501
591.017
621.891
678.426
540.394
505.178
619.579
611.434
550.964
531.773
557.724
568.828
445.931
382.775
427.259
514.139
619.963
698.568
665.557
435.73
412.286
535.619
548.697
582.581
633.112
675.447
655.953
383.068
353.357
530.363
622.665
678.196
668.226
646.621
635.122
517.464
494.56
603.682
668.896
702.988
681.896
664.011
629.129
408.33
402.901
578.704
580.215
584.283
554.17
517.598
382.19
370.92
453.412
474.834
485.555
414.422
267.094
279.174
465.983
520.969
565.451
555.247
445.831
441.404
516.129
412.286
418.06
556.019
590.493
510.204
501.882
612.933
621.118
589.102
602.228
613.874
595.948
533.049
518.403
573.559
597.015
601.323
619.771
637.146
631.114
621.118
558.503
535.475
558.659
591.017
624.805
586.854
578.369
609.57
583.26
579.878
647.878
680.041
677.736
654.879
591.716
581.058
660.284
207.792
199.621
380.3
369.208
517.197
551.42
584.112
533.049
515.198
564.812
310.078
298.196
535.475
574.713
608.458
640.205
596.659
506.457
453.926
507.872
620.54
586.854
581.058
648.929
674.992
674.992
429.369
402.982
596.659
640.82
649.562
674.764
692.041
686.342
423.37
370.302
512.295
615.574
651.042
626.37
621.697
653.381
526.039
485.791
588.235
604.412
626.174
670.916
673.854
675.219
646.412
552.029
544.514
602.41
626.959
674.536
705.965
669.568
659.848
554.939
467.071
534.331
636.943
667.111
672.495
637.349
642.261
664.673
563.698
516.929
501.756
501.756
552.944
600.24
654.664
654.022
536.337
499.251
546.747
555.247
515.331
529.521
610.128
628.931
545.108
529.381
584.112
605.144
624.415
633.112
669.568
684.932
664.231
573.723
565.291
644.538
682.361
668.896
584.966
482.276
487.567
491.28
496.032
566.572
602.41
654.45
652.316
609.385
585.138
513.875
511.378
624.415
657.678
652.103
670.017
668.226
648.298
653.808
548.998
508.776
590.319
644.33
675.219
697.593
709.975
692.041
657.462
480.192
444.642
564.812
552.181
547.345
611.808
615.385
615.574
472.925
413.822
456.83
441.989
447.527
511.247
503.018
508.518
618.62
596.659
430.108
395.883
470.588
460.193
459.242
542.446
618.238
672.269
631.313
602.228
601.323
508.13
473.261
555.401
603.682
625.978
669.792
654.45
617.856
617.284
514.668
504.923
641.849
658.979
655.953
667.334
651.042
632.311
624.22
467.181
436.586
532.481
558.972
575.043
580.552
580.72
527.287
518.269
592.768
633.714
640
636.132
631.313
615.953
569.963
514.007
529.241
579.878
595.948
627.746
652.742
656.168
553.863
412.797
451.569
629.921
661.157
635.122
640.205
672.495
584.112
447.027
420.345
430.293
468.933
508.001
481.464
426.894
442.282
526.732
558.347
614.628
594.354
574.053
576.037
477.099
482.509
619.771
645.995
608.643
620.347
625.391
615.764
542.741
425.351
435.161
539.52
567.054
588.235
625.587
606.98
561.64
528.681
550.206
605.877
614.062
594.707
626.959
621.118
548.246
520.562
573.23
633.914
649.984
667.557
650.618
595.061
588.755
545.703
518.807
576.701
638.162
447.427
404.285
542.005
526.316
509.684
592.242
547.645
431.872
424.178
484.144
462.856
441.599
538.358
634.317
640.41
617.093
594.001
570.288
548.546
490.316
515.331
593.472
595.593
628.536
587.199
568.99
592.066
464.792
463.285
607.718
655.308
659.848
584.283
536.337
521.648
486.027
536.193
639.591
655.523
669.344
666.001
618.429
625.978
545.703
472.813
502.639
446.728
457.038
568.505
573.559
464.792
441.599
540.687
603.318
531.491
534.331
635.728
528.821
431.22
457.247
571.429
631.313
581.734
554.631
568.02
529.942
481.812
544.959
574.878
569.152
625.978
639.386
651.89
603.318
477.897
463.929
551.572
609.756
631.114
645.786
643.501
643.501
477.897
435.161
522.876
578.536
666.667
691.085
685.166
630.318
464.253
441.112
490.076
459.664
497.265
527.983
535.332
447.027
423.549
503.651
434.594
432.339
502.386
483.325
447.527
480.885
583.09
572.574
478.698
459.453
469.373
434.594
476.644
586.338
586.338
520.291
350.017
319.949
448.531
554.785
572.738
567.859
510.595
490.798
430.293
436.681
547.495
597.015
649.773
653.381
665.557
625.782
444.939
441.209
613.121
597.372
584.624
629.327
623.441
630.318
503.271
454.545
540.979
604.778
623.053
645.161
669.792
619.003
532.907
498.132
519.886
448.732
410.341
396.118
358.68
378.788
422.476
485.201
512.295
501.379
499.875
421.852
401.123
466.092
476.758
425.441
397.852
363.042
396.432
493.949
467.071
411.269
420.08
397.535
402.091
457.875
462.107
441.794
442.772
436.872
371.402
326.637
357.846
424.989
326.211
327.118
441.989
472.925
502.008
525.486
539.52
505.306
475.398
492.975
503.398
499.75
477.555
487.805
368.324
350.385
490.557
544.959
573.559
429.738
375.657
441.014
494.315
517.063
467.071
421.23
450.857
303.536
300.978
508.906
534.045
533.049
501.756
400.4
425.351
552.792
556.793
570.776
562.272
580.046
511.64
480.769
552.792
565.611
563.539
580.383
585.823
581.058
526.039
484.496
535.189
565.131
564.493
577.701
488.281
475.737
390.93
360.62
414.508
467.836
601.685
637.755
594.884
549.904
552.639
594.354
654.022
657.678
629.723
628.536
622.665
558.347
534.616
578.536
597.015
595.238
602.954
607.165
634.518
618.429
535.045
524.109
558.659
583.942
560.067
552.792
600.24
619.771
517.866
481.348
548.998
581.734
592.066
594.354
568.343
455.27
405.268
467.836
535.762
553.557
573.066
583.601
620.925
540.103
505.689
540.394
519.886
582.92
646.621
543.331
523.834
551.876
554.939
610.501
634.317
641.231
667.557
690.608
674.992
664.452
537.49
470.035
532.198
588.928
612.933
650.195
657.895
517.063
416.147
455.996
559.441
592.593
593.12
521.512
476.077
365.764
348.129
439.56
444.939
465.983
491.159
422.03
417.798
465.549
476.644
486.618
496.771
483.91
440.723
503.398
534.902
487.448
521.648
574.878
614.439
506.714
471.476
537.057
539.665
576.701
643.708
653.381
648.088
598.982
523.149
547.196
499.75
462.428
534.616
547.795
561.798
491.039
482.859
598.623
568.666
538.213
599.161
652.742
643.294
546.299
518.269
588.062
625.978
572.41
533.476
551.116
574.713
463.714
461.681
587.717
587.027
602.591
632.511
616.333
496.771
432.994
472.701
547.046
607.718
627.549
634.317
648.719
647.04
436.491
397.062
531.632
596.481
617.856
607.903
527.426
406.587
427.625
573.559
636.537
640.41
643.501
634.317
624.415
517.732
478.813
553.557
536.913
558.191
630.716
615.764
601.142
536.049
511.117
590.145
654.236
651.254
654.879
670.241
635.93
578.035
495.295
480.307
474.383
453.309
371.264
371.955
425.08
457.352
581.903
630.517
542.152
442.87
441.599
411.777
417.449
504.923
587.027
636.132
623.053
626.566
588.235
389.56
376.648
507.614
548.095
568.343
576.868
591.366
527.287
527.426
604.961
634.115
665.115
635.324
502.892
496.771
502.765
514.139
608.088
585.48
575.871
600.24
579.374
586.338
523.972
483.91
560.381
618.429
610.128
598.086
575.043
562.588
524.521
522.603
579.71
584.454
592.944
577.868
574.713
608.643
525.624
508.518
602.047
648.298
669.792
638.978
628.338
563.222
419.903
384.911
403.307
463.714
557.88
569.314
608.643
518.135
484.496
522.057
496.401
533.76
544.959
533.476
568.343
475.059
477.897
594.354
603.318
604.047
616.333
608.273
625
547.495
514.536
562.272
419.199
419.903
563.063
602.954
487.211
419.815
424.088
445.434
516.529
543.036
559.284
476.531
448.129
450.349
406.504
448.632
552.944
612.933
469.043
463.822
622.471
654.664
462.642
385.06
441.989
418.235
448.43
570.939
570.939
525.072
531.773
595.415
432.059
366.166
427.991
463.822
532.34
602.41
520.562
405.022
409.584
466.744
503.651
512.033
469.925
431.22
465.333
585.48
543.626
496.032
494.805
490.076
462.321
459.453
548.697
586.338
582.751
606.612
426.348
370.37
381.825
390.396
439.754
434.311
419.639
365.364
382.995
502.513
580.552
557.724
529.241
538.938
423.639
391.85
486.618
550.206
538.938
519.751
572.574
401.365
391.926
496.278
468.823
525.486
578.536
621.891
565.451
511.771
467.617
446.229
508.906
545.852
550.812
441.306
369.14
402.172
458.61
526.454
569.801
533.903
482.509
506.842
600.962
643.708
503.778
459.453
537.057
385.282
339.501
402.253
450.653
508.13
465.549
436.681
458.716
515.198
514.271
427.807
451.467
576.037
437.254
379.219
476.985
463.822
420.08
436.3
476.531
383.877
349.834
433.182
467.29
459.137
385.579
380.3
418.673
477.441
469.814
451.467
375.799
353.045
403.959
337.61
355.051
447.427
402.414
392.696
481.348
538.213
537.346
486.381
464.576
400.32
420.61
509.944
503.145
500
434.405
386.25
387.072
419.727
464.253
436.777
430.663
402.901
356.506
381.025
435.73
493.949
469.925
405.351
407.581
471.032
498.629
467.29
457.875
397.535
421.408
422.654
395.491
447.427
479.042
573.888
482.393
397.456
391.926
404.531
429.83
442.184
409.249
463.499
652.529
586.51
521.512
523.834
487.211
355.745
346.44
417.711
419.024
357.143
321.13
386.623
498.505
479.271
431.593
424.989
420.787
462.535
424.178
371.955
415.628
491.884
365.898
311.575
405.022
497.141
469.814
428.541
388.802
402.253
405.597
442.576
556.948
600.06
675.219
496.032
452.591
592.944
530.786
507.228
442.674
411.692
437.541
439.271
518.807
560.067
584.795
635.122
587.199
521.241
456.204
466.2
548.396
565.131
605.694
619.195
510.725
432.339
471.476
543.922
513.743
504.796
577.201
640.615
654.022
543.478
512.295
591.017
632.111
659.848
654.022
619.963
591.541
503.778
455.996
511.64
596.837
548.546
497.76
564.812
637.552
565.451
511.902
536.481
555.093
611.06
685.166
604.23
566.572
518.135
507.614
614.062
553.097
483.793
545.554
600.601
562.114
421.053
405.268
475.398
507.614
591.191
630.517
583.431
466.744
460.936
569.963
600.06
582.072
559.597
520.833
567.537
548.847
509.814
543.183
523.972
549.3
577.868
544.514
548.095
505.178
470.146
524.934
610.128
642.467
616.333
632.711
673.174
439.464
348.675
438.789
572.41
630.318
647.249
658.545
491.642
465.658
537.924
515.73
486.973
425.26
437.35
422.386
441.306
502.513
529.241
625.391
619.771
615.195
629.129
491.884
489.117
601.323
542.446
555.247
635.324
655.523
680.735
525.072
477.327
593.296
593.12
574.218
574.053
500.626
469.043
496.771
547.046
594.53
609.756
611.06
610.128
586.854
556.793
462.535
459.77
560.067
622.665
658.762
608.088
454.339
348.25
397.456
541.859
606.061
620.732
617.284
615.953
543.774
476.19
512.558
592.417
620.732
639.182
632.111
653.808
674.992
554.17
511.902
543.626
531.632
573.394
625.587
621.311
614.628
459.453
418.06
509.295
547.495
580.72
597.372
579.878
601.685
523.56
496.524
577.034
576.369
593.296
583.771
490.918
436.967
470.478
561.956
644.953
670.017
673.401
677.966
647.249
595.238
493.34
448.229
491.039
577.367
648.088
650.407
631.712
578.704
482.509
480.538
469.153
385.951
428.357
569.801
559.128
477.099
511.902
609.013
649.984
685.636
610.128
437.541
338.123
404.776
518.001
434.311
429.923
505.561
580.552
516.262
487.805
570.125
600.24
622.859
647.668
649.351
649.351
555.093
492.005
549.149
616.903
608.273
579.71
516.262
526.454
504.159
493.705
587.717
627.156
624.025
637.349
621.504
542.005
504.032
507.485
516.929
567.859
598.802
596.481
635.324
648.719
597.372
453.104
421.408
536.913
599.88
591.366
644.538
670.241
532.198
424.448
431.593
529.942
635.122
608.828
600.06
634.518
488.998
465.658
544.662
546.299
595.415
612.745
616.713
651.042
512.295
472.478
576.037
585.995
582.411
619.003
624.025
634.317
555.401
498.629
547.945
538.503
528.821
557.569
501.379
484.614
492.732
517.331
546.15
547.945
603.318
643.915
632.111
602.954
513.084
511.117
609.385
630.12
642.055
664.673
644.33
615.195
500.125
476.19
593.648
661.813
676.59
662.471
674.536
669.344
474.947
432.62
511.509
561.798
507.228
390.396
431.965
491.642
492.854
592.944
494.56
458.085
550.964
582.411
625.782
375.023
327.923
456.204
479.272
462.214
448.129
384.394
400.4
500.877
504.668
520.833
517.063
463.714
447.327
543.183
625.587
610.501
627.353
644.953
621.118
564.016
485.084
465.333
528.961
604.23
628.733
637.552
651.678
585.995
380.228
366.703
493.827
519.211
570.451
625.195
635.93
517.197
440.141
486.263
583.431
612.37
602.954
622.665
615.953
516.262
508.776
566.572
487.567
437.924
483.442
568.182
520.427
514.139
584.795
533.191
556.019
647.878
636.537
615.574
557.88
525.624
565.771
605.877
544.366
485.791
515.331
587.717
523.972
504.796
587.544
597.015
610.501
638.162
668.673
638.774
502.639
435.161
508.906
634.518
645.786
602.047
588.928
607.165
496.155
372.926
405.68
516.662
506.201
510.204
569.638
514.536
485.555
558.659
598.265
621.504
609.57
609.013
646.412
538.648
471.032
494.193
539.957
482.276
420.964
315.408
318.776
493.097
555.401
577.868
609.942
616.523
619.195
387.222
311.429
395.57
495.05
524.797
550.812
460.087
438.308
594.53
674.536
645.995
610.128
639.182
658.111
596.481
495.663
495.417
600.24
634.317
587.199
579.374
625.978
611.808
377.074
342.407
477.327
524.109
549.451
563.063
467.181
469.704
587.717
642.674
668.226
626.174
563.38
564.812
538.938
503.905
517.197
543.922
593.12
628.141
615.385
616.713
583.09
493.34
521.105
594.354
588.755
540.979
508.259
571.592
546.896
490.437
519.481
541.565
578.202
574.878
482.276
461.787
454.442
495.54
603.682
599.52
605.144
572.574
524.797
510.204
486.855
512.821
571.755
594.001
611.808
624.025
525.21
473.037
497.884
555.556
637.146
629.723
603.682
616.713
638.57
603.318
532.481
525.486
550.358
584.112
564.812
542.741
601.504
581.226
498.505
492.975
446.329
442.184
534.331
589.102
613.121
513.479
432.994
418.06
482.393
606.612
597.55
582.072
499.75
464.36
549.149
485.319
393.236
428.449
511.378
426.076
446.728
615.953
637.552
628.931
637.959
659.848
548.546
447.027
464.36
547.046
573.559
553.71
594.53
637.349
605.51
415.024
413.993
597.015
615.006
622.859
647.459
636.74
595.593
524.934
545.852
624.025
617.665
548.697
515.198
587.371
621.891
524.659
522.876
532.481
535.619
600.24
568.182
536.193
517.197
497.76
535.619
556.174
587.371
629.129
622.471
651.042
665.115
477.213
434.783
545.703
561.325
594.707
517.866
479.271
394.4
398.804
602.591
625.978
612.933
641.231
654.664
619.963
495.05
481.232
576.701
561.01
549.3
622.278
672.269
659.196
578.536
531.35
564.334
597.015
631.912
664.231
664.452
677.048
644.33
501.002
452.796
531.915
608.273
635.526
633.112
577.701
562.43
512.689
488.4
464.253
466.2
534.331
570.613
624.025
585.823
529.101
563.222
555.093
435.35
433.463
547.645
575.54
473.149
479.272
474.158
405.186
424.178
496.648
