8.02956e-312
inf
5.12608
79.3399
76.9675
81.4631
86.0104
79.2739
74.8307
77.3037
71.8571
73.4862
85.7523
82.0143
80.6289
78.533
78.5453
81.4034
63.6821
60.4175
50.4885
51.6889
76.693
78.8737
46.4673
44.6618
67.0017
67.6979
65.9587
21.2181
22.2739
86.408
84.9654
79.7226
83.3194
87.0777
86.4416
89.4895
87.9237
81.7795
80.3052
79.8786
84.1999
93.7119
92.8203
84.631
85.1644
91.1286
92.9109
93.1229
89.6138
90.4404
93.3794
90.2283
89.1703
81.1787
70.4672
78.4899
81.5694
83.382
94.509
90.7441
91.2201
95.229
92.584
91.1411
91.9329
90.7194
91.7557
95.0977
98.3719
95.4973
91.5499
91.9752
93.5322
95.5064
96.1215
89.6138
85.4445
90.4282
89.1504
89.1822
96.595
98.5028
96.0892
97.012
94.8677
95.79
100.791
90.8802
88.9719
98.9854
99.935
92.9066
95.3471
97.4137
89.4094
80.0224
83.8223
94.9893
94.9668
93.5366
91.0249
94.4465
99.5471
93.9276
93.5672
101.652
96.3716
92.8462
92.2169
93.0752
98.3574
97.3331
98.174
97.6181
95.0751
88.8218
92.4642
93.813
91.617
96.3298
100.025
97.8569
88.3002
82.1456
85.7964
87.5964
84.3135
83.8715
81.1096
77.912
76.9645
81.7227
84.1008
78.5608
78.5978
84.0866
85.6971
86.5202
85.9143
91.84
100.949
98.8093
98.1162
98.401
98.0969
94.4376
91.5793
94.5358
94.5135
95.1973
96.302
90.9008
87.6808
88.098
87.4202
89.6459
91.3534
94.193
102.02
103.162
97.5467
99.9051
99.3246
97.3568
99.6016
101.291
102.218
97.8426
99.94
100.422
93.5279
85.0159
87.1916
92.4984
90.7935
95.5338
94.3797
91.2534
97.1204
98.3768
96.0338
94.7508
96.9039
99.3739
98.6145
98.7216
95.9785
98.9756
94.6477
86.2924
90.2812
94.1354
95.0525
91.7095
89.4855
92.6956
94.594
97.2763
90.9174
92.1362
98.4252
95.5338
94.3441
95.4199
92.7902
90.9256
97.7852
99.557
93.3358
93.9894
98.1114
87.036
85.1752
87.9121
86.077
93.6154
94.1442
87.165
89.7062
97.8474
97.4374
92.5069
92.3233
96.768
94.9532
95.0074
96.5251
90.7606
90.5428
95.0435
90.082
92.0217
90.1144
85.789
91.3701
93.6724
96.6837
96.4553
94.6835
91.0001
95.2426
97.5515
90.2039
93.1055
97.996
94.6925
93.9099
96.3716
95.6023
97.6515
101.271
98.2608
85.0123
85.2261
97.6515
102.192
99.7805
93.4187
95.5886
97.0921
90.2894
89.8836
99.5966
99.8104
94.0645
92.8419
98.121
99.9101
94.7688
98.4058
92.5155
90.0009
89.4334
89.6057
91.9413
89.811
94.1575
95.9923
96.1492
96.3206
93.9099
93.2618
95.511
98.6145
99.96
97.8905
89.5776
90.322
96.0615
94.697
97.8569
85.8038
80.2729
89.5536
95.3153
90.5141
89.2977
96.8898
99.1916
97.144
94.9307
93.0709
93.2271
94.8677
95.2926
97.3899
99.0737
93.0752
89.1146
85.1354
90.1713
88.4525
83.8012
89.8594
86.1252
91.3743
95.9003
91.9033
93.9717
97.4611
96.6464
93.8835
96.581
97.4659
95.7029
94.1708
93.1749
92.9109
91.7389
86.0104
87.831
92.3233
88.1484
92.3788
99.3888
97.3568
92.6012
92.5669
95.1837
94.1088
93.7119
92.7644
92.7472
96.4878
93.1532
87.9005
90.9546
89.6057
78.3638
80.2665
92.1065
88.8652
90.0982
99.8602
95.1113
93.4492
98.8826
95.8038
92.7601
97.5991
96.0984
91.1203
92.6698
85.7192
87.5657
99.0884
93.6637
87.1992
93.6988
93.9055
89.3176
91.8063
91.2034
94.3085
95.4563
94.2863
94.7239
93.0752
91.8147
90.4282
95.6023
98.5853
91.6716
93.5497
100.05
94.4376
86.1698
84.2034
91.4369
94.6074
91.8695
85.6091
87.0777
98.6534
94.594
91.6674
96.4553
97.3378
95.4699
95.4153
95.5703
97.996
95.8405
94.2108
91.4829
92.1277
85.7192
83.8574
95.0345
98.7313
90.3302
88.9403
97.0356
95.9371
92.3233
94.2507
98.527
99.5074
99.6761
91.3826
92.2892
96.8476
90.1307
89.218
94.6253
86.0141
78.2871
83.4202
85.2224
89.9888
96.367
90.7935
87.7616
93.1706
95.0209
93.506
96.043
98.8777
98.2367
94.7822
90.9753
94.1886
97.0214
94.1531
85.5908
80.3762
88.2301
90.9753
89.4174
91.638
91.4119
95.0254
89.8513
88.806
94.9442
88.3353
89.3296
96.2464
93.0449
90.5797
91.5374
91.659
88.6368
81.8867
82.7096
87.5197
90.6372
90.6865
92.7902
94.9442
90.7441
90.9918
91.4704
89.4174
89.2738
90.2364
89.23
91.0788
95.2653
93.4143
87.6655
89.9685
86.847
79.3116
84.2957
87.7193
92.3532
98.7411
94.8497
91.1826
93.3968
94.4153
87.8272
89.9766
94.2418
92.4172
93.2271
91.5625
90.269
95.3471
93.7866
84.0054
85.4299
93.6505
90.5756
91.6968
96.2279
93.3315
92.9757
93.8747
90.8637
91.5457
96.2464
93.5497
90.6824
92.009
92.0895
87.9624
87.0966
85.3133
82.1389
91.0001
89.0988
85.955
95.5201
95.3289
93.0233
93.2357
89.7304
93.4056
95.1339
86.2366
88.1679
94.2818
91.5751
91.8822
94.594
89.924
93.5979
90.6988
83.5073
86.5202
94.7508
94.193
88.7508
92.2296
96.6277
96.6324
93.2271
95.6389
97.8234
93.5322
92.5754
93.4579
92.9714
92.6055
86.9603
85.0702
86.7604
84.2851
80.3988
78.3024
84.5416
90.8141
89.4855
91.7221
94.5046
94.8992
95.9831
93.2314
86.4566
85.4153
87.5235
91.2992
94.2241
85.9476
84.7135
84.9077
87.1916
90.9174
89.7505
91.1286
91.3784
92.4257
93.3838
89.4975
87.7001
94.3663
92.4941
89.3096
92.6355
89.1941
89.6499
93.7207
90.0739
86.3073
85.0159
85.1028
87.9082
90.4814
87.3058
92.1616
93.9717
85.9697
85.1861
92.7773
92.2509
89.0432
92.4599
92.3873
90.2079
92.2892
90.5961
91.3701
94.4376
87.9198
83.7802
85.5139
88.4486
93.611
89.3695
86.4715
92.5027
96.6324
89.8594
85.8038
89.8876
92.2339
92.73
90.5428
83.1324
83.3542
86.3968
85.6348
85.0991
82.447
85.3206
90.1429
94.3752
89.6057
89.2817
92.5883
94.6029
96.6884
93.4448
86.2106
88.0824
92.4813
92.1532
86.3073
85.0051
86.6626
80.9454
82.058
86.3856
87.424
87.6693
90.5428
90.6947
88.1446
88.2496
92.2041
90.4568
87.5082
90.8554
90.7606
92.3574
91.5625
89.3895
85.4117
81.7327
81.7762
77.8695
84.7565
86.3483
82.7849
91.6926
91.7642
86.6852
86.5539
85.6421
84.5523
89.6861
86.9263
84.5344
89.9483
91.5877
88.8218
83.7731
77.2947
77.8059
84.7745
92.2892
91.9329
87.6194
92.1616
95.9049
93.201
92.8031
95.1656
96.1538
96.9368
95.7213
96.0384
95.7029
94.5716
93.7295
80.5932
75.3409
83.6435
88.0631
88.1679
90.5633
92.3788
94.3396
90.9918
86.1438
86.8847
90.9753
92.9541
88.5191
88.3275
90.9422
92.6484
92.0217
85.5871
80.0416
80.6582
89.5817
89.7263
86.8395
89.1901
89.5656
88.8691
89.2897
88.2651
86.2032
90.9132
94.0203
90.7606
89.4694
91.3284
90.5797
91.1203
81.5361
76.0948
82.4266
89.2419
94.9848
91.6422
89.6057
93.471
96.5904
92.4685
83.4725
84.2105
93.0449
94.1487
90.2486
91.6632
89.5055
89.0948
86.881
86.783
84.7637
78.7433
79.5007
88.4486
95.8222
92.5626
89.5095
91.5122
92.285
92.3617
93.9055
87.3591
88.6014
89.1782
85.2806
88.5152
91.6296
84.6382
78.8053
82.7335
82.43
82.8878
90.4323
93.6593
93.8835
88.3822
87.9508
91.3075
88.9086
88.1368
88.4056
88.6289
91.5877
89.218
85.7045
87.6655
90.2568
89.8796
87.8966
89.5416
87.4088
89.9483
92.6784
88.8968
88.968
93.1012
89.9483
87.804
91.6674
89.4294
88.2768
91.2492
88.2301
88.3509
94.3619
87.916
82.1895
80.3568
78.8768
80.0352
86.4118
92.5926
90.4732
87.8542
82.7575
87.3668
94.8362
92.7515
91.9625
90.7071
89.0432
87.5235
88.39
83.4934
75.5116
82.4708
90.592
84.5094
82.8535
86.7491
94.5269
92.3361
86.9376
88.7036
84.9149
87.3324
91.7768
87.9817
87.4585
87.5925
87.2829
86.2032
81.8934
81.7561
87.1688
91.0249
87.3172
83.0634
88.7627
89.7304
90.8183
94.0601
90.2161
87.9662
91.5835
95.3789
90.6988
88.6054
88.9284
85.9143
80.3439
79.5862
88.0088
85.848
83.7346
92.3702
91.3117
85.0557
86.8319
91.0871
92.2467
88.8691
83.5527
85.5542
92.0598
90.6659
84.2744
85.7082
87.2068
85.2951
89.2538
92.2978
93.5672
97.0167
96.4785
94.6701
91.1203
87.7193
93.0492
95.5155
87.974
86.3558
90.6659
84.9293
85.9328
91.5039
77.6639
73.654
86.8923
93.3838
88.6211
89.5776
87.6155
87.8272
91.3075
87.9044
88.3548
93.0016
94.0203
92.7042
93.1272
89.4734
89.7545
94.1088
85.0593
76.7313
82.2233
89.3735
87.6463
86.3334
85.3097
87.9894
90.8307
90.7029
93.6593
92.2382
91.4495
94.8227
93.2401
89.8755
90.7647
92.584
85.4518
80.5834
79.2142
78.3822
83.3646
88.129
85.7854
87.0398
86.2999
84.9798
87.8889
85.8517
83.8399
86.7002
87.0208
88.2924
90.6906
87.2676
85.0412
82.6173
79.9808
83.2882
85.4263
85.7302
87.8619
88.2029
89.674
92.2084
90.9918
88.6486
93.1836
90.42
89.0234
86.3558
79.7003
87.1954
94.3218
89.5295
83.4237
79.6115
80.7852
87.6847
90.74
87.7462
87.558
86.0474
88.1795
90.2772
87.0891
85.1281
84.5094
87.6808
91.7053
91.8864
87.5925
88.0437
86.9376
82.5525
82.7198
81.057
79.9968
86.3222
90.4159
87.2372
89.8069
93.3838
88.39
86.5389
91.617
88.5387
87.9585
90.0171
87.6539
85.034
78.4006
75.1399
82.7609
88.6014
84.2637
85.918
87.5887
86.6138
91.416
88.0359
88.1484
94.1442
90.7317
90.9256
87.1802
85.3643
89.8917
90.7894
85.2479
81.2447
86.8169
83.3333
80.3148
86.5202
89.5215
88.5622
89.6017
85.6898
81.1227
86.8357
91.9075
89.5415
83.0841
81.1622
88.9166
89.5977
84.488
85.0304
82.6105
86.3111
92.8505
83.0806
80.8963
88.4525
91.1826
90.7317
91.5709
90.7771
87.8002
88.4134
85.0412
86.326
89.2419
87.8812
87.6655
88.7469
80.9192
74.7971
77.5104
82.1119
90.8265
86.1141
82.6173
86.2329
83.9983
85.0051
91.1037
91.4788
90.4855
90.0212
87.8426
91.4369
87.8117
77.4923
78.6627
81.4133
82.5832
86.704
87.2943
89.0512
84.0054
82.9979
89.5817
90.8059
84.2993
83.6505
89.4975
90.5428
90.269
86.3856
75.9821
78.1555
81.8063
84.3917
88.8178
84.8464
87.2106
86.8056
82.8603
87.3324
91.8485
84.3313
83.661
90.9959
90.9463
87.0701
87.0057
86.04
83.3715
83.6155
80.1732
81.9605
87.1308
85.8295
86.7566
87.8272
90.7977
89.4654
87.0398
90.8224
90.7812
83.5247
85.8627
90.6002
88.7745
88.4643
90.6208
83.5596
74.6519
79.984
89.7384
84.1291
84.7063
89.9928
88.1135
90.6659
81.2216
80.7559
90.7194
89.666
91.3826
92.8031
88.9996
87.3324
88.7705
90.4895
79.9297
74.8307
81.4531
88.1484
87.8657
88.1951
90.4896
83.3715
84.4702
87.1536
88.7508
87.9508
84.2176
81.1096
84.0937
92.9195
89.2021
84.9907
76.9201
77.6096
82.778
77.5254
83.1843
92.0853
92.5455
90.9463
91.4286
89.0789
78.9079
81.3703
88.9561
89.7787
93.791
91.1951
87.0511
88.5622
86.9906
77.0594
74.7468
82.8295
89.0908
85.8185
85.0919
91.9625
87.8619
85.4007
88.5112
87.7116
87.7039
88.2963
89.3256
89.6097
87.8233
86.9792
89.6499
82.7815
76.6284
81.2051
87.4585
89.3615
82.6856
80.5023
86.8357
87.1878
83.7767
87.8928
93.7251
93.5454
92.0175
91.6632
88.2145
88.164
84.5451
79.9712
85.4518
82.3249
80.0096
86.4902
87.7039
86.5164
86.9112
84.7673
84.6095
89.1981
90.1226
87.0701
88.2223
88.806
86.3446
85.8074
87.4623
86.6739
87.4852
78.7278
76.2573
86.1623
87.8735
87.9005
88.5897
86.4118
87.727
91.68
86.7943
83.2986
87.6002
87.4317
88.6997
92.3446
82.5117
82.0412
80.694
81.3339
89.3136
87.9778
86.3632
86.9414
85.2043
88.3158
93.791
89.6781
88.2846
90.4855
84.8248
84.4951
87.5618
84.4096
88.9324
89.3336
79.2267
79.545
85.6898
84.5309
89.5616
87.7501
84.5344
89.5175
89.4694
89.3815
90.7071
86.9225
85.7339
86.0104
82.7369
86.8018
88.5308
80.4182
79.1703
86.2292
82.7952
81.9874
84.1645
85.0774
88.9047
84.0972
85.357
91.3075
90.8513
90.1957
91.3868
91.191
83.1393
81.0537
82.1423
84.5702
82.3859
82.4368
80.3277
74.8447
75.5772
77.6971
85.2806
86.3372
88.3431
87.165
85.4701
86.3521
82.5389
74.355
77.4114
88.1523
86.5426
81.7261
79.2519
80.6029
80.0833
84.4345
87.6155
83.724
85.4007
85.767
85.0123
89.8755
91.9244
83.1497
83.4899
86.847
85.8664
87.165
84.0689
79.3556
78.3055
81.3306
87.3668
90.2527
82.96
78.2411
82.6891
87.2068
87.8156
89.5055
85.7376
84.6167
85.1499
85.8627
90.5264
84.023
82.7506
83.6155
81.2876
79.0077
81.9739
86.7378
83.4759
82.7438
80.8832
84.7853
86.9263
84.3668
84.735
82.4097
85.1354
91.1702
86.9074
83.2709
82.9256
84.016
79.1484
80.6224
86.5539
83.9913
82.176
82.1997
82.0479
84.0407
89.5175
90.5592
86.326
86.6288
87.5465
87.0284
86.4977
84.6991
78.3116
74.1427
77.7786
85.0738
89.6017
85.1136
83.9243
86.3073
80.1122
77.7273
86.1364
88.6721
88.8573
89.8917
85.0593
86.7378
90.8637
85.2988
77.0802
76.2747
84.1149
89.4374
83.375
82.6105
85.7964
81.6127
84.7637
91.166
84.4238
84.6418
91.4328
90.4241
86.3707
84.5666
84.5094
80.125
72.2804
69.1587
77.0416
85.1136
87.6847
86.8206
85.2915
85.8074
84.2566
82.1018
87.0511
88.0941
80.6484
84.0795
85.2079
83.9419
89.067
79.0233
73.8144
81.9773
86.8659
88.7036
76.5462
75.0948
89.7424
87.8194
80.4959
79.2111
79.0952
84.5988
90.7276
86.0252
85.2261
86.7604
79.3336
77.2708
80.289
78.5793
81.0734
82.7404
82.4436
85.266
88.3275
87.9856
86.7717
88.3861
88.4682
88.1135
87.3553
85.1934
83.1808
87.3439
92.2978
85.9291
75.6659
72.722
77.1486
82.0681
81.8364
81.8029
85.848
86.6439
87.1004
88.2418
83.6505
84.8932
91.5541
87.9121
86.3036
87.4891
82.9669
78.0884
79.4881
78.0579
80.6712
85.9143
88.4721
88.9126
81.9975
81.2579
84.6274
80.3471
79.2205
86.983
89.4015
89.1544
85.0376
82.3995
81.9403
79.2142
74.7608
79.0389
81.9874
80.952
85.1354
85.1209
89.3176
91.4829
83.8504
83.0875
82.3282
80.6647
84.7997
79.0389
75.0863
81.5361
83.6365
83.5317
87.6155
82.8089
80.7396
84.5809
86.5651
90.3751
85.4555
82.3655
85.0485
84.7925
88.9561
87.3172
77.3246
66.0546
69.9521
80.0576
76.4818
77.5735
82.3113
84.4309
83.1774
87.1194
88.5308
85.0196
83.091
83.7065
90.2364
88.5661
82.0816
73.5781
70.5891
78.6813
77.2947
76.5374
83.3403
86.1401
85.419
83.2813
85.6421
85.357
88.1951
94.4956
89.8473
85.7339
85.8627
83.4481
78.5546
73.3434
77.8998
84.8968
79.7989
82.1355
86.5726
87.7193
86.7867
83.9948
81.6626
81.666
85.3315
88.4212
87.9662
84.4523
85.3388
85.2551
82.2132
74.6854
77.824
81.8666
82.4402
86.5651
82.1052
84.2496
87.0019
84.5559
84.0054
84.4595
85.6898
88.032
84.4416
85.4372
92.2679
92.2807
89.8553
88.3275
78.4222
75.7031
83.3889
84.7494
87.6924
89.0512
84.9726
83.9701
84.9041
83.8364
85.4263
85.4518
83.5946
85.0376
86.3297
88.1484
86.8319
81.3041
77.5825
76.8551
80.2439
88.129
88.7863
85.317
86.983
85.4555
85.3133
87.3401
88.0165
89.8473
89.9119
85.306
88.4799
89.4254
75.8639
73.1315
79.564
85.4518
88.129
84.0195
83.8047
87.7732
86.4828
87.4546
87.8812
83.8785
81.7996
85.8959
83.8364
84.1397
91.0581
83.7275
82.1558
79.0389
77.226
79.0451
82.122
88.3744
88.433
80.4246
79.0608
88.7351
88.2029
84.1609
82.6003
84.2922
84.2141
81.6393
81.2777
82.1591
85.6238
89.6901
90.0941
84.4987
79.5355
82.7678
87.4585
87.777
86.5015
81.5162
83.9983
88.5622
85.9771
85.6825
84.076
81.7795
83.1359
83.3576
81.2612
82.0345
79.9776
85.0702
86.4043
80.6972
86.4641
91.7894
92.0641
92.8247
88.9957
87.9198
90.7359
91.638
89.3296
83.8047
77.4353
75.9619
82.9772
82.7198
83.2848
86.847
85.3606
88.9521
91.6632
89.6861
88.7587
86.2515
82.0075
82.7232
89.3136
86.9263
76.599
73.3837
77.1248
84.168
86.218
89.8352
91.4746
83.8539
84.9473
86.9301
86.7867
90.9298
89.8634
84.2034
85.1281
92.4428
88.9482
84.6274
82.6003
78.9297
82.2639
89.1544
89.6138
82.713
78.0579
82.4334
86.1252
87.5274
80.3697
77.0535
84.4381
87.6578
85.1462
82.5832
76.1847
67.1096
62.2471
64.5724
75.7518
74.8643
71.0656
74.8307
67.4855
66.3394
73.9727
71.9683
75.1343
71.4082
62.2355
69.3073
65.4386
56.6781
64.0718
72.6032
68.1756
70.5268
82.8192
87.5848
82.6207
81.6393
82.6788
83.1981
86.7002
86.8056
83.9948
77.994
77.7273
82.0749
83.9173
83.3854
87.0966
87.677
80.9029
83.0082
85.0702
83.619
87.6847
89.8594
80.0608
78.1739
81.314
81.1853
79.466
80.9029
85.9624
84.2105
78.0945
77.7212
86.9414
89.9281
89.8392
89.2499
88.1096
85.9033
86.0437
87.2638
85.3752
87.6539
90.1185
84.2957
82.0042
87.0739
87.8002
82.2199
85.9328
92.4514
84.168
83.2778
84.0972
79.4471
84.7997
88.739
80.4473
82.9703
88.2262
81.0406
80.8048
86.7378
84.1538
79.4439
80.1571
84.3206
90.3465
86.3931
83.6715
86.9036
85.8222
84.3028
88.1756
86.1512
84.4809
87.0701
83.8434
78.1433
81.0241
83.7731
80.0576
76.9556
79.869
82.8295
77.009
82.8329
85.5469
83.7872
87.9237
84.2034
85.0051
91.8695
90.9918
86.5239
83.6785
69.0655
66.4121
75.358
80.8702
88.5543
85.8553
84.3384
85.8074
83.9067
87.3439
89.7706
87.8194
86.8546
83.9983
83.612
87.8696
89.7827
79.8531
74.6213
70.4176
74.4408
85.0449
84.317
87.8387
89.4414
85.4774
85.6091
87.9894
89.3895
88.4486
81.5694
81.324
87.1004
86.9112
85.2624
80.0288
78.5484
77.0891
74.549
79.8786
85.8259
85.7706
84.8644
86.3148
87.8349
91.2534
86.1252
81.5096
85.0991
86.3521
82.3621
83.4794
89.1345
79.2142
74.2418
75.7748
76.6049
83.4098
81.3736
83.861
89.1544
84.6704
85.7633
86.5314
77.0386
80.6289
89.1544
86.4342
87.5887
83.0599
77.1337
80.1282
83.8856
80.9258
84.5451
88.3158
84.8069
81.6793
82.1085
86.0511
86.5988
