1.06869e-311
inf
5.35467
117.275
116.857
112.606
107.469
105.441
93.5848
93.8262
103.6
107.296
108.619
109.087
116.884
100.236
83.7416
79.8276
83.7731
96.1631
101.999
103.95
106.028
109.022
101.153
100.609
106.735
100.07
82.3486
74.8923
92.3574
96.4413
92.1192
104.058
99.98
100.614
110.969
95.1384
64.4621
68.4978
23.926
24.2571
104.981
107.187
102.575
97.1959
112.095
117.564
115.794
118.821
114.201
98.0873
103.961
121.581
123.923
125.345
124.906
126.438
126.064
129.391
122.963
118.666
109.421
111.495
120.192
110.12
112.499
118.371
114.508
120.453
125.392
119.204
115.614
115.614
120.562
119.296
118.864
123.191
91.3701
89.8271
112.708
106.627
115.168
128.808
129.458
128.982
120.576
117.973
126.695
130.293
124.719
122.632
123.054
124.463
121.3
114.62
120.817
126.486
130.141
123.009
122.979
124.657
122.534
126.095
122.782
126.04
124.51
114.804
118.113
130.251
118.078
107.267
106.406
113.372
117.55
121.337
125.889
123.831
127.494
129.609
131.51
135.621
129.702
118.582
122.339
129.166
132.205
124.394
121.64
128.049
127.024
122.347
118.238
123.51
129.274
131.415
121.109
119.56
124.062
119.553
122.519
119.524
118.154
122.76
123.97
118.511
119.553
121.212
117.682
126.807
128.394
122.078
118.42
123.816
134.309
128.066
128.271
131.674
129.862
123.785
117.509
118.434
116.666
117.702
117.536
126.119
132.952
124.938
107.544
97.3947
112.064
120.142
115.36
120.926
108.313
109.818
110.767
99.1916
101.74
109.045
103.087
90.4159
91.2784
96.1677
86.7115
91.0208
116.171
118.786
119.66
122.22
123.503
129.719
126.678
122.572
110.314
111.278
129.862
133.529
133.538
132.512
131.77
126.016
121.877
125.534
128.7
124.293
123.885
120.926
117.869
113.869
100.155
102.506
119.439
125.408
122.782
122.13
123.839
123.77
116.225
121.485
128.452
127.113
122.137
123.032
123.312
113.785
112.48
118.301
125.016
118.694
115.875
122.895
126.095
113.817
107.741
101.138
109.89
123.533
118.434
121.205
122.745
131.225
120.831
119.453
123.564
116.973
119.926
119.603
115.64
117.323
125.455
124.355
120.055
123.747
111.204
112.045
126.847
113.817
117.543
120.598
115.56
119.818
111.919
119.969
125.96
122.294
127.853
128.584
126.63
128.033
123.785
118.596
124.394
123.77
120.489
122.407
128.189
130.83
120.948
122.407
126.646
124.58
113.837
116.036
112.013
101.451
114.633
117.392
118.106
127.592
118.043
117.192
126.486
121.573
110.877
109.957
117.412
122.73
126.008
124.355
107.55
108.82
118.673
117.254
120.795
115.634
111.545
103.407
104.976
114.502
116.754
123.13
120.496
111.334
120.831
127.689
122.669
118.078
118.182
126.024
126.968
125.968
125.164
127.34
126.719
126.55
117.474
115.942
128.025
118.175
110.601
113.772
107.764
110.503
121.44
124.805
128.991
120.062
116.009
115.5
121.286
127.041
126.799
124.37
125.125
116.428
108.331
123.793
127.105
118.575
114.903
110.15
110.73
116.117
113.591
114.233
108.897
111.272
122.587
118.878
121.08
118.666
120.315
124.301
118.842
115.187
117.357
125.494
122.632
119.553
122.549
120.091
121.736
117.806
118.582
122.033
119.653
118.364
106.559
108.12
110.687
103.348
115.614
120.62
108.372
115.447
123.609
119.46
119.818
124.502
118.28
114.006
116.918
119.41
126.119
123.785
117.689
120.351
119.439
124.193
128.213
128.18
113.116
99.2802
105.441
112.051
118.071
119.232
114.844
118.603
120.127
121.073
113.986
108.778
117.64
118.68
108.172
113.385
124.556
116.07
112.638
120.207
121.832
114.123
121.014
125.203
107.904
99.0148
103.724
117.869
119.296
108.126
115.781
119.367
111.483
117.185
122.979
119.94
115.747
117.862
123.1
123.009
125.282
124.541
124.216
121.618
116.898
114.626
117.055
124.805
123.221
114.718
114.397
107.724
104.428
116.32
124.852
122.459
116.009
119.374
118.998
115.46
111.074
110.644
122.474
124.899
121.692
117.137
117.793
126.295
118.708
118.308
125.321
121.884
124.525
125.762
125.016
115.493
103.274
112.625
118.21
119.567
119.861
120.178
123.305
119.019
118.927
115.902
120.308
123.35
125.612
128.378
124.533
115.247
103.665
111.514
120.926
114.325
118.224
119.005
108.944
114.764
109.969
109.051
121.161
121.219
121.455
120.041
125.463
117.758
117.772
123.847
122.279
127.34
121.832
120.272
123.009
123.388
125.18
125.29
114.771
110.387
121.603
122.011
123.13
109.117
95.5475
98.1499
110.059
119.56
119.725
117.33
112.765
112.24
116.877
123.617
117.302
114.91
125.219
122.926
122.1
119.503
120.656
124.208
118.984
118.252
116.795
116.394
110.871
112.835
109.236
102.791
104.613
112.505
114.949
112.315
117.772
112.454
111.247
116.043
106.423
110.4
120.941
122.339
124.525
117.33
110.516
112.537
115.42
118.161
117.994
117.378
121.654
115.841
109.242
100.407
109.343
124.146
119.51
111.427
112.486
125
121.566
119.168
115.614
112.416
117.64
110.479
115.214
120.106
108.784
110.296
116.863
109.553
109.319
109.715
112.152
113.999
104.899
116.387
107.916
98.401
110.072
114.896
119.567
118.821
112.051
113.811
117.385
120.547
121.877
121.788
126.711
124.844
121.234
123.594
124.58
124.409
112.943
114.508
110.248
103.024
109.86
112.416
118.645
115.976
114.751
122.407
120.453
106.667
108.372
120.07
121.197
112.505
111.019
120.926
121.521
117.564
118.533
125.723
119.825
111.645
120.005
120.656
119.467
108.601
101.595
109.523
111.857
110.773
117.585
121.036
116.198
120.301
116.198
115.814
113.276
115.234
109.23
106.045
120.091
114.666
112.899
119.567
119.624
120.941
117.447
118.001
107.898
103.407
104.466
106.542
112.962
112.221
115.507
107.469
112.816
117.813
116.523
120.048
108.595
110.509
111.093
108.225
116.857
116.904
110.223
112.486
116.367
114.541
112.537
119.296
119.36
104.226
111.111
112.448
98.4543
106.986
113.026
112.524
115.808
111.876
115.347
112.854
113.379
112.215
110.43
115.354
116.986
113.514
115.081
119.332
121.448
120.409
110.375
113.18
115.52
102.145
92.8419
94.5761
100.903
111.47
120.388
119.218
113.257
113.811
119.976
119.261
116.775
121.996
124.595
125.51
113.889
111.97
120.78
115.214
118.687
118.315
114.943
107.881
97.5324
103.734
112.886
112.158
111.52
116.707
121.832
120.744
108.968
110.181
117.275
110.126
113.231
111.477
105.921
112.835
118.631
115.447
112.24
114.071
118.842
116.645
112.265
112.442
108.12
111.526
113.967
105.865
110.096
110.436
116.171
118.015
113.488
116.408
118.8
121.869
114.666
108.436
112.911
114.699
110.497
111.408
109.511
116.029
115.701
110.241
121.795
118.821
99.5966
103.761
112.026
113.843
116.843
98.9658
102.817
111.352
108.155
118.022
119.739
117.454
116.782
118.385
123.381
117.007
114.39
112.24
107.544
111.099
115.976
121.914
118.977
109.836
111.154
107.049
102.249
105.341
106.366
110.626
107.98
104.976
110.175
118.12
117.737
114.58
117.53
112.74
114.462
120.62
122.602
119.261
118.624
121.322
115.614
116.198
114.916
113.321
120.286
104.685
98.227
113.09
110.035
108.879
112.309
107.73
114.475
117.268
115.634
117.966
111.445
116.245
116.212
113.52
120.07
114.227
115.287
121.536
111.882
113.908
119.56
115.821
118.526
109.457
107.834
104.417
101.719
115.955
113.759
109.842
108.108
106.05
119.154
110.859
105.263
115.267
117.192
116.993
114.62
112.089
114.646
115.44
109.673
111.776
115.527
120.576
112.79
100.306
102.685
103.745
103.912
103.799
105.374
116.374
114.495
109.135
117.994
112.594
109.063
109.613
110.601
112.86
112.581
111.34
112.492
117.696
111.801
114.626
105.932
103.912
107.602
108.342
115.855
114.462
109.511
111.832
117.461
106.775
106.039
114.633
115.547
111.838
111.185
118.956
123.671
124.185
122.873
116.408
115.868
111.477
115.095
109.969
103.231
107.446
107.805
114.423
114.718
112.505
114.462
117.89
114.423
115.002
118.21
108.43
105.899
113.967
120.055
120.475
114.09
117.855
121.981
118.071
110.284
107.129
110.644
99.6512
98.4107
111.031
113.954
101.89
103.848
117.862
120.286
121.603
115.108
117.392
118.203
107.359
107.049
116.043
120.584
115.3
115.701
119.768
113.058
114.639
120.344
116.659
106.253
97.924
100.867
111.901
112.873
112.676
119.89
117.709
114.207
108.026
110.114
118.175
118.315
119.639
121.566
117.247
119.653
120.178
116.252
117.911
120.7
118.455
115.101
119.639
109.499
103.056
114.705
104.264
104.313
115.875
106.056
113.986
119.875
116.225
116.104
113.103
115.108
115.929
114.949
117.925
117.737
118.617
117.633
116.537
119.926
115.181
117.309
111.995
104.542
106.078
108.654
106.929
100.035
101.714
111.34
118.673
114.771
112.271
117.158
116.836
118.071
117.973
115.855
113.154
98.7264
103.788
117.13
107.267
108.05
114.949
107.198
106.781
104.948
96.214
103.918
99.5718
91.7557
104.712
113.986
109.535
114.123
114.936
106.423
114.286
122.812
116.604
109.349
105.136
109.8
116.557
116.212
117.405
105.764
97.5991
110.76
112.435
112.701
111.074
104.548
113.404
98.2608
96.651
116.686
109.511
102.375
106.536
112.183
117.675
113.372
111.838
118.589
115.354
111.111
115.996
114.929
105.691
109.493
111.732
115.976
114.469
110.908
114.943
108.903
107.198
108.407
112.315
118.001
117
116.857
117.226
110.339
111.297
115.467
116.775
113.72
107.887
115.66
104.4
90.6249
99.5322
113.129
111.328
110.351
112.246
108.684
104.635
107.619
113.96
109.565
107.846
114.286
120.934
114.718
113.636
112.562
105.887
109.487
114.797
119.318
118.504
102.976
105.247
112.461
98.5999
104.921
112.026
106.838
107.619
109.589
113.967
118.308
116.414
117.268
114.574
111.359
115.022
109.541
110.455
106.513
106.474
111.185
105.53
106.672
115.088
108.838
92.885
99.7556
112.803
107.73
105.625
111.259
111.086
108.802
113.494
119.847
118.322
104.026
108.631
118.113
111.813
110.339
114.162
120.265
120.664
114.995
117.779
118.008
110.638
110.736
102.611
106.213
107.336
102.202
116.083
116.279
104.102
109.625
117.33
119.019
112.341
105.943
112.032
112.183
111.303
114.371
111.995
110.369
115.174
111.863
111.926
100.281
92.4984
100.482
103.568
106.587
112.943
114.032
107.377
110.552
115.533
113.449
111.751
109.26
115.64
113.43
96.782
94.6746
109.619
113.02
114.541
117.786
106.298
91.0539
87.581
101.066
110.871
106.542
109.218
111.29
107.666
111.185
111.782
105.075
103.109
110.363
114.633
115.821
117.433
108.12
105.191
106.112
109.487
119.947
81.2051
67.8979
88.8928
104.275
109.284
115.741
115.861
119.804
121.758
120.207
110.687
105.147
112.505
116.836
116.863
113.456
114.593
118.217
112.126
111.788
115.207
108.044
109.637
115.267
101.802
97.1298
100.045
103.956
110.773
108.796
105.291
112.6
112.41
109.481
111.117
109.469
111.663
110.724
108.254
107.256
109.421
109.278
111.142
98.9169
99.458
111.838
112.045
107.823
109.938
112.467
102.801
109.619
116.036
113.63
105.385
103.354
113.129
106.185
100.12
107.25
114.155
115.254
118.49
116.966
116.05
107.175
100.796
112.644
117.281
118.133
109.224
96.3809
101.916
114.521
110.644
110.43
104.592
103.509
113.514
110.308
108.719
115.407
115.701
113.045
116.414
114.502
113.43
107.446
105.38
113.759
116.952
114.653
105.352
104.156
99.7158
103.375
114.745
115.009
111.557
107.429
111.421
109.039
107.567
115.028
115.187
109.679
109.86
111.501
117.117
110.785
108.95
117.813
116.137
113.09
115.095
107.417
99.7904
98.4058
96.9744
107.852
110.32
104.871
114.377
116.029
112.867
111.539
102.38
100.02
112.524
117.309
112.271
109.788
101.792
105.759
108.184
105.263
114.778
104.921
89.4815
102.098
112.309
102.14
111.433
113.746
108.073
106.878
108.266
111.663
113.772
113.72
109.105
109.613
108.061
112.095
116.891
112.524
113.033
113.636
112.982
102.459
92.9066
103.103
113.527
106.326
111.757
114.181
108.601
107.892
106.462
110.705
112.867
110.418
111.352
114.567
103.918
104.63
110.619
107.98
116.286
116.891
117.171
102.475
94.7822
99.8801
104.641
111.47
108.607
112.139
111.433
106.763
114.397
115.835
108.702
107.962
110.509
115.34
110.375
106.621
106.383
105.893
114.62
114.995
109.099
102.051
96.4274
103.024
113.199
105.263
103.611
111.763
113.385
115.254
119.589
117.911
106.056
106.005
110.76
113.014
114.824
115.513
115.433
111.976
110.773
112.139
111.769
105.831
100.301
99.4975
109.703
111.52
104.849
112.835
111.093
107.193
110.175
111.303
116.775
114.181
110.601
112.215
110.308
113.045
116.604
114.103
115.594
114.929
104.581
101.302
109.505
106.843
109.093
107.026
97.4849
107.29
107.118
103.81
114.116
112.854
102.976
109.218
113.282
108.401
109.932
109.23
116.299
115.654
113.98
119.239
116.117
108.713
104.237
100.781
106.633
112.227
95.1973
92.7429
103.627
108.554
113.623
114.896
113.129
115.513
114.844
116.428
116.131
109.194
116.009
117.585
113.889
116.904
105.114
104.613
111.726
109.385
95.3562
97.3899
106.185
101.621
113.379
114.123
111.901
114.613
109.595
115.168
117.405
108.69
111.539
112.549
113.404
116.36
116.07
117.069
110.229
111.278
116.604
112.924
114.214
97.6467
89.7505
109.105
113.154
108.295
119.019
113.54
106.718
112.632
112.473
114.449
115.895
111.284
106.208
104.663
106.045
108.637
113.27
114.771
114.626
113.417
112.353
112.562
108.974
112.701
109.26
106.09
109.129
108.067
108.601
107.204
109.703
107.672
103.316
107.434
115.707
105.38
102.276
114.469
117.702
114.778
114.567
113.902
117.862
110.84
104.335
111.52
106.129
102.669
106.975
106.969
109.565
111.838
111.582
112.259
107.331
107.101
115.841
116.952
116.503
112.518
105.103
111.037
116.286
116.686
117.696
103.162
105.219
104.156
100.862
106.174
109.409
115.861
112.701
112.328
112.435
116.496
108.784
105.385
113.43
114.515
112.082
107.049
101.466
102.87
106.022
107.544
113.869
113.27
112.867
106.219
98.7996
99.99
107.481
109.379
108.389
118.603
112.581
108.891
108.448
107.319
118.106
116.367
106.135
106.781
113.334
108.495
108.921
111.371
106.146
105.053
105.324
96.2557
98.9462
98.8631
91.5164
104.739
110.607
103.461
108.137
102.749
102.543
118.828
112.152
113.759
112.007
108.915
116.741
111.57
112.625
121.029
113.617
110.773
112.682
101.657
104.943
107.933
100.705
106.912
112.12
106.758
111.526
112.505
108.348
111.869
108.619
105.882
110.988
113.039
114.358
115.26
114.273
119.069
112.227
110.963
116.802
106.633
106.763
101.776
97.948
108.489
109.284
109.111
113.141
112.486
115.042
118.099
111.154
98.0296
101.688
115.694
115.314
110.503
107.887
111.117
109.051
113.811
114.58
110.822
113.908
88.9521
87.5964
106.667
110.865
111.57
114.142
117.918
110.509
111.377
109.969
107.481
113.014
109.559
110.114
115.654
114.371
116.877
111.056
110.951
118.203
115.507
112.594
112.126
102.286
94.3931
100.155
108.903
115.814
100.669
97.5515
117.758
114.837
107.991
108.915
113.501
118.434
109.373
107.429
117.171
110.675
106.525
110.528
108.056
109.397
117.268
109.236
95.3516
100.73
107.296
113.282
112.835
103.912
111.807
109.595
100.786
107.596
113.792
112.309
116.836
108.826
101.559
106.394
110.314
115.374
112.594
108.073
112.372
109.493
101.574
103.386
104.685
97.4659
105.552
110.577
104.51
109.782
113.876
115.902
115.996
106.253
102.517
108.483
108.867
112.924
113.494
111.651
111.204
110.308
115.26
110.205
95.0209
98.9903
96.2047
91.529
102.902
107.021
102.281
104.243
116.87
112.975
105.269
105.837
108.202
108.254
113.682
114.436
110.982
104.526
104.254
115.267
116.009
108.383
101.122
102.354
98.8142
105.031
110.632
102.622
103.354
108.266
111.012
110.92
111.371
113.052
116.184
111.278
112.53
116.401
116.144
117.254
116.57
117.371
114.11
104.674
109.583
107.383
98.7606
103.939
106.627
104.915
102.218
106.315
108.489
107.974
113.714
116.523
112.918
100.695
102.527
115.801
114.025
109.415
108.313
111.259
114.685
106.377
104.455
111.782
105.865
108.472
101.874
92.7773
99.0442
111.876
106.918
102.077
106.033
102.622
94.038
92.7902
107.538
113.231
100.954
94.2996
93.6593
92.366
99.8752
96.7633
88.574
78.6102
76.6342
95.1113
112.619
105.652
86.6626
93.9496
107.898
96.0799
100.715
103.381
101.507
100.215
94.688
100.634
110.211
107.032
101.88
101.616
87.2715
81.9269
86.8697
86.0474
100.725
111.988
92.584
94.697
116.442
108.178
104.172
111.161
112.943
113.443
108.336
104.237
101.843
107.533
117.13
120.135
118.161
118.666
108.956
94.007
92.2467
104.237
111.838
112.36
113.585
111.763
115.433
109.164
111.13
120.496
119.012
107.608
105.119
116.056
110.424
108.325
114.659
111.564
99.7755
101.559
114.561
104.379
96.2835
101.22
99.0835
98.5416
103.902
106.975
110.448
112.651
110.029
110.932
