11.8089
149.388
217.061
376.577
377.929
280.741
284.698
415.455
356.125
361.991
436.491
444.148
372.856
371.058
404.613
403.714
414.336
421.407
348.979
268.061
319.54
442.087
444.346
438.404
120.533
116.117
284.455
295.989
393.546
422.922
413.993
233.645
232.992
212.902
209.732
271.26
288.934
439.174
353.857
330.524
224.618
202.02
218.818
256.871
141.965
135.071
351.741
286.944
278.979
351
364.897
411.438
399.92
388.35
432.9
438.308
424.358
201.979
187.336
293.643
324.834
182.916
163.052
323.52
346.2
330.524
404.531
346.021
343.584
309.262
309.981
339.328
229.043
221.951
297.442
351.185
377.858
237.614
238.294
423.37
283.447
204.186
225.989
322.529
379.723
313.922
349.589
439.078
350.508
321.647
268.889
177.274
227.894
316.706
309.023
452.591
463.822
459.242
482.625
507.485
368.46
352.796
449.438
466.853
470.146
465.983
321.595
316.306
473.597
496.648
442.87
304.553
292.74
388.576
457.98
497.636
500.25
370.096
359.002
415.196
414.938
436.681
314.515
280.387
344.709
326.105
347.403
162.351
160.051
400.641
358.551
393.236
490.677
437.637
353.357
288.6
325.521
451.467
482.16
471.587
457.875
388.048
344.828
401.526
465.658
466.2
399.6
307.645
352.237
502.386
31.1502
31.1018
386.1
387.822
503.778
518.269
515.996
493.827
471.032
424.538
433.276
502.008
512.558
499.75
464.145
406.669
423.101
495.909
479.386
370.028
350.693
259.808
278.552
510.204
522.193
524.521
459.559
410.256
434.311
448.531
463.714
501.127
459.031
410.931
448.531
469.704
442.478
435.256
425.532
403.959
425.985
490.918
500.25
501.127
491.401
464.037
432.339
448.129
493.583
490.557
490.316
275.217
268.853
476.531
460.087
466.309
517.331
443.951
334.225
359.324
479.042
500
510.334
522.057
445.038
398.248
435.066
474.608
474.608
471.587
420.345
330.797
357.079
469.704
432.152
434.216
488.639
449.539
442.087
441.794
455.996
495.05
493.34
443.853
440.723
492.611
475.624
467.399
480.192
456.725
401.445
420.08
494.315
512.821
477.555
446.13
415.973
404.94
455.685
455.581
453.206
407.415
350.447
413.394
512.952
506.714
498.878
491.521
476.304
431.313
386.772
408.998
413.309
425.17
470.588
409.165
384.689
437.733
448.33
445.335
474.046
421.941
420.964
407.249
385.802
434.972
316.156
312.647
469.373
467.399
451.569
466.527
466.2
459.348
463.392
488.4
502.892
449.64
410.172
349.162
331.071
418.498
484.496
483.793
438.596
324.202
286.944
328.515
402.576
476.644
435.635
408.58
433.934
462.856
483.676
486.5
446.628
385.505
391.083
453.206
437.445
422.565
456.413
439.657
444.05
438.885
435.256
460.936
471.143
418.76
411.269
479.272
457.771
441.404
474.158
462.963
431.406
444.148
449.135
450.146
434.499
425.441
398.883
375.728
436.11
475.059
469.484
393.468
348.675
413.223
480.192
489.716
440.917
405.515
401.365
407.581
430.2
414.079
432.807
443.164
372.093
382.629
454.133
470.699
485.555
466.418
394.477
364.697
380.084
421.407
479.157
495.786
418.585
419.815
501.002
421.319
360.036
404.613
390.32
387.372
453.206
468.384
457.457
455.685
415.8
352.175
377.287
453.515
484.144
320.821
303.951
275.292
257.533
368.936
385.728
372.648
361.337
382.995
377.287
351.803
346.981
354.17
375.446
393.778
424.719
383.436
364.232
407.581
435.73
381.971
319.03
346.44
415.024
423.729
406.587
405.022
368.392
381.607
467.399
483.793
327.225
248.509
331.016
498.629
500.751
430.849
358.166
249.314
261.575
418.76
480.538
484.027
445.137
433.557
411.777
417.885
457.666
413.822
374.672
277.816
266.702
382.922
341.588
317.007
352.113
354.296
414.079
343.938
326.904
432.994
417.886
419.815
447.527
321.285
278.087
356.506
431.499
444.642
391.926
392.542
467.071
360.295
365.497
471.365
425.622
443.066
500.877
494.56
497.265
464.037
311.964
302.206
424.358
425.985
422.119
421.496
300.933
319.438
467.836
482.859
485.084
475.398
470.699
482.625
480.307
475.964
493.705
486.736
466.418
446.429
464.145
493.34
477.669
472.925
487.448
446.03
434.028
489.117
492.854
468.274
450.248
454.442
452.284
465.333
502.386
510.856
511.64
491.039
405.927
236.518
262.881
504.541
517.063
522.33
491.401
468.055
475.059
490.196
475.624
467.29
453.412
390.016
363.703
382.19
387.297
417.537
409.082
402.577
429.092
428.174
443.164
443.557
406.587
396.04
449.64
415.887
399.84
462.321
489.956
466.744
465.333
488.639
431.686
394.322
429.738
374.672
381.898
493.827
447.628
353.357
325.415
384.025
469.263
485.201
486.618
502.639
386.473
346.981
362.516
393.159
484.027
417.798
294.681
284.01
334.392
374.742
454.649
431.686
409.417
424.989
441.696
495.417
508.776
357.207
301.477
377.715
400.641
396.589
387.372
355.051
413.052
436.205
396.275
439.174
486.5
436.3
434.783
492.732
479.501
477.783
430.663
378.716
431.872
328.192
298.998
372.926
327.011
356.443
452.182
474.608
483.208
449.337
408.413
447.427
441.794
424.628
442.38
412.541
410.256
426.985
401.284
374.532
425.985
409.333
361.86
419.903
498.008
431.779
383.583
433.276
445.831
427.168
415.973
441.112
430.108
420.168
384.615
374.953
457.247
469.814
472.701
387.297
316.957
355.114
446.13
486.736
508.388
467.399
277.354
266.205
426.257
494.682
486.5
315.457
305.111
462
432.994
424.719
488.281
429.277
413.907
396.904
405.433
480.423
491.763
437.254
404.367
455.789
438.212
392.08
428.266
393.933
388.35
467.836
435.445
384.689
422.297
422.476
396.747
464.037
499.376
500
449.539
373.692
376.081
450.552
469.153
459.242
484.261
428.174
345.423
389.029
443.164
443.656
482.625
462.642
406.587
402.658
476.19
461.574
452.386
497.018
470.588
438.308
417.101
422.476
467.946
408.747
341.88
379.219
477.783
459.031
431.313
460.723
480.769
419.815
399.361
456.204
446.329
446.03
495.05
361.664
354.421
494.56
508.259
508.388
424.538
353.482
292.398
306.373
429.277
483.91
394.011
367.04
369.549
367.377
372.856
338.009
283.688
297.53
399.042
441.599
316.656
302.024
405.186
449.741
477.897
455.373
397.535
409.333
425.713
412.116
458.61
468.933
439.464
439.85
440.238
393.468
400.481
447.327
367.377
373.413
485.909
471.698
412.797
371.678
390.092
442.87
467.617
484.261
489.716
478.24
415.541
388.123
441.014
445.137
443.754
451.977
427.168
394.166
407.914
458.61
483.676
515.331
459.137
409.836
405.515
415.541
460.299
508.13
521.105
501.127
442.184
425.713
410.509
371.058
351.247
358.166
408.914
461.467
472.59
446.13
457.666
489.716
417.711
414.079
484.614
506.586
472.255
413.394
388.802
362.122
356.761
398.406
412.797
362.647
347.947
421.763
509.684
500.751
416.58
347.041
360.555
412.031
411.607
434.311
492.611
436.586
399.281
411.862
454.029
515.597
413.565
359.648
402.982
445.633
438.212
386.548
382.702
356.252
377.858
444.642
415.628
407.083
442.968
383.583
374.742
478.469
508.776
510.074
432.9
379.075
419.463
471.809
432.994
435.35
426.621
362.122
386.25
465.549
501.002
506.201
467.508
417.711
380.445
414.766
494.315
424.628
418.323
483.793
412.116
365.965
407.581
471.921
491.159
454.236
408.914
438.5
454.442
410.256
433.651
435.825
417.798
446.828
434.972
405.68
421.496
461.361
435.635
424.358
458.295
485.437
471.032
390.32
370.37
411.269
450.146
474.721
470.367
481.116
472.925
408.163
372.787
305.344
320.821
397.852
365.163
394.089
455.581
477.441
502.639
470.367
415.282
389.408
393.933
444.84
462
420.875
397.219
419.463
417.798
425.622
430.756
421.852
406.256
398.565
449.843
439.271
425.441
462.214
420.875
401.204
467.836
500
510.856
403.063
334.952
383.362
468.823
474.721
470.699
496.155
438.212
353.357
382.336
474.608
490.798
504.923
486.973
370.165
337.496
410.846
394.322
395.179
470.699
447.027
397.377
384.172
398.804
412.541
370.576
363.901
384.32
426.076
446.13
440.82
439.754
419.815
457.98
490.316
323.939
320.359
398.089
404.613
499.75
501.756
474.383
419.024
389.181
416.233
477.783
440.238
367.782
368.868
348.857
344.293
431.127
504.414
506.842
487.805
270.819
263.539
408.247
431.127
495.663
348.979
322.061
440.82
497.141
506.329
469.704
340.426
341.413
420.521
412.712
461.467
443.164
370.508
376.011
444.939
429.461
429.092
489.356
438.5
438.693
482.859
468.604
466.636
428.816
264.34
236.239
317.209
349.284
361.794
401.365
454.545
484.144
478.583
430.385
435.445
393.701
388.802
476.985
422.565
409.333
474.947
456.83
382.409
362.056
410.425
413.65
396.432
421.763
451.569
439.078
425.622
455.892
470.921
421.852
416.06
451.977
455.477
461.148
477.099
420.433
411.184
470.035
470.035
449.236
379.867
365.898
430.2
466.2
491.884
518.807
501.63
439.947
340.136
360.881
469.263
497.018
495.417
408.747
327.493
362.911
384.098
367.647
449.64
371.609
325.045
402.414
484.027
508.13
497.018
486.145
451.365
324.623
312.354
415.282
380.662
331.126
393.546
465.983
432.9
448.632
433.182
387.372
425.713
490.437
506.329
432.059
404.531
396.589
421.585
491.521
495.663
476.531
414.164
358.166
390.778
438.982
452.182
511.902
513.215
383.142
355.366
436.967
406.752
407.997
471.587
440.529
388.274
412.541
489.596
524.246
384.025
323.206
394.945
426.348
430.2
482.742
498.008
362.384
322.893
425.804
424.989
402.414
434.688
358.551
372.162
491.4
513.743
453.001
446.03
449.741
374.883
362.122
419.111
477.555
433.276
366.3
411.353
509.554
520.427
514.801
443.754
372.162
369.754
379.867
353.17
402.414
507.614
432.152
370.714
374.462
379.219
407.498
447.027
406.256
421.763
446.628
442.674
484.496
467.29
417.798
397.535
384.689
378.573
433.182
484.731
364.564
357.974
471.921
495.54
419.111
398.01
435.161
444.05
485.791
504.032
507.228
451.467
372.093
371.747
379.291
407.249
467.508
457.561
453.618
422.833
438.404
485.791
499.251
507.228
480.192
451.06
352.361
362.056
489.117
511.902
483.676
418.498
413.052
416.84
414.594
465.008
468.713
427.442
448.732
490.677
505.561
467.508
458.19
512.821
406.091
360.75
411.353
452.694
454.545
392.234
305.764
328.893
454.236
475.511
490.798
483.676
424.719
434.122
500.375
513.611
501.002
491.763
510.334
344.175
338.295
450.045
421.496
469.484
492.732
433.745
402.414
412.031
416.147
378.215
347.524
392.542
418.936
361.598
369.14
417.798
369.754
381.825
451.875
365.43
328.569
308.594
342.642
470.699
499.002
456.308
442.772
393.933
387.747
434.216
448.129
475.851
427.991
375.94
393.005
469.594
508.518
495.54
444.148
377.003
400.08
477.099
490.316
456.517
416.06
435.256
439.657
431.499
455.373
476.531
474.947
457.143
422.208
436.777
436.967
405.927
442.772
424.268
383.951
385.877
398.01
405.844
436.3
452.591
372.162
361.011
412.286
441.501
428.174
424.989
394.166
321.079
348.493
365.03
265.64
268.061
374.252
441.501
367.04
355.935
423.998
463.177
509.554
516.662
512.82
504.923
502.765
461.361
427.077
461.361
510.334
465.766
457.771
427.442
409.249
314.465
306.373
403.877
318.979
297.796
345.363
394.244
455.892
374.322
360.881
436.872
451.06
464.037
365.297
341.122
414.68
438.982
449.035
411.946
271.003
274.612
433.745
506.714
514.271
512.952
456.517
417.973
456.413
439.56
421.23
476.077
511.902
484.496
435.161
450.755
503.398
515.996
506.457
498.008
467.071
464.468
469.153
459.664
482.509
507.228
515.996
475.285
467.29
465.224
450.349
467.508
470.367
398.168
402.253
489.596
479.271
453.412
429
445.534
446.329
439.754
447.728
456.83
485.555
443.459
350.447
342.642
424.178
442.38
442.282
437.733
398.645
426.257
454.339
453.309
474.383
475.851
441.696
402.495
423.639
462
478.469
460.723
434.216
392.465
375.657
412.371
435.54
420.345
432.339
412.967
398.645
365.764
358.809
421.319
361.272
304.044
308.166
318.269
387.898
286.205
274.311
430.663
440.044
441.989
405.927
426.985
497.512
493.097
479.616
431.965
366.233
390.168
455.477
441.014
458.4
512.689
517.598
462.963
434.972
473.934
508.001
454.649
434.877
461.894
467.181
456.83
450.552
471.587
490.557
507.485
467.508
456.1
486.145
433.651
416.753
464.36
486.145
423.46
431.034
517.331
497.512
431.965
433.745
414.25
406.339
470.146
495.05
500.626
449.035
388.802
374.532
424.088
485.673
499.251
486.145
467.181
403.633
397.614
402.495
413.479
460.617
460.723
431.593
404.04
403.959
427.899
488.998
493.097
441.696
442.38
460.936
431.406
449.64
445.236
418.848
400.32
416.927
421.319
