2.87365
9.79864
12.5328
16.9717
11.1279
11.3757
16.7735
16.3925
16.4563
16.3905
16.3531
16.5574
17.3626
16.6134
14.6916
14.691
15.0463
15.8984
17.3632
16.7539
15.9465
16.2442
17.0371
16.6221
16.7764
17.1482
16.5036
16.5935
17.3908
17.0599
16.1642
16.3535
16.9619
16.4946
16.5971
17.1171
16.6481
16.2278
16.3292
16.8036
16.9263
16.7316
16.8957
16.6439
16.7241
16.6889
15.5747
15.0202
15.1372
16.1539
16.9776
16.6315
16.9467
17.0616
16.3749
16.6324
17.2039
16.9256
17.0359
17.0568
17.0577
16.3878
16.3912
17.2059
16.7209
16.6733
17.1541
17.293
16.5471
16.7114
17.3009
16.3972
16.7442
17.4587
17.1438
16.8248
16.89
17.4036
17.0682
16.6822
16.9304
15.8024
15.0336
14.6654
14.2132
14.137
14.3235
15.4592
16.3843
16.89
17.1062
15.9326
15.0163
15.9793
16.9496
16.9253
16.917
17.032
16.8547
16.5772
16.8435
17.0584
16.5999
16.4201
16.8607
16.6012
16.7297
17.2642
16.9236
16.7043
16.8244
17.0084
15.7462
14.5623
14.6821
15.3158
16.6508
17.2948
17.3295
15.8133
15.463
17.022
16.8026
16.7716
17.1418
16.8936
16.5804
16.886
17.3756
16.3393
16.2351
17.3977
16.8963
16.8066
17.6932
17.1002
16.4552
16.6763
17.0182
16.9127
16.7309
17.0528
17.1183
16.7386
16.892
17.2832
16.7277
15.398
14.6138
14.1375
15.2013
17.1275
16.5671
16.0807
16.6914
16.5302
14.8943
14.3006
14.7417
14.4005
15.5595
17.8125
17.7159
16.7045
16.6574
17.5571
17.019
16.5807
16.9302
16.7667
16.4326
16.46
16.7259
16.567
16.501
16.9701
16.7847
15.7287
15.0594
14.1457
15.0517
17.0016
17.343
17.2849
16.4895
16.3005
16.5693
16.3621
16.3936
17.0217
16.5168
16.6557
17.2533
16.7901
16.9553
17.1064
17.2273
16.9896
16.7635
17.1275
16.7241
16.3448
16.5723
16.6939
16.735
16.7771
17.0874
17.3957
16.9628
16.9503
15.5218
14.526
15.0181
15.7955
16.757
16.7097
16.6776
16.6143
16.2442
16.3051
17.0081
16.8975
16.6313
17.2196
17.6763
16.3225
15.1157
15.316
14.99
14.6538
14.8113
14.7855
15.9855
17.0816
16.5169
16.1283
16.6599
17.2493
16.6646
16.5416
16.6403
17.035
17.1409
16.942
17.0718
15.5504
14.3255
14.5121
15.095
16.0436
16.6149
16.5751
16.5218
16.8176
17.1114
16.7304
16.6681
17.2746
17.6586
17.2123
16.8584
16.4627
15.5271
15.4965
16.3544
16.8301
16.7472
16.723
16.9575
17.0756
16.9375
16.8996
17.2989
16.8643
16.8238
16.4958
14.5241
14.2613
15.9801
16.9737
16.9765
17.2013
17.3845
16.1263
15.9038
17.0761
16.6995
16.5117
16.7487
16.504
16.0492
16.3908
17.2061
16.5627
16.1089
16.9003
16.015
15.8427
17.1609
16.5656
16.102
16.6008
17.0032
16.4609
16.4345
17.0178
16.6877
16.6001
16.8872
17.2485
16.641
14.9859
14.5959
15.1784
16.2355
16.9469
16.2397
15.9373
16.4616
17.1609
16.8552
16.7791
16.9701
16.7736
16.777
16.8156
17.0784
16.6604
16.6078
17.1638
16.736
16.5648
16.7118
16.506
16.061
15.702
15.2474
14.35
14.578
15.0461
15.5709
15.9714
14.8619
14.0873
14.5142
16.1709
16.8543
16.5478
16.5061
16.1725
15.9983
16.9859
17.7662
17.4338
17.1544
16.9952
16.7424
16.1273
16.6044
17.3626
16.7978
16.9079
17.3765
17.1064
16.6414
16.2734
16.448
16.3744
16.6367
17.353
17.3601
16.5433
16.495
17.3154
16.4817
16.3112
16.5919
15.0076
13.8717
15.2561
17.3052
16.3832
15.934
16.6763
16.6668
16.6341
17.0385
16.8482
16.2151
16.5736
17.3977
16.3137
15.7432
16.5206
17.0093
16.3791
16.3631
16.7816
16.1289
16.3972
16.4953
16.447
16.6981
16.9543
17.0971
16.544
15.5187
14.8256
13.9351
14.6461
16.7987
16.4505
16.3905
16.8589
16.417
15.9245
16.3393
17.1064
16.5802
16.5147
17.1606
16.8983
16.7487
16.6149
16.6707
15.7937
14.446
14.4396
15.0288
16.1223
16.8275
16.0503
16.0218
16.8093
16.9284
16.4711
16.3143
16.5068
15.973
16.2905
17.0068
15.9804
14.6902
14.8029
16.0842
16.7719
16.5363
16.66
16.3083
16.3087
16.8499
16.5135
16.6625
16.9522
16.9958
16.4612
16.5251
17.2166
16.3582
16.4452
17.1565
17.2377
16.841
15.8723
16.0479
16.5056
16.4064
16.636
16.8388
16.7402
16.7066
15.3894
14.2051
14.0689
15.4925
16.7002
16.6066
16.7973
16.5673
16.0609
16.035
16.9596
16.6414
16.2784
16.7207
16.4621
16.4895
17.2062
17.0901
16.4889
16.1973
16.6583
16.8765
16.3663
16.6651
16.9302
16.1341
16.3724
17.1954
16.1219
15.985
16.8432
16.8848
16.4336
16.4023
16.9592
15.055
14.0505
15.3573
16.1023
16.1378
16.2332
16.6069
15.8691
15.9505
16.9725
16.6581
16.7203
17.3366
17.3527
16.3329
15.3656
14.8099
14.221
14.328
15.925
16.6312
15.6542
15.7586
15.9833
16.4163
17.1644
17.1538
16.4432
16.47
16.634
14.942
14.3364
14.6363
15.5089
16.5559
16.8631
17.0093
16.1729
15.843
16.211
16.3945
16.6174
16.9253
17.1776
16.7695
16.6898
16.987
16.522
16.4549
17.0618
17.0458
16.5113
16.7987
17.288
15.9496
15.7062
16.9994
16.9797
16.6539
16.7861
16.9339
16.2406
16.3257
17.0785
14.961
14.2389
14.7345
14.7295
16.0067
16.7143
15.757
15.384
16.4077
16.7375
16.5185
16.8016
16.985
16.7915
16.704
16.6806
16.6117
16.1544
14.9478
14.6787
14.4349
14.6957
16.1108
16.6934
16.5597
16.5678
16.9545
16.4886
16.5408
16.9517
16.2894
16.2247
16.4478
16.1594
14.9457
13.6846
13.9761
15.2575
16.4443
16.5629
16.0082
16.1688
16.6442
16.5774
16.5049
16.6846
16.8342
16.2209
16.1105
16.9087
16.41
16.348
16.8018
16.9387
16.5018
15.6226
16.2025
16.5172
16.214
16.5427
16.8563
16.3575
15.9862
16.4463
15.2075
14.2161
14.391
15.0737
16.1732
16.8204
16.4173
15.9166
16.1874
16.2103
16.1493
16.4139
16.5378
16.3669
16.3396
16.5486
16.5247
16.5938
17.2698
16.6761
16.189
16.6107
16.7543
16.0816
16.0317
16.7137
15.9918
15.7065
16.3999
16.646
16.0972
15.0659
14.5242
14.0032
14.1249
14.537
14.125
15.623
17.0263
15.489
15.623
16.6985
16.3205
16.1079
16.5939
16.9425
16.0807
16.1543
16.8329
16.9017
16.2396
15.8912
16.969
16.2144
15.6027
16.475
15.9043
15.3455
16.017
16.4544
16.6515
16.7964
16.8692
16.4866
15.8154
15.4253
14.363
14.3493
15.9309
16.1492
16.3618
16.5942
15.9515
16.3761
16.6333
16.6959
16.5642
16.4324
16.67
16.1012
16.1896
16.6664
15.3563
14.5895
16.1112
16.7177
16.2227
16.1718
16.1293
16.0046
16.3947
17.0561
16.2031
16.061
16.679
16.8265
16.3285
15.9723
15.014
13.9065
14.6418
16.2705
16.5237
16.2063
16.3799
16.4939
16.2476
16.4272
16.8428
16.1383
16.2702
16.7768
16.4015
15.7303
15.7939
16.6606
16.2332
16.0904
16.5836
16.2851
16.2959
16.8269
16.6831
16.0351
14.8759
13.9503
13.6358
13.8496
14.0082
13.5988
14.3917
15.7379
16.2615
16.3972
16.1499
15.6892
15.9604
16.8166
16.4898
15.9496
16.2299
16.6438
16.2528
16.1778
16.6048
16.4567
16.4669
16.6761
16.8091
16.7598
16.2843
15.9482
15.4429
15.7581
16.8169
16.7274
15.6644
16.0874
17.0819
16.2278
16.2122
16.0104
13.8852
13.6597
14.5975
15.0274
16.1911
16.5772
16.9467
16.405
16.0077
16.8895
16.2052
16.0944
16.8413
16.3755
16.1827
16.2636
16.2864
15.8376
15.7446
16.2315
15.7552
15.2818
16.4708
16.7266
16.2965
16.708
16.7573
16.3297
16.1353
16.5442
15.3368
14.3887
13.9898
14.4879
16.0679
16.6632
16.3535
15.6882
15.7999
16.4647
16.2807
16.4272
16.6286
16.0264
16.2059
16.5986
15.9604
15.9324
16.7735
16.946
16.6721
16.2889
16.2021
15.5857
15.7632
16.7185
16.324
16.1836
16.6909
16.7321
16.3554
15.6254
14.9826
14.1893
13.9646
15.5388
16.3084
15.9533
16.0067
15.3986
15.5584
16.6032
16.7643
16.3526
16.1471
16.4351
16.0236
15.8416
16.3613
16.3641
16.1364
16.2309
16.6853
16.1695
15.9766
16.5243
16.1997
15.7244
14.7046
13.9142
14.4987
15.8976
16.8346
16.3357
16.1819
15.6635
14.0791
14.0669
15.6878
16.2342
16.0018
16.1186
15.9996
16.0287
16.312
16.483
16.5798
16.0355
16.0556
16.2661
15.9985
16.0738
15.8017
16.0915
16.5405
16.2933
15.6464
15.7969
16.2602
15.9262
16.2342
16.4996
16.1229
16.3284
16.2987
14.8754
14.0444
15.1342
16.27
15.5977
15.8743
16.4457
15.1213
15.5657
16.8193
16.3028
16.2273
16.465
16.7395
16.1799
16.4008
17.1148
16.4285
16.3436
16.8474
16.7188
15.9191
15.9167
16.3646
15.4605
15.3537
16.4547
16.6763
16.1041
15.9295
16.2119
15.8524
15.902
16.4582
15.4591
14.6539
14.5151
14.8835
15.6172
16.0957
16.1115
15.6332
16.2829
17.0918
16.7342
16.4718
16.5479
16.6319
16.4906
16.4092
16.5895
14.9614
14.577
15.7117
15.5304
15.5447
16.3352
16.6763
15.7959
16.0484
16.8549
16.2574
16.0889
16.4749
15.7573
14.4622
14.3767
14.2698
14.8041
16.3392
16.6395
15.7025
15.5392
16.2648
15.938
15.9388
16.2434
16.0817
15.6499
16.161
16.8042
15.6702
15.7816
16.5905
16.2917
16.0551
16.1959
16.5362
15.9801
15.7196
16.3268
16.2458
16.261
16.216
15.7729
16.0759
15.2957
14.2771
13.9577
14.901
15.6918
15.9538
16.2873
15.6065
15.8682
16.6241
16.7388
16.0858
16.2651
17.0681
16.9641
16.0845
15.9676
16.6449
16.0856
15.8139
16.604
16.0393
15.6639
15.9314
15.714
15.691
16.0417
16.3137
15.7554
16.0183
16.7529
16.3626
16.353
16.3056
15.1485
14.5008
14.7494
14.0906
14.2196
15.4266
16.073
16.3071
16.064
16.3018
16.0376
15.847
16.5235
16.6164
16.236
16.4575
16.5433
16.0582
16.2299
16.3819
16.3721
15.8701
15.9027
15.7676
15.7081
16.472
15.8442
15.8134
15.9093
14.9935
13.6729
14.0714
15.1065
15.3035
16.0173
15.7929
14.4765
14.455
15.5456
15.3789
15.2725
15.7475
15.894
15.7449
16.2835
16.4746
15.7803
15.977
16.0525
15.4919
15.6268
15.624
15.2282
15.4126
15.7927
15.6852
15.8767
16.4898
16.35
15.9613
16.1879
16.1653
15.1637
14.3599
13.9004
13.6724
14.993
16.3327
15.6567
15.9401
16.5859
15.8415
15.8623
16.5902
16.2772
15.8916
16.1323
16.2909
15.8442
16.1823
16.6937
15.8282
15.5266
15.8007
16.2982
15.5533
15.3674
16.3682
16.1255
16.2873
16.4826
16.1378
15.1676
14.8394
14.2031
14.4435
15.3943
15.218
15.4685
15.7626
16.3995
15.9778
15.7765
16.4669
16.1844
15.9422
16.3325
16.4424
15.8691
15.898
16.6306
16.0463
15.795
16.2186
15.4388
14.4085
14.7766
14.3368
14.231
15.9504
15.7025
15.4775
15.6621
14.1613
13.4382
14.7482
16.0232
15.8988
16.3257
16.5395
15.3414
15.2934
16.1899
16.2201
16.0351
16.055
15.9932
15.8528
15.9891
16.416
15.4593
15.3885
16.0436
15.5179
15.7437
16.1324
15.4666
15.3367
16.447
16.7642
15.9399
15.7805
16.2231
15.9528
15.7888
15.757
15.1335
13.9577
14.2276
15.3319
14.9768
15.1827
15.6934
15.4903
15.625
15.9104
15.8269
15.7385
16.1746
15.9312
15.6038
16.0662
16.3875
15.866
15.8177
16.4608
16.0332
15.4794
15.5931
15.4593
15.4889
16.0851
16.4371
15.7337
15.7078
15.8776
14.181
13.5672
13.7554
13.5129
13.5858
13.9881
13.5801
13.281
14.2279
15.4381
16.4297
16.4037
15.8567
15.9209
16.5119
16.0424
15.8049
16.3363
15.6309
15.507
16.2575
15.6362
15.3183
16.2402
16.704
15.9349
15.7807
16.278
15.5284
15.5788
16.0528
14.7317
14.012
14.5481
15.0107
15.7901
16.4697
15.9101
15.3033
15.5597
16.2682
15.9052
15.7397
16.0434
15.7265
16.0953
16.3555
15.7808
15.8959
16.4394
16.0923
15.5649
15.9046
15.6195
15.1086
15.9311
16.41
15.7587
16.1142
16.5033
15.9008
16.0488
16.3759
16.3787
14.796
13.7938
13.8734
14.8644
15.917
15.6409
15.6038
15.8212
16.3522
16.2192
15.6259
15.636
15.7975
15.9165
16.3747
16.6432
16.0774
15.2912
15.7322
16.0839
15.5212
15.5265
15.7264
15.0926
15.3049
16.3167
16.0322
16.073
16.3777
15.03
13.7179
14.147
15.2549
15.7664
15.8875
16.137
15.4177
15.236
16.5743
16.3082
15.8352
16.0993
15.8015
15.9721
16.0924
15.2304
15.1995
16.1914
16.2828
15.8339
16.1934
16.6328
15.6978
15.7807
16.893
16.0403
15.8342
16.426
15.907
15.5089
15.8312
15.6606
13.9381
13.8587
14.6848
14.6158
15.1218
15.9187
15.4227
15.2993
16.1787
15.6044
15.2982
15.8559
16.1649
15.0717
15.3421
16.4512
15.5594
15.5181
16.1241
15.8694
15.6367
15.5653
15.479
15.6174
15.9199
16.2343
16.1876
15.8477
15.9356
15.8028
15.5831
15.6725
14.1509
13.2634
13.7256
14.0071
14.7047
15.6767
16.0242
15.6775
14.6965
14.4819
15.4416
15.9471
15.3683
15.7251
16.4247
15.9431
15.5954
15.6594
15.9804
15.2165
15.0677
15.6526
15.899
15.3404
15.27
15.9412
15.766
15.1539
13.9372
13.3218
13.7883
15.2404
15.7001
15.7755
16.2257
15.027
15.4758
16.55
15.9806
15.6649
15.4332
15.7812
15.4608
15.3807
15.8321
15.4819
15.1819
15.4873
15.5477
15.6735
16.0443
15.5022
15.4929
16.0729
16.3558
16.0083
15.8015
16.1082
15.6588
15.3739
15.2331
13.6781
13.3308
14.7607
15.436
15.5705
15.56
15.1913
15.5921
15.9653
15.8064
15.8227
16.2649
15.8273
15.543
16.1535
15.8835
15.5051
15.7209
15.874
15.6032
15.2877
15.5358
15.3639
15.6457
16.384
15.4538
15.1973
14.6352
13.3102
13.6581
14.0914
13.4534
13.6339
14.1816
14.9562
15.7012
15.6917
15.5943
16.0235
16.3284
15.6734
15.253
