5.03446
19.7013
20.3397
23.0245
24.5462
22.7508
23.7228
26.9884
27.2922
30.553
16.9476
16.9142
35.6316
34.5441
34.4335
36.3365
36.4677
34.862
34.3525
35.0662
32.5553
31.5961
36.1533
38.5186
37.2322
36.4491
32.8618
31.1148
34.531
37.0672
37.3518
36.8902
36.2812
36.8453
34.9993
34.4163
36.1389
35.4868
34.8475
35.1204
36.0055
35.6532
33.7399
34.3012
35.6996
35.6837
34.1571
32.7858
31.9244
29.509
28.8442
30.1564
33.2679
36.6925
36.7843
34.4394
32.8014
35.4629
38.2175
37.7067
36.7688
34.5298
33.6118
33.2646
34.5692
36.3987
35.9047
36.322
36.2004
36.186
35.3501
35.1117
36.1873
36.2371
35.6328
35.4648
36.5357
36.2037
33.8026
34.6063
36.5437
36.2792
37.0611
36.6253
35.8571
35.729
34.6897
34.9669
36.0231
34.8335
34.8056
36.4864
35.6271
34.0565
35.3157
36.6979
35.1025
34.5316
35.7916
35.8989
34.6422
34.7445
35.8224
35.8802
35.6786
36.2476
36.3848
35.3707
34.057
35.1945
37.1561
36.3227
35.7226
35.5454
32.3353
31.6847
31.1954
30.6279
32.767
31.3883
32.3929
35.3008
35.0232
35.0674
35.622
36.0542
35.8205
35.9215
35.935
34.5191
34.8547
33.8834
33.4102
35.3676
36.4352
36.3881
35.2249
35.6557
35.5802
34.9828
35.4315
36.4491
36.1455
34.9327
35.5549
36.6361
37.1768
36.8963
35.823
35.7795
34.8663
34.3289
36.1579
37.4763
36.1853
35.3957
36.827
38.3494
35.7539
33.9899
35.1574
35.5948
36.667
35.7328
32.9375
31.6822
30.9152
30.7891
31.6787
33.9859
35.7839
35.7245
35.3888
34.369
35.444
35.9415
33.1906
32.2051
32.4501
31.5617
31.2178
32.5198
34.0518
32.9451
33.6672
35.3494
32.9457
31.5557
32.9859
34.2144
33.4102
30.7858
30.6457
31.5273
33.8152
36.2687
35.4528
36.3247
35.5467
34.333
33.5942
34.4834
36.1867
36.3141
36.414
36.8331
36.8609
33.3634
33.2723
37.134
37.5947
36.1893
35.9034
37.1934
34.8384
33.6095
34.6927
35.0723
36.4246
36.5504
36.9645
37.3916
34.5841
33.8301
35.8076
36.0666
36.0809
36.806
35.7596
34.8117
35.6589
35.713
34.0745
34.7917
36.2391
33.9766
33.35
35.1272
36.2378
35.5733
35.0914
36.8216
37.3944
35.7622
34.7814
36.0536
36.9925
35.3926
35.671
35.7724
35.4252
36.7634
36.1814
36.2713
34.9461
31.4204
29.9814
30.185
29.6556
31.3357
33.1862
31.4046
32.5882
35.0054
35.6347
34.7868
35.0201
36.324
35.5366
35.5341
35.1136
34.013
34.356
35.6411
36.8983
36.9795
37
35.6519
34.5537
34.7252
35.2014
35.4956
36.3023
37.5686
37.3322
36.8175
34.356
33.7941
35.6971
36.9638
36.6435
35.9008
36.5851
35.7814
34.5925
35.6792
36.2437
36.4179
36.6126
36.1304
36.0295
35.6589
35.5834
36.5979
36.9994
35.9157
34.1653
33.7752
32.2279
32.2196
35.3039
35.8609
36.3412
36.2575
36.5724
37.5545
35.3832
33.3912
35.2504
35.9137
35.5669
36.9583
36.0672
33.9824
34.4116
35.2044
34.9473
34.2091
32.9832
31.7496
29.742
28.6808
31.742
33.8908
33.06
35.8983
37.7586
37.3783
38.1119
37.6201
35.15
34.1717
35.4566
36.5083
34.4317
34.5925
36.7505
36.3049
36.0588
36.4804
37.0343
36.1866
34.7735
35.1105
35.6462
35.4547
36.665
37.4693
36.051
34.6464
35.1007
35.2206
35.2069
36.5898
37.4251
36.3683
34.7054
32.7708
34.3885
37.2703
36.4671
36.0133
36.9099
36.3881
34.1221
34.5656
35.0939
33.325
34.205
37.0069
36.0763
33.8547
33.5903
35.4095
35.9015
36.3326
36.6508
36.1291
35.9596
35.1111
35.2361
36.2089
35.9383
35.1989
35.8436
36.622
35.0816
32.5924
31.6761
32.6595
31.3431
30.4062
32.4823
34.0339
35.0527
35.3494
36.3023
36.2549
36.3709
37.6286
31.6271
30.8185
35.8558
36.3465
36.1644
35.8983
36.3168
34.8718
33.583
35.228
37.2891
37.435
36.3207
36.1899
35.6544
33.4325
34.665
36.3689
35.3488
36.7728
36.1638
34.8778
34.617
34.3342
34.6512
35.6633
36.5243
36.5972
37.6357
35.8064
33.2491
33.9766
35.9124
35.9777
36.1239
37.1237
35.1179
33.5559
33.3467
34.7729
35.2454
34.9052
37.0199
36.1193
34.568
34.9479
35.1933
35.9738
36.2766
35.6341
36.406
37.674
35.6691
34.9077
36.1703
35.517
34.4329
33.6281
31.0936
28.547
29.3285
31.002
33.5649
35.9803
36.5597
36.6797
33.8261
33.3812
35.8333
35.4799
34.9663
34.9406
33.8564
33.8409
34.6278
34.9534
36.5537
37.1637
36.6979
36.9433
36.1285
35.0336
34.6362
35.5448
34.7729
34.6729
36.4637
36.0633
34.4614
32.8364
33.4102
34.8924
35.6176
36.7188
35.9157
35.6722
36.4412
36.4884
35.6646
35.0428
35.1531
35.529
34.9565
34.263
35.4767
36.3418
35.5733
34.6843
35.3301
36.4073
30.4813
30.1832
33.8261
32.3583
33.0115
33.7035
32.9935
30.7253
31.8051
33.4711
32.0179
32.0415
32.1787
32.692
31.3077
31.745
35.8667
37.2557
36.4917
32.1559
32.3227
31.3996
29.6547
31.5239
31.228
32.524
35.3001
35.7143
34.522
33.9778
33.5031
34.7723
36.6515
35.7769
35.5612
34.8669
33.869
34.8195
36.0659
36.7911
34.8535
34.918
35.825
34.9077
36.0263
36.5604
36.0341
37.0954
37.5573
36.1083
34.8912
35.4641
36.4564
36.0179
36.0978
34.2425
33.9922
34.7102
34.7947
36.5912
35.7034
35.1871
37.037
37.1948
33.493
32.6963
34.114
34.8408
35.9984
36.3828
36.7067
35.495
35.0447
36.4511
37.1264
36.6059
35.4723
36.0308
35.6799
34.5985
35.7788
35.6761
34.8608
35.279
36.3326
35.9189
33.8255
32.9755
31.8355
31.3431
31.5587
31.8355
31.8172
30.3573
30.8299
32.9153
34.9217
36.9843
36.9535
32.699
31.6521
34.6753
36.1788
36.622
37.2495
37.5763
35.1352
33.6089
34.9926
35.9842
36.2799
36.9672
37.4406
35.7775
34.6512
35.7462
35.5032
36.0887
36.6093
35.6665
36.167
34.7494
34.2747
36.2135
36.2312
36.4657
36.9624
35.9661
34.8462
35.9596
36.8311
36.3769
36.6059
36.9809
33.8072
32.2888
33.5126
35.0662
37.0659
36.6294
36.8121
35.9842
35.0416
34.4287
34.6711
36.1867
36.0757
36.7363
37.0975
35.7679
35.4899
34.6891
34.7602
32.7638
32.0544
31.956
29.6182
28.7327
30.8756
34.9314
35.065
35.7277
36.4471
35.5429
35.4811
35.1087
35.7162
35.0005
35.0281
36.1056
34.8038
34.6765
35.0816
35.8352
36.8202
36.88
36.0959
36.4186
35.671
34.1898
34.7349
35.692
36.7715
36.7931
36.5517
37.4357
36.1272
34.6879
34.7192
35.3101
36.4644
36.4073
36.865
36.6529
34.4596
34.0727
35.5189
36.4538
37.2919
37.3511
37.2342
36.1853
34.2624
34.3212
35.9396
36.7755
36.1494
36.049
36.4365
34.6566
34.534
36.6919
36.0438
35.9751
37.2031
36.8033
35.9331
35.1253
34.5024
35.4447
36.9488
36.6421
36.4113
36.9816
35.9719
34.5931
34.3855
31.6216
29.8864
31.7511
31.4283
30.1782
31.6837
34.1221
35.7699
35.7513
35.7827
33.5177
31.2417
31.0969
31.2027
31.8238
32.6792
31.6476
30.3822
30.8856
32.2591
33.1862
32.8726
32.7493
33.6717
35.2088
35.7929
35.9408
36.7053
37.271
36.5323
36.0471
35.0128
34.9028
36.4744
37.7394
35.8712
35.5082
37.0982
36.4246
34.6777
34.6135
36.357
36.8046
36.7498
34.8712
33.5115
34.5369
34.3778
33.5976
35.5006
38.184
38.6705
38.038
36.9515
35.3107
34.976
35.8083
36.9358
37.0521
36.6925
36.9802
34.9302
34.4299
36.9024
37.0666
35.8545
32.1916
31.3465
28.7728
27.1091
30.828
34.4691
37.0652
36.6757
35.6697
34.8026
34.4175
34.9852
36.2174
36.7256
35.3488
35.7686
34.253
31.9234
34.462
37.1775
36.4199
36.152
35.8777
34.0194
33.502
35.4296
37.386
36.547
35.7782
36.4385
35.2616
34.5042
35.6144
35.8019
35.9965
36.1285
35.8166
36.3075
35.9809
35.033
36.6046
37.4371
35.3995
35.6595
36.8365
36.1723
35.4001
35.9402
36.3042
35.8751
36.0887
35.1124
33.5942
33.1708
35.1877
36.7478
35.1173
35.6952
36.7836
36.3742
35.536
35.1921
36.3253
35.7041
33.5109
31.6016
31.3593
31.6231
31.7244
33.4024
35.0275
33.5334
32.0574
30.553
29.8196
29.9972
30.0323
31.002
30.1618
28.4953
28.3776
29.2475
30.2586
32.9018
35.0963
35.0557
34.5985
35.4189
36.2424
36.355
37.0666
36.8026
35.8455
33.8032
34.2519
36.0302
35.2317
35.5057
37.1726
37.4686
38.1913
36.957
34.2384
35.197
36.7202
36.1037
36.326
36.5785
35.105
34.6608
35.9234
36.5437
35.8892
36.4186
36.6341
37.0124
35.591
34.2149
36.3293
37.0865
35.4101
35.1407
35.6964
35.9855
32.2523
31.7642
36.6616
36.4166
35.9066
37.0535
36.1487
35.2908
35.2529
35.3926
36.5657
37.3357
37.1948
36.497
34.9235
35.0447
35.6367
32.2191
30.6466
31.8857
31.6116
31.1342
31.976
34.0803
33.9357
34.382
36.1696
36.8161
36.4405
33.6689
34.1647
35.6792
34.5489
35.1716
36.3795
35.4264
34.65
34.5346
34.2149
34.4287
35.4818
35.6424
35.7692
35.5587
34.437
35.1803
36.2424
35.6716
34.6242
35.5461
36.7681
34.8554
35.2442
37.1257
36.5063
36.0549
35.2497
35.3213
35.7827
34.8742
35.4039
37.0542
35.429
34.6099
35.9421
34.8675
33.1505
33.7633
34.5232
34.8705
35.8699
35.6386
36.0946
35.2435
34.2636
35.8115
35.9906
35.2423
35.7763
35.6481
34.1956
32.0492
30.0774
31.6131
35.2945
34.9498
33.305
34.2695
34.6705
34.5614
34.5072
33.5841
33.1279
32.7751
33.953
35.9312
36.0114
35.4359
35.6818
36.8148
35.3157
31.9163
32.8991
36.9467
37.6258
35.7692
35.8802
34.9999
34.2495
33.3211
34.0211
35.7264
30.8494
31.9642
37.4259
36.9611
34.8475
34.1688
35.5847
36.3432
36.6952
35.6278
35.5942
34.9877
33.5926
34.918
36.222
36.3881
36.7931
36.7242
35.7718
34.4187
34.9211
36.9167
36.5811
36.0386
36.0127
34.31
33.3344
33.8244
34.6747
36.0295
36.6374
35.4108
35.5
34.1939
32.7204
34.5991
35.9028
36.2188
36.012
36.5143
36.1083
34.236
34.776
36.299
36.1259
36.2424
33.9824
30.5092
27.6052
28.2334
31.0573
32.7091
34.6099
35.7558
35.671
33.2375
33.4431
35.7456
35.4679
34.5012
35.5461
36.0341
34.7409
35.1921
36.0985
35.7769
35.4912
34.9192
35.4956
34.6813
34.3436
35.8938
36.1644
36.493
36.3168
36.1167
35.1093
34.9791
36.247
36.2011
36.3478
36.1363
33.1285
32.4544
35.0988
36.787
36.7438
35.3926
35.7961
36.0295
35.3532
34.7488
34.4139
34.7035
35.7162
35.5126
35.9777
34.7711
32.6877
35.3282
37.9514
37.7729
36.0907
35.4183
35.6595
35.9635
35.2063
34.7663
35.7239
36.5517
36.7013
35.977
36.2614
35.8777
34.5805
35.7302
36.2096
35.483
34.6218
33.6734
32.788
32.5478
33.4001
31.0776
30.0084
30.5288
31.0308
32.9712
34.042
34.5525
36.2273
36.9734
34.9834
33.295
32.2523
31.4901
32.0005
32.668
32.7557
32.7547
33.561
31.8031
30.2778
31.6151
31.9729
33.8043
36.1775
36.1141
33.0688
32.2518
35.0816
36.6428
35.7916
35.5303
36.6508
34.8311
33.8272
35.4158
36.1056
35.6964
36.7175
36.3293
33.0289
32.5516
34.1886
35.5038
35.2001
35.5448
37.1051
35.2535
33.9616
35.0355
35.8596
35.8166
35.4421
34.9981
34.9975
34.5292
34.9266
34.0855
34.3613
36.2161
36.2109
36.515
35.2305
34.4157
35.7801
36.6502
35.7277
36.2175
36.8847
31.6256
31.1153
32.5733
30.954
31.1134
30.2056
30.2065
33.7376
38.1818
38.6168
35.7507
35.2175
36.6892
35.9777
34.053
34.6951
35.1395
34.8943
36.5811
36.6643
36.2739
35.5101
35.0619
34.3477
35.3008
36.3181
35.5499
36.3036
36.3954
33.9668
34.6705
36.5584
35.4773
36.2595
36.5898
35.8051
35.0183
34.7772
35.5986
36.1337
35.6983
32.8143
32.6525
34.1886
34.7264
34.4661
34.7048
36.9406
35.8551
34.9522
34.7488
33.0726
33.3923
35.412
36.3656
36.1657
36.2588
36.4272
34.7403
33.0344
33.7365
35.2131
34.8475
32.3185
30.4136
29.0318
28.551
30.8523
31.3799
32.3567
35.9654
36.495
34.7633
33.865
35.5208
35.3826
34.2407
34.9345
35.184
34.0901
34.31
36.8446
36.2746
35.6201
37.0879
35.8944
33.7764
33.923
34.9156
35.8738
36.9768
36.5077
36.4405
35.6894
34.918
35.5284
36.0698
35.9041
35.3582
35.8218
35.3394
34.5632
35.3407
36.2096
35.9318
35.9991
35.3638
33.6627
34.3083
35.9447
34.9168
34.5238
34.534
34.8961
34.9333
34.1192
34.9241
36.1481
36.1402
35.2945
35.5101
35.823
34.7506
34.7693
35.9357
35.926
35.5575
35.4139
32.6004
30.7977
30.063
30.9191
31.9315
30.9962
33.9127
36.3088
34.7313
34.8912
34.462
34.1688
36.2529
36.7384
35.7993
34.7029
35.2522
35.4988
34.3832
35.3582
36.9501
36.3168
34.8189
34.1641
34.2384
33.9662
35.1253
36.7222
35.657
33.4035
33.7576
35.4108
36.5885
36.622
35.8442
36.1998
34.9828
34.0472
35.1339
34.3466
32.0569
31.3151
31.6181
29.5617
29.0411
31.6406
32.7182
32.4081
33.0923
34.6362
35.4704
35.1587
36.3465
37.4118
36.5932
37.386
37.7323
36.1801
32.6062
33.0814
36.2483
36.3967
36.1474
35.3801
35.1766
34.6765
34.7313
30.8642
30.6485
36.1939
37.47
36.9031
35.3713
34.973
35.6812
35.0551
32.2471
30.4076
30.1878
29.3746
29.5029
30.7569
32.8472
35.9337
35.8912
34.353
33.7353
34.1146
35.6398
36.0913
36.5597
36.7282
35.6627
35.0367
34.4976
35.1525
36.4425
36.4451
35.6818
35.6964
36.5137
34.0849
33.0164
35.6761
37.5397
36.0432
35.8198
34.219
31.1221
31.3785
33.4024
34.9296
34.7602
34.839
35.2038
32.9088
33.0398
36.785
38.1221
37.8537
36.326
34.8396
34.6981
34.0455
34.0814
35.5967
36.5303
36.1821
35.1451
35.0005
