7.8365
114.273
121.08
129.5
107.475
105.235
117.268
119.225
106.661
97.8282
100.005
110.455
111.788
88.234
75.8236
75.123
93.7383
74.9288
77.7061
110.834
110.205
128.7
69.0894
53.4416
56.7311
68.9251
78.4991
79.3053
93.9099
84.8248
100.766
116.11
120.055
134.716
108.82
112.873
145.719
137.656
130.745
96.4832
88.8297
17.5897
17.7464
123.16
135.907
131.484
119.439
112.644
112.988
124.719
131.475
114.712
113.327
120.041
123.191
125.4
84.9618
89.4534
138.188
142.643
139.169
137.552
137.429
137.675
141.884
144.404
133.36
130.847
129.879
130.967
133.413
122.722
125.4
127.332
129.921
129.408
131.165
128.966
129.341
108.637
96.1538
123.426
122.903
104.075
115.015
129.249
134.409
132.398
130.455
133.2
135.364
131.917
124.58
127.413
124.262
125.51
132.406
130.319
129.391
127.959
130.984
137.703
130.005
129.811
134.021
133.333
126.342
122.459
117.647
114.168
127.714
136.584
132.767
129.308
132.784
124.116
128.189
135.658
135.071
141.243
126.239
121.743
128.477
134.165
133.413
129.074
125.078
128.535
138.36
141.995
120.941
120.453
140.796
128.394
109.379
109.403
127.551
128.899
122.429
125.604
125.125
128.436
128.427
128.304
132.767
134.562
132.485
126.35
127.616
136.482
141.995
137.268
128.115
122.722
130.225
132.732
134.129
138.284
125.431
123.054
125.557
126.534
102.15
101.466
132.442
134.075
130.702
135.281
120.38
119.14
138.658
130.762
122.055
128.766
138.16
134.075
130.157
133.708
136.864
130.745
132.573
130.073
134.165
140.076
127.706
108.838
101.926
116.788
125.423
119.717
123.191
123.923
131.036
133.654
132.127
135.796
137.429
134.183
125
130.856
133.494
135.419
138.648
132.371
127.959
129.483
129.509
133.165
139.694
135.962
129.066
127.324
130.676
131.7
123.153
125.526
116.959
106.855
118.934
127.405
134.445
140.321
132.24
123.556
132.074
136.064
124.626
127.235
128.775
134.889
137.014
134.962
133.467
132.635
132.873
134.499
133.815
124.821
128.09
134.998
132.864
115.022
114.85
121.803
128.403
132.319
130.319
134.345
130.787
129.024
133.511
131.952
126.08
126.887
95.3334
95.1792
129.98
122.699
116.932
117.834
115.234
121.374
128.883
113.559
94.7688
98.6631
110.132
94.7104
97.4042
117.834
115.028
125.723
127.218
116.598
124.852
137.061
140.371
125.818
123.221
134.98
141.683
131.225
129.769
130.378
123.686
133.896
130.107
122.272
129.618
134.544
123.411
116.191
118.737
113.482
110.908
111.776
115.674
110.412
105.876
117.295
129.224
127.755
108.707
105.882
119.154
122.108
124.463
118.666
100.492
103.557
115.701
114.364
110.357
110.156
115.627
118.991
119.218
128.025
113.347
112.076
122.745
117.474
121.029
117.226
126.807
135.962
122.692
110.662
110.717
125.81
133.985
133.262
129.87
130.659
132.926
132.031
136.305
137.58
134.735
131.251
128.609
125.455
125.636
127.796
129.383
128.263
132.319
130.438
125.953
132.935
130.796
131.199
132.67
134.291
130.659
128.634
132.214
135.163
136.064
126.175
130.634
135.814
133.129
133.023
135.511
131.917
127.984
128.758
123.716
123.993
131.208
126.31
129.777
138.131
131.044
132.6
138.744
128.568
124.401
132.205
129.567
123.229
128.205
137.419
128.982
129.433
136.221
134.291
129.517
127.478
136.221
137.988
131.996
123.97
127.146
123.931
124.316
123.267
114.824
122.093
133.627
137.893
129.091
122.257
122.526
130.617
132.829
131.277
129.609
122.669
125.557
137.589
133.165
123.755
123.701
114.397
118.071
132.705
137.184
124.108
123.533
120.243
106.27
117.786
122.1
122.287
127.324
129.693
126.622
116.306
123.762
131.926
137.864
124.688
114.11
123.085
132.855
133.797
123.153
120.236
121.544
129.887
132.617
135.584
134.237
134.219
137.95
132.705
110.877
110.724
135.199
129.811
129.374
132.336
134.753
128.816
119.36
113.462
115.774
132.424
128.033
123.648
127.21
129.803
137.174
137.979
121.64
110.241
119.46
131.07
137.419
121.374
113.039
119.904
117.98
113.424
117.034
128.808
130.77
130.933
133.511
133.77
132.354
123.388
120.751
127.316
124.062
119.133
124.355
124.86
128.502
135.511
127.747
124.813
126.67
131.631
130.745
126.135
128.725
111.514
110.394
126.024
129.525
125.337
117.021
126.646
132.118
124.766
133.574
123.411
106.377
113.707
122.182
110.32
110.126
128.692
134.363
108.096
90.2649
76.4175
86.6514
69.6718
69.6088
117.571
115.367
129.099
122.542
115.567
130.327
140.964
133.905
132.17
135.263
134.427
132.89
120.562
119.546
119.682
124.062
130.907
128.296
121.197
121.396
131.079
134.508
127.828
125.031
136.491
138.812
128.213
116.638
121.662
130.191
119.041
124.085
129.174
128.783
121.595
119.962
129.946
126.735
122.918
119.197
125.818
131.7
135.879
131.787
132.679
138.131
138.889
141.313
136.398
134.834
128.477
127.243
135.483
132.538
113.456
112.822
122.669
129.207
132.415
132.67
133.333
133.103
129.862
131.354
135.455
129.433
130.336
129.803
131.079
134.871
139.831
136.584
132.6
131.139
136.129
133.869
125.471
133.618
132.371
128.452
120.817
122.108
126.863
127.632
122.421
124.154
131.622
124.471
126.992
133.779
132.109
133.627
135.272
131.467
137.874
135.511
129.517
128.791
127.316
131.303
142.562
139.159
135.208
139.801
141.633
139.587
133.556
131.156
125.047
120.344
108.637
116.782
130.779
130.582
130.259
126.374
129.458
132.688
139.072
135.053
127.559
127.861
133.574
127.616
129.938
136.249
127.575
122.926
129.124
139.082
141.273
135.575
128.841
125.274
129.116
119.811
107.904
119.847
118.064
117.571
128.37
123.373
129.929
133.44
135.208
141.193
127.291
122.459
135.953
136.752
135.704
130.557
129.358
131.9
134.971
133.77
132.979
134.58
123.145
127.073
128.717
127.567
94.1176
86.5426
120.722
133.967
131.614
133.717
134.318
140.017
144.404
143.184
143.205
140.38
140.144
142.491
144.875
129.458
127.967
131.216
120.562
129.517
134.084
131.328
128.899
127.251
133.717
131.199
127.951
126.056
108.442
109.451
135.227
143.349
132.503
125.929
128.535
129.955
131.735
138.112
136.958
128.584
136.398
134.228
129.191
131.752
123.358
125.156
130.873
127.089
128.642
133.869
126.446
129.333
138.188
142.949
117.22
97.7374
111.284
130.993
138.131
133.752
122.392
115.982
119.048
133.842
109.391
109.908
124.486
112.133
113.967
110.448
116.36
127.243
122.745
104.226
95.7533
99.8253
108.213
105.213
105.535
123.122
117.371
107.648
119.682
124.031
123.977
135.291
142.237
136.78
133.014
126.662
125.597
135.888
136.147
133.842
130.115
127.397
126.518
131.657
128.394
134.174
132.802
126.159
126.255
130.157
129.66
114.247
121.212
132.793
131.363
132.961
129.643
128.205
133.681
130.166
133.502
128.791
125.447
129.685
134.589
130.787
123.327
125.541
122.737
127.885
134.472
134.192
114.39
103.034
118.301
132.24
120.985
119.083
121.507
120.97
125.778
113.276
103.215
115.54
131.13
124.247
122.115
116.618
107.021
112.867
117.467
113.058
111.439
116.077
121.448
115.768
117.151
113.915
101.973
107.51
110.363
110.773
120.286
120.475
122.272
124.131
119.933
119.083
122.933
119.753
110.945
107.354
104.319
110.828
117.682
114.032
110.381
113.759
113.727
116.239
109.848
102.365
120.446
111.508
99.0688
109.866
109.093
110.473
126.855
130.319
122.594
119.175
125.565
132.433
137.005
134.517
128.345
133.138
137.259
133.735
132.162
130.993
127.348
131.7
125.109
127.049
130.608
123.51
118.245
125.07
119.581
111.707
128.18
131.07
131.83
130.302
134.508
127.033
105.608
111.782
129.727
127.243
126.111
130.132
129.719
130.941
134.409
132.127
126.175
126.59
134.508
125.494
120.919
126.719
124.642
127.389
123.877
112.911
118.596
135.823
136.24
138.61
130.599
125.604
131.234
135.08
132.494
130.429
130.685
128.057
127.592
128.65
139.431
133.2
126.896
122.377
124.254
131.036
125.644
126.032
117.199
116.632
118.991
115.882
119.467
119.696
123.831
119.739
125.937
133.023
118.14
119.983
133.023
129.041
122.639
126.406
130.073
133.458
125.102
125.329
125.778
126.287
131.432
135.236
135.814
120.956
120.642
121.389
124.285
133.511
133.236
127.097
126.598
130.37
133.824
123.282
122.85
135.888
136.621
127.812
125.762
131.389
122.542
128.353
130.404
124.564
123.503
120.315
128.394
133.815
136.968
133.085
130.804
122.918
122.003
129.266
130.064
126.454
120.034
132.882
120.077
118.238
130.157
126.502
128.725
134.98
133.77
126.598
136.472
133.663
126.968
123.244
122.167
112.429
101.994
118.49
135.575
110.108
91.1868
99.2556
110.387
108.091
103.552
108.249
118.078
114.758
119.041
122.624
119.225
112.026
114.331
133.565
129.542
105.664
99.8452
113.225
126.968
128.941
129.727
129.149
131.631
129.525
119.346
122.564
126.839
129.567
122.287
124.774
131.813
131.242
134.418
134.382
134.147
126.976
133.129
137.429
136.11
136.138
122.941
113.546
128
130.031
121.058
127.894
125.976
121.899
131.01
129.358
120.642
127.975
127.17
123.847
123.229
122.707
120.424
123.785
134.454
131.122
129.199
127.121
127.049
129.828
128.626
129.576
130.37
127.372
125.408
134.68
137.485
126.502
127.251
131.328
134.544
130.83
125.447
123.213
119.104
115.687
125.063
130.727
126.127
127.421
132.433
134.798
131.415
128.37
117.723
120.613
130.651
130.506
124.891
133.494
133.396
125.762
130.421
129.828
127.738
124.309
125.905
128.246
130.506
120.2
114.699
125.008
126.056
125.447
136.528
133.538
121.877
125.636
133.743
136.472
132.644
127.348
125.905
133.36
135.172
136.277
122.542
124.587
137.713
133.378
129.124
122.205
129.971
125.66
120.795
122.324
120.142
118.064
121.102
134.291
132.696
125.747
129.761
134.725
132.864
125.345
122.79
127.885
130.693
126.095
131.122
134.953
130.993
125.345
126.896
132.258
134.345
123.816
123.092
138.956
134.98
124.494
115.042
126.239
135.722
134.735
129.946
126.678
129.618
131.285
140.915
138.303
133.227
133.422
113.947
110.339
133.941
136.836
130.924
129.366
130.039
133.236
138.255
137.108
132.266
129.601
134.526
136.677
119.796
121.921
120.613
123.617
122.436
120.875
129.45
121.966
128.337
131.778
125.699
123.693
116.469
113.967
119.624
129.324
133.467
129.492
134.273
133.967
135.227
136.407
133.103
133.067
131.372
127.755
125.66
123.335
121.544
116.761
121.714
130.225
132.908
130.48
128.742
129.157
132.97
135.208
124.525
117.502
122.369
140.135
131.449
124.394
131.726
126.47
124.572
132.82
122.182
114.521
117.041
120.33
110.059
109.685
121.242
102.255
100.02
115.433
99.1965
102.234
128.082
112.032
110.072
99.0638
95.9739
114.653
122.579
120.846
113.494
118.842
123.138
113.869
99.8054
108.855
136.286
134.562
133.735
126.751
111.099
121.367
136.444
135.685
134.735
127.356
125.203
129.87
126.719
122.549
122.662
117.599
118.871
128.361
138.764
125.636
124.116
134.78
130.822
134.463
122.242
122.212
133.2
128.246
121.632
119.467
120.026
123.632
119.374
115.908
127.033
115.081
115.294
135.547
136.388
131.83
132.855
129.534
125.219
107.423
103.493
126.263
133.779
135.345
138.523
130.37
129.274
132.057
131.148
130.378
135.511
127.437
119.646
111.458
109.535
123.32
130.276
136.398
128.692
129.074
135.99
137.589
132.943
131.079
130.95
131.787
131.044
122.362
127.992
132.758
133.369
126.783
128.601
123.954
125.196
132.188
128.733
124.247
121.403
124.293
118.399
122.542
127.885
130.719
130.09
128.287
131.735
131.182
132.249
128.717
123.305
121.374
129.074
138.045
131.259
127.146
132.1
135.916
131.492
128.932
128.427
125.96
123.977
126.654
131.173
121.315
112.873
125.826
125.541
113.591
119.076
120.613
123.32
124.471
115.801
122.294
128.254
122.108
115.287
111.919
110.589
103.488
113.656
130.081
110.791
101.978
109.926
111.576
110.975
113.02
111.452
121.677
131.891
123.198
119.19
124.649
117.069
118.399
124.758
119.246
104.69
101.133
115.148
118.97
122.264
121.706
111.117
111.557
111.204
106.112
118.133
123.251
115.794
121.677
93.7207
85.5798
115.567
122.617
120.38
127.747
131.501
131.978
134.962
138.093
134.825
132.732
132.266
132.917
130.89
127.975
127.584
125.953
125.873
130.056
130.285
130.208
123.586
121.929
131.822
127.486
123.97
125.937
127.967
127.959
124.797
122.986
128.016
138.399
137.864
132.749
132.17
133.111
130.822
130.574
133.067
135.437
128.403
125.794
133.209
134.789
124.688
121.19
126.494
127.267
124.977
122.564
115.467
105.285
113.559
130.745
129.074
131.415
133.887
131.002
132.275
133.914
133.851
131.01
131.778
130.327
129.249
