2.26996
8.57589
8.63726
6.64511
6.47878
8.29156
8.38912
8.26125
8.34979
8.45241
8.51901
8.37346
8.33524
8.37395
8.17484
8.17879
7.97731
7.5421
7.57676
8.03274
8.37503
8.40686
8.26993
8.18736
8.13541
8.28648
8.29184
8.20065
8.26378
8.35118
8.36215
7.92001
7.50663
7.58446
8.01484
8.33754
8.29146
8.39162
8.45255
8.40795
8.28449
8.23188
8.42829
8.30931
8.2631
8.31566
8.28524
8.31936
7.97725
7.51705
7.60297
7.94736
8.17337
8.26931
8.30623
8.27657
8.15042
8.15854
8.31183
8.44905
8.20994
8.09556
8.25723
8.19242
8.22578
8.15331
7.6307
7.57117
8.01651
8.37791
8.45784
8.27561
8.15578
8.26235
8.23662
8.31224
8.34794
8.1658
8.24477
8.25771
7.90867
7.40532
7.46692
8.11837
8.31539
8.22155
8.32314
8.15671
8.10777
8.12747
8.20856
8.42978
8.18187
8.12661
8.24562
8.15854
8.18971
8.06452
7.67295
7.53665
7.8392
8.23605
8.32768
8.25416
8.1894
8.08231
8.20294
8.20506
7.95817
7.98059
8.13868
8.23449
7.83411
7.26831
7.45718
7.9653
8.22477
8.17461
8.18679
8.2119
8.06068
8.1151
8.15182
8.24453
8.182
8.06803
8.21781
8.28397
8.34366
8.31622
7.93506
7.63079
7.67616
8.06127
8.40559
8.37219
8.31383
8.27417
8.31048
8.28061
8.22159
8.17007
8.09196
8.27571
8.01828
7.6225
7.24239
7.42994
8.05072
8.00262
8.10169
8.29845
8.23218
8.11092
8.08849
8.13736
8.23669
8.21524
8.19155
8.24871
8.15232
7.65623
7.23275
7.8612
8.42748
8.10097
8.14249
8.11326
8.09284
8.18679
8.14395
8.20052
8.25433
8.14097
8.02513
8.2271
8.2055
8.04596
7.63012
7.31941
7.76693
7.97677
8.05153
8.28665
8.12028
8.11922
8.09081
7.98996
8.23543
8.17695
8.24226
8.22494
8.08463
7.65026
7.11886
7.66046
8.23204
8.01671
8.10025
8.22978
8.19944
8.10741
8.0434
8.23143
8.30303
8.20136
8.10636
8.13428
8.22575
8.13491
7.64991
7.47837
7.91239
8.1582
8.14326
8.22341
8.18934
8.09431
8.1365
8.13901
8.1611
8.0814
8.09075
8.16493
8.10652
8.09841
7.99533
7.82411
7.57656
7.59766
8.07513
8.2738
8.25345
8.06224
7.95298
8.14465
8.01372
8.06559
8.24718
8.11622
8.15511
7.9078
7.49437
7.28369
7.59708
8.0536
8.03248
8.12262
8.16963
8.07702
8.06328
8.07474
8.1362
8.18324
8.05104
8.12833
8.1054
7.82926
7.95355
7.60699
7.37017
7.80921
7.91904
8.07905
8.05789
7.9862
8.14004
8.10925
8.19639
8.01459
8.02079
8.15421
7.96029
7.88924
7.44399
7.34376
7.89285
8.12579
8.16157
8.0664
7.90905
8.02507
8.0252
8.1056
8.1944
8.07116
8.00993
8.05189
8.12206
8.0017
7.85966
7.36293
7.16743
7.87197
8.17946
8.14299
8.04204
8.00685
8.19427
8.03561
8.0066
7.93106
7.85191
8.04525
8.04654
7.57269
7.22982
7.61667
8.04628
8.00612
7.91929
8.03871
8.12242
8.05273
8.11079
8.1661
8.04479
7.92786
8.05091
8.0706
7.87957
7.68282
7.29256
7.43439
8.09281
8.03736
8.02771
8.22375
8.04198
8.02362
8.03045
8.04182
8.07288
8.0234
8.12982
8.06419
8.04263
7.4604
7.00675
7.43837
7.65752
7.66477
7.98681
8.12998
8.0613
7.94108
7.92585
8.12932
7.99258
7.94992
8.11652
8.11741
8.07754
7.84464
7.43627
7.30287
7.68285
8.06608
8.1417
8.01227
7.96524
7.99332
8.02646
7.97693
7.94281
7.92867
8.07555
8.0846
7.78646
7.40151
7.39998
7.96835
7.98015
7.77965
7.99939
8.00054
7.84378
7.87991
8.01716
8.12005
8.02172
7.84695
7.93069
7.85851
7.25379
7.23319
7.59671
7.7505
7.80244
7.88759
8.06474
7.8676
7.88936
8.09186
8.08241
8.11165
7.95896
7.93393
8.08133
8.17481
7.80333
7.22363
7.54842
7.91468
7.86361
8.05828
7.87151
7.83828
7.91665
7.87386
8.01626
7.86065
7.90883
7.96886
7.81885
7.89534
7.60633
7.21131
7.40941
7.82708
7.98476
7.88118
7.80905
7.87482
7.90186
8.11893
7.98432
7.79764
7.90404
7.96515
8.0563
7.58461
6.94773
7.30668
7.75515
7.62451
7.89123
8.0074
7.80059
7.86256
7.95871
8.01035
7.99782
7.89257
8.05059
7.97515
7.78019
7.77542
7.4345
7.2915
7.62436
7.86238
7.95406
7.85923
7.81876
7.9266
7.84132
7.91822
7.89584
7.73709
7.94237
7.95339
7.62082
7.19272
7.34535
7.87296
7.91901
7.91299
7.90454
7.80311
7.83297
7.89481
7.87445
7.83113
7.81806
7.94732
7.92001
7.73389
7.79682
7.54848
7.30207
7.46667
7.62899
7.8057
7.8299
7.77529
7.89166
7.92255
7.96781
7.99859
7.91963
7.99645
7.85543
7.05975
7.01304
7.71162
7.77883
7.78746
7.89048
7.80695
7.79536
7.78698
7.87101
7.87789
7.7167
7.78243
7.91687
8.00163
7.83622
7.54991
7.35657
7.30706
7.53861
7.85737
7.916
7.80799
7.82105
7.78359
7.90276
8.00599
7.8404
7.8814
7.8596
7.84945
7.92176
7.52021
7.10358
7.40576
7.73452
7.77895
7.7496
7.70707
7.74659
7.71974
8.01311
7.98308
7.80059
7.92029
7.91769
7.51563
7.08986
7.42581
7.94294
7.70998
7.74308
8.00304
7.85901
7.84988
7.85136
7.83668
8.00118
7.83745
7.70719
7.89008
7.76147
7.55107
7.22982
7.23495
7.69503
7.80189
7.9477
7.90992
7.63779
7.60332
7.77224
7.8388
7.81335
7.81644
7.76373
7.78789
7.65899
7.43232
7.1506
7.28677
7.75834
7.74021
7.63738
7.66798
7.61713
7.75107
7.90195
7.7637
7.81036
7.9082
7.85614
7.71388
7.19021
6.93758
7.5392
7.86485
7.82121
7.9007
7.92635
7.92368
7.7397
7.87761
7.93919
7.71099
7.69234
7.77532
7.7868
7.14444
6.98978
7.66792
7.78771
7.7465
7.9139
7.90039
7.68625
7.66019
7.76223
7.86114
7.82115
7.64941
7.79478
7.90476
7.72067
7.21243
7.10343
7.66254
7.89148
7.85099
7.86346
7.82708
7.73383
7.67139
7.77532
7.89889
7.81812
7.72738
7.78504
7.73551
7.72275
7.48811
7.16671
7.52228
7.87839
7.7212
7.76974
7.84939
7.83039
7.87386
7.79114
7.73261
7.75609
7.75476
7.73162
7.71897
7.55187
7.16769
7.03163
7.46338
7.77892
7.73042
7.85447
7.72887
7.63196
7.78719
7.78725
7.78449
7.76494
7.75928
7.77309
7.55241
7.28348
7.32217
7.39325
7.61018
7.86683
7.57831
7.58835
7.7704
7.71194
7.74972
7.68897
7.73443
7.79955
7.44147
6.87096
7.16379
7.77662
7.65981
7.67092
7.64105
7.61972
7.6026
7.59327
7.73739
7.79785
7.80765
7.684
7.62826
7.76708
7.72493
7.34492
7.07229
7.22543
7.69971
7.89272
7.72872
7.69231
7.69249
7.69252
7.7891
7.74875
7.69509
7.70757
7.53165
7.05719
6.8962
7.40439
7.78595
7.76633
7.79329
7.81623
7.4868
7.42349
7.68982
7.73359
7.74132
7.70826
7.71641
7.67472
7.57335
7.24709
7.06048
7.29185
7.54654
7.71346
7.67042
7.69953
7.61963
7.73063
7.85315
7.55216
7.4926
7.67342
7.58308
7.45682
7.02208
6.89489
7.40105
7.62186
7.73282
7.79293
7.57831
7.42115
7.64968
7.72541
7.67922
7.73377
7.62666
7.63997
7.29575
6.83228
7.13898
7.49608
7.45204
7.63519
7.74422
7.64912
7.69358
7.58254
7.52063
7.61223
7.51778
7.67289
7.87244
7.57613
7.23827
6.89384
7.05637
7.64777
7.7566
7.64804
7.72657
7.68829
7.55641
7.71391
7.71519
7.7359
7.80506
7.75026
7.39262
6.9578
7.22207
7.7243
7.60216
7.6372
7.70431
7.53824
7.64246
7.73605
7.84255
7.83
7.71343
7.77886
7.70876
7.52372
7.34471
6.95408
7.16851
7.66416
7.59855
7.65943
7.74135
7.58786
7.5832
7.69397
7.36871
7.39932
7.64599
7.59772
7.38858
6.8616
7.01993
7.74635
7.63601
7.46689
7.65155
7.51481
7.45823
7.66234
7.79286
7.54085
7.52547
7.74033
7.73306
7.64272
7.34112
7.01779
7.10495
7.42038
7.56813
7.60957
7.55458
7.51631
7.54518
7.60534
7.57461
7.50973
7.62015
7.71742
7.25932
6.72391
7.09434
7.63898
7.47966
7.5456
7.69198
7.63837
7.52802
7.47915
7.58521
7.5272
7.47331
7.59299
7.58607
7.62369
7.48545
7.0027
7.20529
7.6017
7.45757
7.61293
7.6531
7.4297
7.52621
7.60173
7.46001
7.59832
7.61606
7.4002
7.61435
7.30626
6.88513
7.2653
7.55278
7.59051
7.57837
7.45156
7.43221
7.56178
7.60427
7.58936
7.57556
7.5641
7.6703
7.09152
6.75845
7.38566
7.70469
7.37741
7.38045
7.53344
7.5063
7.5657
7.55687
7.42346
7.44652
7.49622
7.63866
7.6802
7.42121
7.23526
7.05791
7.17239
7.48021
7.56573
7.54458
7.58443
7.47929
7.53736
7.69334
7.44563
7.34107
7.52109
7.53815
7.16456
6.91506
7.24207
7.57909
7.57834
7.59042
7.6221
7.47471
7.41639
7.70496
7.71492
7.39642
7.51366
7.60604
7.61754
7.59376
7.18391
6.91764
6.99709
7.28205
7.5427
7.61177
7.42724
7.43771
7.53835
7.67843
7.57765
7.29113
7.40598
7.35308
6.88769
6.66811
6.98597
7.27024
7.32161
7.51256
7.52287
7.52117
7.54364
7.46854
7.46971
7.47253
7.48089
7.49906
7.46784
7.37526
7.03866
7.01334
7.30274
7.37267
7.45573
7.50661
7.52298
7.49884
7.51818
7.50351
7.44577
7.52188
7.51202
7.19057
6.93902
7.258
7.43893
7.43876
7.6417
7.58863
7.54384
7.4082
7.44901
7.71819
7.49867
7.28014
7.35676
7.29786
7.38738
7.31152
7.01816
7.12921
7.37395
7.33907
7.35294
7.38656
7.35957
7.4591
7.55969
7.42071
7.38651
7.48912
7.44848
7.06661
6.71508
7.08343
7.48587
7.4794
7.44685
7.43105
7.37694
7.3408
7.5342
7.46386
7.34212
7.435
7.43577
7.42352
7.49996
7.00813
6.77975
7.2484
7.39995
7.34115
7.40488
7.39817
7.39432
7.52579
7.54814
7.59097
7.48122
7.27072
7.19966
6.79071
6.73673
7.21428
7.48425
7.48724
7.34673
7.37417
7.41029
7.44208
7.54102
7.43666
7.42743
7.4374
7.27712
7.26831
6.89648
6.83969
7.39579
7.50824
7.44488
7.4179
7.33913
7.3412
7.47848
7.44613
7.27627
7.45495
7.5242
7.07889
6.72332
6.90167
7.21352
7.48024
7.51131
7.42024
7.49311
7.34182
7.39109
7.63079
7.36177
7.21706
7.48072
7.43575
7.25105
7.16545
6.8608
6.77275
7.22395
7.46583
7.28494
7.46826
7.54173
7.37009
7.37151
7.30914
7.30175
7.31098
6.94037
6.5275
6.9981
7.46846
7.33703
7.4544
7.4329
7.29988
7.31807
7.41392
7.62001
7.49454
7.25471
7.3991
7.4562
7.21451
6.89004
6.85617
7.06951
7.42071
7.56152
7.43973
7.32062
7.27318
7.44635
7.45754
7.29395
7.36602
7.44244
7.09741
6.64865
6.86549
7.29751
7.24061
7.2755
7.2758
7.29014
7.3683
7.42628
7.49918
7.37286
7.33374
7.41455
7.41397
7.38948
7.02551
6.57337
6.73181
7.22053
7.35732
7.2994
7.26974
7.39085
7.43334
7.30196
7.34551
7.32791
7.27834
7.24942
7.17628
6.97102
6.96869
7.21043
7.32547
7.37414
7.26987
7.35467
7.39601
7.38618
7.35854
7.35516
7.4025
7.37227
6.93087
6.57467
7.07619
7.37031
7.23157
7.41614
7.38697
7.16741
7.2798
7.3837
7.3244
7.43682
7.37939
7.23673
7.39557
7.05906
6.56498
7.02371
7.466
7.27029
7.34382
7.40316
7.18154
7.31821
7.42027
7.20129
7.27982
7.35375
7.29802
7.33218
7.11797
6.55516
6.78748
7.28459
7.1343
7.20822
7.2873
7.2915
7.3991
7.27646
7.05652
7.21425
7.3046
6.86144
6.56332
6.79519
7.15441
7.28725
7.39363
7.38951
7.29504
7.14722
7.23427
7.43768
7.31708
7.22883
7.44333
7.34373
7.11045
6.72463
6.59568
7.06142
7.3204
7.23796
7.07011
7.17358
7.3274
7.37664
7.44754
7.42575
7.24118
7.14003
6.67171
6.43273
7.07324
7.36334
7.16207
7.28088
7.32673
7.21925
7.23325
7.32043
7.27601
7.33622
7.42418
7.32333
7.23778
6.82557
6.66522
7.03477
7.18135
7.19481
7.32282
7.29123
7.13669
7.1915
7.36315
7.25108
7.12076
7.32901
7.29084
7.12276
6.9308
6.77672
7.06786
7.30906
7.33296
7.29317
7.30415
7.35933
7.37053
7.32593
7.093
7.10836
7.41191
7.14773
6.64878
6.90584
7.22995
7.1386
7.27339
7.27212
7.08491
7.22993
7.3273
7.16733
7.22543
7.33009
7.30058
6.81677
6.53764
6.82874
7.07336
7.27654
7.32298
7.26348
7.30212
7.16951
7.14975
7.40313
7.23901
7.21699
7.37281
7.1614
6.74195
6.52095
6.82675
7.16635
7.36846
7.29818
7.04684
7.15453
7.34376
7.28207
7.27715
7.25053
7.16653
7.20119
7.21282
6.72181
6.56713
6.79482
6.94148
7.24535
7.2755
7.14873
7.29288
7.3807
7.18649
7.17968
7.25048
7.16009
6.96187
6.59294
6.72258
7.05306
7.04786
7.12048
7.20196
7.30965
7.22389
7.21787
7.20173
7.1162
7.14697
7.16681
7.09107
6.8341
6.44432
6.67909
7.22032
7.24614
7.31847
7.29701
7.21548
7.27625
7.18334
7.06874
7.20147
7.22139
7.07534
6.58742
6.47327
6.96299
7.17399
7.19448
7.39711
7.24543
7.08102
7.17386
7.11888
7.11126
7.29357
7.26135
7.07486
6.89933
6.54941
6.60613
7.00771
7.08316
7.03502
7.08366
7.22567
7.24879
7.07414
7.10856
7.22794
7.12913
7.15103
6.61776
6.43416
6.87583
7.0604
7.0825
7.07251
7.21022
7.17293
7.09084
7.18105
7.1183
7.10611
7.17746
7.14179
6.96049
6.65724
6.7383
6.9617
7.03176
7.13745
7.02593
7.02193
7.15149
7.22003
7.108
7.02622
7.00008
6.93138
6.96158
6.7789
6.70192
6.97277
7.03722
6.90336
7.01127
7.14217
7.14408
7.29195
7.26726
7.07862
7.20531
6.97888
6.40387
6.56808
7.19585
7.17991
7.1076
7.13453
6.96086
6.99577
7.20484
7.27191
7.21925
7.16099
7.1104
7.11253
7.00202
6.60845
6.57084
6.90338
7.08381
7.19267
7.11934
7.11599
7.10273
7.08938
7.11324
6.98602
6.95362
6.84226
6.39544
6.61629
7.21863
7.08579
6.94162
6.94833
7.05537
7.05147
7.0933
7.19981
7.01388
6.98712
7.05724
6.66456
6.30835
6.70914
7.10623
7.07336
7.14735
7.05779
6.94915
6.99279
7.05841
7.02728
7.07621
7.05871
6.99198
6.8917
6.53059
6.58235
6.88717
7.05731
