7.78289
38.8018
41.9974
41.0821
40.4694
36.3214
35.5303
35.6913
37.9773
45.3361
38.7822
36.3451
32.8985
33.8409
34.2431
37.2128
49.4389
49.478
48.4121
18.0981
17.6597
43.7886
43.6672
41.2456
43.8452
46.0056
44.7067
43.4641
43.4367
46.277
46.7279
47.2322
44.9661
44.0791
45.5488
45.1661
45.1223
46.4803
47.2266
47.5466
47.7977
47.5907
46.2503
45.9812
46.3607
44.8984
45.3402
47.4102
47.719
47.5443
48.1081
48.308
47.9375
46.7006
46.0532
46.0713
45.7739
46.5452
47.9628
47.489
46.4263
46.5962
47.7088
45.4638
42.2967
43.8673
47.1565
48.1325
47.735
48.3922
48.9057
49.0052
49.7166
41.2967
39.6055
45.2724
47.0146
48.1881
47.6997
48.2253
48.8114
48.7852
47.4518
43.6491
42.3962
46.066
49.4218
47.5851
45.6924
47.5737
47.5116
47.0157
43.5047
41.8489
46.1201
47.3967
47.4845
46.5658
45.4153
46.5463
45.5778
43.2376
40.5819
39.7456
42.7451
41.2201
41.342
44.601
45.2417
45.2499
44.047
44.4909
45.4071
45.3278
45.8232
47.7338
47.4024
48.1754
45.6663
44.48
44.7658
42.1994
44.3538
48.2975
48.3922
47.6429
47.9846
48.7234
47.9893
46.8702
45.5353
45.5208
46.2129
45.4556
46.1744
47.353
47.3675
46.9164
47.7909
46.4005
44.4682
46.5864
45.7237
45.107
46.5095
46.8999
49.1594
49.099
47.0289
44.8441
44.6658
46.8658
48.5166
47.2523
46.8406
48.8305
49.1027
47.453
45.1855
44.0393
45.2448
44.5127
44.9277
46.6581
47.061
44.6598
44.4751
45.7101
44.6269
46.0808
47.4226
47.05
47.5805
49.1075
47.221
45.8316
46.669
48.4801
47.0699
43.4103
45.4752
45.7321
44.3922
45.0491
44.9428
45.1743
43.4141
42.6767
42.936
45.1702
45.9179
45.6538
47.1509
47.9559
46.9428
40.5704
39.2781
40.2164
40.2423
39.6369
38.4645
40.8839
40.7947
42.6876
44.9782
41.4439
41.8953
43.8231
43.6472
42.5559
43.5483
44.8139
43.9667
46.0479
45.2458
42.6876
42.584
42.6348
42.5143
44.3056
44.2096
42.9553
43.7283
40.8138
41.3745
45.6704
45.0948
42.684
44.6369
48.2975
47.9697
48.439
48.559
45.6256
45.7844
47.2858
46.9076
47.9812
48.9165
47.8011
47.8778
46.6603
45.8884
46.2684
46.3092
47.5206
46.6527
46.0649
47.5545
46.7235
46.1106
47.5229
46.9065
45.9908
45.8842
44.5762
43.306
45.4194
47.8149
48.0227
46.7399
46.0214
41.0391
42.4115
48.0943
47.5376
48.4743
48.2358
48.315
50.0801
48.4179
45.297
42.9056
44.1131
48.5025
48.7341
48.4367
47.9122
48.1498
49.9838
46.4598
42.4268
40.8948
40.8497
40.9283
38.4106
39.0008
42.0309
40.6314
39.5593
42.594
46.3027
47.6951
45.5301
45.3001
47.0599
46.4156
46.9991
44.0616
43.1537
46.8154
45.2161
45.4091
47.719
46.4059
46.6244
45.5747
46.0745
45.3659
42.8009
46.7017
48.8007
45.7844
44.3705
46.183
48.9392
47.8103
43.4461
43.4084
45.5176
47.4845
46.9495
46.0501
47.3026
47.0179
46.6777
45.0745
43.123
43.7761
45.7341
45.0582
45.1386
45.6215
46.3059
46.7355
46.1585
43.9174
44.9893
47.2389
47.9893
46.7563
45.5768
47.3261
47.2657
46.3725
40.9635
40.3519
44.2096
46.2332
47.3238
48.343
46.5658
45.6579
45.6007
44.9701
43.8087
43.9938
46.3779
43.9078
43.4405
45.4659
46.6005
46.3049
47.4845
45.1111
43.0867
44.5543
46.1446
43.67
39.6409
37.6067
38.2951
41.2592
38.0909
37.0261
39.1244
41.8866
45.8306
46.517
45.3576
45.8232
46.3725
45.4587
47.2144
46.4382
45.9474
47.471
47.25
46.8977
46.9164
40.6199
38.1825
44.7367
48.6914
48.0561
47.5251
47.6679
49.5258
48.5437
45.3721
43.8972
43.9686
43.9396
42.9553
44.6967
46.9484
47.6451
46.3962
45.9569
47.9616
45.819
43.4622
45.861
48.8007
48.3851
47.5138
48.8174
50.255
48.4531
47.444
45.4411
44.7347
47.6997
48.4778
48.7104
47.7555
46.3156
47.259
47.4879
46.7497
44.5365
45.6444
47.4305
47.5105
47.9386
47.9409
47.4327
46.6614
46.2942
43.6719
43.9715
44.9671
45.1508
47.4046
48.0769
47.6088
47.7703
46.8472
46.3618
46.2438
45.1783
45.8285
48.1963
48.391
47.6724
47.7088
48.04
47.9076
45.1875
44.4356
46.2813
47.1743
48.0065
47.8962
45.5965
43.2788
43.4471
45.1202
42.0566
39.3569
38.8116
40.8413
40.2528
40.3608
42.9083
43.3849
45.9031
43.2115
44.2028
48.187
47.9076
46.9484
46.2909
45.7739
46.8955
48.6476
47.1531
44.6279
45.9569
47.9916
47.1887
46.4533
42.9212
42.4196
47.1765
48.8067
47.6349
47.5082
48.1174
43.6196
43.2657
49.0473
48.676
47.1854
47.0411
46.8143
45.5456
45.7049
47.6576
47.8629
46.9859
46.6548
44.9509
45.0836
47.4327
48.3395
46.215
45.6381
47.0289
47.4496
46.799
47.1298
48.0031
47.4552
47.5794
48.2067
43.1947
41.8349
46.0024
47.1487
47.652
47.3575
48.6216
47.0644
47.0865
47.903
46.7957
47.435
48.3933
49.5516
48.5131
46.4166
44.4336
41.407
41.176
44.0276
46.4792
47.8835
49.4071
49.0461
47.6349
45.9306
43.5085
42.244
39.6833
35.6113
35.6824
41.3078
43.2882
41.1083
41.2244
39.2357
37.8165
38.0481
37.8387
42.5514
45.406
43.9947
42.8302
42.8927
43.0339
41.0534
41.7563
45.1702
47.8927
48.3536
49.0473
47.9444
46.879
47.9858
47.8217
46.9649
46.4414
44.607
45.4164
47.2445
47.408
47.6304
48.3898
46.977
47.1698
47.172
46.0501
46.449
46.1606
46.5084
47.0256
46.6821
46.966
47.6168
48.3419
44.8742
41.4267
44.7447
47.4248
46.9506
47.0334
48.1139
48.6476
47.0954
46.8713
45.9823
44.7007
46.6048
47.1854
46.7891
47.4732
48.2777
45.634
43.9454
45.1702
43.554
45.3515
48.5496
48.2335
47.2813
47.8011
48.025
47.1676
47.8183
46.5538
45.0755
45.9517
47.9294
48.727
48.2521
47.2367
47.5805
47.7943
48.1545
47.6633
45.4318
46.1862
48.5119
47.627
45.4133
46.5604
47.824
43.4565
40.321
38.1526
37.7665
41.2354
41.5809
39.4836
40.338
43.7235
47.0024
45.4256
44.6309
48.0423
49.1147
47.5026
47.7749
41.7964
40.155
44.4395
42.9821
44.481
46.7061
47.1687
47.471
47.6168
47.0124
47.743
48.1209
46.3263
46.3381
47.2512
47.3776
48.2323
48.5084
47.4901
47.1943
47.0732
47.2713
45.8117
44.5822
46.8724
47.7031
47.4947
47.6929
46.2054
45.1947
46.3113
47.091
46.8395
46.4932
46.8713
48.7531
48.1498
47.4192
47.1087
48.1742
44.1647
42.2663
45.8842
47.3855
46.9737
47.8916
45.5913
44.2958
46.4371
46.9307
46.7541
42.8009
42.6448
45.88
47.1676
46.8242
46.0702
46.4403
48.315
45.9253
41.765
44.2507
48.5343
50.5408
50.4643
48.499
47.1476
48.0204
48.9836
42.5116
37.1616
36.62
41.8086
50.1178
47.9662
44.9045
42.0336
41.6424
42.4412
40.1647
42.9627
47.6849
48.2917
47.9042
47.6043
47.808
48.8579
49.6413
47.743
44.3803
43.9425
43.6338
44.1764
44.8491
45.2591
47.6963
47.4789
46.3908
47.2445
44.5494
44.5176
48.1951
49.4157
47.7909
47.2434
49.1606
49.3632
48.8842
44.9327
43.3698
47.0588
46.9881
46.6135
47.8847
48.3957
48.2265
47.0024
48.0077
45.8453
44.7618
47.1642
46.4339
45.3052
47.5071
48.8603
48.6039
47.2333
45.5633
45.527
44.829
45.9823
48.4895
44.0238
42.2761
43.713
44.2988
41.3659
37.31
38.8855
42.0867
43.1574
44.8169
44.5077
44.9924
45.9179
42.3648
39.801
41.0872
41.5852
41.4955
43.0071
44.0577
44.5008
44.6708
42.1541
38.4534
41.7162
46.3135
44.9954
45.8138
49.1207
49.687
48.3781
45.7718
44.9499
42.878
41.6181
41.2643
40.4375
41.7371
44.6987
49.4841
45.4442
42.3316
43.7713
46.2738
46.9759
46.5929
48.1406
47.2646
46.1223
46.1659
44.3991
41.4714
41.3531
43.9068
46.9252
43.9088
44.3813
47.498
47.0312
46.9318
46.4231
44.8732
45.2489
47.8069
47.8377
48.0123
48.7436
47.2355
47.2043
48.5131
46.7935
44.9125
46.3671
48.1545
47.5398
46.2257
46.1681
47.5851
47.5364
47.4834
46.5777
45.2345
46.6396
47.4732
47.3675
47.1932
47.8354
48.5402
47.5082
46.3038
45.4514
46.3156
47.2389
48.4919
48.2521
47.3451
45.3196
45.0116
46.5614
45.7834
46.0257
46.9428
47.2646
47.8515
48.4484
48.7318
48.4766
48.6015
46.6832
45.5757
45.7687
46.8472
48.1012
48.5543
47.2981
45.5042
47.6179
48.8341
45.5892
42.4755
41.4285
42.8504
44.8571
42.6557
42.6767
36.5344
35.2057
40.605
37.2724
38.0793
45.3196
48.7436
49.7946
49.0352
46.9087
46.8
47.5421
44.601
43.3426
45.8547
47.5511
45.7823
44.3017
45.0136
45.6028
47.5692
47.4811
46.3542
46.3113
47.5409
47.1843
43.8049
45.5415
48.2195
47.3698
46.0257
44.9045
45.7676
45.0471
46.1457
46.7694
47.061
49.5209
49.5344
47.4338
48.6772
47.9697
44.8521
43.5825
45.1702
45.7394
45.9422
47.9754
47.2266
47.7566
48.2975
46.5625
45.9601
45.9063
46.5257
48.1986
47.9823
48.1626
48.1475
47.9939
48.0584
46.0808
44.6478
40.7614
41.1684
46.8263
48.1255
49.1582
47.3149
46.6037
46.2203
45.3217
45.4876
46.1404
48.4039
48.3933
48.0862
48.65
45.9074
45.9495
46.7148
45.5384
45.6465
46.5658
46.6092
46.1851
47.112
48.7151
49.5258
47.7111
45.861
46.3295
46.845
45.7018
41.0273
39.5031
43.1183
42.9452
39.692
37.4883
38.6481
43.2582
41.3189
42.3989
46.7585
46.966
48.122
47.4732
41.1675
39.9034
46.1521
47.7692
47.142
45.0319
46.38
47.9111
48.6334
43.536
42.8403
48.2393
48.6879
48.5213
46.8395
46.3521
47.4654
47.1131
47.972
45.8432
44.3125
46.0151
47.1009
47.4237
45.6798
45.4576
46.6559
47.4992
45.5301
43.6262
43.9754
47.6247
50.2437
47.1465
45.0501
44.195
43.0904
42.9212
42.1141
41.7101
42.536
41.0097
43.3586
44.2899
41.4869
40.7249
40.5811
38.9689
41.0029
47.4563
45.775
44.0888
45.0928
47.1065
46.1798
44.8672
46.0702
47.6451
46.3456
45.4484
47.9513
50.1278
49.5332
46.9792
44.4148
43.1192
43.5208
46.101
48.2637
48.1093
47.0489
43.6538
41.5369
42.1505
38.6705
37.8437
42.4241
42.069
40.7681
41.7877
44.5395
48.5555
49.6734
48.8126
44.7417
44.5414
48.452
49.3364
47.4811
46.7672
46.5528
47.0998
45.1406
41.8358
44.7608
47.2032
46.4102
48.6725
49.7983
48.1997
47.5896
48.0781
47.6077
46.4166
44.7477
44.0267
46.0851
47.3138
47.3821
46.582
46.365
48.3559
46.1862
44.2919
44.2733
44.7527
48.4731
47.5862
46.6287
46.9252
47.2746
46.7639
44.2537
42.244
43.9638
48.1603
49.2441
48.2114
47.5658
47.7623
47.3474
44.9499
43.449
45.3999
46.1489
46.8735
45.8222
45.0562
47.335
47.5206
48.6926
48.4531
43.2245
43.9242
47.6179
46.7202
47.4192
48.5496
46.4857
47.2523
48.5932
47.3003
42.8504
41.6302
45.3906
45.8842
47.972
48.4367
45.9306
46.3177
47.278
45.104
45.1559
47.2567
49.2805
49.8219
48.3068
47.6713
40.8288
39.1873
37.9535
37.9269
40.1703
41.4878
40.8188
40.0922
45.0035
46.741
46.0607
45.5176
46.8483
46.4209
46.2417
46.032
45.9812
47.408
48.7128
47.2021
46.3167
44.7427
44.9964
46.1819
47.0356
49.6069
48.765
48.727
48.4437
48.714
46.379
42.7405
45.5373
47.7852
47.7179
47.3171
47.0699
47.3373
47.1076
47.0832
45.0603
43.8039
46.2182
48.9237
47.3709
47.259
47.2981
46.4199
47.5862
47.8572
46.7235
45.9749
44.9873
45.6433
47.5964
47.7749
46.9561
47.6769
47.7749
47.55
41.9472
41.0526
47.0356
48.4555
48.708
47.9559
47.0854
47.7076
47.6679
46.5484
45.7415
43.8712
44.4129
47.3328
48.0457
47.7076
47.2121
47.2735
46.8198
44.8059
44.5414
45.1528
45.2888
46.8132
48.7543
47.5432
45.4514
43.6205
40.808
37.1657
38.0735
43.3398
40.9023
39.9409
40.517
40.8288
41.5472
41.6207
43.5104
43.2994
45.6486
47.8881
47.8057
46.632
46.8231
40.971
39.265
40.6298
43.2386
50.0726
39.7733
36.1998
42.5053
45.7551
44.018
40.8105
39.6346
39.8414
40.9954
41.3121
42.6476
44.0286
41.4027
41.6259
43.0145
44.8974
47.1143
47.9375
48.301
47.5489
47.2746
47.7589
47.1542
43.4877
43.6453
45.9063
46.6461
47.7464
47.2869
47.6009
47.4597
45.7886
47.5726
47.7338
45.6642
45.5291
46.7279
46.5679
45.9074
44.9853
44.3577
44.4959
44.482
45.1875
44.4405
46.581
47.5749
47.2567
50.2197
49.4413
48.4168
47.8103
47.8034
46.3263
43.901
46.4209
49.6845
49.3535
48.1522
47.6315
48.0839
49.2951
48.0492
41.3112
41.3668
43.1826
43.3783
45.5539
41.3223
43.232
48.7638
50.6778
49.028
41.419
41.9314
47.7658
46.9395
45.2991
46.5452
45.2069
45.7907
47.6315
45.9728
45.7038
48.033
49.317
45.1376
45.5986
47.4248
47.6009
47.9237
47.1954
46.7497
47.0887
48.0423
48.7353
48.9776
48.6914
49.3742
48.8556
47.7088
46.3467
43.1816
43.9097
48.1696
47.9329
47.686
48.7436
48.846
46.8702
46.8834
47.3261
45.5125
45.404
47.0068
48.6725
48.98
48.4555
48.4884
47.4823
48.2614
46.9131
44.3862
46.1894
47.6588
48.1498
47.6474
47.5896
47.8652
48.8568
48.8699
46.8461
43.592
43.1648
46.3865
47.5251
47.3855
48.8902
47.9295
47.1509
48.4215
46.9561
44.5722
46.1798
47.4676
48.3664
48.5307
47.5534
48.0434
48.3594
44.8591
43.1611
45.6028
46.6135
47.4654
49.3401
50.4388
48.5637
49.5282
50.6188
48.5755
46.2267
45.8737
45.2735
44.9297
44.3892
40.4924
38.7898
41.7947
45.16
44.1248
45.212
46.9792
47.7338
49.9888
50.1417
51.0817
48.2987
46.066
46.277
43.8443
42.3702
44.7267
47.6849
48.752
47.832
47.9042
47.5579
46.8702
45.5218
44.1306
