10.3223
288.934
497.512
2038.74
2607.56
2923.98
2945.51
3072.2
3194.89
3868.47
4830.92
5102.04
5617.98
5633.8
5698.01
5319.15
5235.6
5747.13
5747.13
5952.38
6349.21
5633.8
4728.13
4830.92
4975.12
4950.5
5141.39
5633.8
6472.49
4914.01
3100.78
3448.28
5555.56
5952.38
6134.97
4975.12
4106.78
3316.75
3105.59
3861
2710.03
2183.41
3210.27
3960.4
4048.58
3838.77
3472.22
4338.39
4683.84
3610.11
3184.71
2344.67
1982.16
2789.4
4357.3
4830.92
4405.29
4830.92
5714.29
5509.64
4854.37
3401.36
2026.34
1851.85
2695.42
4106.78
5181.35
5714.29
6079.03
5714.29
5763.69
6389.78
6329.11
6389.78
6451.61
6389.78
6369.43
6430.87
6472.49
6514.66
6060.61
6153.85
6779.66
6711.41
6622.52
4842.61
4329
5305.04
5865.1
6172.84
6349.21
5797.1
5361.93
5665.72
6079.03
6329.11
6389.78
6410.26
6451.61
3412.97
428.633
416.84
2083.33
2706.36
3663
4878.05
4796.16
3241.49
2805.05
1158.75
1002
2469.14
4854.37
5305.04
5633.8
6389.78
6410.26
6472.49
6535.95
6535.95
6557.38
6269.59
5235.6
3984.06
4282.66
5115.09
5221.93
5089.06
3616.64
3021.15
3389.83
4338.39
4878.05
5194.8
4819.28
4830.92
4310.34
3861
4255.32
3430.53
1408.45
1430.62
3076.92
3442.34
2890.17
2844.95
4424.78
4597.7
4672.9
5449.59
5141.39
5405.41
6172.84
6289.31
6410.26
6493.51
5917.16
5988.02
6666.67
6688.96
6600.66
6514.66
6514.66
4683.84
2906.98
2398.08
3067.48
2237.14
1638
1124.86
1339.58
3062.79
1722.65
1872.66
3944.77
4535.15
4024.14
4149.38
3164.56
3205.13
4246.28
3703.7
2645.5
407
413.822
2691.79
3478.26
4608.3
4914
5277.04
5141.39
3663
3937.01
5089.06
4773.27
5263.16
5813.95
5420.05
3683.24
2773.93
2949.85
3355.7
3407.16
3378.38
3389.83
3361.34
3372.68
265.041
257.036
2614.38
3929.27
4032.26
3378.38
2797.2
2945.51
2989.54
2949.85
2994.01
3091.19
3154.57
3597.12
4000
4338.39
3367
643.708
648.508
3533.57
5420.05
5988.02
6172.84
6250
6289.31
5780.35
5763.69
6369.43
6451.61
4962.78
4750.59
5988.02
5181.35
4201.68
4175.37
2645.5
1187.65
1434.72
4395.6
5089.06
5780.35
3603.6
3294.89
5000
5830.9
6172.84
5698.01
5763.69
6493.51
6493.51
4597.7
3577.82
3690.04
3809.52
3571.43
3496.5
4301.08
4866.18
5141.39
6024.1
5249.34
5012.53
5780.35
5208.33
4796.16
2386.63
1862.2
2444.99
1375.52
1344.09
2820.87
2366.86
2190.58
2853.07
2063.98
1982.16
3344.48
5076.14
424.809
412.116
3960.4
5747.13
6042.3
6191.95
6389.78
6329.11
6289.31
6430.87
6514.66
6514.66
5167.96
3976.14
4123.71
4098.36
3773.58
2169.2
1960.78
2557.54
1503.76
1474.93
2758.62
2314.81
2059.73
3294.89
4819.28
5555.56
5830.9
5830.9
5934.72
5333.33
3144.65
2406.74
3139.72
4264.39
4106.78
3780.72
824.063
834.376
4576.66
5524.86
5882.35
6191.95
5763.69
5730.66
6349.21
6410.26
3401.36
2706.36
3913.89
5263.16
5305.04
5076.14
5633.8
5698.01
5780.35
6451.61
6557.38
6289.31
5128.21
4065.04
3976.14
4424.78
4975.12
5405.41
4854.37
4926.11
4938.27
4901.96
5524.86
5617.98
5115.09
4728.13
5249.34
5714.29
5076.14
4705.88
5277.04
5747.13
5665.72
5235.6
4694.84
5063.29
5633.8
5665.72
5524.86
2114.16
1663.89
2506.27
357.782
354.108
2361.28
1129.94
1189.06
3539.82
4662
5115.09
5333.33
5681.82
6172.84
6230.53
6535.95
6211.18
6134.97
6451.61
5305.04
4683.84
4618.94
4415.01
4608.3
4950.5
4228.33
4184.1
4175.37
3267.97
3883.5
5714.29
5376.34
3372.68
3105.59
4338.39
4115.23
4024.14
4830.92
4123.71
4149.38
2143.62
667.78
700.035
2336.45
3752.35
4056.79
4357.3
4597.7
5509.64
6060.61
4140.79
3649.64
3623.19
3149.61
3164.56
2063.98
1923.08
1108.65
1169.59
3539.82
3690.04
3944.77
4464.29
3058.1
2320.19
2597.4
2735.98
3105.59
4474.27
5167.96
4819.28
4819.28
5012.53
4950.5
4683.84
4842.61
5141.39
5509.64
6349.21
6430.87
5347.59
4926.11
5494.51
5405.41
4434.59
3577.82
3527.34
3539.82
2936.86
3430.53
4651.16
5012.53
5934.72
6079.03
6153.85
6250
6134.97
4672.9
3944.77
4618.94
5509.64
3194.89
2785.52
4282.66
4683.84
3937.01
3759.4
3824.09
3853.56
4016.06
4255.32
4705.88
5263.16
5319.15
5319.15
5830.9
5698.01
3460.21
3034.9
3490.4
3816.79
4889.98
5434.78
5899.71
6097.56
6172.84
6153.85
547.495
532.34
3257.33
2989.54
3294.89
4081.63
5089.06
5305.04
5263.16
5390.84
5025.13
4950.5
5434.78
5633.8
3316.75
3007.52
4545.45
5167.96
5361.93
4901.96
4926.11
4504.5
4016.06
4597.7
5221.93
4796.16
4739.34
5194.81
3968.25
3636.36
4739.34
5633.8
6060.61
6289.31
6389.78
6493.51
5934.72
5988.02
6688.96
6666.67
6493.51
6514.66
6535.95
6389.78
6451.61
6557.38
5970.15
5970.15
6600.66
6430.87
6309.15
6430.87
6472.49
6451.61
6535.95
6535.95
6514.66
5917.16
5917.16
6622.52
6600.66
6472.49
6472.49
6451.61
6230.53
6042.3
6079.03
6250
5797.1
5813.95
6172.84
6060.61
6153.85
5714.29
5698.01
6309.15
6514.66
6514.66
6472.49
5899.7
5917.16
6557.38
6666.67
6289.31
5830.9
5714.29
5115.09
4385.97
4246.28
4424.78
4040.4
4301.08
5347.59
5571.03
5602.24
5586.59
5698.01
5649.72
4819.28
4065.04
4175.37
3105.59
3081.66
4618.94
5181.35
4987.53
4819.28
4842.61
4761.9
5263.16
3968.25
3100.78
3780.72
5249.34
5714.29
5797.1
6079.03
6024.1
5698.01
5555.56
5617.98
5899.7
5361.93
5319.15
6079.03
6153.85
6172.84
6172.84
6060.61
5865.1
5813.95
5917.16
5970.15
5361.93
5405.41
6230.53
6369.43
6329.11
6269.59
5333.33
2070.39
1945.53
4329
5617.98
4987.53
5115.09
4366.81
3273.32
2941.18
362.319
370.37
4608.3
5602.24
3703.7
3120.12
1652.89
1554
2915.45
3072.2
2770.08
2493.77
2706.36
2840.91
3311.26
3690.04
2898.55
2805.05
2522.07
1287
1297.86
2350.18
2642.01
1974.33
888.889
1039.5
3412.97
3669.73
2713.7
1000
1013.68
1336.01
1344.09
2869.44
3590.66
3937.01
4081.63
4098.36
4158
4484.3
5277.04
5291
5361.93
5390.84
5361.93
5141.39
5128.21
5305.04
5221.93
4796.16
4987.53
5571.03
4484.3
4219.41
4830.92
5376.34
5479.45
5208.33
5449.59
5617.98
4938.27
5050.51
3738.32
3194.89
4424.78
5208.33
5347.59
4728.13
4357.3
4796.16
5208.33
4819.28
4115.23
3868.47
3984.06
4175.37
4629.63
5154.64
4166.67
3853.56
4651.16
4366.81
4273.5
4761.9
4938.27
5167.96
5277.04
5181.35
4987.53
4587.16
3883.5
1338.69
790.202
1241.46
3824.09
1870.91
1540.83
1312.34
1504.89
2881.84
2873.56
3533.57
4056.8
3809.52
3327.79
4319.65
4962.78
4514.67
4201.68
4484.31
5154.64
5509.64
5291.01
3466.2
2336.45
2721.09
3558.72
4008.02
5154.64
5333.33
5540.17
4889.98
3976.14
3745.32
4032.26
4357.3
4524.89
4938.27
4629.63
4385.96
5208.33
5714.29
5540.17
5464.48
5617.98
4854.37
4842.61
5714.29
5780.35
5681.82
3968.25
3284.07
4140.79
3929.27
3367
3731.34
4132.23
4310.34
4878.05
4914
4750.59
5277.04
5305.04
5249.34
5277.04
2902.76
2570.69
3418.8
4032.26
5602.24
5934.72
5813.95
5333.33
4662
4555.81
5063.29
5076.14
4854.37
4264.39
4291.85
4901.96
4672.9
4662
4784.69
5128.21
5449.59
4514.67
4032.26
4140.79
4140.79
4705.88
5291.01
5305.04
4926.11
3663
3861
4056.79
3508.77
3623.19
3484.32
3105.59
3205.13
3838.77
4608.3
4854.37
4662
5025.13
5494.51
3745.32
3401.36
2985.07
2994.01
1936.11
1839.93
2677.38
2652.52
3267.97
3508.77
4484.3
4784.69
4938.27
4728.13
4504.5
4587.16
4878.05
5181.35
4640.37
4629.63
5102.04
4545.45
4040.4
4081.63
3787.88
3766.48
4319.65
4842.61
5376.34
5555.56
5405.41
4914
4000
4098.36
5181.35
4008.02
3663
4273.5
4545.45
4651.16
4796.16
5464.48
5524.86
5649.72
4842.61
4566.21
4739.34
5000
5681.82
5830.9
5847.95
5813.95
4975.12
4608.3
3992.02
4089.98
4618.94
4854.37
5617.98
5434.78
5540.17
5649.72
5698.01
5747.13
5847.95
5797.1
5747.13
5167.96
5263.16
5830.9
5602.24
5154.64
4901.96
5221.93
5333.33
4938.27
4866.18
5319.15
3984.06
3676.47
4926.11
5681.82
5970.15
6006.01
5917.16
5714.29
5208.33
5076.14
5509.64
4975.12
4819.28
5305.04
5405.41
202.737
196.85
2010.05
1142.2
1215.81
2214.84
2331
2259.89
2197.8
1800.18
1719.69
3007.52
4705.88
5037.78
4524.89
4040.4
3853.56
3838.77
3571.43
3252.03
764.234
669.344
1897.53
3344.48
4338.39
4246.28
4081.63
4514.67
4357.3
3816.79
3773.59
3891.05
4000
3676.47
3831.42
4000
3868.47
4376.37
4310.34
3745.32
3584.23
3752.35
4255.32
4329
4338.39
4301.08
4065.04
3676.47
3623.19
3597.12
3021.15
2659.57
2865.33
2828.85
3139.72
3898.64
4291.85
4376.37
4089.98
4264.39
573.394
250.125
369.754
293.513
301.386
2290.95
1292.82
1224.74
2777.78
1768.35
1721.17
3846.15
3868.47
4106.78
5249.34
5952.38
4587.16
3241.49
3436.43
3616.64
1101.93
1077.59
3012.05
3454.23
4376.37
4555.81
3868.47
4395.6
4854.37
4694.84
4878.05
4192.87
4024.14
4444.44
4796.16
5249.34
4914
4962.78
5012.53
4494.38
1693.48
1603.85
3395.59
3853.56
2861.23
548.546
536.337
1863.93
1222.49
1412.43
3590.66
4149.38
4555.81
4694.84
4219.41
2594.03
2597.4
1874.41
713.012
852.515
3454.23
2528.44
1777.78
1994.02
2472.19
2820.87
2666.67
2554.28
2808.99
2242.15
607.349
654.664
2945.51
3407.16
4819.28
5449.59
5934.72
5555.56
5649.72
6230.53
5263.16
4901.96
5361.93
5602.24
5681.82
5665.72
5780.35
5347.59
5449.59
6250
6430.87
6389.78
6349.21
6430.87
6389.78
6369.43
6451.61
6410.26
5665.72
5602.24
6153.85
5540.17
5305.04
5571.03
5633.8
5730.66
4504.5
4024.14
4705.88
4651.16
4866.18
5681.82
5154.64
3316.75
3030.3
4140.79
4819.28
5115.09
5420.05
4576.66
3952.57
4597.7
5649.72
5847.95
4878.05
4376.37
4608.3
4878.05
3861
3533.57
3460.21
3144.65
3976.14
5128.21
5102.04
5167.96
5524.86
5665.72
5730.66
5698.01
1662.51
1408.45
2466.09
3200
5181.35
4662
3322.26
3300.33
3683.24
3690.04
3968.25
3731.34
3305.79
2209.94
2283.11
3642.99
4576.66
5420.05
5617.98
5865.1
4255.32
3081.66
3149.61
4000
4395.6
4807.69
4504.5
3466.2
3466.2
4210.53
4640.37
4950.5
5633.8
6006.01
5602.24
5633.8
6269.59
6289.31
6289.31
3838.77
2808.99
1831.5
1693.48
2004.01
1779.36
1984.13
1538.46
949.668
1203.37
2793.3
3378.38
4149.38
5509.64
5347.59
3809.52
3164.56
2954.21
2869.44
2980.63
3565.06
2677.38
2481.39
3478.26
3766.48
4184.1
3316.75
2673.8
2976.19
3067.48
3105.59
4201.68
5305.04
5263.16
4914
5291.01
5934.72
5952.38
5420.05
5586.59
4950.5
4819.28
5952.38
5221.93
5025.13
5449.59
4975.12
4192.87
774.293
678.426
2134.47
3338.9
4016.06
5063.29
4914
4000
4166.67
4048.58
3623.19
4228.33
3868.47
3062.79
3361.34
3891.05
4291.85
5376.34
4357.3
4048.58
4385.96
2861.23
2522.07
3273.32
3937.01
3623.19
2496.88
2500
2551.02
2824.86
2732.24
2317.5
3436.43
4228.33
3738.32
3868.47
3478.26
3502.63
2369.67
1899.34
634.317
664.011
1044.93
741.84
1023.02
1495.89
2522.07
3086.42
3105.59
2828.85
3372.68
3539.82
2954.21
3875.97
5154.64
3752.35
3590.66
5102.04
4830.92
4405.29
4000
4149.38
4830.92
4273.5
4081.63
3802.28
3418.8
3565.06
3539.82
4073.32
5235.6
5141.39
5128.21
4474.27
4081.63
3472.22
3355.7
3696.86
3780.72
3125
2998.5
4357.3
5479.45
5714.29
5167.96
4761.9
5025.13
5617.98
4739.34
3412.97
3521.13
4705.88
5479.45
5780.35
5847.95
5830.9
5865.1
5988.02
5571.03
5698.01
6514.66
6514.66
6389.78
6369.43
6211.18
5747.13
5277.05
3590.66
3200
3883.5
4016.06
4576.66
5376.34
896.861
846.74
3809.52
4098.36
2739.73
2564.1
3278.69
3597.12
4264.39
5128.21
4504.5
4175.37
4184.1
4089.98
4545.45
4255.32
4149.38
4282.66
3284.07
3327.79
4106.78
4000
3831.42
3759.4
3883.5
4106.78
3913.89
4504.5
5102.04
4842.61
4310.34
4484.3
5813.95
6079.03
3284.07
2853.07
4434.59
5277.05
5376.34
5319.15
3533.57
3289.47
4796.16
5464.48
5698.01
5780.35
5434.78
5305.04
4175.37
3824.09
3913.89
4255.32
5747.13
5025.13
4761.9
4310.34
3831.42
3824.09
4282.66
3030.3
2100.84
2551.02
4024.14
4555.81
4545.45
5586.59
5730.66
5747.13
5865.1
5602.24
5763.69
6060.61
5319.15
5000
5586.59
6079.03
6410.26
4761.9
4237.29
4842.61
4494.38
3883.49
4228.33
4761.9
4184.1
4192.87
4651.16
5115.09
5434.78
5509.64
5586.59
5665.72
5747.13
4694.84
4210.53
5089.06
6060.61
6309.15
6410.26
6451.61
528.123
421.496
494.193
590.145
917.011
457.038
568.02
1626.02
2383.79
2143.62
2150.54
2398.08
507.099
480.423
437.158
446.728
306.654
26.4211
28.6107
4040.4
4444.44
5000
4347.83
4065.04
4065.04
3773.59
4048.58
4950.5
5747.13
5882.35
6006.01
5934.72
5025.13
3048.78
2350.18
2954.21
3703.7
3663
4273.5
4962.78
5420.05
5390.84
5555.56
2915.45
1828.15
2309.47
4184.1
3906.25
3690.04
5221.93
6024.1
6250
6329.11
3944.77
2967.36
3484.32
3831.42
3129.89
3231.02
4424.78
919.54
903.751
4597.7
4347.83
3502.63
3597.12
4415.01
4454.34
2923.98
2699.06
3937.01
5000
4962.78
5050.51
5167.96
5012.53
4807.69
4866.18
5181.35
5076.14
4291.85
4454.34
5063.29
5115.09
5797.1
6060.61
6134.97
6172.84
6230.53
6329.11
6369.43
5780.35
5763.69
6329.11
6309.15
6329.11
6349.21
6389.78
6079.03
5813.95
3502.63
2642.01
3316.75
3984.06
4065.04
4228.33
3929.27
3898.64
4140.79
4081.63
3913.89
1988.07
1130.58
496.155
581.734
2594.03
1941.75
1984.13
3944.77
5524.86
5780.35
5917.16
6250
5763.69
4319.65
4545.45
6172.84
6329.11
6191.95
5763.69
5917.16
6389.78
6430.87
6451.61
5917.16
5899.7
6451.61
6349.21
6230.53
6349.21
6472.49
6493.51
2212.39
2111.93
5571.03
5361.93
5405.41
5988.02
5970.15
6289.31
6410.26
6557.38
6430.87
6369.43
6514.66
6557.38
6024.1
5509.64
5847.95
6430.87
5952.38
5917.16
6472.49
5952.38
5714.29
4158
3086.42
3521.13
3944.77
3968.25
4385.96
4444.44
4761.9
5115.09
5319.15
5333.33
5347.59
4819.28
4819.28
5181.35
4555.81
4750.59
5102.04
5076.14
5277.04
5249.34
4750.59
4651.16
4524.89
4807.69
5235.6
4301.08
4115.23
4629.63
5154.64
5333.33
5291.01
5449.59
5633.8
5167.96
2861.23
2534.85
3891.05
3752.35
3062.79
3558.72
4444.44
4192.87
3868.47
3710.57
3514.94
3663
4319.65
4504.5
4464.29
4784.69
5037.78
5235.6
4819.28
4504.5
4629.63
5208.33
4962.78
3067.48
3007.52
4357.3
4484.3
2911.21
2805.05
4474.27
5434.78
4474.27
4201.68
5063.29
5221.93
5376.34
4566.21
4338.39
5063.29
5235.6
5291
5291
5012.53
5115.09
5649.72
5181.35
5012.53
5602.24
5988.02
5952.38
6024.1
6329.11
5376.34
4444.44
4662
5025.13
4889.98
5194.81
5347.59
5376.34
3558.72
3016.59
4008.02
4773.27
4773.27
5063.29
5847.95
5952.38
6060.61
6097.56
6042.3
5988.02
5882.35
5934.72
6097.56
5464.48
5405.41
6097.56
6060.61
6006.01
6042.3
6079.03
6024.1
5813.95
5830.9
5633.8
5813.95
6389.78
6410.26
6369.43
6329.11
6349.21
6389.78
6389.78
6369.43
6097.56
5208.33
5249.34
6097.56
6309.15
358.359
354.045
3407.16
2677.38
1659.75
1722.65
3683.24
3992.02
3003
3514.94
5319.15
5698.01
5952.38
6097.56
4357.3
3710.57
3992.02
4158
3766.48
3696.86
3944.77
3944.77
4264.39
3913.89
2902.76
3154.57
4597.7
4024.14
4065.04
4228.33
4273.5
4938.27
4098.36
3992.02
4291.85
2824.86
862.441
900.495
3215.43
3717.47
4291.85
5063.29
5128.21
5797.1
6116.21
6134.97
6250
6369.43
6410.26
6451.61
5917.16
5934.72
6535.95
6493.51
6430.87
6410.26
6451.61
6472.49
6493.51
6430.87
6369.43
5830.9
5917.16
6191.95
5494.51
5277.04
5617.98
5970.15
6024.1
5988.02
6060.61
6309.15
5847.95
5847.95
6493.51
4796.16
4357.3
5449.59
5000
4454.34
4395.6
4662
5249.34
4750.59
4878.05
5698.01
5681.82
5698.01
5025.13
4761.9
4784.69
4901.96
5277.04
5333.33
4739.34
4739.34
4830.92
4773.27
5571.03
5917.16
3514.94
3424.66
5128.21
4662
4282.66
3333.33
2844.95
2989.54
3407.16
3215.43
3081.66
2915.45
3179.65
4065.04
3976.14
4310.34
5181.35
6079.03
6289.31
4950.5
4228.33
4926.11
5524.86
5617.98
2949.85
2684.56
4347.83
5037.78
5899.7
6250
6230.53
6250
6451.61
4640.37
4282.66
5571.03
6006.01
5617.98
5714.29
6329.11
6369.43
6389.78
6369.43
6451.61
6514.66
6410.26
6389.78
6289.31
4773.27
4424.78
5434.78
5988.02
6172.84
6211.18
6309.15
6410.26
6493.51
6472.49
5970.15
6024.1
6514.66
6514.66
6493.51
6430.87
6410.26
6329.11
6250
6079.03
6060.61
5747.13
5665.72
6191.95
6211.18
6191.95
6349.21
6079.03
5494.51
5181.35
4901.96
4716.98
4683.84
5063.29
5263.16
4376.37
4464.29
5235.6
5390.84
5586.59
4878.05
4807.69
5494.51
5291.01
4739.34
4889.98
5347.59
5037.78
5025.13
5154.64
4694.84
3355.7
3610.11
5540.17
5319.15
5540.17
6134.97
5865.1
4842.61
4987.53
5194.8
4866.18
5154.64
5167.96
4914
4504.5
5089.06
6024.1
6250
5167.96
4672.9
5194.8
4807.69
4926.11
4629.63
4385.97
5509.64
5747.13
5571.03
4166.67
3960.4
5405.41
5970.15
6211.18
6389.78
6309.15
5747.13
5899.7
6211.18
6153.85
6349.21
5571.03
5102.04
5333.33
5405.41
5665.72
6097.56
5390.84
5376.34
5934.72
5115.09
3795.07
2865.33
2739.73
2808.99
2797.2
2890.17
2506.27
2547.77
2781.64
2785.52
3724.39
996.016
990.099
4914
5479.45
5899.7
6153.85
6211.18
3129.89
2824.86
4395.6
4494.38
4914
5617.98
6024.1
6191.95
6230.53
6211.18
6191.95
5847.95
5917.16
6472.49
6514.66
6309.15
6172.84
6269.59
6389.78
6430.87
6349.21
5830.9
5917.16
6514.66
6578.95
6514.66
5249.34
4385.96
4773.27
5361.93
5277.04
5376.34
4938.27
1692.05
1463.06
2881.84
3246.75
3289.47
3861
3913.89
3552.4
3478.26
3752.35
3824.09
4338.39
4597.7
4444.44
4914
5479.45
5988.02
3322.26
2564.1
3407.16
4514.67
4484.31
4728.13
5899.71
5952.38
5194.8
4761.9
4901.96
5128.21
5602.24
6134.97
5681.82
4830.92
5128.21
6230.53
6430.87
6289.31
6134.97
6024.1
5934.72
5970.15
6116.21
5420.05
5263.16
5797.1
5291.01
5235.6
5390.84
5420.05
5524.86
5730.66
5714.29
5449.59
5208.33
5167.96
5586.59
6079.03
6578.95
6557.38
6472.49
6493.51
6557.38
6578.95
6622.52
5970.15
5970.15
6688.96
6369.43
5865.1
5714.29
5952.38
6289.31
5333.33
4494.38
4773.27
3968.25
3558.72
4444.44
4854.37
4301.08
4201.68
4291.85
3642.99
3745.32
4175.37
4524.89
4761.9
4854.37
5665.72
6116.21
6430.87
6451.61
6451.61
6369.43
6134.97
5865.1
5830.9
4807.69
4773.27
5434.78
971.345
825.082
181.094
182.382
2209.94
2932.55
4056.79
3853.56
4115.23
5420.05
6042.3
6230.53
6329.11
6430.87
6472.49
6172.84
6153.85
5633.8
4454.34
4524.89
4310.34
3642.99
3906.25
4385.97
2515.72
2447.98
4210.53
4434.59
3898.64
2949.85
2890.17
2564.1
2832.86
4773.27
4504.5
4073.32
3766.48
4201.68
4566.21
4282.66
4728.13
5141.39
4807.69
4319.65
5012.53
5633.8
4264.39
3731.34
4694.84
4807.69
4132.23
3809.52
3976.14
4385.96
4597.7
5025.13
5540.17
5952.38
6042.3
3225.81
2902.76
4237.29
4618.94
5277.04
5571.03
5361.93
5405.41
5952.38
6172.84
6153.85
6250
6430.87
5865.1
5865.1
6535.95
6514.66
6493.51
6557.38
6557.38
6493.51
6410.26
6191.95
6250
5649.72
5263.16
5235.6
4651.16
4535.15
5012.53
5434.78
5405.41
5221.93
5333.33
5714.29
5154.64
5249.34
6230.53
6369.43
6289.31
6172.84
3514.94
2732.24
3527.34
4385.97
4761.9
4210.53
3968.25
4301.08
4454.34
3717.47
3717.47
4504.5
2923.98
2857.14
555.247
552.334
4024.14
3773.59
3937.01
4962.78
5571.03
5154.64
4662
4938.27
5249.34
5524.86
5154.64
5154.64
5479.45
4474.27
4282.66
4866.18
4950.5
5012.53
5194.8
5319.15
5449.59
4975.12
5063.29
5617.98
5479.45
5464.48
5509.64
5235.6
5154.64
5405.41
5449.59
5376.34
4192.87
4123.71
5277.04
5479.45
5390.84
5319.15
5361.93
5305.04
5291
5434.78
5586.59
5076.14
5208.33
5141.39
4514.67
4750.59
5128.21
5390.84
5633.8
5730.66
4975.12
4716.98
4464.29
4535.15
5141.39
5291.01
5464.48
5376.34
5102.04
4819.28
5037.78
5333.33
4192.87
4115.23
5221.93
5714.29
6250
6349.21
6211.18
5988.02
5681.82
5633.8
5633.8
3853.56
2869.44
3490.4
5037.78
5555.56
5813.95
6042.3
6153.85
6269.59
4405.29
3824.09
4329
4618.94
5076.14
4535.15
4000
4464.29
4464.29
3898.64
4357.3
4246.28
3838.77
3831.42
3944.77
3913.89
3906.25
3853.56
3913.89
4705.88
5305.04
5681.82
5813.95
4385.97
4175.37
4464.29
4424.78
4073.32
4184.1
5102.04
4728.13
3194.89
2083.33
1190.48
1173.02
1449.28
1464.13
2234.64
2816.9
3007.52
2328.29
2614.38
4210.53
4415.01
4705.88
3944.77
4115.23
4184.1
4158
4048.58
4728.13
5464.48
5025.13
5141.39
5235.6
4424.78
3906.25
4662
5390.84
4494.38
3616.64
3780.72
4854.37
5681.82
5665.72
4535.15
4089.98
4640.37
4705.88
4347.83
3752.35
3795.07
4938.27
5899.7
5434.78
4889.98
4504.5
3906.25
3745.32
4357.3
4819.28
4926.11
4273.5
3696.86
4415.01
5076.14
5167.96
5390.84
4329
4073.32
4640.37
5050.51
5649.72
5698.01
5154.64
4739.34
5115.09
5747.13
6024.1
6006.01
672.495
642.467
3773.58
4434.59
4683.84
4264.39
3571.43
4201.68
5633.8
5347.59
5128.21
5555.56
5464.48
5714.29
6289.31
6329.11
5714.29
5464.48
5917.16
6097.56
6024.1
5952.38
6191.95
5555.56
4739.34
4987.53
5479.45
5524.86
5571.03
5494.51
5479.45
5555.56
5586.59
5649.72
4987.53
4694.84
5277.05
5181.35
5235.6
5917.16
6079.03
6042.3
6172.84
6289.31
6153.85
5305.04
5235.6
5865.1
5847.95
5865.1
5263.16
4444.44
4246.28
4464.29
4962.78
5167.96
5277.05
5649.72
5555.56
5586.59
938.967
923.361
5333.33
6230.53
6493.51
6329.11
5509.64
5449.59
5347.59
4395.6
4640.37
5763.69
6191.95
6172.84
6250
6230.53
6006.01
4854.37
4545.45
5494.51
6060.61
6289.31
6369.43
6410.26
6472.49
6472.49
6472.49
5934.72
5141.39
5333.33
6172.84
6430.87
6389.78
6389.78
6269.59
6250
6410.26
6472.49
6514.66
5847.95
5797.1
6472.49
6578.95
6622.52
6622.52
6600.66
6514.66
6369.43
6349.21
6024.1
6153.85
6756.76
6802.72
6756.76
6711.41
6711.41
6622.52
6535.95
6535.95
5494.51
4484.3
4651.16
5361.93
5899.7
5952.38
4807.69
4830.92
5952.38
6134.97
6191.95
6309.15
5847.95
5952.38
6644.52
6688.96
6666.67
6600.66
6514.66
6472.49
6535.95
6493.51
6514.66
6024.1
6042.3
6688.96
6688.96
6472.49
6389.78
6535.95
6289.31
6269.59
6369.43
5602.24
4597.7
4889.98
6006.01
6191.95
6349.21
6472.49
6535.95
6557.38
6557.38
6578.95
6578.95
5917.16
5847.95
6369.43
6410.26
6430.87
6369.43
6451.61
6369.43
6289.31
6389.78
5076.14
4796.16
5555.56
5464.48
5479.45
5555.56
5540.17
5509.64
5494.51
5509.64
4728.13
3508.77
3105.59
3311.26
4219.41
5221.93
4415.01
4618.94
5479.45
4587.16
4424.78
3508.77
3278.69
4175.37
4683.84
4705.88
4716.98
5361.93
4587.16
4008.02
4662
5509.64
5540.17
5089.06
5154.64
5681.82
5714.29
5730.66
5249.34
4210.53
3992.02
4716.98
5449.59
5780.35
5376.34
5479.45
3883.49
3683.24
5602.24
6153.85
6329.11
6410.26
6493.51
6493.51
5970.15
6006.01
6557.38
6622.52
6688.96
6410.26
6211.18
6134.97
5681.82
5319.15
5333.33
5050.51
5434.78
6535.95
6309.15
6269.59
6622.52
6644.52
6622.52
6600.66
6369.43
6309.15
6042.3
6134.97
6688.96
6688.96
6688.96
6644.52
6600.66
6622.52
6578.95
6578.95
6644.52
6153.85
6191.95
6779.66
6779.66
6756.76
6734.01
6711.41
6711.41
6711.41
6734.01
6666.67
6134.97
6250
6849.31
6779.66
6493.51
6250
6230.53
6250
6134.97
4672.9
3558.72
3484.32
3338.9
3220.61
3490.4
3883.49
4310.34
4201.68
3846.15
4228.33
5063.29
4878.05
4987.53
5509.64
5917.16
6309.15
6329.11
6410.26
6430.87
6369.43
6289.31
6079.03
5405.41
5633.8
6389.78
3105.59
2861.23
4950.5
4901.96
4694.84
5277.05
5479.45
4773.27
4597.7
5208.33
5540.17
4962.78
4705.88
4962.78
5194.81
4282.66
4158
5208.33
5524.86
4728.13
4347.83
4914
5586.59
5847.95
5952.38
5917.16
5917.16
6042.3
6116.21
6289.31
5813.95
5865.1
6430.87
6410.26
6389.78
5934.72
5714.29
5347.59
4750.59
4807.69
4842.61
5167.96
5763.69
5050.51
2828.85
2490.66
3696.86
4716.98
5167.96
3906.25
3521.13
3875.97
4273.5
5249.34
5494.51
5025.13
4819.28
4889.98
4830.92
4950.5
5037.78
5319.15
5025.13
5025.13
5167.96
5333.33
5934.72
4098.36
3669.72
4807.69
4807.69
4842.61
5571.03
5509.64
5434.78
5128.21
4716.98
5025.13
5277.04
4901.96
5076.14
5934.72
6211.18
6269.59
5780.35
5899.71
5813.95
5540.17
6079.03
6289.31
6410.26
6493.51
6430.87
6430.87
6557.38
6042.3
6079.03
6711.41
6688.96
6688.96
6711.41
6666.67
6622.52
6666.67
6688.96
6153.85
6153.85
6172.84
5524.86
5555.56
5988.02
6211.18
6289.31
6369.43
6430.87
6514.66
5952.38
5089.06
5000
5681.82
4926.11
4629.63
4524.89
4166.67
4842.61
4662
4504.5
4705.88
4901.96
5509.64
5494.51
5347.59
5305.04
5319.15
5509.64
5586.59
5780.35
5509.64
4728.13
4962.78
5263.16
5277.05
5464.48
4889.98
5154.64
5617.98
4016.06
3616.64
4618.94
5181.35
5665.72
6430.87
6472.49
6472.49
6557.38
6600.66
6578.95
6600.66
6644.52
6079.03
6079.03
6711.41
6711.41
6666.67
6600.66
6493.51
6451.61
6329.11
6042.3
6079.03
5865.1
6024.1
6688.96
6711.41
6734.01
6711.41
6688.96
6711.41
6688.96
6688.96
6734.01
6211.18
6191.95
6734.01
6734.01
6451.61
6410.26
6600.66
6578.95
6600.66
6600.66
6514.66
6079.03
6250
6849.31
6825.94
6779.66
6756.76
6514.66
6042.3
4819.28
4310.34
4739.34
3703.7
3603.6
4889.98
5263.16
5249.34
5319.15
4434.59
3838.77
4444.44
5050.51
5208.33
5012.53
5115.09
5319.15
4914
5025.13
5089.06
4366.81
4319.65
5167.96
5899.7
5479.45
5305.04
4914
4357.3
4866.18
3898.64
3533.57
4555.81
4914
4819.28
4405.29
4504.5
4424.78
4140.79
4878.05
5479.45
5167.96
5063.29
5319.15
5249.34
5194.8
4555.81
3552.4
1836.55
1831.5
4000
4926.11
4366.81
