9.19168
149.745
166.334
173.22
167.799
184.332
182.782
178.635
182.033
192.123
206.825
175.979
159.122
158.529
168.35
188.094
81.4697
81.8364
93.3968
93.0536
172.861
179.26
143.359
110.828
125.29
133.413
150.795
116.693
85.2006
107.997
123.671
137.855
79.1922
72.4218
102.538
84.6704
109.409
163.012
160.578
140.815
154.321
193.48
130.959
86.1698
69.8983
88.0282
137.95
153.811
185.615
172.697
148.622
164.002
177.667
177.762
170.169
151.745
160.668
176.554
200.26
215.031
211.551
206.292
29.3513
29.2989
210.881
221.951
209.446
206.868
219.66
213.972
204.939
194.932
188.947
197.941
211.06
212.789
214.661
210.371
190.422
190.949
190.494
179.469
190.585
194.59
198.079
213.972
212.766
208.943
207.814
207.598
208.877
210.261
210.15
212.97
213.447
199.9
207.018
215.239
199.581
201.959
206.782
184.672
191.902
189.251
181.127
172.756
156.949
182.949
217.132
204.123
182.216
179.614
196.812
205.402
191.773
202.634
206.186
192.012
186.968
188.964
189.304
175.147
164.704
172.473
201.796
171.438
158.629
179.179
188.768
208.464
200.521
192.086
200.803
202.552
206.782
203.687
186.306
192.123
191.608
194.212
215.773
192.752
176.46
197.55
209.271
202.02
204.666
204.981
194.439
201.207
211.26
208.464
213.038
200.08
197.726
200.3
194.628
206.484
200.08
177.242
183.79
182.749
173.145
153.539
153.492
189.952
188.608
177.274
175.039
177.478
191.333
184.672
194.043
212.202
186.898
190.042
215.796
190.223
186.933
219.226
203.066
186.15
201.309
191.883
186.48
199.88
193.33
194.78
198.491
196.618
191.479
184.027
200.501
211.528
197.297
199.322
192.66
196.136
213.607
160.927
152.346
199.74
196.87
187.512
175.392
151.699
146.21
166.833
195.446
198.985
210.748
188.661
176.897
187.846
184.094
177.557
180.424
186.064
191.534
210.46
194.856
191.791
179.937
167.574
185.202
196.213
202.737
207.34
189.054
196.638
205.91
179.791
187.003
185.529
183.15
207.254
195.676
186.532
204.876
209.842
199.501
209.03
202.061
162.219
170.097
201.005
176.85
159.401
184.775
199.74
173.581
179.356
183.857
179.067
191.939
179.34
183.79
220.702
204.939
202.02
211.573
205.233
198.196
186.759
183.756
193.93
202.204
201.877
188.75
171.424
190.078
207.49
188.59
200.421
196.406
181.785
198.926
202.634
186.445
186.619
201.918
189.304
193.798
210.793
201.959
162.311
158.328
180.505
180.099
198.669
187.161
173.265
187.038
160.077
155.485
200.965
201.877
201.552
219.998
197.785
175.5
185.477
210.993
213.083
195.446
200.582
208.79
200.461
205.002
208.986
206.996
204.019
211.416
190.132
170.474
194.875
203.728
190.749
188.306
192.641
204.918
204.645
198.649
186.759
177.054
195.752
208.529
163.092
166.681
181.637
183.554
206.484
188.75
174.459
188.893
184.349
183.033
193.667
188.147
202.86
196.483
184.57
185.408
179.003
177.462
186.168
195.16
210.77
182.632
179.905
205.423
177.007
181.012
155.195
134.372
152.057
167.588
185.202
173.626
161.057
152.567
151.492
139.645
148.765
166.085
159.693
167.168
177.936
193.892
155.678
158.278
181.34
162.973
156.764
165.166
171.233
147.178
151.481
188.413
186.532
181.554
178.476
187.406
146.092
143.565
192.215
184.417
200.321
221.19
214.018
201.959
209.908
195.925
184.57
188.324
182.282
178.174
182.183
167.94
154.19
169.707
196.386
194.59
195.925
216.427
190.042
180.278
175.423
163.052
189.897
202.943
192.994
190.985
178.555
181.521
184.06
195.065
219.901
184.349
174.749
204.374
192.382
182.199
203.355
184.01
181.291
189.627
180.148
195.198
195.963
196.309
209.446
197.258
194.439
209.096
201.796
203.687
200.844
183.537
184.758
169.765
176.196
199.561
180.31
194.704
211.037
187.635
192.141
199.641
175.778
186.707
207.125
215.077
207.018
175.116
189.717
211.416
199.362
203.894
195.008
189.018
209.556
226.398
193.181
168.209
175.608
184.128
201.511
206.996
195.963
208.681
203.853
189.699
201.959
203.604
200.401
183.655
187.688
221.705
175.546
153.87
189.879
198.847
198.768
201.005
178.683
183.117
188.59
191.498
204.499
203.108
206.037
212.698
204.207
201.939
203.915
195.618
200.642
207.254
153.315
157.183
197.375
198.236
198.02
192.474
202.778
211.26
206.59
194.496
201.268
197.961
188.359
184.536
193.013
213.538
186.168
168.251
191.259
161.812
153.163
175.608
191.259
215.378
187.741
179.067
201.126
194.609
189.376
186.759
195.503
208.768
198.059
207.447
209.534
183.52
186.567
209.952
192.53
188.484
201.816
192.567
196.599
206.228
189.915
184.213
192.308
197.746
200.682
192.382
165.207
163.132
185.925
195.618
181.934
171.292
167.56
163.119
183.908
162.549
158.642
193.573
185.943
196.734
209.6
197.863
189.43
191.333
189.807
197.726
205.297
205.782
206.59
200.944
200.22
177.557
182.799
198.847
174.444
183.066
193.761
160.552
150.625
151
166.82
197.844
189.322
184.162
190.042
175.639
170.736
189.125
191.296
177.462
172.936
193.367
162.734
99.7158
103.713
156.752
180.099
193.836
185.822
192.604
214.684
208.899
212.067
216.474
206.526
189.018
181.785
185.391
183.033
168.223
179.759
205.086
191.296
189.753
181.785
178.492
192.79
202.634
209.688
210.482
203.749
200.743
201.268
190.006
192.031
204.625
201.837
212.089
224.997
194.25
189.988
209.446
197.025
185.615
170.853
177.525
206.462
158.516
148.269
165.399
180.261
199.045
189.072
205.677
200.864
194.704
211.349
193.367
185.753
200.02
197.961
186.811
196.464
210.261
174.095
164.136
189.233
197.55
186.933
200.06
208.29
190.84
199.74
214.454
199.144
196.406
212.112
198.02
197.785
209.074
191.004
184.911
179.485
182.232
196.773
190.894
163.172
168.848
170.039
165.631
177.778
175.824
182.665
190.967
208.899
198.551
189.358
176.991
166.376
184.672
200.944
170.285
159.477
188.929
196.098
197.765
185.288
172.682
177.069
179.003
169.047
147.612
165.153
180.131
166.82
168.209
163.948
180.881
191.755
180.359
148.832
135.373
170.75
176.367
153.01
154.679
144.76
146.424
165.057
156.47
162.999
197.433
187.126
168.805
166.016
183.402
180.652
180.799
203.355
209.096
194.269
197.453
215.517
203.832
207.663
206.59
189.663
200.602
206.633
192.585
200.24
207.9
208.138
213.812
201.309
190.386
187.935
193.125
202.593
187.441
184.094
207.577
211.394
187.882
180.391
185.718
188.111
193.181
185.512
190.985
219.13
194.401
173.16
186.15
203.894
209.864
205.402
194.42
194.666
195.446
191.314
179.63
169.837
191.498
201.857
186.916
203.417
198.787
147.798
148.754
170.474
184.877
209.096
195.293
183.52
182.066
181.67
162.707
175.762
191.883
156.14
166.959
165.221
160.862
192.66
185.185
182.05
189.771
190.386
196.002
189.627
180.685
185.219
189.466
196.696
200.08
188.929
187.319
190.06
197.863
204.394
199.362
211.06
219.13
190.204
185.34
206.079
194.175
180.083
170.692
180.294
203.521
206.505
193.181
198.551
201.471
204.897
201.309
178.38
195.389
208.268
164.894
164.772
169.607
162.774
191.369
189.502
189.753
202.388
185.357
175.377
189.645
202.347
207.039
211.015
213.311
205.36
195.771
200.884
202.675
176.196
174.886
180.717
182.399
205.91
190.277
180.603
199.025
199.243
195.332
188.147
190.803
209.82
191.333
193.424
202.184
177.51
179.63
190.731
173.566
178.635
180.897
173.025
190.876
195.676
199.74
204.96
193.05
200.582
211.171
196.812
196.194
191.296
194.288
203.542
197.161
207.168
193.611
175.546
189.699
189.645
189.358
209.93
180.44
172.117
202.984
205.719
196.271
190.821
188.342
191.241
204.96
215.285
193.78
170.721
179.533
202.696
189.663
196.04
192.604
177.92
189.484
201.572
203.48
195.829
189.934
193.536
200.16
196.812
201.369
210.659
185.34
180.914
205.149
198.629
193.424
195.293
195.542
209.49
194.97
191.424
210.993
196.155
195.791
217.557
204.29
177.667
170.765
170.054
191.994
207.426
204.792
200.02
192.271
201.106
179.533
174.856
201.187
198.039
189.09
204.248
185.391
173.536
190.44
168.577
173.958
211.864
191.186
189.125
210.504
204.541
202.881
196.58
199.203
206.271
198.728
190.931
204.144
203.707
185.065
176.991
165.358
185.117
217.841
208.572
193.742
187.301
191.791
193.442
184.027
194.875
213.015
201.471
205.276
206.186
189.645
201.633
199.541
194.137
210.084
210.926
190.549
193.237
185.58
178.619
189.394
157.035
165.03
195.963
203.998
206.569
186.672
191.828
201.005
194.024
202.245
211.082
199.78
207.512
203.666
181.934
178.094
190.967
198.728
198.354
202.511
197.511
202.757
200.642
192.901
190.749
181.703
184.519
196.85
193.761
199.78
188.519
173.974
199.362
190.785
186.029
197.433
175.593
165.262
173.641
185.718
200.26
195.714
190.767
211.26
205.402
194.647
202.799
178.699
177.62
201.837
210.106
208.834
183.268
182.199
188.697
188.076
199.005
212.179
202.881
200.12
207.879
203.293
197.2
184.57
188.964
197.453
187.617
190.985
197.707
188.395
184.894
159.236
166.141
211.372
199.263
183.993
198.02
191.058
189.466
183.891
180.505
178.955
161.577
178.396
182.698
172.667
182.983
192.086
205.318
220.994
203.728
199.322
215.68
206.911
199.263
193.742
187.723
196.676
204.939
198.926
185.477
174.125
178.763
194.761
191.534
196.232
196.367
189.09
187.283
160.424
150.523
146.94
167.224
204.374
199.342
172.801
135.98
146.951
151.745
149.298
178.063
187.776
208.03
208.333
194.894
188.164
176.678
179.34
195.141
203.791
209.644
210.815
210.15
201.511
204.394
217.132
205.74
201.005
204.019
208.464
194.477
182.183
199.442
201.39
199.84
210.305
180.18
145.603
160.501
189.915
190.876
199.581
192.197
200.662
197.746
175.716
168.776
158.604
166.708
177.289
185.977
197.064
190.803
186.168
171.718
176.929
204.228
206.058
201.979
196.947
182.133
194.288
193.199
194.062
212.585
214.546
214.087
203.791
192.567
191.077
208.398
210.371
200.944
197.316
185.048
185.874
200.521
192.92
178.237
196.309
198.354
195.351
210.128
206.868
189.699
174.535
173.943
169.42
172.028
200.341
190.567
180.505
204.415
183.251
174.292
201.349
201.694
202.388
219.467
196.483
194.062
198.314
189.681
188.661
185.805
203.149
209.139
187.617
195.944
214.179
204.019
191.92
201.735
200.2
198.491
214.316
200
199.681
200.08
182.949
191.681
196.04
192.068
207.061
200.481
203.211
196.812
170.926
179.083
194.288
187.477
185.667
178.843
180.701
197.981
191.699
195.81
219.37
201.126
195.848
213.038
200.12
189.394
183.033
182.765
195.618
199.481
205.529
199.86
185.185
183.201
203.335
202.943
203.149
208.834
192.845
203.128
210.571
198.255
204.019
211.663
191.847
184.826
191.369
200.501
204.144
171.38
178.619
164.514
153.858
200.562
186.029
189.107
206.122
176.382
171.644
187.899
196.947
208.203
201.349
189.484
203.5
190.767
182.732
200.602
195.944
201.086
204.082
195.637
192.363
184.655
185.512
194.269
190.367
195.676
202.963
188.235
197.394
188.911
174.611
194.288
207.061
210.349
203.335
188.43
204.897
197.55
164.42
177.289
193.013
184.706
203.645
184.587
179.937
198.708
181.373
186.637
208.899
209.82
200.02
205.423
209.578
196.29
196.909
204.269
192.771
191.314
206.249
214.569
179.276
173.777
197.511
186.846
182.615
196.29
206.228
214.247
196.117
181.934
202.552
195.046
196.155
208.507
191.132
199.74
198.886
190.676
174.948
161.108
162.774
178.063
175.439
167.043
188.573
191.608
185.701
184.604
183.016
190.821
193.461
187.776
194.571
204.248
201.593
194.951
199.064
208.725
194.212
186.864
194.875
187.389
188.271
206.996
187.617
185.219
207.706
200.662
208.485
199.78
187.056
194.761
201.187
211.126
201.086
190.767
205.613
201.715
165.139
163.439
190.512
208.594
212.54
171.233
172.548
185.305
172.786
183.537
147.016
127.364
152.999
189.107
195.523
168.322
166.223
170.838
173.943
188.094
170.648
170.474
165.044
163.948
175.392
168.379
180.766
183.453
179.228
166.681
159.16
179.276
195.944
186.881
162.575
167.42
194.571
158.253
157.171
197.375
186.306
194.307
175.562
153.941
147.743
157.542
199.362
211.528
205.55
201.45
198.098
197.336
201.045
190.676
188.964
186.498
191.902
214.431
193.349
193.106
189.286
168.833
167.14
170.155
163.292
146.951
166.306
191.388
188.324
204.332
157.567
154.226
205.719
172.34
151
156.752
167.294
172.473
143.277
151.918
189.879
189.036
190.585
192.623
196.618
196.175
188.786
201.471
201.654
179.324
186.098
184.383
190.476
210.881
196.986
198.551
193.311
179.678
191.113
200.1
202.901
203.293
