9.68936
61.5877
64.5432
51.0048
51.8659
55.1724
41.3052
50.7048
66.1967
67.5493
57.0174
43.1891
50.5919
53.6855
54.1624
69.1922
76.1876
79.5482
77.679
63.8244
49.1957
56.6107
79.2456
80.3116
80.0608
74.6659
69.684
72.5347
78.4806
21.5003
21.1907
67.9648
60.3901
62.8062
68.918
71.1516
67.3991
66.9972
69.6306
67.0354
64.3376
65.4707
67.6498
67.8725
70.5492
68.7711
70.9799
73.9481
73.295
75.4034
78.0275
67.0151
66.749
74.4158
72.5426
73.9262
73.8225
73.8144
77.0001
76.7489
67.9163
66.0808
73.9208
77.0119
74.7608
74.8447
75.7346
72.6322
75.4091
76.8728
72.6771
74.5629
74.3577
73.8198
75.0723
69.6791
64.8151
68.9227
76.3796
74.2749
71.3063
76.4146
73.9481
69.9154
74.5573
75.5344
73.692
75.1795
76.9704
79.0358
75.8668
67.1908
68.055
72.1813
68.5096
72.0539
77.4984
74.8951
73.7028
73.5835
73.022
74.6687
76.0023
76.2864
75.5915
76.5726
74.1675
68.3948
68.8373
69.4734
72.7511
77.5855
74.9625
73.6648
73.1422
73.3622
77.1813
75.4489
69.718
71.7231
75.9244
72.1917
65.383
65.7419
67.1456
69.0799
73.7327
74.2556
74.5351
74.6826
73.8525
73.9481
73.252
71.883
74.3439
75.7949
72.6296
70.321
70.1927
68.9703
70.4349
75.6687
75.4717
74.228
76.5462
78.1464
73.57
71.1567
75.959
75.9763
74.7887
73.9891
65.0449
64.5578
69.0918
70.0231
72.998
75.6372
74.096
72.7326
74.3163
73.3568
76.2776
75.503
70.6065
69.0489
58.6562
60.0348
65.2443
63.3072
68.5237
68.4018
65.6276
66.5845
70.2963
64.7375
63.6618
67.7209
63.8672
58.6631
56.9071
59.4371
65.5115
72.8969
77.2947
76.6548
75.5972
74.9822
76.1557
75.7318
76.0138
79.5957
75.8639
74.438
76.0138
62.4025
63.9713
73.7545
74.2528
79.1452
71.8494
70.5592
77.0861
76.0514
73.0594
74.107
75.8697
75.7719
76.1789
68.8682
62.6684
65.2997
69.9252
74.5045
76.558
74.8923
73.3595
71.8881
74.9934
76.5462
74.2198
76.1586
74.8615
75.3409
66.4297
62.897
68.0064
72.0513
77.8968
76.9408
77.7575
74.3992
70.3903
73.2789
74.308
71.9916
71.9839
72.3641
74.5601
74.1207
68.7616
67.0893
70.5741
73.2279
71.9218
73.57
76.1528
75.6344
74.3412
73.1422
75.1428
77.0119
65.2784
61.6846
60.7737
61.5972
72.889
72.3668
69.633
71.8959
76.9349
77.2469
73.3568
74.2887
65.3531
63.3413
66.4518
57.9693
60.9088
70.5517
70.326
75.6945
77.3784
74.9934
74.0713
72.8093
75.1738
76.037
71.4082
70.1533
70.2247
64.5786
62.2781
63.2691
67.6476
69.7083
65.2018
65.3766
71.4388
73.3514
72.3118
73.6106
75.9244
76.0254
77.1099
81.7094
79.186
72.3484
67.8035
69.9717
69.4035
68.7711
72.7352
65.2337
62.543
67.3991
67.6544
62.8141
64.2612
64.4309
58.6304
63.2311
63.5566
65.2167
78.4406
81.6793
81.3637
78.232
73.7463
75.5515
77.5555
77.0179
76.929
77.3964
76.0919
73.4754
71.7618
69.2809
70.9975
73.0434
73.8471
76.3854
75.7174
72.5479
70.4275
73.1797
77.5464
75.8093
68.3457
69.5676
76.2224
71.0076
71.3929
74.0138
71.053
74.2666
74.5712
73.7164
74.4602
72.2465
73.47
75.1089
74.8699
74.5295
75.7604
75.5658
72.1631
71.736
68.899
68.4627
72.393
74.8195
77.1903
76.9764
76.8994
76.176
73.959
75.1456
73.6377
72.0046
74.9204
77.1129
74.2253
68.451
66.5336
68.533
72.8677
74.9906
72.1084
73.524
73.8416
74.1207
75.8265
75.7547
76.9408
73.3218
71.8417
74.8475
75.4233
72.0487
69.3073
72.3144
73.8062
71.0934
72.8332
77.3395
73.8716
72.0124
74.9878
73.5916
76.6284
76.5404
72.3511
76.799
77.1724
69.2041
69.2281
73.3756
74.8839
75.6974
77.6066
70.7839
68.6177
73.4781
72.2648
74.6575
78.3976
78.6287
75.6802
75.0751
66.6933
58.651
62.9069
70.0574
73.7817
72.304
70.1016
74.6185
74.6129
72.5347
75.3835
75.2049
76.0225
74.5935
73.5105
75.5059
70.1189
68.62
72.2413
74.7245
77.7998
76.7695
74.94
75.1315
77.3545
75.2276
72.5821
78.1769
76.7607
76.1876
77.0891
69.6864
71.5948
76.7813
71.7772
72.7802
71.0934
65.9979
62.5156
56.8182
63.484
65.8827
64.6224
63.2751
60.4979
61.9694
62.0655
61.9176
64.46
73.8989
76.1412
75.5858
75.3807
75.0553
74.8279
75.985
74.8503
74.6854
73.4997
66.8807
67.5904
71.9424
71.7103
65.8588
66.836
73.7735
71.4158
72.3144
76.9556
76.6783
74.549
72.8093
71.9192
70.7914
66.9232
69.0679
75.7117
75.8984
77.3246
69.3145
67.5973
77.1159
77.1635
77.101
76.9527
76.5287
74.9372
70.7264
71.3318
75.3665
67.4673
67.5083
73.07
72.4848
74.8643
75.7719
75.5259
73.1154
77.0802
75.27
74.438
76.8728
71.9243
70.284
73.1475
73.0007
73.6757
77.1426
73.9071
73.0273
75.5316
73.4781
75.3494
78.5053
74.9485
73.4862
78.1739
77.5134
72.2178
74.6241
71.426
71.4158
76.7754
74.151
74.8895
74.6993
77.6789
78.1953
73.9262
75.6115
73.9344
76.861
78.456
74.1345
73.4943
71.1794
63.3814
65.9979
76.1354
73.2493
71.0732
74.3301
77.6337
78.4468
76.8935
76.5169
75.2304
77.3037
77.0001
72.8969
74.5295
71.518
68.8658
73.6892
74.5545
72.9847
74.6965
77.824
76.9379
75.3352
76.8965
76.2747
79.0733
78.6102
74.297
73.054
71.4822
72.3432
76.6225
75.6372
74.217
73.5456
74.912
73.7463
66.4011
62.1891
63.6173
70.9471
62.8378
61.4571
65.5544
58.8824
63.3092
66.2208
63.5082
68.3714
72.9288
72.4848
75.8236
78.9858
75.6888
74.1565
75.3892
76.6607
75.3267
75.2757
73.014
68.0226
71.7669
74.7245
73.2145
75.3949
76.2108
77.9606
81.5262
79.9073
71.9554
71.2911
74.5462
69.4975
67.2834
68.299
67.39
71.2581
76.7666
76.1238
76.0774
77.4743
76.2573
74.7887
74.9738
71.1642
73.9454
74.3826
69.9888
72.8624
76.0138
71.3241
71.2251
78.2381
75.0356
69.3409
68.0735
69.3529
74.3025
76.037
73.8634
77.2977
78.3791
76.5755
73.7762
74.0357
73.0754
70.6539
73.3649
73.4862
74.9991
76.3825
72.9262
74.4602
76.7607
73.0407
74.7133
79.3588
76.438
75.9965
75.5744
74.8307
72.8173
73.4322
77.1903
75.2417
68.6248
68.9275
74.2032
76.4731
76.9764
73.73
74.4823
77.4954
75.6001
72.5953
73.711
67.8564
68.613
73.7137
71.3343
75.4774
77.8331
74.1098
72.0799
77.8119
78.1464
65.066
65.7289
72.1865
68.6036
74.2666
70.5816
68.7285
72.982
68.5565
71.7566
75.1202
77.679
77.4293
74.4962
75.4603
76.0196
75.0413
72.5058
70.0795
69.1946
66.0175
67.2427
72.0098
74.0604
75.7031
76.5755
76.4263
69.6015
70.1878
71.9269
71.2124
76.4584
77.7847
76.7195
71.8701
56.7456
60.3591
79.7194
77.8483
72.6006
72.9794
72.223
73.1502
80.5639
81.1129
74.6018
65.1869
59.891
63.3774
69.8032
61.7303
59.7711
60.957
63.0457
67.5744
65.987
64.7668
67.4992
74.2777
72.9022
68.8018
61.9809
63.2171
57.6818
53.8677
62.4103
65.606
66.2691
61.1827
63.0895
74.8027
75.0779
71.9062
73.8798
75.1682
75.2502
76.9231
75.3409
71.1693
69.9692
73.1101
75.0328
76.7695
76.0514
73.3783
74.8111
75.933
75.466
77.1992
76.9942
75.8351
75.3182
72.6322
72.2935
70.502
71.7643
75.2814
74.1565
73.5132
70.8642
72.3903
78.5423
75.9359
75.1343
75.2021
72.5663
74.4352
77.5494
74.9513
70.0795
71.9037
73.9919
72.5742
72.6058
75.5544
77.3156
76.8344
77.1784
77.1873
76.9645
76.5404
76.1122
75.1287
74.2556
65.9805
65.783
66.3394
66.4673
75.5601
77.3964
75.0441
72.9102
75.663
75.1343
74.6714
76.8108
76.2079
69.9741
66.5979
67.3786
72.4323
79.7035
72.4192
71.0177
76.0543
77.4413
76.2486
75.1117
75.0976
75.2559
75.7404
76.1934
75.3296
76.0803
77.6367
69.4927
70.7614
77.1188
73.6811
74.3688
76.7636
76.8787
76.3709
76.0514
76.118
74.6714
75.6401
74.7999
68.5542
69.0727
67.9209
65.6771
71.0555
75.2106
73.749
73.6648
76.7048
75.9532
74.2749
73.0941
74.8279
76.1702
75.3069
75.1738
75.2842
72.6929
65.9544
62.4629
67.2857
73.0034
76.7048
76.5814
73.5673
76.118
65.0872
60.6061
70.3655
77.2171
75.7174
71.623
71.1187
67.5539
68.0967
72.9767
75.1033
76.1934
76.118
76.9942
69.6282
58.459
63.595
75.8553
72.8836
74.4657
74.438
63.2591
64.3936
73.338
76.0081
81.1721
82.3045
79.5703
76.063
75.9965
75.8035
72.2152
72.4323
76.4438
76.7695
73.3891
70.1189
71.9554
76.4059
75.5972
75.3949
78.9578
80.8931
76.5374
73.8743
76.1267
74.0138
74.9288
72.469
71.4133
72.1163
70.2543
72.0228
73.338
75.9013
77.6729
72.5216
73.8171
75.706
74.4435
76.4672
75.7978
78.4591
79.545
73.6675
72.1527
67.0107
65.3851
74.0439
75.7777
75.8783
76.8197
73.8525
69.7885
63.8488
63.5546
69.43
73.9864
79.1734
79.1358
69.4589
66.1441
71.0076
74.9794
76.6548
74.9036
75.2955
75.9561
73.959
73.8498
74.9569
77.0208
75.5858
73.3514
73.7028
66.8137
64.189
64.6392
67.7002
77.7303
81.4863
80.6062
76.8344
75.0188
74.9991
75.123
76.8315
75.9157
74.9513
73.6079
74.4629
70.3309
56.254
56.9298
69.1778
72.3511
73.47
74.4408
74.7049
74.5601
77.9362
78.5546
77.0654
79.1515
77.1813
73.2467
72.0591
69.7715
69.2041
73.0434
76.9616
72.7035
68.7026
69.2905
63.8794
64.6935
68.0064
67.5083
67.4718
63.7044
57.4218
56.2398
62.0771
67.8794
73.2842
74.9513
74.6213
71.9088
73.3326
80.7298
81.3901
79.2393
78.1494
77.2201
72.8597
69.3722
72.3615
73.2225
72.2831
76.6548
77.5344
75.8783
77.4114
79.7257
80.6777
75.2078
72.2726
64.6475
64.7585
71.1642
66.7267
68.2571
72.804
75.0638
73.6106
70.9446
74.6324
76.5374
76.9408
77.688
75.4063
77.7273
74.3329
72.2778
73.6784
68.7663
72.2935
77.1545
73.2708
72.7749
73.9618
73.1235
75.4006
78.9609
79.0108
76.5609
73.443
72.3327
72.8969
74.7747
74.3743
69.1659
70.3631
72.3118
72.6639
76.3679
73.4565
74.0713
76.0341
73.5132
74.118
74.9485
79.2205
77.9636
72.8332
70.6614
64.4143
69.1204
78.6411
76.2166
73.9454
76.2253
75.6372
72.1917
75.1541
74.4574
74.3052
76.6107
73.692
74.162
71.8133
68.2501
63.9243
63.2191
69.587
75.2219
78.6627
75.8294
75.9734
75.8121
61.252
60.5987
68.6766
67.9279
72.1032
72.1579
67.1795
61.8908
60.3865
66.7111
71.2276
67.7874
70.8541
72.9847
73.3003
79.1578
74.2832
70.1853
69.83
67.9048
58.536
56.1151
59.8462
63.1154
73.4484
72.2909
69.9986
67.7323
61.5972
67.861
75.8208
73.9864
75.7318
74.9288
70.5567
68.5448
73.4241
75.7748
73.1288
71.7334
71.605
76.5755
77.4323
73.4268
71.1339
73.8471
75.3665
67.2246
64.2364
65.5072
60.4376
58.253
62.8141
65.1317
64.2385
65.1699
65.6879
66.2383
63.2951
63.5425
71.3547
73.9864
70.619
71.7849
76.5667
78.5947
75.1287
73.2225
76.476
70.4821
68.6672
74.5101
71.3369
73.3918
77.1337
76.1499
76.5902
69.6573
67.4559
73.9372
77.997
74.9288
74.9906
74.9766
72.6876
75.9417
79.4029
76.5023
75.466
75.7031
75.4148
74.9709
68.7545
65.4793
68.9869
75.792
75.5173
72.8067
75.4034
73.3057
73.3756
77.991
78.8333
75.0075
74.2914
77.6036
74.8559
74.1043
75.9042
75.8668
74.206
74.022
71.6897
74.4574
79.6527
73.6594
74.9344
78.0793
75.3296
75.9561
78.4806
71.4133
59.8785
61.2145
65.4407
65.8523
71.1086
72.9501
76.4701
79.9233
78.183
76.8138
76.0456
71.6127
69.6379
74.5101
74.4463
74.7999
77.0743
74.3467
74.8055
74.5212
71.7901
70.4052
70.9446
73.8362
72.3275
71.4311
74.5712
76.3097
78.3668
78.6813
73.038
72.8253
71.7669
69.0918
70.6839
71.347
70.6564
72.6454
76.3563
74.3108
75.7088
77.2052
74.6102
76.0948
76.2166
72.8836
67.7277
67.3809
70.3953
66.9658
69.0679
74.5268
77.3844
79.7194
72.3589
70.4275
74.7636
67.2766
65.7657
64.8487
62.5586
65.6491
66.2734
65.0491
67.3333
72.6137
72.2543
69.3987
66.3636
68.2268
67.7622
60.8884
62.5547
70.1287
72.5032
71.0909
70.5642
73.5321
75.985
74.638
75.2814
78.0884
77.7484
76.8551
76.7754
75.4119
73.1154
76.5521
70.917
64.8992
68.5777
69.6816
61.7284
64.0985
74.8111
74.8223
76.5755
75.5858
74.4713
76.6019
73.9317
75.6001
77.7938
73.3192
75.0244
74.3329
68.5448
69.8202
75.4432
76.5257
76.2108
76.1151
73.9864
74.3716
74.0165
75.3864
74.7077
75.7031
78.3361
73.6974
69.9986
71.3114
72.6797
72.2961
75.5658
79.3934
77.1635
74.3522
76.3242
77.4443
76.0312
76.5023
75.8093
72.5347
73.6486
73.2896
66.2998
69.1037
74.4048
75.287
79.6686
79.8148
80.0929
77.2052
73.4673
72.3956
74.4186
75.5458
75.4546
75.6458
73.443
70.9446
68.653
70.082
74.3246
76.8876
78.6504
77.4114
77.6307
77.0891
74.3191
76.6724
74.1675
73.7953
78.0518
72.5689
60.4961
59.5628
68.613
71.9476
74.8027
76.1035
74.0466
76.4
77.4893
74.366
74.7775
73.4295
74.5823
75.4489
71.2606
67.675
68.9893
76.2631
75.1993
74.5101
76.4059
76.4789
76.2311
75.9157
77.0446
76.6989
75.2757
73.8498
72.2256
72.372
70.9346
70.9597
74.4186
76.9616
73.4187
73.7382
76.4965
72.5374
74.7189
71.0858
69.2665
72.5742
72.6058
72.0799
67.2518
65.119
65.6814
71.101
76.0746
76.514
73.9837
64.2529
60.192
67.2721
70.1434
62.1485
66.8204
70.5393
60.781
55.7771
57.506
61.6941
64.9583
70.8491
59.6516
54.6881
65.383
64.7291
64.3335
71.1769
64.9308
59.6054
57.9307
