5.90947
83.5213
77.3694
78.9983
92.2807
90.7729
77.232
79.7862
82.905
63.6274
43.4603
47.7076
74.151
86.3894
89.2857
80.8277
69.0298
69.3626
83.4794
66.8874
66.7267
77.694
81.7728
89.5776
87.5542
73.8607
73.3568
91.6632
89.0036
85.2224
92.2722
97.561
81.4697
75.2219
86.1289
24.4618
24.8228
102.659
93.9805
96.4506
97.9096
66.8338
65.4557
87.3019
86.326
93.0146
103.183
98.7069
90.4936
88.523
95.1656
102.286
96.0615
92.8333
100.392
104.308
100.442
99.3246
101.317
103.702
105.33
103.74
97.9528
95.9095
99.0344
101.015
95.2925
96.3113
94.5716
84.6418
85.4482
94.7598
100.939
98.4058
100.266
100.766
97.948
94.1886
94.9532
96.9039
95.2971
91.5877
92.9498
94.1309
91.5039
95.0525
98.8973
94.1708
85.0376
86.6438
94.3975
98.3671
96.9932
84.1893
82.5389
95.1701
93.3794
92.1999
98.4252
101.235
96.3763
93.362
100.644
98.9903
92.967
97.924
97.8378
86.7717
87.1726
93.1012
94.7553
93.8571
93.4929
96.5857
101.404
102.276
95.5019
98.8826
98.2753
94.5046
89.7344
83.3681
92.6355
99.1375
94.3485
97.2053
95.7396
96.581
94.3619
87.4546
88.5818
82.1659
85.4774
100.417
100.69
99.5966
95.9739
94.8047
95.9141
93.3184
91.5457
92.6226
95.6389
99.8801
97.0308
97.6134
106.135
93.2618
80.9389
87.5848
98.6047
97.4801
94.9442
95.2608
91.2367
85.7486
83.6155
76.8699
80.0576
87.9933
87.0549
84.3135
79.6844
83.3611
87.2372
89.2817
74.3356
67.3242
84.016
92.4727
84.3099
85.6825
96.8617
99.2014
98.7947
104.134
99.0491
92.584
98.7557
99.1867
93.8791
94.2551
94.5537
94.5716
78.3453
73.03
87.4891
101.312
95.6206
92.2978
94.3708
95.4426
99.2704
95.9003
96.3716
94.9307
93.3489
93.9717
99.054
101.693
95.4927
91.7852
94.6522
93.8482
82.1659
83.6085
93.5935
97.371
95.4517
95.039
99.4085
97.8091
90.4691
91.9118
100.857
99.369
92.1999
92.7429
102.407
99.3838
93.9805
97.704
94.4867
85.1898
82.3893
89.1703
97.9432
97.281
92.3617
92.5027
96.4692
93.5979
91.2367
100.513
102.056
98.3865
95.7258
95.388
101.678
98.1836
96.2047
97.9144
92.8074
86.8508
89.2698
95.9417
95.3789
91.4286
92.8031
102.496
99.2999
91.3325
94.8182
100.286
95.9049
92.5326
96.3159
99.9001
98.1306
100.518
100.72
93.2575
95.0164
89.8351
86.6101
91.0871
94.4822
98.4155
98.2415
97.0403
86.9943
86.2701
98.3284
97.6229
94.2063
96.5391
98.3623
98.2608
98.7654
93.6154
90.0455
93.1142
92.6655
84.814
84.6955
95.9509
99.94
97.6467
99.5371
98.1595
97.6229
99.99
97.2952
99.8552
93.985
90.9877
97.2715
99.2605
95.5201
87.0057
88.3665
98.7118
88.2029
84.1609
87.203
87.4623
94.6477
97.1251
88.9798
85.8332
96.5391
100.321
98.3768
97.8953
98.121
97.5562
95.5247
96.3252
97.9384
94.509
96.8195
99.1277
92.885
86.326
86.5464
92.9411
97.0921
97.2999
97.177
99.965
100.226
93.9982
94.0557
99.6165
99.7208
98.227
97.1912
98.2463
96.02
91.8231
94.8542
96.1723
88.1718
86.4267
94.2863
101.015
92.2382
82.6446
91.2242
99.5124
92.6827
87.127
86.5951
85.7449
84.0689
89.7747
89.3735
81.9202
72.2961
74.319
82.5559
78.9952
76.6166
77.9575
74.8363
81.41
91.5122
89.1703
92.7128
93.7339
87.2524
73.6025
77.1188
96.6184
93.0882
83.9666
87.108
86.7303
92.2935
98.1691
87.6885
83.8821
89.1464
91.9709
91.0249
97.0874
99.5619
98.1691
91.7431
91.9244
95.8451
92.5155
94.4109
91.5793
94.8767
96.1585
94.193
87.4623
80.1186
78.0122
76.1847
80.3729
82.8947
84.7853
84.9185
89.214
92.6784
82.5559
83.9525
91.7179
93.2227
95.7625
95.2699
93.5541
96.7118
98.4397
91.6212
90.465
95.0842
98.1065
94.9442
96.8805
96.6651
94.5582
96.8148
98.6582
100.659
97.2053
98.7459
99.5669
95.7213
93.3271
96.367
101.327
99.1818
100.356
100.553
90.6454
83.0841
84.5559
91.1162
96.1492
98.227
91.2534
91.0664
98.7167
98.7362
96.2325
96.1908
96.9227
97.4991
98.0921
98.5076
95.8773
91.7347
92.6784
95.2562
87.5925
77.6036
80.2794
90.5961
89.5536
77.7817
80.1539
93.4361
101.76
98.2463
94.2863
98.9315
100.735
98.5367
98.2077
102.223
99.2162
95.6434
95.8589
99.5173
95.3425
90.7071
95.6892
95.4927
90.6701
90.7235
97.1487
99.8353
100.2
97.8809
97.1912
98.9462
98.5707
99.0099
97.0732
95.4517
95.0706
97.7756
96.7165
95.8497
98.6291
93.2227
75.2644
79.186
95.7258
92.7085
98.8289
102.129
95.6846
91.7515
94.8182
98.4252
101.662
96.3159
95.6297
92.7816
83.9384
85.317
84.2318
81.4299
74.3108
76.3854
84.1893
84.1786
89.7022
93.8174
88.6839
81.5627
81.2051
85.9402
95.6984
97.0261
95.0119
99.6661
100.847
96.5717
94.4198
98.2511
92.9368
84.1468
89.3455
102.464
93.1966
91.3242
103.67
103.061
101.399
96.214
93.1749
97.8187
97.1015
98.1595
100.205
97.9192
101
96.4972
93.0882
92.4129
78.0366
73.1529
88.2068
98.3816
92.584
92.2211
96.3252
98.8045
97.2905
98.912
96.9462
92.4599
95.5749
100.341
100.035
97.4659
100.548
101.122
98.8582
90.6372
82.5151
85.7854
94.1442
96.2835
94.3218
98.121
99.5966
98.6339
94.8497
91.9582
94.8722
92.0683
94.3352
96.1723
89.1623
94.7463
96.0292
96.6324
101.973
88.0049
86.8583
97.5087
94.1886
94.3396
98.7411
99.4728
99.7556
100.386
97.0308
96.3577
96.9462
101.245
92.885
87.2715
100.316
100.467
88.1912
90.2446
94.3485
96.5717
97.4801
90.7977
99.94
96.8664
91.3242
97.7565
99.9251
103.552
98.7849
96.9274
98.9707
97.3757
99.945
101.76
97.7135
94.3263
96.4227
94.2152
85.3934
83.5562
89.6379
97.4184
99.0933
95.9831
93.0146
93.5979
98.7996
96.1723
94.7418
99.8901
97.8139
95.6206
97.6706
98.8142
96.7165
91.083
66.4011
66.6933
89.0155
83.1048
87.1498
100.812
101.446
99.5818
97.6658
96.3623
97.996
95.4472
95.4927
99.0099
99.5074
98.227
98.8045
101.348
95.8911
88.6525
89.7747
95.057
85.9476
86.8395
100.12
101.209
99.3641
95.4472
95.3971
97.078
93.3228
92.7601
98.0681
96.8805
97.4659
97.704
99.3295
104.915
97.4421
87.3286
85.0304
90.9794
93.4317
91.4369
97.9
97.9096
93.9761
98.0969
99.1867
94.8137
93.3489
95.0616
97.177
96.367
96.7961
99.1572
100.472
98.0008
93.5629
92.2637
83.1393
82.3554
90.6372
94.5761
98.9169
101.02
97.6706
82.4436
79.2299
85.0159
89.2658
95.9739
91.5877
90.3791
92.9282
92.2892
81.9403
84.076
93.423
79.1327
68.9204
77.8271
86.3632
88.3587
81.7996
79.9233
94.9938
98.7313
95.0254
94.1974
97.6944
91.5793
89.6218
100.06
103.093
97.3852
92.0133
93.0449
96.6137
94.2063
95.7121
98.5902
97.4706
97.9384
100.1
101
105.247
100.17
94.4644
101.709
94.3886
91.4662
91.4537
91.6884
102.622
94.5626
89.2459
92.7515
94.8362
94.9217
92.885
91.5919
89.5616
89.0155
89.1226
78.2901
83.1393
88.6918
83.1083
85.1607
83.4481
82.4266
86.4379
88.8928
71.9037
76.0832
96.2325
86.7679
79.6686
84.5451
94.9442
88.9957
81.9169
84.4809
88.2613
89.7545
89.0036
91.3325
95.8773
96.2974
95.2653
92.5926
92.6269
88.4682
87.5772
97.1157
101.353
99.8502
95.152
97.0308
96.2047
95.0074
97.2432
101.245
101.092
95.8957
98.1402
99.6562
96.0984
91.4788
97.8187
94.7284
85.3606
86.7416
92.0514
95.7808
94.7643
95.6572
97.8713
95.3925
90.8719
94.0468
100.513
102.512
92.5926
88.4956
97.7469
100.583
93.5454
92.4385
97.8522
88.7981
88.2106
95.0435
91.9879
90.7359
92.0853
96.2371
99.3888
98.868
94.2063
100.145
99.1572
95.1882
95.5658
97.9912
103.53
97.8474
95.8497
97.1581
97.6038
96.4925
81.8867
80.4214
89.4454
89.0036
94.0336
101.235
103.675
102.475
100.781
98.4688
98.3816
98.2077
96.8476
99.4431
100.251
100.402
95.5064
95.5612
105.141
100.985
97.3189
99.231
99.1178
96.6417
88.8494
87.0019
97.9
89.3575
81.8398
86.8169
82.8878
77.1367
81.0373
88.0592
80.2343
76.476
78.2809
79.5735
83.2154
82.247
79.3934
79.4786
74.73
77.1962
91.7515
95.0616
95.5247
100.817
94.9397
95.2426
100.226
97.5372
96.0892
98.2849
99.1572
101.051
99.6363
95.2925
97.972
93.9364
89.7989
85.5286
82.0647
91.1619
98.4737
88.9047
88.3041
96.7914
90.4568
92.0514
98.7069
95.0435
99.4728
103.029
98.1836
95.0029
95.429
93.9099
92.9325
87.727
91.0167
92.1744
89.0789
95.3834
94.8992
96.7118
100.614
97.704
95.5886
94.9938
91.5374
93.0406
97.281
97.4896
94.8002
95.7121
96.8664
94.1487
86.1141
84.2708
92.4385
97.8905
99.3394
96.0846
91.7979
91.0374
93.9541
95.22
94.9172
93.6461
94.3574
97.2526
98.3719
99.295
99.0148
98.044
97.0968
91.6086
92.7988
91.5919
87.7462
96.2557
100.251
98.9707
97.9288
97.144
100.331
92.73
91.8527
102.987
100.766
93.1923
94.1398
101.595
103.236
95.813
81.606
82.3316
95.9647
98.1114
95.7671
95.8681
95.1701
94.4465
94.4555
99.1326
98.5659
91.4453
97.1298
102.485
98.7313
90.8183
90.6166
101.363
100.19
93.6988
96.4692
95.6069
92.0175
79.8053
79.4344
95.6434
94.7733
91.2242
90.3016
94.1487
93.6154
86.8395
91.4746
99.6661
98.6729
94.0822
93.7515
101.704
103.183
86.1104
80.9815
92.9541
93.7075
90.4609
96.9603
100.523
100.528
96.8382
98.8924
98.595
96.7492
96.5997
94.8497
98.3043
96.7914
98.8875
100.99
95.288
89.6539
91.7768
89.8957
86.4977
90.4527
96.6417
97.229
97.4279
98.6972
94.0734
94.2551
90.0942
85.7523
91.8611
98.0777
97.5229
92.7257
94.3797
101.425
88.8612
76.5169
83.0599
92.5155
91.8527
92.3787
94.9893
99.054
95.2562
91.638
89.2538
92.3404
88.0088
76.9438
86.5314
98.4882
82.9566
81.626
92.6612
82.3486
70.3309
77.2768
85.4336
85.6568
87.6117
90.2323
80.3536
73.692
89.6499
99.2507
96.965
99.4777
100.588
100.487
100.115
100.467
98.5707
93.5716
85.8443
81.5594
82.8706
87.6463
89.7747
90.2772
94.8947
99.8702
96.7118
93.7647
97.5848
94.5492
93.7207
97.3757
99.0197
98.9658
97.3283
101.497
96.857
91.6003
97.0308
101.709
92.7128
82.4878
83.8364
86.1698
90.8843
89.5416
89.0432
98.527
99.6165
96.8195
94.9397
97.7708
100.908
97.5039
97.4042
99.6562
98.2077
96.0984
97.9528
98.8533
91.6338
87.4202
92.6526
101.266
92.5455
86.0326
93.3925
96.9744
99.1228
97.4944
96.5484
99.2605
95.1068
92.7214
100.614
102.213
99.4085
98.8093
96.1261
98.8338
101.43
94.8227
82.7541
87.0474
99.6761
95.5749
93.1749
98.6193
101.097
94.5805
95.1882
98.4688
100.664
92.7171
88.199
98.7508
102.187
96.2557
96.7118
94.3396
92.6355
92.9887
84.2567
87.7039
95.7396
96.4088
97.4611
100.15
95.6252
94.5224
98.2753
96.3763
83.9772
83.5213
97.1865
102.307
97.2999
89.5656
93.2488
101.363
100.427
89.8432
86.798
91.4829
97.8809
101.554
97.3331
96.768
95.3016
94.2285
95.5566
96.2094
94.688
90.2649
95.3289
101.849
99.995
96.5298
101.849
96.367
88.5779
86.0289
89.1226
92.6526
89.2419
94.7239
98.912
99.0001
94.8632
93.7383
100.231
101.507
97.3425
100.04
97.1723
97.0544
100.735
97.3378
92.5926
91.1245
91.1369
89.4174
92.6312
97.5277
94.3752
93.9673
95.288
83.619
79.545
88.0824
85.5908
87.0019
89.5215
89.9685
86.8621
81.686
87.8464
64.1601
58.1159
83.3333
89.662
87.5848
72.2152
71.2987
76.5082
76.0688
98.044
93.3968
85.0847
87.8002
88.5152
88.739
89.0115
88.8021
88.2729
90.3914
81.1129
82.0951
98.9169
92.73
88.9719
87.3973
81.5993
78.456
83.0392
85.266
82.9841
87.3401
91.6884
88.9363
86.7641
94.2418
98.4058
90.9463
87.3591
93.375
98.8338
96.5391
96.1169
99.2408
95.1113
89.7304
94.3975
98.3091
97.229
97.5419
98.4107
100.22
97.3662
98.4349
92.0429
85.5213
89.7183
91.0415
92.8031
93.7163
96.1955
98.561
98.2367
99.4382
96.9368
92.7601
96.0061
95.7763
95.8497
100.492
99.2113
98.0825
98.4785
95.7304
92.9066
99.4382
96.567
93.0406
94.1664
89.4975
94.2551
96.103
94.4867
95.2789
99.1326
101.528
96.0246
98.3429
96.0108
90.5141
92.554
97.5943
97.58
92.5626
86.0215
92.5497
100.553
89.1663
88.0553
94.8092
97.5895
93.1272
92.2765
98.7898
100.827
95.6617
94.3485
95.9877
98.7313
96.2464
95.4335
100.105
96.8992
96.5484
98.6582
98.4397
96.4739
96.6744
87.9701
86.704
91.0705
87.4355
94.6074
101.333
100.055
97.4374
96.1169
98.8582
97.2148
94.5314
99.1719
96.9368
96.4925
97.2101
94.3174
100.69
94.5626
85.2442
89.7626
92.5497
95.1611
94.9668
94.585
99.3789
97.5324
97.2432
99.691
102.822
96.6044
87.2448
88.6957
97.4564
98.3671
96.5437
97.2384
96.651
95.6114
88.4682
87.2676
92.3916
96.7867
99.3345
99.7158
100.796
99.5074
95.4973
96.3391
97.3662
90.0576
91.7473
100.105
98.8142
88.3939
84.9365
81.1326
80.6907
83.6085
83.3889
79.139
81.8029
90.269
91.1286
92.0556
78.0518
79.3714
94.3574
99.8153
75.2785
74.2639
90.2731
87.0133
85.8627
87.26
97.9384
88.7981
85.5139
97.8617
98.4058
95.0932
97.0497
98.5222
100.331
97.2573
97.1723
98.8484
95.1837
96.9885
98.2753
98.9315
96.02
88.2223
95.3743
94.8407
88.2068
87.535
87.6002
95.4244
96.4413
88.3236
87.831
95.9923
101.792
98.1788
99.6761
91.6296
84.0371
