14.1305
259.336
388.727
789.889
786.782
801.925
842.815
861.698
889.284
890.472
881.057
891.663
792.393
793.966
767.754
665.779
747.105
822.368
812.348
921.234
958.773
608.273
626.566
1025.12
1124.23
1116.07
1094.69
997.506
860.585
768.935
835.422
1028.81
981.354
954.654
921.234
888.889
955.566
1048.77
921.234
870.322
1004.52
1058.2
1119.19
1132.5
1120.45
1112.97
1126.76
1140.9
1112.35
1042.21
1010.1
972.29
930.665
1020.41
1075.27
898.069
796.813
891.266
248.416
245.068
368.528
378.072
940.734
896.459
950.119
937.207
397.614
404.04
998.004
977.517
894.055
903.342
918.695
916.59
931.966
824.063
648.088
449.843
538.503
980.392
981.354
876.04
773.694
821.693
939.408
896.057
846.74
590.493
315.956
367.309
335.233
288.976
435.445
518.672
714.286
437.35
429.461
719.683
653.595
647.04
364.964
378.931
747.384
776.096
831.947
862.069
574.713
386.698
455.789
617.856
347.645
374.181
741.565
553.557
439.367
475.511
177.462
192.678
437.637
424.088
961.077
1024.59
1016.78
1003.51
1059.88
1055.97
1053.74
1071.24
1062.7
1061.01
987.167
943.396
927.644
875.274
902.935
1014.71
1081.08
1014.71
974.184
984.737
935.454
945.18
1030.93
1046.57
1043.3
919.963
873.744
962.001
988.631
942.507
877.193
864.304
821.693
861.326
971.345
1037.34
1115.45
1140.9
1149.43
1035.73
964.785
1014.2
1075.85
1121.08
1100.72
1003.51
977.995
977.995
895.255
907.853
989.12
1025.12
1024.59
673.627
651.89
984.737
1055.97
1060.45
1078.75
1047.67
1081.67
1140.25
1035.73
951.022
988.142
1036.27
1040.04
985.222
869.187
940.734
1056.52
1007.05
964.785
954.654
1003.01
1028.81
939.85
914.913
1026.69
1088.73
1098.3
1026.17
789.266
801.925
1047.67
1114.21
1113.59
1123.6
1059.32
1019.37
1035.2
1054.85
1042.21
1065.53
1069.52
939.408
948.317
900.901
886.132
978.474
948.317
925.926
961.076
952.381
908.678
949.217
984.737
983.768
1032.52
1056.52
943.841
126.871
123.503
696.864
810.701
953.743
1098.3
1095.29
1143.51
1124.23
1063.83
1040.58
996.512
367.175
366.771
1016.26
977.517
926.355
992.556
1041.67
980.873
966.65
976.086
910.332
796.495
803.213
914.913
969.932
1061.57
1087.55
1095.89
1124.86
1094.69
1019.37
1015.74
1126.13
1151.41
1101.32
1030.4
1005.03
767.46
514.933
549.3
807.754
947.867
981.836
655.308
620.155
810.701
452.489
486.381
799.041
738.825
702.001
680.967
918.274
1040.58
1059.32
931.532
767.165
674.764
657.246
684.228
814.332
1049.87
1046.03
1071.81
1061.57
1028.81
1068.95
1124.23
1141.55
1052.63
902.12
834.376
909.504
1070.66
1156.74
1156.74
1189.77
1186.94
1158.08
1205.55
1209.19
1205.55
1199.04
1209.92
1221.75
1095.29
724.375
736.377
955.11
910.747
1076.43
1151.41
1167.54
1185.54
1188.35
1216.55
1206.27
1217.29
1196.89
1145.48
999.001
709.471
761.035
1173.02
1170.96
1009.59
986.193
1120.45
1209.19
1181.33
1162.79
1160.77
1178.55
1210.65
1180.64
1170.28
1062.13
983.284
1050.97
1146.13
1154.73
1121.08
1086.96
1033.06
1019.89
1067.24
1141.55
1175.09
1154.73
1124.23
1134.43
1023.02
971.817
1036.81
1108.65
1219.51
1243.01
1258.65
1117.32
945.18
415.628
422.119
1013.17
1071.24
472.59
459.876
864.304
744.879
779.727
890.076
925.497
908.678
32.611
32.684
1055.41
1168.22
1188.35
1173.02
1200.48
1230.01
1239.16
1263.42
1128.67
1051.52
1148.11
1206.27
1233.81
1189.77
1060.45
637.959
654.664
1055.97
1034.66
1063.26
1147.45
1234.57
1212.12
1093.49
1001
937.647
948.767
1086.96
1135.72
1024.59
981.354
1007.56
1109.26
1053.19
1027.22
1068.95
1029.87
1064.96
1058.76
1020.93
1090.51
1230.01
1129.94
520.698
429.185
720.202
969.462
1003.51
1011.12
880.282
891.266
1042.75
1212.86
1261.03
1257.86
1238.39
898.069
708.466
877.578
1224.74
1257.07
1263.42
1268.23
1168.91
1092.9
1157.41
1181.33
1104.97
998.502
945.626
504.159
504.159
823.384
788.022
907.853
364.564
318.776
727.273
991.572
708.717
753.58
1156.74
1261.03
1260.24
1114.21
1041.12
1103.75
997.009
862.813
893.256
1063.83
1128.67
1172.33
967.586
882.223
1040.58
1123.6
1175.78
1069.52
1054.3
1132.5
1119.19
1010.61
1049.87
1149.43
1105.58
1134.43
1188.35
1231.53
686.106
674.082
1166.86
525.21
521.105
1179.94
1233.05
1166.86
1079.91
1067.24
1176.47
1263.42
1185.54
1072.39
1070.66
1177.86
1233.81
1229.26
1212.12
1179.25
1117.94
1135.72
1207
1246.11
1265.02
1223.99
1132.5
1101.32
993.049
747.105
740.741
962.001
1074.11
1081.67
1133.14
1179.94
1169.59
1175.78
1173.02
1120.45
1091.11
1150.75
1122.33
1074.69
861.326
710.985
863.931
1086.37
1125.49
1144.16
1076.43
662.691
662.032
1027.22
1038.42
1087.55
1098.3
776.699
793.021
1146.13
1098.3
1126.76
1246.11
1261.03
1235.33
1224.74
1261.03
1246.11
1250
1250
1167.54
1124.86
1029.87
847.458
854.701
1000
1041.67
1092.3
967.118
913.659
968.992
935.891
948.317
1030.4
1109.88
861.698
595.238
662.69
1023.54
1077.01
927.644
988.631
1158.75
1137.66
974.659
954.654
1122.96
1151.41
1108.65
1075.27
913.659
810.045
953.743
1127.4
1117.94
1079.33
1052.08
1144.16
1265.02
1298.7
1281.23
1097.09
1002
1071.81
1118.57
1100.11
767.754
783.699
1168.22
1250.78
1271.46
968.992
876.04
973.236
1037.88
1137.66
1179.25
996.512
922.084
967.118
965.717
1025.12
1010.61
966.184
1017.81
1021.45
829.187
845.309
1018.85
930.233
857.633
949.668
1137.66
1167.54
633.714
626.174
1077.59
1082.84
1129.94
1214.33
1221
1084.01
916.59
809.717
794.281
803.536
822.03
622.084
588.755
883.783
1133.79
1201.92
1196.89
1207.73
1235.33
1259.45
1228.5
1010.1
953.743
1023.54
989.609
796.813
842.46
1131.86
1106.81
917.011
884.173
1031.99
1114.21
997.009
978.953
1154.07
1160.09
1156.74
1201.92
952.381
794.597
963.391
1215.81
1254.71
1231.53
1180.64
1211.39
1111.11
942.063
934.579
1040.58
1138.3
1187.65
1207
1140.9
819.001
746.826
928.936
980.873
1004.02
1025.12
976.563
980.392
795.862
809.717
982.318
1016.78
999.5
731.261
733.945
999.001
793.651
748.783
1009.59
1062.13
1075.27
1070.66
1119.82
1131.86
991.572
859.476
601.142
680.041
1185.54
1262.63
1255.49
1205.55
1135.72
1121.7
1150.09
1157.41
1160.09
1106.19
1078.17
1078.17
1103.14
655.523
595.593
905.387
1069.52
1185.54
1191.9
1067.24
909.091
995.025
1179.25
1230.77
1265.02
1250
1251.56
1230.01
879.894
845.309
990.099
934.143
1064.96
1136.36
1082.84
1114.21
1202.65
1163.47
1068.95
1082.25
1041.12
1038.42
858.369
867.679
1158.75
1230.77
1264.22
1135.72
999.001
985.222
998.004
879.894
931.532
1139.6
1145.48
1084.6
1030.4
902.527
903.751
1088.73
1138.3
1100.72
1106.81
1150.09
1119.19
1026.17
1026.17
967.586
940.734
1046.03
1145.48
1038.42
708.215
724.375
1004.52
1081.67
1082.25
1058.2
1086.96
997.506
709.975
702.741
908.678
996.016
1072.39
812.348
748.223
951.022
1114.83
1071.81
949.668
995.025
1089.32
1134.43
1156.74
1184.13
1172.33
981.354
841.751
723.066
790.202
1067.81
1150.75
1196.89
972.763
898.473
1098.9
1104.97
1031.46
893.256
738.825
807.428
941.176
902.935
917.852
1043.84
1078.75
1041.12
1059.88
1053.19
1032.52
1103.14
1170.96
1062.7
1013.17
1049.87
1041.67
990.099
985.222
996.016
984.737
981.836
1036.27
1067.24
1066.1
1108.03
1097.69
1092.3
1112.35
1129.94
1034.13
778.513
619.195
702.247
864.304
742.666
768.049
866.176
890.869
962.464
922.509
723.327
672.269
668.673
718.391
1014.2
637.959
644.122
1006.04
979.432
1166.18
1192.61
1204.82
1201.92
1181.33
1114.83
1052.63
944.733
959.233
1066.67
1103.14
1204.09
1150.09
1089.32
1116.69
1177.86
1012.15
996.016
1175.78
1193.32
1235.33
1185.54
922.509
914.495
1122.96
911.162
888.494
1073.54
1036.27
944.287
977.517
1092.9
1098.9
829.187
654.236
517.331
582.411
984.252
1177.86
1244.56
1207
1143.51
1095.89
917.852
890.472
853.607
722.282
574.878
667.78
1068.95
1090.51
1025.12
942.507
1003.01
1083.42
1150.75
1209.92
1207.73
1112.35
1086.37
1110.49
1040.04
1050.97
1077.01
1109.26
994.53
794.597
722.022
789.578
996.512
1073.54
1077.01
1173.02
1175.78
1182.03
1200.48
936.768
763.068
878.735
1104.97
1120.45
755.572
763.359
1104.97
1135.72
1160.77
1201.92
1228.5
1041.12
975.134
838.926
626.763
746.269
1092.3
984.737
974.659
792.707
801.603
1142.2
1145.48
1168.91
1194.74
1131.22
735.294
571.755
742.666
981.354
969.932
1002.51
1103.75
1072.39
666.445
589.102
828.157
477.099
472.925
1038.42
1162.79
1207
1175.78
1181.33
1190.48
1175.09
1092.3
937.646
864.678
902.12
1026.69
791.766
770.416
1011.63
1063.83
1100.72
1093.49
1136.36
1173.02
1203.37
1173.02
1184.13
1204.82
1162.79
1087.55
473.149
372.648
562.43
779.12
956.023
1071.81
1120.45
1143.51
1130.58
1124.86
1122.96
1095.29
816.993
751.033
802.246
765.99
877.578
947.418
989.609
1029.34
991.08
1002
942.507
965.251
1118.57
1031.99
937.647
998.004
1084.01
1111.11
984.252
955.566
1094.09
1117.94
907.441
873.744
990.099
990.099
744.048
737.735
935.891
962.464
1029.34
1082.84
1160.77
944.733
900.901
1057.08
1030.93
1027.75
1114.21
1168.91
1180.64
1114.83
1038.42
1040.58
1128.03
1171.65
1154.73
1175.09
1148.11
1143.51
1132.5
1146.13
1011.63
970.874
1081.08
1167.54
1225.49
548.246
532.198
1033.59
1090.51
1146.79
1088.73
908.678
906.208
1086.96
1084.01
1125.49
938.527
872.22
771.903
578.704
697.593
1024.07
943.396
856.531
976.563
1153.4
1215.81
1173.71
1124.23
1176.47
1226.24
1186.24
1116.69
998.502
937.207
861.326
878.349
967.118
882.223
985.707
1181.33
1172.33
1194.03
1209.19
1211.39
1196.17
1168.22
956.938
962.001
1132.5
1166.18
1230.77
1213.59
1186.94
1177.16
1183.43
1196.89
1193.32
1159.42
413.479
301.069
542.446
1012.66
961.076
883.392
915.332
1057.64
1183.43
1152.07
1132.5
1210.65
1261.03
1184.13
990.099
886.525
957.854
1081.08
1189.77
1184.13
1204.09
1116.07
949.217
1027.22
1170.28
1203.37
1201.2
1199.76
1212.12
1110.49
698.08
692.281
1028.81
1066.1
1061.01
1038.96
1094.69
1135.07
896.459
875.657
1054.85
1079.33
1104.97
1109.88
755.572
753.864
940.734
969.932
1108.65
1038.96
1082.25
1169.59
1221.75
1221.75
1183.43
933.707
912.409
1061.57
836.82
843.526
1108.65
1230.01
1221.75
1170.96
1181.33
1201.92
1209.92
1221
1236.86
1184.83
1175.78
1211.39
1211.39
1166.86
642.261
600.42
937.646
946.522
1033.06
1155.4
1130.58
1169.59
1173.71
1193.32
1189.77
1189.77
1176.47
1168.22
1206.27
1047.67
926.355
994.53
1176.47
1207.73
1189.06
1176.47
1127.4
942.063
863.558
956.48
1011.12
845.666
836.82
738.28
749.906
1111.73
1189.77
836.47
801.925
1102.54
1180.64
1217.29
1213.59
1130.58
1094.69
1128.67
1154.73
1140.9
1095.89
1085.78
1087.55
1106.19
1117.94
1176.47
1204.82
1197.6
1096.49
1033.59
1156.74
1196.17
1189.06
1204.82
1193.32
955.11
778.21
886.525
1089.32
1118.57
1157.41
1212.86
1194.74
1173.02
1186.94
875.657
853.971
1189.06
1187.65
1175.09
1173.71
763.068
736.106
1070.66
1201.92
1185.54
1168.91
1226.24
1177.16
1173.02
1214.33
1223.24
1209.92
1069.52
940.292
1048.22
1097.09
979.912
1050.42
1120.45
1157.41
989.12
982.318
1184.13
1192.61
1209.19
1215.81
1184.13
1137.01
1128.03
1141.55
1175.09
656.383
628.733
1048.22
1156.07
1243.01
1191.9
1200.48
1218.03
1214.33
1227.75
1239.16
1233.81
1237.62
1272.26
1235.33
1123.6
941.177
844.951
727.273
782.779
1027.22
1108.03
1201.2
1201.2
1196.89
1191.9
1150.75
1138.95
1179.25
1212.86
1121.7
1035.2
956.938
989.12
1106.19
1133.79
1140.9
1159.42
1154.73
1163.47
1161.44
1175.78
1170.96
1114.83
1179.25
1217.29
1158.75
1005.53
944.733
1026.69
1122.33
1174.4
1191.19
1221
1081.67
1001.5
1087.55
1154.73
1196.89
1230.01
1228.5
1159.42
871.84
811.03
1046.57
1205.55
1221.75
1210.65
1177.86
1168.91
1204.82
1143.51
884.173
910.747
1139.6
1184.13
1201.2
1122.96
901.713
775.194
898.069
1087.55
1154.73
1194.74
1224.74
1179.94
1179.94
1237.62
1228.5
1154.73
998.004
997.009
1081.67
875.274
856.898
1114.83
1185.54
1205.55
1233.81
1209.92
1175.78
1137.01
1178.55
1203.37
1170.96
1186.94
1214.33
1171.65
1058.2
663.79
674.536
1107.42
1036.27
931.099
872.981
942.951
1141.55
1212.12
1228.5
1211.39
1208.46
1200.48
1213.59
834.376
725.689
885.74
1046.03
1243.01
1095.29
1008.57
1040.04
1016.78
979.912
838.926
722.022
787.402
708.968
735.835
1076.43
1168.22
919.963
830.565
994.036
1094.69
1161.44
1195.46
1198.32
1201.2
1142.2
1146.13
1079.33
800.641
782.167
1024.59
1116.69
1181.33
1253.13
1207.73
1041.12
950.57
963.391
961.077
1085.78
1185.54
1145.48
1016.26
891.266
918.695
