2.17593
5.69382
5.17178
5.41247
6.25765
6.00337
6.00056
6.31874
6.43178
6.47979
6.41828
6.39329
6.55134
6.52133
6.42453
6.40305
6.40072
6.1466
6.00476
6.26653
6.44064
6.47082
6.5994
6.5029
6.43358
6.56146
6.47239
6.40045
6.37312
6.42426
6.25528
5.88519
6.02281
6.39202
6.4874
6.39556
6.37883
6.54455
6.58001
6.42876
6.3767
6.37347
6.22272
6.03437
6.1737
6.3802
6.39967
6.44008
6.41437
6.36458
6.4883
6.55282
6.43403
6.38191
6.40519
6.32001
5.88861
6.01417
6.44403
6.49108
6.4732
6.4087
6.49332
6.53708
6.43101
6.40761
6.52771
6.53896
5.98102
5.94537
6.42003
6.4438
6.44326
6.46318
6.44947
6.40086
6.35312
6.37824
6.46446
6.43776
6.39045
6.03318
5.88928
6.25917
6.41083
6.39889
6.39016
6.38427
6.48244
6.36274
6.35492
6.54056
6.45599
6.22357
6.02411
6.12847
6.33216
6.43668
6.41157
6.38066
6.38068
6.38837
6.3716
6.32327
6.3455
5.97784
5.67783
5.98689
6.30064
6.33302
6.40517
6.30849
6.32173
6.40375
6.36161
6.40868
6.45978
6.35092
6.19901
5.9522
5.89398
6.32127
6.5091
6.31146
6.29247
6.47679
6.51476
6.39353
6.39803
6.49521
6.41215
6.21361
5.84279
5.94865
6.40121
6.36272
6.32325
6.43878
6.57828
6.46893
6.36894
6.41579
6.41188
6.09282
5.79599
6.07694
6.42242
6.45542
6.43074
6.35038
6.3303
6.36483
6.33499
6.36537
6.42015
6.42232
6.33796
5.77349
5.81861
6.35813
6.37814
6.32373
6.21299
6.29376
6.43865
6.30193
6.21253
6.26131
6.19155
5.89513
6.03209
6.29588
6.29757
6.417
6.40537
6.32563
6.38798
6.40135
6.35181
6.42048
6.36791
6.24196
5.89718
5.85686
6.1561
6.3755
6.44633
6.26794
6.20619
6.38058
6.38272
6.27313
6.2458
6.05237
5.70356
5.92731
6.29782
6.2535
6.31932
6.29214
6.30314
6.31544
6.27085
6.28781
6.37869
6.28976
6.11769
5.81304
5.92536
6.35675
6.37814
6.25229
6.21197
6.35074
6.28816
6.22698
6.33929
6.42717
6.17721
5.97736
6.17661
6.24144
6.24641
6.34031
6.30193
6.20017
6.30535
6.25978
6.08915
6.19343
6.25581
6.08735
5.78635
5.93662
6.33254
6.37916
6.26843
6.2355
6.31518
6.26002
6.30903
6.37101
6.24076
5.83502
5.7549
6.17303
6.30177
6.24928
6.22372
6.27853
6.35655
6.31666
6.25915
6.26553
6.28038
5.75296
5.62254
6.08815
6.16312
6.28551
6.38231
6.18877
6.19241
6.35276
6.28698
6.15752
6.21624
6.25256
5.87701
5.6819
6.00011
6.26879
6.30614
6.20421
6.15792
6.24128
6.21108
6.2689
6.29525
5.98423
5.64611
5.85586
6.23902
6.2191
6.20499
6.18456
6.21313
6.31688
6.25111
6.15216
6.25145
6.24582
6.15752
5.83301
5.86605
6.16511
6.16819
6.14957
6.13108
6.20871
6.35066
6.32231
6.14081
6.08145
5.70552
5.68329
6.17501
6.20042
6.08665
6.1377
6.14258
6.18202
6.20428
6.13489
6.11161
6.22533
6.18793
5.87027
5.71156
5.93671
6.15595
6.21106
6.17274
6.1319
6.22264
6.17031
6.12503
6.16894
6.16416
5.76851
5.71692
5.95914
6.00752
6.17846
6.18682
6.1357
6.17972
6.2246
6.21409
6.16166
6.01844
5.87682
5.65715
5.79423
6.16856
6.12158
6.01515
6.02277
6.17747
6.19994
6.08419
6.08593
6.09295
5.72525
5.64285
5.96331
6.09961
6.19174
6.18003
6.11883
6.10015
6.1013
6.11098
6.19448
6.12514
5.52834
5.59293
6.09314
6.04361
6.18255
6.17669
5.98666
6.00473
6.03695
6.10039
6.15265
6.01223
5.81135
5.52187
5.69716
6.15362
6.17088
6.09303
6.04071
6.09101
6.136
6.11722
6.07809
6.00096
5.65064
5.53592
5.92881
6.12616
6.0903
5.94935
5.93481
6.04946
6.04818
6.02936
6.007
5.9434
5.94509
5.67107
5.6274
5.9193
5.94537
5.8738
5.87988
6.03624
5.98663
5.91502
5.92063
5.81421
5.59881
5.72313
5.97108
5.98894
6.0798
6.12295
6.0206
5.95217
6.01862
6.08746
6.16264
6.08128
5.61586
5.62658
5.94769
5.99294
6.06977
5.96646
5.97322
6.0813
6.03251
6.07369
6.07439
5.61244
5.53948
5.97352
6.05041
5.99064
5.93065
5.8458
5.96077
6.0983
5.98646
5.90948
5.94244
5.8263
5.46403
5.42639
5.89338
6.08008
6.00074
5.95297
6.05571
6.08472
5.97795
5.9724
5.84618
5.43133
5.63088
6.12066
6.04409
6.00519
5.99222
5.96917
5.99709
5.98117
5.87496
5.92698
5.95426
5.71752
5.4887
5.61698
5.89076
6.01292
5.99846
5.9149
5.94709
5.84648
5.89388
6.09409
5.89631
5.42094
5.48852
5.8649
5.89645
5.89823
5.93236
5.97863
5.92633
5.94154
5.98503
5.98432
5.90073
5.54742
5.37947
5.68469
5.85914
5.8724
5.90516
5.91742
5.91884
5.96369
6.0088
5.84197
5.46106
5.49623
5.82415
5.82376
5.91429
5.89392
5.86641
5.93458
5.89246
5.91289
6.01018
5.97074
5.5047
5.47109
5.82807
5.94796
6.03437
5.86641
5.80343
5.8341
5.8009
5.89837
5.92802
5.83434
5.54957
5.45536
5.77412
5.99641
5.8989
5.81778
5.92953
5.92022
5.89986
5.97266
5.91237
5.4716
5.56231
5.93912
5.87699
5.9886
5.83919
5.75253
5.89117
5.90326
5.95215
6.01437
5.55386
5.29344
5.63245
5.85352
5.91802
5.94711
5.85748
5.86496
5.81833
5.82415
5.96744
5.87767
5.60255
5.34712
5.4994
5.80481
5.81252
5.88019
5.89682
5.91078
5.93798
5.88869
5.92807
5.85624
5.75874
5.68119
5.53523
5.42645
5.57142
5.78471
5.82676
5.84117
5.76329
5.76997
5.80456
5.55327
5.4144
5.57414
5.76798
5.88367
5.92635
5.9098
5.8835
5.80737
5.79761
5.87265
5.51599
5.41085
5.76676
5.86973
5.77702
5.78125
5.8056
5.82946
5.9141
5.86691
5.85754
5.83873
5.54465
5.33762
5.47978
5.71625
5.79784
5.79514
5.78075
5.87208
5.8553
5.69034
5.68489
5.76063
5.5624
5.32967
5.53295
5.78839
5.82664
5.72679
5.76583
5.88291
5.88403
5.83095
5.6662
5.27108
5.34712
5.8023
5.83814
5.73626
5.69997
5.83078
5.85713
5.82121
5.87275
5.80263
5.64164
5.32136
5.18995
5.58005
5.80934
5.73253
5.70142
5.76695
5.83969
5.81206
5.83764
5.36635
5.26449
5.71778
5.64043
5.61892
5.71389
5.72715
5.81299
5.72848
5.67638
5.74901
5.63228
5.19911
5.34725
5.76374
5.75331
5.76469
5.66913
5.67197
5.72752
5.77236
5.83215
5.82786
5.70049
5.23282
5.23244
5.62096
5.72104
5.76296
5.68066
5.72757
5.71212
5.69629
5.74312
5.44806
5.25522
5.48959
5.64584
5.65846
5.66346
5.6003
5.72438
5.75929
5.6792
5.69874
5.26391
5.08418
5.44118
5.66447
5.75949
5.82997
5.76841
5.66697
5.66439
5.70595
5.80338
5.70119
5.43142
5.25409
5.38641
5.66328
5.70615
5.62974
5.75212
5.78523
5.63345
5.59719
5.4312
5.17438
5.39028
5.69603
5.60617
5.62732
5.60719
5.56468
5.58442
5.68366
5.73875
5.67395
5.46971
5.26891
5.42357
5.66555
5.7212
5.70574
5.64444
5.70043
5.79561
5.69377
5.55303
5.1927
5.29552
5.6838
5.69695
5.77139
5.67312
5.58995
5.6076
5.66898
5.6599
5.63016
5.64584
5.28888
5.23829
5.57474
5.59441
5.50568
5.52892
5.60897
5.61438
5.65246
5.59939
5.5642
5.24742
5.21673
5.61133
5.64586
5.56041
5.6212
5.67389
5.51747
5.51245
5.59962
5.50618
5.24772
5.33581
5.62308
5.63469
5.58497
5.47118
5.43114
5.38645
5.46884
5.59104
5.14089
5.03419
5.37335
5.51898
5.62393
5.56957
5.40184
5.42099
5.59498
5.62979
5.57885
5.29735
5.13315
5.35785
5.53968
5.53759
5.54462
5.65269
5.69753
5.67848
5.53166
5.4955
5.38047
5.04959
5.19674
5.55549
5.67423
5.66229
5.58388
5.59619
5.56164
5.5033
5.53655
5.30248
5.33058
5.58572
5.56943
5.57581
5.5339
5.47999
5.5145
5.52297
5.54519
5.51083
5.04731
4.97712
5.30192
5.45522
5.59401
5.54476
5.59616
5.75328
5.58619
5.41172
5.4159
5.29241
5.12169
5.24669
5.49834
5.58901
5.57314
5.48241
5.46823
5.51962
5.50905
5.53449
5.32937
5.11866
5.20704
5.41986
5.51866
5.55911
5.50978
5.30359
5.41227
5.52616
5.47792
5.14394
5.2292
5.62028
5.48884
5.51023
5.47238
5.45019
5.55377
5.63455
5.54029
5.0511
5.10453
5.48911
5.47707
5.5611
5.45853
5.40831
5.57476
5.56359
5.50164
5.49537
5.40565
5.10376
5.19015
5.5847
5.54315
5.46202
5.48438
5.40818
5.35114
5.4695
5.55494
5.37851
5.04594
5.19988
5.60288
5.50209
5.45488
5.54307
5.53416
5.51233
5.476
5.47713
5.45456
4.99358
4.99888
5.46971
5.4642
5.45604
5.53146
5.45045
5.3936
5.34197
5.3211
5.02665
5.03219
5.41249
5.4299
5.36901
5.39017
5.48085
5.3923
5.37819
5.43883
5.37961
5.12273
5.02764
5.29071
5.53469
5.50844
5.42514
5.50591
5.46745
5.39581
5.35133
5.03657
5.05964
5.35501
5.41746
5.30801
5.24981
5.42822
5.30534
5.33161
5.46481
5.23353
5.05079
5.22533
5.44581
5.39414
5.43285
5.53102
5.5494
5.32318
5.21232
5.33274
5.28432
4.9663
4.9883
5.3597
5.42922
5.37691
5.3566
5.38925
5.39731
5.43158
5.49662
5.24253
4.91976
5.06064
5.34642
5.34498
5.35129
5.44252
5.44456
5.42703
5.38889
5.2754
4.94798
4.97164
5.35876
5.45039
5.42074
5.33437
5.40985
5.40469
5.36639
5.39718
5.362
5.04775
4.94689
5.23415
5.32934
5.31625
5.38238
5.48074
5.46275
5.44797
5.36289
4.91433
5.05167
5.44197
5.27698
5.32314
5.39695
5.46062
5.38297
5.33834
5.39479
5.33292
5.13586
4.97584
5.1406
5.28527
5.35979
5.37822
5.4246
5.39667
5.29154
5.26248
4.93547
5.0119
5.31272
5.37162
5.36404
5.29418
5.34775
5.21406
5.19536
5.27739
5.24197
5.0709
5.07453
5.33249
5.32117
5.24123
5.24721
5.31083
5.33864
5.38244
5.30904
5.14672
5.27344
5.36136
4.95221
4.83646
5.17576
5.35778
5.33605
5.29158
5.1889
5.12747
4.95876
4.92937
5.24531
5.32457
5.30646
5.28431
5.31894
5.41206
5.32561
5.07017
4.90052
5.161
5.31417
5.31384
5.34105
5.30876
5.31319
5.34269
5.34862
5.25507
5.29281
4.91998
4.86913
5.28763
5.26983
5.13221
5.27858
5.40906
5.37289
5.379
4.90071
4.70563
5.1307
5.25165
5.20469
5.24783
5.29168
5.33588
5.19232
5.21787
5.21542
4.82132
4.88247
5.26891
5.21534
5.19385
5.20908
5.22937
5.28853
5.2282
5.22177
5.2223
4.91162
4.86605
5.17517
5.24128
5.29305
5.30018
5.19363
5.26902
5.34138
4.99479
4.73191
4.97108
5.28578
5.27265
5.24204
5.17515
5.24341
5.38197
5.29954
5.23848
4.93566
4.73093
4.98235
5.23319
5.26378
5.24086
5.20719
5.14332
5.20318
5.16996
4.72984
4.80277
5.20679
5.2394
5.3171
5.27923
5.21087
5.21363
5.2894
5.27454
5.17349
4.7916
4.65169
4.99372
5.09441
5.10329
5.15403
5.10398
5.09041
5.262
4.98708
4.77977
5.05362
5.31115
5.29716
5.23052
5.37384
5.30532
5.16001
5.18175
5.19413
4.80327
4.77438
5.11144
5.0892
5.11001
5.16013
5.22151
5.21977
5.0991
4.98053
4.82834
4.89974
5.11195
5.19394
5.23147
5.17695
5.19184
5.24186
5.17978
5.06636
4.92349
4.82979
4.96376
5.21544
5.14308
5.13364
5.22125
5.19056
5.20404
5.15839
4.9397
4.83363
4.97635
5.12722
5.1706
5.11924
5.11454
5.18348
5.25344
5.19111
5.00483
4.75838
4.85064
5.16534
5.30382
5.2082
5.18503
5.2456
5.20036
5.19056
5.18867
4.94524
4.7017
4.94712
5.20453
5.17396
5.12184
5.09175
5.14382
5.20927
5.1237
4.75336
4.74121
5.05963
5.06473
5.0595
5.14116
5.20532
5.09763
5.06695
5.17412
5.04222
4.70223
4.79827
5.1981
5.08138
4.96714
5.08533
5.0437
5.0785
5.11245
4.88575
4.6679
4.77531
4.99186
5.00404
5.0684
5.08383
4.99573
4.98015
4.99934
4.68856
4.60316
5.00794
5.13797
5.03114
5.056
4.99502
5.01964
5.16128
5.14532
4.78273
4.62059
4.79113
5.00709
5.099
5.076
5.06284
5.03806
5.07143
4.82608
4.7078
4.91574
4.97962
5.00942
4.97164
5.01464
5.08655
5.06277
5.17966
4.98084
4.64626
4.79635
5.15051
5.11979
5.03095
5.19987
5.21423
5.10946
5.13225
5.04704
4.79259
4.67111
4.85492
4.98233
4.98914
5.09162
5.09541
4.99911
5.09497
4.91282
4.58709
4.77643
5.08466
5.14567
5.04044
4.98141
5.09186
5.12369
5.13571
4.98235
4.65411
4.72019
5.05587
5.05516
4.94155
4.99355
5.03482
4.91964
4.86308
4.86943
4.61728
4.67446
5.02307
4.94519
4.96144
5.04054
5.03242
5.15774
5.14098
4.8997
4.88892
5.05459
5.12765
5.12307
5.12961
5.14144
5.10224
5.21158
5.25786
4.71911
4.59447
4.96776
5.10759
5.03542
4.95482
5.15707
5.11305
4.95135
4.97598
4.9257
4.69999
4.6993
4.97645
5.07672
4.92462
4.88013
4.98593
5.01459
5.01291
4.67148
4.59105
4.92111
5.02942
4.97767
4.97133
5.01616
5.0583
4.97371
4.86205
4.76447
4.63278
4.73248
4.89871
4.93691
4.9864
5.04612
4.98465
4.92002
4.84354
4.61649
4.69785
4.93401
4.97269
4.94312
4.87699
4.92166
5.02596
5.01842
4.93605
4.75535
4.56169
4.78481
5.0178
4.93385
4.96478
4.92899
4.84396
4.91258
4.67536
4.53982
4.82691
4.91264
4.92807
4.94077
5.00348
5.01389
4.90002
4.94266
4.80292
4.56461
4.68891
4.83977
4.80144
4.81223
4.84504
4.96332
5.00398
4.66588
4.47421
4.71698
4.8482
4.90338
4.9224
4.89354
4.93881
4.91926
4.96271
4.99871
4.65292
4.59979
4.84704
4.8224
4.87744
5.01642
4.94771
4.81549
4.74346
4.46998
4.50329
4.81617
4.92517
4.94302
4.76109
4.68638
4.87558
4.94533
4.58221
4.54221
4.78605
4.85687
4.97211
4.86787
4.91705
4.99432
4.95594
4.75422
4.43907
4.65255
4.97789
4.88348
4.82068
4.87248
4.83277
4.8567
4.86726
4.70708
4.56325
4.66646
4.86618
4.82589
4.78915
4.81976
4.80815
4.83553
4.88692
4.70131
4.49243
4.57091
4.84771
4.95192
4.90137
4.8412
4.86498
4.89825
4.59603
