7.25321
253.229
300.255
218.079
78.9578
88.1523
330.36
381.025
295.203
296.296
280.899
269.107
270.161
335.909
498.132
177.132
161.16
345.483
400.24
303.03
209.93
274.839
464.792
435.825
269.143
265.71
478.354
518.672
539.665
468.494
422.297
400
357.974
381.825
406.339
425.622
419.463
198.708
207.512
395.335
249.097
251.225
325.786
381.679
391.926
392.542
440.626
283.889
110.205
116.877
315.906
402.901
530.786
498.38
417.275
183.773
194.137
532.198
523.834
516.129
500.626
489.356
511.247
515.597
531.773
518.941
514.801
526.593
510.725
507.743
314.515
310.559
506.073
485.437
498.753
558.971
536.193
541.565
316.957
303.26
295.116
102.208
118.378
518.807
538.068
346.741
288.725
398.168
486.5
411.015
350.263
171.013
189.215
545.256
561.798
123.77
82.6003
169.851
366.569
192.363
218.221
459.876
453.001
395.648
341.997
370.576
389.636
189.771
187.635
377.858
366.099
215.448
230.388
404.694
146.692
152.8
579.039
623.441
637.146
636.537
478.469
385.134
453.309
79.7989
80.186
591.017
615.574
643.501
592.417
573.066
619.579
458.295
325.945
403.633
650.195
704.722
694.203
574.713
548.998
534.188
482.858
537.201
625.978
595.77
503.905
491.401
502.26
487.329
567.215
708.968
749.625
741.29
727.008
724.375
744.325
745.434
495.417
437.254
573.559
680.735
694.686
655.738
688.468
735.835
739.645
671.366
595.948
544.811
602.047
744.602
758.725
739.098
755.858
754.148
739.919
549.149
502.513
625.195
574.548
558.971
641.231
673.627
682.361
609.942
448.833
478.012
639.591
580.046
596.125
668.896
693.481
746.269
554.477
497.141
641.437
715.052
686.342
691.802
614.062
556.793
582.92
471.698
495.786
677.507
725.426
742.115
735.024
724.9
620.347
545.108
465.983
522.876
747.384
752.162
737.463
741.565
752.162
752.445
752.162
433.088
379.579
568.666
691.802
738.552
558.971
436.395
402.334
421.319
549.904
719.424
771.903
748.503
718.133
725.426
744.602
506.073
458.4
593.472
587.544
590.842
657.246
719.683
745.712
716.846
687.285
715.82
755.002
750.188
741.29
700.771
597.015
610.687
725.689
723.589
659.848
630.716
683.527
738.825
744.048
764.526
770.416
683.06
648.929
696.864
645.369
588.408
639.795
717.103
740.741
754.717
764.234
766.871
658.328
531.067
526.039
627.746
722.022
736.648
727.802
738.28
744.325
706.714
670.691
507.614
471.476
573.888
618.812
645.578
651.89
659.196
625.587
532.623
471.476
527.148
655.953
701.508
644.122
528.821
554.017
652.103
562.588
562.43
561.482
538.213
634.518
702.001
735.565
738.825
687.049
542.741
529.101
662.91
728.067
612.745
575.705
666.445
704.97
722.022
616.523
605.694
722.805
751.88
754.717
734.214
554.785
467.617
462.535
470.256
563.063
679.81
729.395
743.494
738.007
652.529
640.615
651.254
547.945
556.174
661.813
706.964
651.042
636.132
684.932
676.132
488.4
386.997
411.353
521.376
679.81
744.879
768.344
680.735
499.875
390.168
410.678
495.172
548.998
611.995
648.088
536.049
406.339
383.803
481.58
570.939
587.717
619.387
551.572
441.209
478.813
680.735
674.536
552.944
545.852
616.903
639.795
559.128
544.662
603.318
570.288
588.582
543.774
558.503
716.076
579.374
502.513
600.06
707.714
686.813
666.223
701.262
574.713
491.642
473.373
527.287
657.678
683.527
660.066
655.953
723.327
750.188
710.732
471.476
469.594
693.722
719.683
744.048
778.513
434.783
321.75
323.415
350.754
447.427
527.148
598.623
621.504
566.733
572.246
537.924
521.376
628.733
630.517
572.246
456.83
430.57
557.725
602.773
483.442
485.909
546.896
557.258
597.55
580.72
567.537
589.623
581.226
587.199
534.188
519.751
393.933
402.576
579.206
577.868
582.581
561.482
242.512
244.708
592.417
619.579
605.51
583.09
641.849
572.082
497.636
525.624
542.152
584.795
654.664
690.369
687.994
627.156
527.565
402.901
431.593
645.786
735.294
736.106
754.432
779.12
697.35
601.504
598.265
535.475
353.732
370.37
585.995
624.025
512.164
538.358
688.942
686.106
525.624
520.021
696.379
753.296
649.773
578.035
636.132
671.817
644.538
672.947
730.727
639.386
593.648
645.369
583.942
599.7
715.563
724.375
733.138
430.293
390.244
596.303
621.504
618.812
648.298
652.316
642.055
643.294
624.22
605.694
557.103
513.743
546.001
581.564
597.015
613.121
616.903
640.41
653.168
544.07
478.011
503.018
549.451
574.053
566.091
564.653
537.779
512.426
554.17
548.546
574.878
664.011
685.871
735.294
722.022
584.112
544.07
639.386
658.979
539.811
549.149
679.117
716.846
725.953
619.579
557.569
563.063
590.842
658.328
673.854
680.041
695.41
705.716
633.112
567.698
559.441
603.318
686.813
738.825
749.906
746.547
638.162
448.531
447.227
583.771
658.111
606.98
568.505
575.374
565.771
559.128
549.602
621.311
699.79
691.085
698.324
735.294
725.163
677.736
628.733
504.159
462
547.046
650.83
677.277
541.859
480.423
426.348
442.87
505.306
521.376
459.876
419.199
500.751
439.56
466.962
675.219
623.441
550.812
563.063
604.595
679.579
609.385
560.224
605.327
657.895
692.041
569.963
504.923
579.542
629.327
545.703
570.288
713.267
724.375
701.262
718.391
717.36
606.98
561.167
509.424
507.485
638.57
669.568
669.12
718.391
728.332
745.156
585.652
470.146
533.333
656.814
666.667
627.549
629.129
641.231
622.278
537.201
484.379
540.687
637.146
675.219
678.887
684.228
705.716
706.714
609.942
314.218
275.938
443.951
421.053
383.583
460.405
549.149
639.386
466.2
406.504
462.535
388.425
384.911
523.56
636.537
661.813
565.291
568.666
673.174
568.666
519.346
619.771
679.579
685.166
664.673
594.354
524.384
497.76
530.363
619.771
694.927
666.223
672.495
722.282
743.494
745.156
707.464
489.956
473.709
595.415
550.661
534.616
540.687
497.76
308.261
309.598
484.614
509.944
530.082
570.451
524.246
473.373
458.505
480.077
572.082
508.906
434.216
317.36
341.588
546.448
491.642
306.701
227.066
291.163
473.934
531.067
518.135
525.072
448.129
429.553
520.698
567.376
567.698
433.369
345.066
245.972
269.833
492.247
587.717
635.324
410.593
386.1
570.613
618.429
643.501
645.578
630.12
565.451
369.617
367.647
530.082
550.509
546.747
548.697
563.38
509.424
501.63
484.379
491.039
573.066
591.716
608.643
615.574
500.5
487.211
585.138
472.032
474.608
611.434
625.195
623.636
645.578
646.204
615.953
589.797
543.036
542.005
608.458
671.141
548.546
508.388
614.251
621.118
619.003
645.161
574.878
557.103
602.954
553.71
523.013
550.206
463.822
469.814
608.828
691.563
555.247
482.858
601.685
706.215
730.994
734.754
738.825
753.296
744.325
725.689
494.315
464.253
660.72
713.012
708.717
717.618
712.758
704.225
714.541
633.513
621.891
632.911
571.265
622.471
717.875
728.067
656.599
536.049
455.063
532.623
713.521
621.697
564.812
646.412
722.805
747.384
741.84
429.185
383.656
541.565
609.199
597.55
595.415
698.08
730.994
537.346
518.403
675.447
671.817
670.916
718.649
641.849
607.718
683.527
572.738
542.888
670.017
711.997
713.521
717.875
690.846
687.994
646.621
516.796
525.624
659.196
718.907
738.28
714.031
639.182
647.04
693.241
619.771
560.067
525.348
549.149
632.911
657.246
675.447
694.927
670.691
498.38
462.642
573.888
619.003
659.196
710.48
695.652
690.131
682.128
578.369
593.648
729.129
763.067
603.318
547.495
597.55
641.437
700.035
594.177
584.795
676.132
686.577
711.744
724.9
605.51
560.381
636.132
572.246
570.613
690.369
714.031
703.73
669.792
639.386
574.053
538.503
511.771
555.71
681.663
663.57
661.157
704.97
699.79
714.541
591.716
418.323
454.133
644.33
686.106
688.468
698.324
716.846
607.718
445.633
451.875
610.687
731.529
747.943
742.942
715.563
667.334
666.223
584.454
542.299
534.188
517.464
595.415
685.166
722.805
723.066
669.568
530.645
527.009
649.984
612.933
545.554
556.793
609.385
652.316
543.774
414.852
437.063
493.949
438.885
461.361
505.306
462.749
497.636
566.572
575.209
573.559
501.379
504.032
497.512
504.414
630.517
662.471
645.995
669.792
683.761
700.28
610.128
468.055
515.066
711.997
609.942
505.306
510.204
493.949
437.063
423.639
509.035
597.372
605.144
561.325
552.029
629.525
611.06
564.016
522.057
539.957
661.594
733.676
749.625
767.46
745.99
654.879
537.634
567.537
700.28
640.41
543.922
565.291
632.511
653.381
676.133
443.066
436.015
660.284
698.568
592.242
520.969
624.805
585.138
500.5
569.152
659.413
680.967
679.348
687.994
594.177
552.334
491.642
480.885
581.395
587.544
589.623
617.284
606.98
575.705
485.437
516.262
644.122
662.91
696.621
691.802
705.965
703.482
667.557
545.256
469.153
504.159
554.324
625
677.507
662.032
686.342
611.247
558.971
485.673
457.247
581.903
692.761
702.247
687.049
648.088
556.483
578.369
683.761
670.916
585.309
565.131
632.911
687.285
697.837
551.42
545.108
550.358
511.378
495.54
451.773
479.157
472.702
522.33
654.45
574.218
498.629
443.459
447.127
424.719
459.137
682.827
742.942
737.463
750.751
747.105
703.977
595.061
461.361
481.696
638.774
703.977
693.481
679.579
702.247
688.468
679.117
603.5
503.525
531.773
637.552
716.076
753.864
704.722
644.122
649.562
562.905
552.792
645.995
583.431
598.802
685.401
651.254
577.868
542.594
541.565
612.182
723.851
591.891
523.972
596.481
643.294
642.467
546.448
496.155
562.746
645.161
680.967
571.265
513.875
595.948
543.183
488.878
591.541
686.342
704.722
707.464
707.214
573.888
534.616
506.073
520.698
685.166
667.557
650.618
692.041
686.106
646.204
557.88
458.085
503.525
678.656
710.985
710.985
720.98
681.199
658.762
676.819
560.381
491.521
568.505
659.413
670.691
678.887
708.466
715.308
686.106
572.41
556.174
555.864
537.346
621.891
610.128
546.001
515.331
444.444
473.934
365.564
348.311
513.347
559.597
599.161
584.283
548.998
568.182
623.053
623.053
634.317
666.445
657.246
496.771
414.938
496.032
661.594
733.407
702.247
412.797
328.246
466.092
639.386
545.108
532.765
534.188
415.628
301.25
329.815
499.75
504.286
553.71
668.673
626.174
419.287
372.995
468.165
494.682
437.254
469.373
521.648
541.565
535.045
522.466
629.327
714.541
744.048
733.945
689.655
550.206
508.906
554.17
400.481
391.236
579.206
594.354
447.127
373.413
426.348
534.759
554.477
529.801
486.973
397.377
444.05
638.57
705.965
741.015
646.621
443.459
375.728
403.959
407.914
475.059
641.643
714.286
703.235
484.379
439.367
576.535
643.294
627.944
470.367
411.184
412.286
395.101
420.698
457.038
535.906
616.523
622.084
652.529
591.541
530.645
459.137
477.327
534.188
526.593
611.247
544.959
445.534
440.626
451.977
472.925
571.919
670.691
671.817
568.666
540.541
634.518
696.136
698.324
592.768
533.76
313.381
280.859
443.262
565.931
614.439
510.204
481.58
412.201
403.633
503.398
479.616
462.963
512.426
295.727
277.894
515.863
542.005
447.027
484.261
417.101
370.508
436.967
424.628
443.754
525.486
385.431
377.572
519.346
477.669
458.716
508.13
560.224
496.648
522.057
648.508
673.174
548.396
505.561
584.624
645.786
590.493
512.426
538.648
627.943
594.177
482.16
515.464
612.745
503.651
497.636
594.53
605.327
614.251
646.831
589.449
552.334
554.017
564.812
652.955
711.238
721.501
716.846
700.28
690.608
706.464
635.526
469.814
482.044
624.22
680.041
687.049
658.111
648.508
671.141
692.521
534.759
509.684
624.805
587.199
601.323
660.939
650.407
659.848
584.283
550.661
603.136
524.659
498.753
603.865
651.466
641.849
625.782
551.116
570.451
687.049
593.824
511.247
569.314
652.529
688.231
579.542
527.426
640
739.919
761.615
732.064
618.62
616.143
709.471
614.062
572.738
663.35
678.887
666.001
687.994
711.997
660.502
606.244
611.06
568.505
491.521
467.727
553.25
687.285
716.076
699.056
535.189
437.828
523.286
684.932
733.138
735.835
599.7
501.882
527.148
410.088
420.964
628.141
661.813
666.889
671.141
660.72
670.691
622.084
554.017
533.76
553.25
620.925
662.91
704.97
715.308
678.196
559.597
531.067
620.155
662.471
550.509
530.926
642.055
676.361
645.995
505.945
485.791
604.595
611.995
601.504
671.366
734.754
728.597
529.661
464.792
568.828
646.412
688.942
709.723
702.494
579.374
501.002
502.134
580.889
715.563
708.466
686.813
683.06
642.88
523.286
402.739
414.079
571.592
677.736
693.963
704.473
645.161
628.338
655.523
504.796
490.918
621.891
640.615
668.896
709.471
693.001
694.686
700.771
557.569
461.467
504.668
629.129
703.977
721.241
720.461
724.375
615.385
534.331
