3.51772
19.7052
19.7906
18.4568
16.5625
16.6474
14.1517
17.0997
27.6018
26.2643
29.5906
33.2485
31.978
30.3698
31.5423
32.3923
30.9377
30.191
31.3421
31.8441
31.7038
32.0446
31.901
29.3152
29.7912
33.2696
33.4493
32.6824
32.23
30.8195
31.3701
32.7885
31.5881
31.5871
32.5903
32.6605
30.8076
29.4907
30.9497
32.127
31.7199
31.8944
32.738
31.4095
30.5423
32.6105
34.0954
32.4965
31.5214
31.4976
28.4212
28.9948
31.7365
31.6666
32.7928
31.8847
29.6424
30.2984
32.1989
32.4675
32.5156
32.4902
31.6862
29.742
29.7358
31.5906
32.8251
32.0621
30.9669
29.8708
27.9451
27.9026
27.7897
28.1805
28.8172
27.8218
29.6516
31.0102
29.2616
29.1011
29.0867
29.4955
29.3075
29.7438
31.739
32.2175
32.3394
31.4169
29.6314
30.2613
31.4832
31.9821
32.3829
31.8949
31.794
30.1841
29.9146
31.1144
31.2217
32.1828
32.0796
29.3694
29.6776
31.2656
31.3381
32.4359
32.8278
30.9368
30.0454
31.4243
32.723
32.7804
31.9928
31.3573
30.2348
30.8671
32.2539
32.1823
31.6586
31.9489
31.8471
30.7664
30.9353
31.9683
32.3483
31.3033
30.7778
30.0987
29.898
30.5087
31.158
31.6481
31.498
29.5486
29.6217
32.4775
32.4023
30.9267
30.8166
27.7847
27.465
32.542
33.3439
30.8299
29.2727
27.2309
28.1984
31.4233
31.6932
31.8593
32.4123
30.8942
30.0503
31.8385
31.8822
31.4421
31.6396
31.2398
31.373
29.6274
29.4916
32.4396
32.416
32.1063
31.2945
29.6419
30.7342
31.6356
31.8203
32.6222
32.3934
30.9272
30.0666
31.1221
31.8507
32.2487
32.7622
31.5642
30.5227
30.9392
31.8862
32.619
32.0544
31.5224
31.5452
29.8361
30.2581
32.4118
32.7134
32.5071
31.9908
28.6119
28.5238
32.0734
32.8165
32.4338
31.5612
29.2942
28.4091
30.4307
32.1295
31.4569
30.6998
31.4421
30.4702
30.0576
31.3318
32.4233
31.6932
28.6858
27.8478
27.2859
26.4089
28.5059
30.4053
29.1324
28.8709
29.6024
29.186
28.2358
27.1658
26.3995
27.4157
30.2911
31.9887
32.1761
32.0544
32.0061
31.1037
28.6582
29.7239
32.4123
31.9591
31.6321
31.5946
30.2819
30.2316
31.1677
31.4268
31.9632
31.8203
30.7579
31.1294
32.2518
32.5362
32.3107
32.1363
30.978
29.6718
31.1071
32.4086
32.2066
31.1614
30.4136
29.5016
30.1919
32.3023
32.2482
31.6086
31.7617
31.1144
31.2329
31.8431
30.7253
30.9248
31.9499
31.4421
30.415
30.7352
32.1213
32.2118
32.5563
32.1761
29.4139
29.7783
32.0554
32.2607
32.6078
33.1994
32.6232
29.9931
29.1775
30.0237
30.3154
30.6716
30.9852
30.9914
31.4896
31.5881
31.3014
32.1812
32.5034
31.5542
30.2586
30.879
32.1688
32.1187
31.7566
31.192
30.1755
30.3854
30.7882
30.8261
32.2867
32.5828
29.6002
29.7181
32.2061
32.4128
32.1105
31.2066
30.8804
30.3578
29.1354
28.2378
27.1216
25.8378
26.8666
28.5181
28.3982
28.8438
30.1932
31.5109
30.7106
29.104
29.9338
31.4609
31.9035
30.5479
29.7978
30.7645
31.6957
32.3133
31.6016
31.5607
31.4535
29.663
29.7287
31.0241
30.9133
31.408
32.5595
32.3761
27.6889
26.1124
27.9341
25.2905
27.5357
33.4795
31.1983
30.1618
31.0015
31.3224
31.1794
31.4782
31.0111
31.0236
31.5981
32.0082
31.6897
31.0352
31.4743
29.8014
30.0571
32.533
32.5304
32.3081
31.0767
28.7994
29.2723
30.3615
30.32
31.5582
32.3724
28.1984
27.571
29.3591
27.6167
27.8505
27.9662
26.907
26.4005
26.911
28.5841
27.5592
26.1209
28.6751
31.3185
31.3239
31.8081
32.7643
32.3614
29.7168
29.5107
31.3987
31.346
31.6847
31.7329
31.4421
30.9463
30.6824
31.0458
30.7934
31.6011
29.8619
27.2874
28.9708
31.2989
32.2492
31.9555
30.9191
29.9039
28.7489
29.6011
30.9972
30.9535
30.9914
30.9852
30.2641
29.8704
30.5339
31.4342
31.4956
31.5657
31.4762
30.1709
31.0414
32.5246
32.2555
32.2961
30.8961
29.4703
29.812
31.0102
31.9101
30.6645
29.3997
29.8788
30.0643
31.4797
32.5791
31.7667
30.3058
30.4007
30.9799
31.209
31.4886
31.1139
31.1052
31.1148
30.1577
27.9525
29.2821
31.5184
31.3765
31.5139
31.1313
30.9133
30.1309
30.5306
31.871
31.6716
31.9586
29.7823
29.1273
31.3028
30.2357
30.0161
31.3283
31.4056
30.4159
30.6523
31.5204
31.3873
30.7754
30.2984
29.8499
30.2645
31.4554
31.3937
31.2798
31.2979
30.6617
30.0409
30.1023
30.9162
31.4391
31.5791
30.4558
29.5661
30.7352
31.4125
31.1828
30.9924
31.319
30.0134
28.7352
30.1941
31.6761
29.8824
30.0372
30.3127
28.8214
30.1368
31.1003
31.1274
30.7012
29.8623
28.1148
28.5307
30.9329
28.9507
29.066
29.6934
25.9862
27.362
28.8684
26.9364
27.5794
27.5912
27.0566
26.7337
27.7581
30.2522
31.8117
30.6434
29.2479
30.3278
30.5764
30.4368
31.6396
31.6746
30.5358
29.5425
30.5474
31.7012
31.3922
31.3367
31.5637
29.7208
29.0537
31.0087
31.7935
31.1211
30.6654
30.4994
28.9042
29.1805
30.9114
30.7527
30.8613
31.6361
28.823
27.9345
30.6438
31.4031
30.5652
30.1514
29.4204
29.4603
31.3657
31.6556
31.2217
30.9305
29.796
29.7336
31.0554
31.001
30.9483
32.0801
32.6856
30.5274
29.3002
30.8152
30.8785
30.9986
32.5082
31.2544
29.7969
30.7811
30.9057
30.8814
31.9137
31.4253
29.5849
29.5003
30.5745
29.8815
29.9913
30.8395
29.0074
29.1549
31.4852
31.6827
31.5035
31.1337
29.369
28.4775
29.8637
31.3249
31.3962
30.8314
29.3088
28.7439
29.3876
30.0901
31.4406
31.5811
30.2275
29.0516
29.6912
30.9243
31.0005
30.4442
30.4331
29.7486
29.9455
30.2961
29.8726
31.5846
30.2576
28.9767
29.8218
30.0535
30.9689
31.9127
31.6711
31.4643
27.1448
26.3141
30.4688
31.4673
30.5018
30.373
29.5029
28.3503
30.0788
31.4505
31.6566
30.9033
29.7093
29.7903
30.1355
30.2618
30.5675
30.8242
30.0336
28.7931
29.5094
30.9636
30.4664
29.7261
30.5708
29.5757
29.2005
30.8119
31.0082
31.6751
30.539
28.9385
29.3569
30.603
31.3809
31.4105
31.1682
30.2801
29.5303
30.0594
30.8756
30.56
30.7991
30.4266
28.962
29.5116
30.5913
29.584
30.2984
30.3062
27.023
27.7185
29.6191
28.1077
26.5763
25.8428
27.212
29.2308
30.1268
29.9873
29.9527
29.9209
28.6062
26.8089
27.0281
29.7535
28.5759
26.2867
26.7348
28.499
29.9451
30.3223
31.4802
30.2989
29.2201
30.7361
31.3381
30.1905
28.7241
28.5172
28.6311
29.7261
31.4036
31.8654
31.902
31.3888
29.5679
28.6632
30.1882
30.2778
30.058
30.6542
30.0824
29.2291
29.2244
30.1764
31.1318
30.9468
29.4434
28.9876
29.4894
29.5565
29.8169
30.4925
30.04
28.843
29.1011
30.2851
29.5382
28.9469
30.2462
29.7588
29.2252
29.4824
29.9549
30.8052
30.6016
29.5788
28.8813
28.7931
29.3876
30.8447
31.2823
29.7128
28.9834
29.616
30.1732
30.792
30.5563
28.6316
27.1676
28.4442
30.2115
30.7849
30.3785
29.2851
29.1911
28.3078
28.6013
30.8109
31.5169
30.3035
28.4434
27.9936
29.2821
30.2389
30.2741
29.9747
28.1662
27.9244
29.436
30.3808
31.1585
30.1327
28.7191
29.4321
30.1264
30.453
31.0824
30.966
29.9554
29.7451
30.6068
31.1042
30.7305
30.5399
29.0284
28.1905
29.7779
30.3393
30.7967
30.8361
28.9222
28.7286
30.6739
30.4062
30.0008
31.4322
30.5493
27.9857
28.418
30.1595
30.6265
31.2461
30.6607
29.459
30.1459
30.1605
30.049
30.6326
30.5698
29.2933
28.7002
30.4298
30.7583
30.3868
30.8347
28.5181
26.8359
28.8351
30.8552
31.0501
30.9305
30.3555
28.5608
29.0584
30.9669
30.7012
30.3439
29.7323
27.6932
28.1266
30.7456
30.689
30.5497
29.4204
27.669
28.72
30.5092
31.1459
31.4431
30.8461
28.8072
28.9243
30.943
30.729
31.5522
31.9188
29.1354
28.8101
30.4206
30.7324
30.1545
30.3822
29.9936
29.0558
30.3154
30.4623
29.5639
30.2133
29.9227
29.0368
29.7867
29.6389
29.9684
30.8794
28.8247
27.3572
28.3684
30.0607
31.0545
31.4021
30.2842
28.8455
29.1967
29.9823
30.5502
29.7947
29.2269
29.132
29.2997
29.7725
30.1573
30.3873
29.2235
28.3198
29.4794
30.8833
30.8461
30.3058
29.5404
28.3909
28.8505
30.9665
30.049
29.2222
30.326
28.4998
27.9924
30.2215
30.756
30.7187
30.9866
28.0293
24.7899
27.8404
31.4258
30.0463
30.1123
28.9264
28.529
29.3264
28.9658
29.7146
31.1638
30.1764
29.7522
30.4897
29.6419
29.5989
30.8
27.5054
26.5161
29.6235
30.4901
30.3868
29.9182
29.209
29.2372
30.5694
30.8561
30.5185
30.5736
30.3679
28.032
28.2554
29.4377
28.3326
29.0019
28.2594
25.8458
25.6121
27.5988
29.4209
28.8496
26.1623
23.1935
23.7524
27.0992
28.8559
26.89
25.8258
27.4292
28.8421
29.9563
30.7272
29.8806
28.3503
29.8499
29.8499
29.8107
30.9602
30.4303
29.6029
28.8592
28.9729
29.0829
29.9841
30.5437
28.634
28.6107
30.0278
30.222
30.0865
28.8921
28.5189
29.1494
30.2156
30.9789
31.2285
30.5511
28.0548
27.505
29.2487
29.8387
30.0165
30.9914
29.313
28.2119
29.5889
29.9711
29.4564
30.068
30.4192
28.2422
27.8381
29.4412
30.5236
30.3993
30.4465
30.2275
28.3314
28.6082
30.4419
30.4243
30.5675
30.6537
28.516
28.6197
30.0472
30.0201
30.3961
29.7009
26.9902
26.7276
29.5351
30.8252
30.1595
29.9338
29.2599
29.2048
30.2916
30.5483
29.4977
29.1881
28.671
26.5947
27.63
29.7446
30.0802
30.4085
29.1843
28.0136
29.0284
29.7952
29.4581
30.0535
28.9423
28.6504
29.433
29.382
29.976
30.2183
28.3909
28.3515
29.5478
29.4507
30.0928
30.1055
28.5555
28.3591
30.2659
29.1104
28.1936
29.446
29.5617
29.1197
29.9796
29.8922
29.4581
30.1509
28.549
27.1345
28.3455
30.1414
30.2033
28.3583
28.3022
27.5175
26.2753
25.5758
25.6407
27.1876
25.0583
25.0586
28.3865
29.8138
30.2833
29.2184
28.03
28.664
28.848
28.8955
29.3686
29.7296
27.4232
26.6663
29.0364
29.5779
29.6468
29.31
27.1326
27.5843
29.5042
28.8276
29.3703
28.6336
27.1824
28.0718
29.7084
30.2929
30.1777
27.767
26.6255
28.632
29.9805
29.8864
29.7469
28.8101
26.1561
26.3953
29.1477
29.2295
29.1062
28.1543
27.7369
29.1979
29.5094
29.4525
29.0896
27.8245
27.606
29.0495
29.4135
27.9681
25.328
23.6407
24.2125
25.9477
27.0735
25.8485
24.2707
23.805
25.7602
29.5434
31.1614
30.2801
27.2257
26.7305
29.2252
30.373
29.9733
28.811
28.368
27.9263
28.4673
29.3475
29.3324
29.715
27.9842
28.2682
29.6969
28.6119
28.9005
29.5635
27.2253
27.1396
29.2882
29.3221
29.3513
28.6582
28.2199
28.6434
29.0896
29.3699
27.8544
27.6262
26.8168
26.6234
28.6915
29.5425
29.7455
28.7055
28.0261
28.2004
28.6066
28.58
28.9243
29.0032
27.8862
28.0662
29.7544
29.5469
28.6328
28.4362
27.7108
27.6541
29.0824
30.115
29.4196
28.6492
27.8052
28.5327
30.1891
28.366
28.167
28.9637
27.9306
28.1861
29.8125
30.1114
29.3036
28.2482
27.1584
28.0859
28.8077
29.1049
29.7672
28.4783
25.9872
26.7802
28.7216
29.2972
30.5955
29.1426
27.4929
26.7662
25.1772
25.5578
25.7503
24.6002
24.6491
25.1892
26.9433
25.9747
24.4879
27.8122
30.0485
29.2496
29.7194
29.5932
27.8637
27.4903
29.2235
29.7336
29.5255
29.3328
26.0549
25.6779
28.8521
29.0002
28.8097
27.2558
26.9789
28.736
28.9093
29.149
29.678
27.5786
25.6387
26.5266
28.4059
29.2167
29.2316
27.6247
27.185
29.4981
29.401
28.7418
28.6402
28.0816
28.261
28.5686
29.2612
29.0609
29.4369
28.4868
27.0391
28.2183
29.3178
29.9191
29.0592
27.9408
28.7588
29.8418
29.7938
29.2082
28.6915
24.6542
24.0547
28.2251
29.426
29.62
28.9364
27.7273
28.0304
28.9473
29.2043
29.1303
28.8505
26.9197
27.1061
29.2599
29.3328
29.0706
27.3366
26.1387
27.83
29.3647
29.5107
29.5779
28.263
27.2383
27.8889
28.9176
28.9658
28.37
27.2053
27.0794
28.1508
28.5498
28.9473
29.0432
27.386
27.0146
26.9818
26.6251
27.76
28.2913
25.899
24.9489
27.1054
27.9959
25.3727
23.4673
23.3184
25.1778
29.1324
30.3228
29.3488
27.9611
27.1802
28.4588
28.967
27.1006
26.8032
27.042
27.7408
29.4196
29.4555
28.9486
28.5018
27.9544
27.5069
27.413
28.3074
29.4811
29.8285
27.0299
26.2519
28.0226
28.2849
28.8784
29.4768
27.8621
27.0427
27.994
28.5763
28.6919
28.477
26.6248
25.0815
26.6425
28.2662
28.9603
29.1728
27.8145
27.3676
28.0698
27.6007
27.8489
27.5957
27.215
28.0418
28.4908
27.7743
27.4601
27.3688
27.2918
28.2721
28.9356
28.975
27.755
26.6489
27.2751
29.0208
29.2522
28.0651
28.2099
26.9676
25.738
27.3134
28.2159
28.4811
28.9851
27.2915
26.7881
27.931
27.9045
28.2227
27.5376
26.3845
27.0713
28.6098
28.4746
28.4746
26.8359
25.506
27.0548
26.2061
24.6281
24.8429
23.4269
23.376
25.3139
25.3068
22.965
23.3976
27.6495
28.666
27.4559
28.3206
29.1728
27.413
26.7519
28.4564
29.4729
29.1426
28.0293
26.3824
26.7695
29.0364
30.2097
29.3186
25.7765
26.0954
28.9189
28.4629
28.7303
28.6242
26.433
26.6439
28.6352
29.2436
28.8692
26.9476
26.396
27.3135
28.2298
28.8463
29.2796
28.2981
27.1429
27.8816
28.7898
28.5506
27.974
26.9796
26.9807
28.2482
28.9738
27.9834
26.5957
26.7269
27.8489
29.0065
28.6484
28.7501
28.908
27.0753
27.2176
28.6804
27.4608
27.3362
26.6699
26.0879
28.1246
28.6492
28.399
28.538
27.6652
26.9393
27.6354
28.6845
28.3298
26.8039
25.8649
27.2087
28.7774
28.5148
