6.88976
274.123
438.789
1131.86
1273.07
1446.13
1201.2
1188.35
1378.36
1534.92
2107.48
2436.05
2557.54
2773.93
2911.21
2812.94
2583.98
2518.89
2557.54
2442
2361.28
1722.65
1302.93
1471.67
1773.05
1833.18
1936.11
2129.93
2409.64
2649.01
2820.87
2898.55
2793.3
2551.02
1439.88
1359.62
748.223
595.238
1055.97
1768.35
2547.77
2789.4
2656.04
2350.18
2227.17
2162.16
2301.5
2638.52
2836.88
2954.21
2954.21
2928.26
2954.21
2998.5
2857.14
2844.95
2980.63
2994.01
3034.9
3062.79
3048.78
3012.05
3007.52
3012.05
2976.19
1120.45
392.85
452.694
1696.35
2424.24
2444.99
2487.56
2493.77
2564.1
2656.04
2500
2457
2617.8
2617.8
2358.49
2265.01
2092.05
1680.67
1556.42
1926.78
2444.99
2386.63
2444.99
1330.67
494.071
577.868
2127.66
2554.28
1910.22
1158.75
1067.24
1231.53
1550.39
2183.41
2509.41
1424.5
1293.66
1748.25
1968.5
2547.77
2597.4
2277.9
2306.81
2525.25
791.139
791.766
1972.39
1803.43
1951.22
2173.91
2490.66
2341.92
2380.95
2747.25
2412.55
2111.93
1893.94
1603.85
1612.9
1838.24
1619.43
1191.19
652.103
739.098
1876.17
1015.74
710.985
516.662
651.466
2162.16
2541.3
2797.2
2958.58
3067.48
3189.79
3048.78
3030.3
3189.79
3257.33
3241.49
2989.54
2906.98
2808.99
2547.77
2659.57
2743.48
2631.58
2849
3095.98
3007.52
2836.88
2928.26
3110.42
3007.52
2919.71
2954.21
2976.19
2840.91
2836.88
2949.85
2932.55
2967.36
2812.94
2735.98
2828.85
2673.8
2398.08
2450.98
2415.46
2224.69
2347.42
2427.18
2325.58
2252.25
2347.42
2490.66
2116.4
1960.78
2129.93
1947.42
1865.67
1992.03
2139.04
2057.61
1651.53
1557.63
1657
1801.8
2079
1932.37
1915.71
2304.15
2322.88
2169.2
2026.34
1956.95
2100.84
1994.02
2018.16
2378.12
2430.13
2409.64
2475.25
2283.11
2247.19
2450.98
2518.89
2531.65
2272.73
2259.89
2427.18
2395.21
2645.5
3012.05
3062.79
2087.68
1699.24
1787.31
1899.34
2089.86
2257.34
2424.24
2469.14
2433.09
2214.84
2288.33
2361.27
2290.95
2306.81
2306.81
2433.09
2439.02
2364.07
2298.85
2469.14
2621.23
2247.19
2076.84
2132.2
2028.4
2120.89
2341.92
2219.76
1932.37
1968.5
2344.67
2570.69
2721.09
2877.7
2932.55
2958.58
2958.58
2237.14
1970.44
2159.83
2472.19
2976.19
2906.98
2702.7
2547.77
2638.52
2652.52
2076.84
2183.41
2832.86
2824.86
2945.51
3120.12
3072.2
2919.71
2820.87
2824.86
2832.86
2836.88
2873.56
3003
2652.52
2518.89
2824.86
2898.55
2945.51
2928.26
2820.87
2836.88
2877.7
2849
2773.93
2642.01
2735.98
2881.84
2490.66
2127.66
2178.65
2478.31
2710.03
2832.86
2816.9
2547.77
2481.39
2580.65
2554.28
428.816
417.014
2100.84
2375.3
2424.24
2466.09
2341.92
2190.58
2409.64
2773.93
2699.06
2574
2583.98
2635.05
2570.69
2427.18
2528.45
2614.38
2544.53
2412.55
2525.25
2721.09
2574
2710.03
2928.26
2877.7
2886
752.445
648.508
922.509
986.68
1445.09
1586.04
2188.18
2364.07
2298.85
2159.83
1974.33
1631.32
1652.89
2051.28
2304.15
2604.17
2789.4
2881.84
2836.88
2463.05
2301.5
2424.24
2460.02
2424.24
2580.65
2853.07
2869.44
2732.24
2699.06
2770.08
2840.91
2971.77
2945.51
2840.91
2207.51
1877.93
2076.84
2400.96
2688.17
2600.78
2398.08
2493.77
2777.78
2998.5
3003
2656.04
2659.57
2971.77
2989.54
2906.98
2386.63
2085.51
2107.48
2229.65
2296.21
2336.45
1984.13
1921.23
2378.12
2457
2496.88
2659.57
2739.73
2758.62
2808.99
2824.86
2902.76
2801.12
2857.14
3091.19
2980.63
2666.67
2500
2656.04
2844.95
2915.45
2747.25
2652.52
2604.17
224.115
220.872
1968.5
2227.17
2469.14
2560.82
2607.56
2642.01
2624.67
2460.02
2503.13
2317.5
2089.86
2217.29
2475.25
2496.88
2383.79
2442
2478.31
2515.72
2463.05
317.158
307.078
1941.75
1473.84
1306.34
1899.34
2094.24
1782.53
1917.55
2528.45
2484.47
2631.58
3025.72
3144.65
2985.07
2808.99
2691.79
2691.79
2509.41
1839.93
1638
1826.48
2044.99
2047.08
1932.37
2074.69
2132.2
2197.8
2430.13
2544.53
2580.65
2642.01
2600.78
2706.36
2877.7
2805.05
2732.24
2820.87
3048.78
2770.08
2439.02
2392.34
2364.07
2472.19
2706.36
2797.2
2820.87
2777.78
2724.8
2594.03
1693.48
1389.85
1489.2
1623.38
1996.01
2380.95
2673.8
2378.12
2219.76
2296.21
2265.01
2395.21
2436.05
2171.55
1784.12
1755.93
471.032
478.927
2217.29
2347.42
2534.85
2560.82
2515.72
2457
2395.21
2364.07
2567.39
2688.17
2631.58
2631.58
2570.69
2699.06
2797.2
2805.05
2816.9
2766.25
2534.85
2500
2004.01
1876.17
2481.39
2766.25
2849
2928.26
516.929
484.731
1915.71
2176.28
2352.94
2567.39
279.018
243.873
298.418
337.268
1734.61
1699.24
1291.16
1253.13
1081.08
1135.07
1226.99
419.375
465.333
1759.01
1949.32
2406.74
2400.96
2478.31
2333.72
2229.65
2375.3
2583.98
2735.98
2509.41
2141.33
2081.17
2076.84
1748.25
1571.09
1509.43
1773.05
2217.29
2247.19
2457
2222.22
2192.98
2450.98
2522.07
2600.78
2554.28
2364.07
2398.08
2583.98
2600.78
2628.12
2670.23
2695.42
2635.05
2614.38
2610.97
2621.23
2298.85
2159.83
2364.07
2173.91
1790.51
1774.62
2120.89
2325.58
2301.5
2018.16
1865.67
1988.07
2181.03
2389.49
2567.39
2699.06
2386.63
2280.5
2433.09
2400.96
2412.55
1327.14
1171.65
1610.31
1610.31
1655.63
1831.5
1869.16
1788.91
1035.2
880.669
1254.71
898.069
564.972
759.878
1892.15
2285.71
2361.28
2484.47
2583.98
2638.52
2781.64
2857.14
2624.67
2453.99
2544.53
2583.98
2587.32
2547.77
1047.12
920.387
1648.8
1755.93
1757.47
775.494
538.068
907.441
2038.74
2166.85
1850.14
1547.99
1792.11
2244.67
2239.64
2190.58
2277.9
2400.96
2336.45
2355.71
2444.99
2406.74
2331
2314.81
2366.86
2152.85
1883.24
2034.59
2430.13
2551.02
2415.46
2444.99
2649.01
2781.64
2732.24
2547.77
2285.71
1998
2055.5
2400.96
2219.76
2143.62
2412.55
2500
2361.28
2127.66
2042.9
1984.13
1958.86
2188.18
2232.14
2219.76
2469.14
2298.85
2188.18
2283.1
2288.33
2293.58
2234.64
2217.29
2212.39
2364.07
2607.56
2173.91
2004.01
2188.18
1897.53
1596.17
1833.18
2209.94
2270.15
2590.67
2652.52
2554.28
2624.67
2597.4
2515.72
2369.67
2380.95
2339.18
2285.71
2375.3
2176.28
2022.24
2114.16
2185.79
2222.22
2283.1
2403.85
2288.33
2214.84
2252.25
2008.03
2020.2
2219.76
2412.55
2166.85
1550.39
1518.6
1773.05
635.526
631.512
1547.99
1445.09
1308.04
1229.26
1557.63
876.424
849.979
1734.61
1876.17
2120.89
2272.73
2309.47
2249.72
2288.33
2378.12
927.644
627.944
910.747
1632.65
1998
2074.69
2366.86
2421.31
2262.44
297.752
292.099
437.158
453.001
2152.85
1984.13
53.9913
54.0789
2129.93
2234.64
2249.72
2089.86
2159.83
2333.72
2336.45
2192.98
2014.1
2100.84
2339.18
2283.1
2270.15
2169.2
1733.1
1672.24
2042.9
2333.72
2400.96
2325.58
2341.92
2320.19
2418.38
2580.65
2500
2493.77
2522.07
2386.63
2350.18
2312.14
2378.12
2587.32
2463.05
2392.34
2515.72
2364.07
1886.79
1803.43
2171.55
2509.41
2702.7
2652.52
2358.49
2081.17
2066.12
2252.25
2439.02
2656.04
2777.78
2828.85
2877.7
2380.95
1986.1
2059.73
2176.28
2372.48
2717.39
2724.8
2583.98
2541.3
2580.65
2574
2522.07
2583.98
2789.4
2544.53
1953.13
1857.01
2244.67
2096.44
1945.53
831.601
822.707
1839.93
2024.29
2607.56
2484.47
2528.45
2751.03
2617.8
2732.24
2663.12
2515.72
2717.39
2493.77
2325.58
2475.25
2673.8
2358.49
1972.39
2148.23
2421.31
2406.74
2275.31
2096.44
2229.65
2610.97
2713.7
2663.12
2361.27
2129.93
2081.17
2087.68
2328.29
2551.02
2442
2336.45
2265.01
1886.79
1885.01
2254.79
2469.14
2677.38
2621.23
2518.89
2604.17
2766.25
2699.06
2724.8
2743.48
2832.86
3100.78
3086.42
3067.48
3095.98
3125
3134.8
2770.08
2301.5
2331
2433.09
2528.45
2728.51
2836.88
2962.96
2754.82
2444.99
2262.44
2244.67
2436.05
2652.52
2607.56
2570.69
2214.84
2237.14
2577.32
601.866
562.588
1662.51
2107.48
2781.64
2881.84
2962.96
3144.65
3179.65
3067.48
2949.85
2936.86
2915.45
2923.98
3016.59
2652.52
2447.98
2793.3
1493.65
1298.7
681.199
673.401
2004.01
2298.85
2453.99
2758.62
2941.18
2659.57
2463.05
2506.27
2538.07
2797.2
2971.77
2962.96
2758.62
2828.85
2853.07
2853.07
2844.95
2801.12
2766.25
2840.91
3100.78
2721.09
2836.88
3086.42
2998.5
2954.21
2949.85
2902.76
2844.95
2444.99
1277.14
547.795
658.328
2453.99
2869.44
2628.12
2554.28
2493.77
2439.02
2777.78
3058.1
3044.14
2994.01
2919.71
2801.12
2949.85
2958.58
2713.7
2747.25
2898.55
2911.21
2853.07
2962.96
2832.86
2915.45
3091.19
2994.01
3003
2781.64
2567.39
2580.65
2239.64
1626.02
1677.85
724.375
682.594
1742.16
2111.93
2358.49
2604.17
2522.07
2635.05
2781.64
2805.05
3125
3048.78
2954.21
3012.05
3067.48
2758.62
2534.85
2877.7
3159.56
2781.64
2699.06
2663.12
2580.65
2663.12
2695.42
2928.26
3081.66
2531.65
2364.07
2322.88
1328.9
1371.74
2083.33
2042.9
2427.18
2624.67
2614.38
2828.85
2706.36
2732.24
3139.72
2865.33
2032.52
1893.94
2322.88
2472.19
2590.67
2865.33
2911.21
2570.69
2680.97
2919.71
2670.23
2805.05
3034.9
2980.63
2998.5
2958.58
2906.98
2836.88
2587.32
2621.23
2873.56
2439.02
2272.73
2325.58
2277.9
2364.07
2444.99
2642.01
2567.39
2635.05
2743.48
2789.4
2713.7
2534.85
2673.8
2713.7
2840.91
2985.07
2911.21
2544.53
2481.39
2785.52
2985.07
2766.25
2457
2123.14
2155.17
2538.07
2724.8
2906.98
2580.65
2645.5
2911.21
2971.77
3007.52
2684.56
2812.94
2766.25
2453.99
2283.11
1902.95
1851.85
2087.68
2232.14
900.901
859.476
2148.23
2518.89
2762.43
2735.98
2590.67
2607.56
2484.47
2551.02
2902.76
3115.26
2805.05
2747.25
2587.32
2478.31
2702.7
2724.8
1926.78
1640.69
2227.17
2873.56
2877.7
2941.18
2962.96
2624.67
2506.27
1525.55
952.835
1144.16
2114.16
2789.4
2898.55
2743.48
2781.64
2989.54
3058.1
3134.8
3034.9
2954.21
2631.58
2735.98
3210.27
2941.18
2958.58
2923.98
2849
3105.59
2967.36
2949.85
3044.14
2649.01
2724.8
2958.58
2989.54
3246.75
3184.71
3205.13
3067.48
2280.5
1953.13
2176.28
2006.02
1994.02
2222.22
2257.34
2418.38
2472.19
2298.85
2453.99
2702.7
2610.97
2645.5
2531.65
2564.1
2816.9
3007.52
3021.15
2998.5
2994.01
2985.07
3044.14
3021.15
2590.67
2656.04
2801.12
2747.25
2717.39
2713.7
2781.64
2621.23
2865.33
3091.19
2793.3
2551.02
2873.56
3194.89
2954.21
2954.21
2820.87
2453.99
1956.95
743.218
807.102
2590.67
2460.02
2695.42
3048.78
2985.07
2941.18
3044.14
2824.86
2781.64
2985.07
2980.63
2816.9
2695.42
2985.07
3189.79
3134.8
2762.43
2068.25
1831.5
2087.68
2415.46
2478.31
2500
2301.5
2309.47
2469.14
2469.14
2453.99
784.006
760.745
1863.93
2152.85
853.607
781.555
1706.48
2002
2649.01
2706.36
2649.01
2691.79
2820.87
2801.12
2554.28
2781.64
2677.38
2688.17
3076.92
2941.18
2762.43
2898.55
2812.94
2840.91
2902.76
2617.8
2314.81
1885.01
1696.35
1867.41
2219.76
2169.2
2202.64
2450.98
2560.82
2773.93
2932.55
2805.05
2528.45
2403.85
2525.25
2378.12
2162.16
2098.64
2331
2857.14
2254.79
1725.63
1968.5
2200.22
2283.11
2610.97
2466.09
2400.96
2430.13
2412.55
2247.19
2237.14
2463.05
2463.05
647.878
548.546
1038.96
1226.24
1364.26
1443
1790.51
1921.23
2081.17
2400.96
2490.66
2642.01
2747.25
2638.52
2604.17
2583.98
2574
2617.8
2624.67
2496.88
2378.12
2344.67
2412.55
2544.53
2333.72
2247.19
2418.38
2453.99
2554.28
2567.39
2515.72
2610.97
2162.16
2125.4
2691.79
2958.58
2522.07
2219.76
2355.71
2355.71
2557.54
2680.97
2570.69
2481.39
2684.56
3030.3
2962.96
2597.4
2570.69
2857.14
2853.07
2594.03
2713.7
1609.01
1201.92
1499.25
1787.31
2171.55
2219.76
1598.72
1017.29
1170.28
2209.94
2280.5
2352.94
2398.08
2355.71
2721.09
2869.44
2713.7
2915.45
3129.89
2785.52
2881.84
3210.27
3039.51
2832.86
2941.18
3125
2967.36
3003
3072.2
2941.18
2994.01
3058.1
2941.18
2873.56
2976.19
3021.15
3072.2
2424.24
1707.94
1845.02
2219.76
1780.94
1245.33
1273.07
1988.07
2475.25
2544.53
2702.7
2677.38
2597.4
2820.87
3086.42
2958.58
2911.21
2656.04
2577.32
2967.36
3149.61
2985.07
3025.72
3257.33
2836.88
2600.78
2928.26
3012.05
2564.1
2673.8
3149.61
3044.14
2976.19
3034.9
2886
2906.98
3129.89
2989.54
3025.72
2587.32
2574
2702.7
2380.95
2444.99
2141.33
2074.69
1199.76
1160.09
2352.94
2409.64
2372.48
2717.39
2713.7
2645.5
2677.38
2911.21
2886
2936.86
3164.56
2967.36
2971.77
2695.42
2770.08
3184.71
2801.12
2894.36
3184.71
3062.79
3016.59
2906.98
2702.7
2518.89
2801.12
3095.98
2828.85
2659.57
2580.65
1860.47
1358.7
1429.59
2030.46
2628.12
2355.71
2055.5
1631.32
1618.12
2125.4
2453.99
2621.23
2902.76
2881.84
2762.43
2954.21
2673.8
2751.03
2894.36
2805.05
2808.99
2881.84
3149.61
2751.03
2444.99
2453.99
2195.39
2111.93
2406.74
2509.41
2751.03
3095.98
2724.8
2237.14
1320.13
660.502
853.606
2691.79
2457
2580.65
2945.51
2574
1700.68
1806.68
2594.03
2487.56
2389.49
2509.41
2460.02
2380.95
2433.09
2421.31
2577.32
2797.2
2954.21
2777.78
2583.98
2695.42
2836.88
2587.32
2350.18
2594.03
2751.03
2762.43
2463.05
2270.15
2466.09
2518.89
2314.81
1346.8
1308.04
1893.94
2028.4
2328.29
2515.72
2590.67
2789.4
3044.14
2949.85
2976.19
2607.56
2285.71
1915.71
1803.43
2085.51
2234.64
2418.38
2624.67
2873.56
3062.79
3016.59
2971.77
2777.78
2865.33
2928.26
2911.21
2577.32
2560.82
2002
1425.52
1411.43
1748.25
2333.72
2604.17
2666.67
2785.52
2766.25
2812.94
3053.44
3021.15
2743.48
2597.4
2928.26
3105.59
2865.33
2906.98
3086.42
3120.12
3058.1
2865.33
2954.21
2869.44
2659.57
2928.26
2793.3
2242.15
1497.01
1480.38
2049.18
2322.88
2531.65
2642.01
1976.28
1152.74
1269.04
2066.12
2322.88
2604.17
2844.95
3030.3
2773.93
2751.03
2958.58
2898.55
2923.98
3044.14
2857.14
2832.86
2828.85
2898.55
3125
3016.59
3030.3
3081.66
2976.19
2976.19
3062.79
2911.21
2695.42
2976.19
3225.81
3003
3053.44
3179.65
3120.12
2051.28
1566.17
1811.59
1615.51
1122.96
1317.52
2066.12
2192.98
2587.32
2713.7
2534.85
2898.55
3105.59
2781.64
2861.23
2721.09
2706.36
2793.3
2560.82
2849
2801.12
2820.87
3072.2
2758.62
2717.39
2773.93
2980.63
3220.61
2781.64
2577.32
2865.33
2781.64
2777.78
2998.5
2980.63
2684.56
2551.02
2638.52
2781.64
2096.44
806.127
796.178
1843.32
2610.97
2971.77
3034.9
2777.78
2805.05
3048.78
2688.17
2580.65
2894.36
2824.86
2861.23
3129.89
2998.5
2869.44
2739.73
2898.55
3159.56
2805.05
2836.88
2923.98
2861.23
2824.86
2832.86
3062.79
2844.95
2840.91
3076.92
3016.59
2743.48
2642.01
2670.23
2506.27
2436.05
2509.41
2430.13
2355.71
2290.95
2534.85
2945.51
2928.26
2945.51
2392.34
2152.85
2439.02
2808.99
2936.86
2560.82
2570.69
3003
3120.12
2766.25
2673.8
2928.26
2828.85
2923.98
3174.6
3007.52
2844.95
2695.42
1893.94
1972.39
2466.09
2378.12
2928.26
3115.26
2797.2
2869.44
3273.32
2941.18
2518.89
2607.56
2932.55
2954.21
2980.63
2906.98
2945.51
3241.49
3378.38
3220.61
3252.03
3502.63
3539.82
3546.1
3552.4
3571.43
3565.06
3466.2
2484.47
2164.5
2525.25
2739.73
2728.51
2673.8
2721.09
2680.97
2735.98
2865.33
2873.56
2898.55
3039.51
3048.78
3189.79
3484.32
3514.94
3514.94
3508.77
3401.36
3333.33
3389.83
3430.53
3448.28
2832.86
2475.25
2604.17
2684.56
2743.48
2496.88
2325.58
2503.13
2400.96
2047.08
2143.62
2347.42
2460.02
2721.09
2785.52
2793.3
2702.7
2713.7
2758.62
2770.08
2808.99
2604.17
2525.25
2506.27
2280.5
2239.64
2085.51
2202.64
2649.01
2702.7
2691.79
2828.85
2945.51
3086.42
3294.89
3322.26
3384.09
3267.97
3007.52
2574
2190.58
2181.03
2333.72
2418.38
2378.12
2587.32
2945.51
3100.78
3327.79
3034.9
2624.67
2857.14
3129.89
3072.2
2894.36
2673.8
2932.55
3144.65
2980.63
2341.92
2234.64
2262.44
2409.64
2812.94
2699.06
2881.84
3076.92
2688.17
1869.16
1665.28
2150.54
2805.05
2762.43
2853.07
2861.23
2430.13
2026.34
1363.33
1246.88
1712.33
2389.49
2677.38
2849
3076.92
2869.44
2805.05
2580.65
2481.39
2732.24
2949.85
2770.08
2873.56
2881.84
2673.8
2949.85
3110.42
2789.4
2544.53
2844.95
2857.14
2656.04
2751.03
2861.23
3044.14
3016.59
2971.77
3044.14
2666.67
1945.53
1748.25
1936.11
2044.99
2123.14
2205.07
2285.71
2406.74
2129.93
2259.89
2557.54
2614.38
2958.58
2923.98
2919.71
2766.25
2762.43
2732.24
2773.93
3025.72
2971.77
2789.4
2762.43
2985.07
3134.8
3134.8
3125
2853.07
2923.98
3189.79
2971.77
2971.77
2735.98
2816.9
3236.25
3174.6
3179.65
3210.27
3210.27
3205.13
3236.25
2861.23
2123.14
1278.77
998.502
1098.9
1576.04
2366.86
2706.36
3016.59
3021.15
3044.14
2958.58
2820.87
2773.93
2706.36
2936.86
3220.61
3007.52
2770.08
2915.45
3184.71
2828.85
2628.12
2677.38
2580.65
2717.39
2433.09
2181.03
2418.38
2567.39
2624.67
2600.78
2607.56
2663.12
2557.54
2436.05
2490.66
2557.54
2457
2645.5
2932.55
2849
2886
2224.69
1901.14
2129.93
2587.32
2989.54
2911.21
2890.17
3003
3062.79
2923.98
2739.73
2758.62
2688.17
2484.47
2580.65
2932.55
3139.72
3021.15
2747.25
2828.85
2915.45
2958.58
3154.57
2898.55
883.392
844.238
2247.19
2355.71
2493.77
2290.95
2224.69
2580.65
2777.78
3030.3
3262.64
3179.65
3016.59
2735.98
2361.27
1980.2
1939.86
2152.85
2249.72
2560.82
2656.04
2400.96
2713.7
2898.55
2890.17
2971.77
2617.8
2805.05
2861.23
2652.52
2998.5
3236.25
2773.93
2600.78
2766.25
2919.71
3081.66
2820.87
2680.97
2301.5
1340.48
1202.65
1611.6
1858.74
2120.89
2638.52
3025.72
2962.96
2751.03
2853.07
3016.59
3030.3
3076.92
3007.52
2816.9
2621.23
2257.34
1725.63
1811.59
2493.77
2928.26
2793.3
2812.94
3034.9
2919.71
2828.85
2873.56
2721.09
2828.85
3159.56
2985.07
3062.79
2898.55
2551.02
2754.82
1572.33
1019.89
1121.7
1534.92
2127.66
2469.14
2369.67
2577.32
2941.18
2949.85
2976.19
2638.52
2770.08
2971.77
2898.55
3110.42
3012.05
2949.85
2890.17
2894.36
2932.55
2747.25
2773.93
2758.62
2139.04
2016.13
2463.05
2805.05
2680.97
2770.08
3021.15
2994.01
2747.25
2320.19
2229.65
2372.48
2447.98
2522.07
2762.43
2739.73
2621.23
2777.78
2932.55
2721.09
2403.85
2656.04
3048.78
3072.2
3236.25
3179.65
2877.7
3039.51
3273.32
3149.61
3016.59
2652.52
2832.86
3012.05
3062.79
3305.79
3125
2865.33
2762.43
3072.2
3267.97
2828.85
2869.44
3267.97
3115.26
2645.5
2400.96
1684.92
1552.79
1972.39
1858.74
2132.2
2600.78
2484.47
2232.14
2207.51
2728.51
3030.3
2832.86
2949.85
3189.79
2857.14
2894.36
2844.95
2894.36
3241.49
3067.48
3095.98
2877.7
2923.98
2941.18
2976.19
3289.47
2849
2808.99
3139.72
3139.72
3058.1
3115.26
3194.89
3039.51
3091.19
3194.89
2820.87
2587.32
2945.51
3322.26
3003
2375.3
708.466
624.415
1478.2
2132.2
2309.47
2487.56
2538.07
2344.67
2597.4
3048.78
2777.78
2832.86
3100.78
3062.79
2949.85
2962.96
2816.9
2541.3
2762.43
3053.44
3003
3053.44
3044.14
2994.01
3030.3
2989.54
2976.19
3021.15
2597.4
2522.07
2828.85
2487.56
821.355
814.332
2328.29
2551.02
2412.55
2624.67
2702.7
2472.19
2475.25
2484.47
2447.98
2574
2773.93
2614.38
2409.64
2355.71
2534.85
2754.82
2594.03
2528.45
2610.97
2865.33
3179.65
3025.72
2663.12
2832.86
3194.89
3144.65
3062.79
2985.07
2902.76
2793.3
2793.3
1915.71
1314.92
1483.68
2173.91
2600.78
2861.23
2557.54
2570.69
2732.24
2828.85
3154.57
3139.72
3086.42
3044.14
3115.26
3105.59
2877.7
1633.99
1497.01
2219.76
2607.56
2789.4
2949.85
3149.61
2770.08
2680.97
2832.86
2932.55
2706.36
2789.4
2989.54
3007.52
2971.77
2949.85
3267.97
2797.2
2439.02
2392.34
2418.38
2400.96
2490.66
2594.03
2392.34
2518.89
2590.67
2547.77
2691.79
2949.85
3021.15
2597.4
2570.69
2732.24
2684.56
2751.03
2103.05
1739.13
1806.68
1579.78
1782.53
2666.67
2638.52
2743.48
3344.48
2954.21
2820.87
3189.79
3236.25
2919.71
2631.58
2898.55
3220.61
2028.4
1243.78
1231.53
1646.09
1865.67
2217.29
2980.63
3062.79
2881.84
3016.59
3125
2663.12
2525.25
2998.5
3179.65
3016.59
3021.15
3081.66
2877.7
2902.76
3174.6
2945.51
2754.82
2865.33
2808.99
2919.71
3220.61
2469.14
692.281
707.214
2386.63
2157.5
1958.86
2111.93
2386.63
2635.05
2659.57
2372.48
2159.83
2528.45
2923.98
2812.94
2754.82
2762.43
2976.19
3144.65
3095.98
2797.2
2515.72
2450.98
2624.67
2861.23
2945.51
2805.05
2415.46
2392.34
2735.98
3030.3
2824.86
2820.87
2857.14
2923.98
3231.02
2849
2797.2
2941.18
2962.96
3200
3252.03
2372.48
1821.49
1773.05
1941.75
2085.51
1179.25
1137.01
2157.5
2797.2
3067.48
3194.89
3016.59
2812.94
2793.3
3039.51
3210.27
3236.25
2971.77
2805.05
3058.1
3048.78
2853.07
2967.36
3169.57
2717.39
2424.24
2490.66
2844.95
3110.42
2684.56
2836.88
3322.26
3257.33
3139.72
3072.2
2911.21
2777.78
2463.05
2457
2541.3
2433.09
942.507
925.069
2487.56
2684.56
2936.86
3125
3039.51
2902.76
2781.64
2743.48
2890.17
3062.79
3086.42
3144.65
3034.9
3062.79
2915.45
2928.26
3115.26
2766.25
2766.25
2865.33
2747.25
2902.76
2894.36
2873.56
2832.86
2936.86
2967.36
2967.36
3189.79
2902.76
2409.64
1941.75
1441.96
1335.11
1936.11
2894.36
2994.01
2816.9
2617.8
2016.13
1751.31
2118.64
2762.43
3149.61
2812.94
2911.21
3257.33
3044.14
3021.15
2770.08
2702.7
3058.1
2898.55
2770.08
2777.78
2971.77
2906.98
2805.05
2873.56
2832.86
2728.51
2525.25
2642.01
