3.49437
14.3841
12.4435
11.2721
9.61317
7.33969
8.87335
13.3744
14.2745
15.8467
15.6018
15.257
15.4144
14.4793
14.5669
15.0263
14.3054
14.578
15.3237
15.0694
15.0133
15.3353
15.367
14.8528
14.8797
15.4927
15.377
15.2449
15.7369
15.1068
14.4556
15.2064
15.148
14.5857
15.3458
14.4864
13.5822
14.3488
14.1842
13.9842
14.2979
14.0015
13.8098
13.9172
14.2322
14.8852
15.4245
15.1214
15.1873
15.4867
14.8299
15.0361
15.6068
15.0533
14.7154
14.8187
15.1166
15.1102
14.8558
15.2258
14.7508
14.7764
15.4026
14.9891
14.9619
15.4012
14.8856
14.7192
15.504
15.0532
14.5318
15.1069
15.2731
15.2234
15.0891
14.434
14.2465
14.9642
15.3397
15.0141
14.9422
15.115
15.1065
15.0003
15.1891
14.8858
14.9978
15.6284
14.7075
14.5593
15.0015
14.5589
14.8895
15.3125
14.9635
14.5819
14.8384
14.9638
14.605
14.8251
14.142
14.1571
14.886
13.4935
13.2861
14.0622
14.4172
14.6231
14.3204
13.9385
13.9419
14.8296
15.1189
14.6861
14.8245
14.7829
14.8627
15.0733
14.5289
14.4774
14.8401
14.8192
14.5612
14.7469
14.8433
14.6881
14.9114
14.9334
14.8523
14.9909
14.4725
14.3796
15.1494
14.9777
14.5433
14.7917
14.9142
14.8477
15.0362
14.7996
14.7931
14.8872
14.4405
14.5151
14.6809
14.6938
14.6384
14.7884
14.5706
14.1052
14.6606
14.228
14.0033
14.1188
13.4664
13.3327
13.8314
13.91
13.1906
14.1541
14.9905
14.4285
14.6039
14.3173
14.4795
15.1925
14.8032
14.4522
14.6841
14.3401
14.386
14.7815
14.2746
14.068
14.6997
14.2785
14.1354
14.4758
14.198
14.5455
14.9325
14.4776
14.2573
14.6094
14.1632
14.1043
14.6764
14.2576
14.3765
14.715
14.2059
14.2636
14.7307
14.2026
14.2052
15.0134
14.2575
14.0578
14.5455
13.5118
12.3235
12.245
12.604
13.0047
13.8965
14.4086
14.3598
14.3178
14.2975
14.3327
14.1075
14.0756
14.2543
13.894
13.9125
14.3579
14.0126
14.3667
14.7926
13.8665
13.5382
14.1651
14.1192
13.93
14.4158
14.1119
14.0139
14.3427
14.0235
14.0872
14.1771
14.1333
14.2203
13.5406
13.843
14.6844
13.7096
13.5021
14.1099
13.8157
13.8138
14.3841
14.1736
14.0133
14.2097
13.8672
14.0427
14.3583
13.7306
13.7867
14.4387
14.1079
13.9892
14.266
13.8495
13.8787
14.2177
13.3633
13.4776
13.8785
13.44
13.6398
13.611
13.4126
13.3777
12.8002
12.4096
12.6126
12.8677
13.678
14.5126
13.8218
13.5068
13.8515
13.2226
13.352
13.9176
13.8208
14.1002
13.9875
13.5005
13.7634
14.0961
13.9337
14.02
14.0358
13.6141
13.6423
13.2392
13.2994
13.9321
13.5796
13.7806
14.006
13.3073
13.7697
14.3058
13.1842
13.3801
14.1666
13.5213
13.4452
13.0869
12.8526
13.6261
13.8015
13.7656
13.7329
13.3751
13.5195
13.9552
13.3999
13.067
13.479
13.2555
13.0383
13.2221
13.303
13.3489
13.2341
13.5029
13.5522
12.9001
12.9669
13.1901
13.2244
13.6718
13.4344
13.4956
13.3846
13.0217
13.3543
13.5933
13.1878
13.3289
13.3722
13.2547
13.6326
12.8713
12.816
13.8041
13.1785
12.5404
13.0026
13.1001
13.4273
13.4233
13.2182
13.4712
12.8855
12.9656
13.6105
13.0622
13.0559
13.4614
13.3999
13.7892
13.5773
13.1188
13.5444
13.441
13.3026
13.6901
13.3531
13.0209
13.3766
13.2912
13.1602
12.9975
12.7877
13.2905
12.8362
12.8035
13.5056
12.8506
12.8145
13.4386
13.3046
13.194
13.1264
13.3154
13.7939
13.0515
12.7593
12.9543
12.9016
13.5195
13.0828
12.8576
13.3068
12.9729
13.0722
13.4829
13.2933
13.1408
12.9755
12.8525
13.1043
13.0478
12.9031
13.1688
13.1427
13.2514
13.3918
12.6924
12.938
13.4478
13.2181
12.8671
11.6505
11.9651
12.9215
12.7898
12.6896
12.4303
12.6182
13.157
12.7765
12.5262
13.4068
11.8542
11.6946
12.7968
12.2047
12.62
12.6483
12.2349
12.4234
12.7778
12.855
12.475
12.6921
12.9622
12.5214
12.5386
12.7109
12.5287
12.7131
12.7473
12.8082
12.8422
13.0091
13.1062
12.4725
12.5723
13.0911
12.5545
12.4079
12.691
12.6037
12.8127
12.8231
12.8221
12.5549
12.4469
13.1452
12.9893
12.7683
13.118
12.3475
12.4818
12.964
12.4385
12.5013
12.5945
12.4645
12.703
12.7599
12.4411
12.5437
12.5959
12.3626
11.9361
12.262
12.9156
12.6529
12.5663
12.5038
12.5793
12.8822
12.3608
12.3877
13.1225
12.3537
12.1432
12.6494
12.8914
12.9912
12.4076
12.3756
12.8342
12.2363
12.3641
12.8765
12.4898
12.4488
11.6918
11.776
12.2762
11.8844
12.2414
12.2673
12.25
12.6969
12.1509
11.9426
11.5724
11.5149
12.1518
12.2234
12.305
12.1206
12.3011
12.377
12.2379
12.3706
12.2694
12.3981
12.7825
12.6629
12.4292
12.4207
12.3795
12.6244
12.5061
12.3977
12.8226
12.6525
12.5532
12.732
12.6896
12.9056
12.4946
12.1924
12.0611
11.946
12.5682
12.2069
12.0486
12.7167
12.4512
12.2941
12.1979
12.0486
12.5887
12.2779
12.4062
12.6745
12.2572
12.8014
12.2736
12.0418
12.4543
12.3178
12.7159
12.3097
12.2214
12.693
12.1746
12.4551
12.5762
12.4184
12.7848
12.417
12.5246
12.4694
12.2339
12.4206
12.3048
12.2976
11.9909
12.3583
13.0731
12.0314
11.7481
12.1911
12.007
12.4381
12.3116
11.9756
11.8607
12.3454
12.163
11.4664
11.9636
12.166
12.2891
12.4701
12.2572
12.1461
12.6495
12.1488
12.4391
12.685
12.0737
12.3304
11.9472
12.1217
12.765
12.5619
12.3436
12.317
12.3742
12.3083
12.2892
12.5964
12.0067
11.6513
11.9763
12.2362
12.4736
12.2067
12.1571
12.6858
12.4524
12.0672
11.9369
12.0672
12.104
11.7634
12.1269
12.1108
12.0728
12.4507
11.9987
11.9271
12.0785
12.1939
12.1285
11.8594
12.3403
11.6365
11.4172
11.9461
11.9754
12.1932
11.8144
11.9276
12.5102
11.6999
11.4911
11.9733
11.8073
11.9346
11.676
11.7597
11.8328
11.6947
12.074
11.8566
11.964
12.3251
12.1076
11.7736
11.5328
11.7966
11.986
12.199
11.9823
11.7429
12.2401
12.0014
11.9248
12.0306
12.0685
12.0886
11.7432
11.8138
11.6675
11.9872
12.079
12.0566
12.5785
11.5978
11.5004
12.0243
11.9617
12.1797
11.7032
11.5666
11.8436
12.0538
12.1554
11.7568
11.8214
11.8601
11.9502
12.3423
11.8677
11.7313
11.5602
11.5276
11.9534
11.7303
11.7439
11.6496
11.8761
12.1137
11.9694
11.4964
10.8981
11.2404
10.1565
10.2206
11.6556
11.0836
11.4041
11.1333
9.7289
7.89628
8.07018
10.091
10.0395
9.72928
10.3997
9.9451
9.43516
9.92059
10.9755
11.6017
11.2839
11.281
11.0545
11.0654
10.9838
11.5085
11.6564
11.7793
11.9592
11.9471
12.1046
11.3808
11.4562
12.2292
11.9574
11.4522
10.6197
10.5895
10.9519
10.1454
9.3917
10.2964
11.2687
11.3783
11.8721
11.4503
11.7253
11.9819
11.9011
11.61
11.8518
12.4929
11.8471
11.5337
11.7766
11.438
11.3259
11.3755
11.3425
11.251
11.6001
11.3551
11.3271
12.2505
11.4515
11.0119
11.1867
11.3998
11.406
11.4557
11.8655
11.0058
10.8327
11.4287
11.6597
11.6627
12.0454
12.3742
12.0105
12.0509
11.7176
11.6451
12.0481
11.524
10.5986
10.1074
10.3079
10.5758
10.7268
11.5308
11.5727
11.3347
11.1481
11.3222
11.6085
11.7012
11.453
11.1673
11.7171
11.6487
11.5998
11.9275
11.7264
11.7177
11.4893
11.4626
11.5903
11.2582
11.9326
12.0834
11.7235
11.7747
11.9021
11.8351
11.2745
11.4145
11.511
11.5332
11.3118
11.2218
11.4553
11.2729
11.6042
11.7883
11.5587
11.2906
11.4254
11.9246
11.6889
11.7266
11.7385
11.5219
11.8886
11.7259
11.7156
11.4013
11.4106
11.7712
11.5
11.699
11.6052
11.4424
11.6973
11.8049
11.8307
11.7308
11.6464
11.5898
11.439
10.742
11.197
11.9136
10.7466
10.4748
10.3234
10.3395
10.3118
10.3683
10.4953
10.7844
11.8113
11.5592
11.4532
11.4071
11.5531
11.5445
11.292
11.4542
11.4626
11.4618
11.0821
11.0906
11.0822
11.4844
11.9027
11.1274
11.2708
11.4732
11.2985
11.6797
11.742
11.6477
10.8492
11.1107
11.5749
11.4915
11.8373
11.4459
11.6624
11.5799
11.3322
11.3007
11.342
11.656
11.139
11.3272
11.2502
10.9741
11.6202
11.1955
11.3364
11.3455
11.2015
11.3433
11.2215
11.5013
11.2644
11.2147
11.2584
11.4631
11.156
11.2205
11.6846
11.3138
11.4389
11.3472
11.2279
11.2274
11.4331
11.717
11.5257
11.7585
11.4815
11.1645
11.0765
10.9464
11.583
11.2154
10.8004
10.9019
11.0536
11.5165
11.1155
11.0303
10.8329
10.7967
10.7566
10.3599
10.5326
10.2579
9.95515
10.2949
10.3494
10.8337
11.4264
11.2356
11.3816
11.208
11.3366
11.3694
11.2508
11.2325
11.1244
11.2875
10.8739
10.776
11.1953
11.2294
11.0989
11.0744
11.189
11.0404
11.2414
11.2115
10.9903
11.2478
11.1981
11.3173
11.0228
11.1877
11.3661
11.2064
11.1548
11.2196
11.4835
11.1279
11.0981
11.5036
11.6362
11.2228
11.1767
11.3669
10.9288
10.8618
10.7983
10.795
11.0524
10.8879
11.0746
11.0106
11.1496
10.2911
10.6399
10.7536
10.381
11.1531
11.1271
11.2922
10.8117
10.9406
11.1798
11.0778
10.8648
10.705
11.027
10.8016
10.7818
11.1084
11.4724
11.1564
10.9048
11.0383
10.9407
11.2286
10.9594
11.0596
10.6245
10.6537
11.0469
11.1394
11.3209
11.0362
11.1255
11.1965
11.15
11.1119
11.0888
10.6334
10.7053
10.6951
10.9542
10.9337
10.9858
11.7421
11.086
10.9409
11.0766
11.0327
10.7542
10.6224
10.9755
10.6485
10.9004
11.1023
10.8561
10.4897
10.6547
11.0671
10.828
10.6809
10.1002
9.68054
9.58024
9.93221
10.7111
11.0773
10.9328
11.1768
10.5208
10.0815
10.4779
10.554
10.8591
10.8272
11.0084
10.9132
10.8107
10.8129
10.7742
11.1747
10.5123
10.3042
10.8823
11.1187
10.8373
10.7151
10.7759
10.9041
10.929
10.8638
11.1966
10.6001
10.6748
10.9788
10.7553
10.9579
11.1973
11.2651
10.8802
10.8748
10.5154
10.2477
10.4508
10.6445
11.2818
11.4471
11.2258
10.7906
10.7179
10.4619
10.9126
11.0305
10.4403
10.4127
10.5636
10.7742
10.5735
10.6263
10.8099
10.8647
10.205
9.78253
9.98752
10.6324
10.7544
10.6539
10.7251
11.0525
11.0739
10.5862
10.7245
10.6153
10.6305
10.1253
10.1232
10.7324
10.6188
10.7416
10.7907
10.6419
10.5505
10.5307
10.6175
10.8089
10.2114
9.95585
10.295
10.6015
10.4815
10.3636
10.4582
10.4478
10.6002
10.7426
10.8069
10.5041
10.3559
10.4409
10.5426
10.2708
10.433
10.6271
10.4916
10.3425
10.4497
10.2165
10.0672
10.4351
10.5098
10.7135
10.6681
10.6662
10.3986
10.1234
10.2191
10.4815
10.4797
10.4901
10.5033
10.3906
10.4273
10.6467
10.4194
10.2944
10.5301
10.4061
10.1939
10.1599
10.5013
10.2751
10.414
10.5728
10.543
11.0049
10.4759
10.0187
9.86038
10.1743
10.2677
10.0229
9.69829
9.82202
10.2502
9.64911
9.44965
9.48596
9.21094
9.47167
9.73643
10.0873
10.4189
10.4655
10.481
10.4317
10.4233
10.3276
10.4883
10.3145
10.4282
10.3216
10.3553
10.4312
10.3829
10.3201
10.2474
10.5025
10.2547
10.0221
10.3091
10.4998
10.3916
10.5545
10.4482
10.3611
10.26
10.3806
10.3927
10.2018
10.2009
10.305
10.1754
10.2713
10.7145
10.2262
10.078
10.0486
10.08
10.0697
10.1967
10.3939
10.2981
10.0922
10.121
10.0588
10.1019
9.96373
10.06
10.1229
9.97636
10.4898
10.0957
10.0273
9.86252
9.97417
10.3658
10.3705
10.0951
10.1418
10.3123
10.1886
9.80349
9.68593
10.1975
10.2077
10.1497
10.2072
10.3068
10.1028
9.91036
10.1715
10.4934
10.4545
10.6126
10.4338
10.0982
9.98188
10.0022
10.0916
9.96641
9.73373
10.0344
10.2093
10.1047
9.95892
10.0935
10.1945
10.0715
10.1802
10.0803
10.0137
10.0478
9.98896
10.0345
10.0603
9.85227
10.1226
10.0368
9.90423
9.72139
9.77952
10.0763
10.301
10.0208
9.91306
9.94545
9.85333
9.83719
9.67857
9.01689
8.08326
8.72106
9.77355
9.71081
10.0457
9.93162
9.92886
9.89222
9.41868
9.55571
10.0464
10.0282
10.0135
9.89864
9.91459
9.98049
9.79394
10.116
10.1246
9.77617
9.69829
9.75001
9.8934
10.1185
9.89129
9.86062
10.0883
9.98946
9.61649
9.88045
10.0578
9.87333
9.8479
9.97138
10.3294
10.3434
9.66623
9.68424
9.7344
9.61557
9.75424
9.83986
9.443
8.60922
8.63763
9.16301
9.29588
9.41602
9.80157
10.1615
9.85401
9.74654
9.97641
9.90604
9.99555
9.98168
9.85222
9.53048
9.4004
9.79053
9.48447
9.38034
9.6723
9.75129
9.61247
9.7417
10.0503
9.80407
9.82202
10.0242
9.86505
9.64962
9.5886
9.57767
9.75615
9.63442
8.92148
8.88766
9.40035
9.81494
10.0366
9.82893
9.61146
9.86368
9.86675
9.79245
9.49916
9.3224
9.61146
9.5903
9.48848
9.53571
9.68922
9.64418
9.71883
9.56553
9.45399
9.64302
9.51932
9.4484
9.71784
9.83444
9.27863
9.18008
9.53998
9.49406
9.49911
9.61196
9.86728
9.80282
9.53812
9.55909
9.62455
9.48132
9.76968
9.60582
9.40044
9.56974
9.54239
9.82531
9.52354
9.54982
9.5114
9.27906
9.57286
9.6911
9.91164
9.96403
9.62853
9.51221
9.60804
9.48528
9.70163
9.64823
9.19895
9.24219
9.56585
9.5627
9.54631
9.66258
9.25592
9.26046
9.64469
9.53048
9.40252
9.59136
9.80743
9.85474
9.65568
9.64209
9.74944
9.70666
9.91626
9.44149
9.50313
9.6425
9.29891
9.60071
9.85906
9.71256
9.67366
9.62598
9.49059
9.6133
9.74407
9.54094
9.6554
9.71586
9.48429
8.62504
8.29071
9.03436
9.23186
8.91564
9.11964
9.2705
9.34422
9.20522
9.12813
8.98259
8.8894
9.30449
9.11083
9.2748
9.25322
9.18442
8.82145
8.98767
8.8851
