4.08871
55.5525
46.6755
34.5435
36.1696
40.7772
36.9065
44.0733
54.308
52.7579
37.5799
31.347
38.6011
51.2177
57.0646
31.4629
32.8731
64.8277
61.8429
61.6941
63.5122
64.6266
65.5093
61.1752
60.1974
64.2034
66.7312
67.8864
68.2408
67.1547
66.5048
66.1923
65.304
64.3563
64.658
64.2323
62.1601
61.7913
60.2973
60.8162
62.7431
62.8397
63.9488
63.9345
65.8913
65.9761
62.0444
62.4356
64.895
64.6893
63.0259
56.4095
56.2129
62.8654
63.5526
63.2851
63.5789
62.753
63.3392
65.0512
65.7009
64.8529
63.7125
62.8773
53.9374
53.506
63.0219
64.7061
65.2039
65.7895
68.1083
66.9815
65.3467
67.7277
64.8635
63.957
61.4836
56.6572
56.646
54.9768
56.8473
63.1353
64.3211
62.4317
61.0986
61.5669
58.5634
58.7959
56.7344
56.8424
60.7755
56.691
57.6004
60.4595
61.8448
63.7491
60.5565
57.463
61.2464
64.8109
61.9138
59.5344
59.2909
61.1434
63.6112
63.4921
64.1128
65.272
63.6092
64.2735
62.9683
62.2704
67.5037
68.4767
61.2576
59.4654
62.751
64.4039
64.6893
64.6538
64.771
65.675
65.6082
65.606
66.7557
65.7614
65.2167
55.6034
51.6916
59.7461
65.4664
67.0331
67.1772
65.238
64.9688
64.9393
63.4498
64.156
65.3211
64.1601
62.2665
59.1226
58.7699
59.2505
61.6523
63.9652
63.5425
66.4077
68.2944
68.5706
66.2054
63.6497
64.3149
64.0061
61.7856
60.0889
61.4043
64.5619
65.0576
64.9477
66.2274
65.6556
65.1975
68.2361
67.0938
63.955
62.6763
63.9795
63.0398
62.5626
64.9245
63.9713
63.8488
65.3958
65.4643
63.7735
63.2531
65.9957
65.647
60.5675
59.8552
58.6166
60.3737
64.3749
63.6557
63.0875
64.0041
64.7794
64.043
64.6245
60.2718
59.3613
61.7036
55.2731
54.5941
61.5877
66.2954
66.2822
65.1063
63.9857
64.4392
67.0488
67.7163
64.4787
62.9247
62.081
58.4539
59.6641
61.7951
56.8037
59.0947
64.8866
63.4156
63.7227
64.1272
63.0239
65.1466
67.6773
64.635
58.9814
55.7103
56.8182
60.3245
64.0164
66.1945
66.3614
64.5682
61.7913
62.6488
66.5912
66.7067
64.2013
62.4278
61.5972
62.079
64.0574
65.5222
66.3922
65.6728
65.1975
65.987
64.7375
63.9284
64.1087
65.5308
63.8957
59.8372
60.5034
63.2531
64.7794
66.0677
66.3724
65.3744
66.107
64.5328
61.7074
63.0855
67.0488
65.6168
64.9519
62.029
61.7627
63.8896
62.7687
65.6771
65.6448
65.0576
65.2635
66.921
67.9556
65.5996
65.6814
64.7689
59.6997
62.1446
66.4253
61.8946
60.4449
63.3272
61.078
60.31
61.106
61.7932
63.3553
59.5415
57.2672
55.4862
55.5324
58.2021
60.4467
59.2119
56.9055
57.2213
56.8424
57.107
59.5894
57.2656
57.7351
64.7543
65.9174
65.95
66.5314
65.6987
65.2082
64.3998
64.8298
66.7067
67.3015
67.6018
68.7262
60.5254
57.3329
62.7589
65.5695
67.1231
65.716
61.8716
61.393
64.6287
64.4392
64.348
65.7938
66.3394
63.4901
61.0277
61.6086
63.2171
64.5661
65.5544
65.6944
65.3873
65.874
66.1419
66.443
64.7186
64.6496
59.4354
57.1935
62.4766
64.2013
64.7375
65.272
64.539
64.5328
64.0184
65.3766
65.7527
64.288
64.4102
63.6537
61.3365
60.9849
63.01
63.3794
64.4185
64.1952
64.813
65.3125
65.3445
67.8127
65.5867
64.0635
62.3908
59.7068
60.595
63.7836
65.2955
65.1975
64.9857
65.3317
66.3526
65.6534
67.0488
69.8275
68.4463
67.0736
63.4478
56.8327
57.5457
62.0829
59.0267
57.0662
62.0636
66.6578
65.7441
65.0047
65.9391
65.3445
66.5779
63.7308
61.9963
62.004
58.1514
60.868
67.5562
66.912
64.9035
65.2252
64.9878
62.1601
62.5978
64.0061
62.0578
59.4778
59.8372
61.7627
62.4122
65.0809
65.0915
64.7333
67.0961
68.1965
66.6845
63.2411
63.2911
66.2888
62.9763
59.8731
62.0598
63.8794
65.4965
66.6001
64.6099
64.3811
65.6577
68.9465
67.8242
65.783
65.4493
65.3509
62.8615
61.6086
64.6517
65.8393
66.1748
65.8003
66.1945
66.3702
66.5093
66.4584
64.3604
64.154
65.505
65.0449
60.0944
54.7825
57.5937
63.8733
67.4036
68.5871
68.9869
70.492
70.8015
70.1607
69.7131
66.357
64.2281
63.8142
61.1135
62.0887
64.9941
65.0597
66.3945
65.8588
63.0636
64.1746
66.4187
66.3306
66.4297
65.4322
64.4371
62.6606
58.7527
58.9102
61.3309
62.8812
64.9836
66.2647
65.2699
63.7532
63.4296
64.2632
64.9203
65.9087
63.6578
59.8193
60.9459
64.2281
65.0301
64.0882
65.4557
67.2585
66.1835
65.2316
65.5523
68.465
68.6695
63.1712
58.6958
53.2
56.3222
64.9794
65.0428
65.4044
66.2647
67.1254
66.538
64.834
62.2491
61.0612
63.745
64.5224
61.8735
61.1303
62.2491
62.0906
62.6213
65.5802
66.1573
65.4065
66.0829
65.6793
64.9245
65.8979
65.3211
60.7755
61.3158
65.5523
65.4108
63.9018
65.3744
65.2337
62.3889
63.6537
65.304
65.3787
66.1879
64.792
59.6321
59.5593
63.4578
64.8677
65.9805
67.5973
69.4228
69.5749
67.6956
65.7095
63.7146
64.5619
65.3488
63.0398
63.4216
61.2014
60.9403
64.3232
64.1807
63.741
66.0502
68.1779
66.6867
59.2751
60.051
64.4558
60.0294
53.8996
47.2456
51.7491
62.822
63.4095
59.3789
52.5721
55.1374
60.8921
59.6855
58.4368
57.0304
56.0868
56.0412
55.537
53.4088
51.3202
53.4559
59.1314
62.8891
66.2054
64.2116
63.5708
65.5029
64.0287
62.4551
63.1612
64.1704
64.3439
64.3542
64.9182
64.6851
64.1746
66.3548
66.5026
66.749
65.1296
62.2374
62.3577
63.3172
64.7459
65.3509
64.5141
64.3894
65.4258
66.496
66.0502
65.238
66.1901
64.6412
60.4942
55.1633
59.3824
66.0742
64.4205
65.7938
67.1637
66.2647
65.1636
65.7073
67.6133
68.9584
67.9371
66.0371
65.0343
60.2827
58.0265
61.9521
63.5566
59.641
58.2649
63.6476
65.1381
64.2302
65.2061
65.6297
64.4039
62.7983
62.5039
62.9247
65.5372
66.0895
67.7713
66.2493
62.1929
62.3714
64.5036
67.0017
66.5934
64.2632
60.4284
59.1926
62.3772
63.2491
63.2171
65.8003
65.4365
66.4695
68.3504
66.9815
65.5738
63.8835
60.9088
60.1522
63.3914
63.9223
62.5939
64.9604
67.0736
67.6796
67.297
65.5652
65.9457
66.1288
65.6793
67.3968
66.3967
61.9329
61.3742
63.1931
63.4518
64.2323
65.7289
67.4582
66.5469
64.3376
64.3625
65.8241
66.3768
64.3356
63.484
63.1433
62.0771
61.6675
62.2588
63.6963
64.6851
65.6082
64.7459
64.2055
66.9434
66.368
61.4213
60.2954
59.1506
61.3553
66.3108
61.8104
62.9049
66.4562
65.5158
66.4849
65.7117
69.0441
64.7794
61.3196
61.8142
56.7392
60.7312
67.2382
67.3923
69.7107
70.1631
69.1157
66.7913
63.1194
62.6488
65.7009
68.0249
67.5607
61.7379
58.572
61.5366
64.08
64.933
65.6168
66.3174
67.1254
67.9209
66.3878
64.4787
66.212
65.716
60.8661
60.107
63.1054
64.9456
64.658
63.4558
63.6679
64.9119
64.4205
64.6559
66.5181
67.6911
69.3987
64.7438
54.5182
55.0433
60.7497
64.1663
65.5008
64.1375
64.08
64.681
64.8971
64.4309
64.377
64.6016
62.0598
59.1401
59.2979
61.5233
62.9109
57.0955
53.9243
56.2319
54.8878
52.9017
56.6171
57.1151
50.6624
52.2603
56.815
60.9255
68.2128
68.5824
68.1152
66.9658
66.8494
64.954
64.1457
65.1678
62.1852
60.0402
59.7372
61.862
63.7349
64.4849
65.9979
66.6023
68.7238
66.8896
63.8325
66.3174
68.4955
67.0354
64.6245
61.8544
61.7723
63.3593
64.5099
65.1572
66.6289
68.9845
67.1501
66.4849
65.8349
64.7731
65.7289
64.0677
60.8014
59.393
62.6606
65.9109
65.3958
64.5224
65.5437
64.8719
63.6355
64.5474
64.7312
65.9174
66.8159
63.7653
61.7074
59.4654
59.1909
62.3889
65.4322
66.4518
64.5057
65.0195
65.7268
63.3714
65.2699
69.1013
67.1862
60.9069
58.8633
59.4212
60.4851
63.6902
64.2446
66.1726
65.7203
63.4417
63.3352
64.6893
67.0354
66.5004
59.8964
59.4159
62.816
63.1273
66.0349
66.7624
66.9277
66.4761
65.8371
66.3548
62.5391
61.2858
63.7267
62.3947
62.8654
63.2611
65.2592
68.6742
67.39
66.177
66.6178
66.8449
60.5749
58.2326
62.0463
61.0631
58.639
60.9106
63.482
63.3473
64.3004
63.6355
65.2976
65.77
63.7085
64.6141
65.5652
65.8003
66.4408
63.2971
56.9995
58.7613
64.2343
64.5745
63.9161
64.8172
64.973
64.4226
66.9232
68.1501
66.6867
66.8762
66.1223
61.5176
53.2964
56.1041
63.1313
55.9425
56.0868
55.3756
54.9224
56.8844
56.5068
59.6232
60.6723
56.4048
48.9213
48.7745
53.7779
58.8616
65.0005
62.9663
59.2084
61.7608
65.5308
67.0511
66.4916
61.908
60.0853
61.9886
64.6475
67.9325
69.2281
67.2699
56.8408
54.2299
63.6679
66.1682
64.1355
66.011
66.1201
63.9509
60.9793
62.3597
65.8653
66.1748
65.0597
62.9505
63.3533
66.3922
67.1501
61.1901
56.2208
61.6276
65.2997
61.7494
63.0597
65.7073
65.7462
66.4055
66.6622
65.0533
65.7289
66.131
67.9602
69.4276
66.2317
66.3328
61.6675
56.5835
60.3428
63.7735
64.0964
65.8198
65.2316
64.3252
65.5437
66.4518
67.9117
69.4541
68.1176
64.487
61.3008
59.0023
61.0035
62.3364
62.6802
63.7552
65.1105
65.9848
63.4417
64.635
63.8855
62.8852
64.1601
61.9713
62.7136
65.6987
63.3092
61.329
62.4844
62.6115
62.6311
63.488
62.9981
64.4288
66.1004
64.792
61.2708
58.8512
61.0035
64.348
66.7356
67.8242
67.4491
65.3808
64.8298
64.7836
65.1254
65.9522
64.8635
60.8828
59.9736
63.7877
65.1997
64.8046
64.4081
64.1643
63.8101
61.9272
63.857
66.921
66.072
63.9632
60.8254
62.6351
64.5995
65.7938
65.5201
62.7944
61.8353
61.3535
61.6561
63.9243
64.5265
65.7873
68.1756
62.7215
58.7113
60.9236
64.3666
65.6017
64.681
65.5072
67.6087
67.2314
65.9674
63.7389
64.0718
67.5493
63.7328
54.2815
54.1565
59.6855
64.2364
67.3696
65.9283
65.606
66.4452
66.9187
64.9393
63.8488
63.7166
57.4597
56.1593
61.9061
64.612
65.3232
64.6684
63.2371
64.3646
65.4836
65.6814
65.6017
62.1678
60.9812
61.3987
61.9886
61.4685
63.6862
66.2142
65.475
66.28
63.3332
63.4659
64.8193
63.1592
65.703
66.6112
65.066
59.0511
57.0451
62.461
64.191
63.7349
64.9182
65.445
65.5523
66.3768
65.7052
65.7311
65.9652
62.7136
61.0184
60.8217
63.0975
68.348
67.4491
65.6039
65.591
62.822
65.0132
67.1389
65.9609
66.7668
63.7755
54.1287
51.4403
59.7425
64.6726
64.1993
65.6944
66.379
65.662
65.028
66.1157
66.5469
60.4723
58.801
60.3209
62.4415
64.9794
65.4707
65.8241
65.5415
65.7808
65.9718
66.1354
66.5402
66.5026
63.9407
62.2355
63.2291
65.4407
64.5307
63.2271
64.4808
65.7895
66.4209
66.2208
65.8848
65.8718
66.0328
63.6598
62.2588
62.1639
61.3704
63.3553
65.2529
65.7246
65.9174
65.0809
64.2921
63.7227
63.3914
63.6153
65.7895
65.4429
59.5841
61.2201
66.8137
66.3394
65.6599
65.4943
64.9836
66.177
68.5918
67.3968
64.8403
59.6837
55.4893
51.697
54.7136
61.237
58.6803
58.7285
59.5894
63.0955
65.6707
59.0336
58.5035
56.7714
56.9103
54.73
51.796
57.2984
55.5417
54.1067
55.7181
55.7429
58.3618
61.8314
65.6405
69.0775
69.1587
65.3659
62.6409
64.1499
65.255
64.7773
64.6078
63.5223
64.1396
65.9805
65.6017
66.5358
69.3481
69.8959
68.1106
66.3284
63.1473
63.1892
64.5599
64.6162
62.2491
61.297
63.802
65.3595
67.6521
67.2314
66.7601
68.0944
66.8047
64.257
62.1736
60.0132
62.6625
66.807
67.0578
68.2897
66.9591
65.7851
60.7183
61.1172
64.1704
64.6245
66.1923
59.4884
59.9413
63.8998
65.6836
67.7599
67.6933
66.4253
65.5008
65.7246
65.7743
66.5757
66.3592
59.9287
56.8553
61.7189
66.8293
67.9325
67.1186
65.1105
64.4538
66.5535
68.5495
68.2571
66.4783
67.0421
64.2797
59.9952
59.7229
62.4259
63.3132
63.8998
64.2013
62.3811
63.7227
64.7584
66.2691
69.5628
69.9447
68.355
63.8407
61.546
61.9655
63.0358
65.6642
67.0916
65.7527
65.5329
67.7117
66.3724
64.4849
65.49
68.292
66.6889
61.7894
61.297
63.6395
67.2721
68.937
68.3153
68.8942
65.7916
64.3314
63.9386
65.7225
67.8841
66.0284
65.7873
60.0384
58.2055
62.0598
65.3488
67.6888
66.0393
66.1989
66.107
65.9652
67.8288
66.8472
64.9583
66.8874
63.5465
58.744
61.4628
65.619
67.0758
67.2812
67.4082
65.861
63.3834
65.3168
68.9631
67.8702
64.0512
58.1784
56.844
61.0091
65.1105
66.212
66.5314
65.9218
65.5652
66.3306
63.6557
64.2116
65.9631
65.2018
60.2864
57.9274
60.8847
62.8062
64.8635
64.813
64.377
65.5244
66.4121
65.7527
66.313
67.4036
66.0349
64.1499
60.7201
55.2868
59.2891
65.9304
61.9982
61.799
64.8929
66.5646
67.1096
66.4011
66.3284
69.7034
71.1238
63.7308
57.9458
61.5745
64.317
65.0491
65.95
64.5245
66.0917
64.8698
64.4932
67.0466
66.7713
67.2631
64.1252
60.3264
62.8713
64.4995
62.9882
62.9129
60.7441
62.1949
66.1485
64.3046
64.3708
63.7999
64.6204
61.6922
57.7617
60.7589
61.0165
63.4699
62.6351
61.7398
60.8643
56.4589
59.3278
62.2684
63.1014
60.9496
60.5034
59.5274
61.3516
66.1704
66.6489
64.7082
64.5016
68.9631
66.5934
64.7207
64.4392
63.008
60.4961
57.1494
57.0223
54.9632
58.2683
65.9979
64.3646
60.6888
56.8037
59.625
65.0047
63.4437
64.406
63.8488
62.6331
64.7354
64.7522
65.336
66.1704
66.6689
66.8494
65.6663
66.9053
65.8588
64.6705
65.4707
64.46
61.736
58.584
60.8439
66.0306
65.0026
64.5099
66.836
62.6488
61.2145
65.1869
65.304
64.8466
65.7505
62.751
