5.92575
273.748
322.893
538.793
884.173
672.269
633.112
780.031
815.661
935.891
964.32
922.509
928.936
982.801
928.936
857.633
488.52
373.902
450.552
592.768
855.432
994.036
1061.57
1101.32
1104.97
1087.55
1004.52
810.373
664.673
745.99
790.514
841.397
270.307
82.6173
93.2097
428.908
971.345
959.233
752.162
738.825
1034.66
1054.85
869.943
502.892
502.639
834.028
848.536
624.025
629.327
434.594
422.297
529.241
577.034
951.928
859.107
819.001
901.307
963.855
919.118
635.93
568.343
443.164
490.918
944.733
928.074
941.62
989.609
884.173
816.66
804.829
804.505
672.269
352.175
369.208
745.156
847.099
903.342
1007.05
1026.17
1006.04
219.322
204.771
615.764
529.942
628.141
717.618
366.838
423.101
935.016
941.176
697.35
687.521
927.644
945.626
953.289
304.599
298.597
844.951
856.898
588.408
595.415
369.754
362.319
869.943
863.558
854.701
971.817
1030.4
1011.63
995.52
962.464
933.707
814.996
796.178
878.349
858.369
757.289
766.577
832.293
828.5
897.263
864.304
822.707
699.79
701.754
365.564
361.468
897.666
1030.4
1006.04
875.274
869.565
605.877
510.725
305.018
319.03
707.714
715.82
836.47
951.022
877.193
882.223
993.049
728.597
708.717
988.631
1049.32
750.751
718.907
996.512
1003.51
1002
1009.08
903.751
275.672
263.609
578.704
523.149
613.685
767.165
777.605
381.316
376.081
704.97
770.713
508.001
364.1
272.257
345.423
889.284
388.576
238.01
104.97
112.518
395.101
637.552
341.53
346.861
991.572
954.198
487.686
427.807
457.98
467.29
627.944
674.764
789.266
930.665
968.523
732.332
732.332
980.392
870.322
847.458
1004.52
1016.26
1021.97
1025.12
685.401
592.242
735.565
382.848
330.797
559.128
679.117
797.448
939.408
1007.05
1063.26
941.176
904.977
984.737
1005.03
1035.2
1100.72
1088.73
1065.53
1068.95
1086.37
860.585
850.34
1063.26
1021.97
1022.49
508.647
450.857
785.855
884.173
900.09
924.214
940.734
989.12
986.68
72.0176
72.4349
1100.11
969.462
736.106
625.782
736.92
912.409
998.502
1012.15
964.785
973.71
1035.73
1085.78
1124.23
1208.46
1291.16
1319.26
1256.28
910.747
752.445
873.744
1029.34
931.966
927.214
1140.9
1236.09
1227.75
1281.23
1310.62
1062.7
859.845
785.855
620.54
658.762
997.009
1146.13
1177.16
1015.74
1035.73
1239.16
1265.82
1341.38
1372.68
1380.26
1355.01
1374.57
1306.34
1267.43
742.115
634.115
954.654
1115.45
1015.74
956.023
582.072
427.716
548.396
788.333
567.376
584.966
1013.68
1089.92
1148.11
1184.83
1110.49
1098.3
1171.65
1294.5
1035.73
847.817
805.477
771.903
602.41
665.557
1106.19
1186.94
1223.99
1126.13
1022.49
969.462
936.768
987.654
819.336
609.013
603.5
810.373
1126.13
1311.48
1316.66
1280.41
1307.19
1358.7
1387.93
1300.39
1244.56
1238.39
1321.88
1321.88
1291.99
1309.76
1244.56
507.228
448.43
930.665
1181.33
1138.95
1158.75
1170.96
1122.96
1145.48
1215.81
1220.26
1274.7
1221
995.52
668.673
732.869
1172.33
1250
1308.9
1340.48
1368.93
1365.19
1333.33
1333.33
1336.01
1351.35
1416.43
1398.6
1325.38
1372.68
1345.9
724.638
685.636
1108.65
1218.03
1268.23
1241.46
900.495
884.564
1179.25
1261.83
1289.49
1343.18
1377.41
1308.9
1328.02
1315.79
1216.55
1172.33
1197.6
1129.94
1144.82
1288.66
1341.38
1350.44
1374.57
1185.54
976.086
1122.96
1295.34
1306.34
1318.39
1329.79
1326.26
1128.67
826.105
832.986
1166.18
1289.49
1381.22
1436.78
1439.88
1457.73
1478.2
1483.68
1485.88
1504.89
1398.6
1137.66
1112.35
1362.4
1419.45
1230.77
1010.61
978.953
1177.16
1316.66
1295.34
1266.62
1308.04
1366.12
1218.77
1209.92
1319.26
1282.05
1301.24
1348.62
1297.02
1221
671.141
612.37
1020.93
1275.51
1330.67
1355.01
1414.43
1258.65
1162.12
1212.86
1291.16
1291.16
1261.83
1321.88
1375.52
1406.47
1332.45
812.348
660.939
937.647
1282.05
1327.14
1320.13
1347.71
1424.5
1347.71
1347.71
1359.62
1304.63
1312.34
1390.82
1388.89
1297.02
1275.51
1067.24
938.967
1073.54
1285.35
1327.14
1048.77
974.659
1207.73
1302.08
1267.43
1327.14
1279.59
1324.5
1380.26
1358.7
1341.38
1307.19
1009.59
928.074
1196.17
1321
1355.01
1330.67
1352.26
1298.7
1055.97
1063.83
1287.83
1295.34
1269.84
1361.47
415.282
396.354
1133.79
1323.63
1420.45
1446.13
1488.1
1461.99
1472.75
1471.67
1406.47
1137.01
1119.82
1359.62
1414.43
1395.67
1257.86
1150.09
685.636
624.025
994.036
1122.33
1071.24
1218.03
1399.58
1416.43
1366.12
1334.22
1367.99
1331.56
1253.92
1026.69
1055.97
1171.65
609.199
550.509
784.929
872.6
940.734
965.717
1047.67
1152.74
1233.05
1284.52
1266.62
1121.7
628.536
576.868
982.318
886.918
886.525
1291.99
1380.26
1312.34
1275.51
1391.79
1435.75
1357.77
1321.88
1404.49
1435.75
1390.82
1336.9
743.218
681.663
1100.72
1343.18
1435.75
1405.48
1376.46
1346.8
1284.52
1322.75
1386.96
1301.24
1291.16
1282.87
1324.5
1328.02
1258.65
1133.79
1004.02
1116.69
1162.12
895.255
902.935
1155.4
1219.51
1226.24
1246.11
1223.99
1253.13
1218.77
1191.19
1246.11
1278.77
994.036
910.747
1043.84
1088.14
1068.38
1086.37
1168.22
1135.72
1064.4
1066.1
1160.09
1207
1239.16
1221
1168.91
1094.69
844.951
793.336
964.785
1133.14
1239.93
1334.22
1429.59
1368.93
1044.39
808.081
933.271
1175.09
1182.73
1261.03
1261.03
1010.1
836.82
918.695
1131.22
1248.44
1280.41
1214.33
1218.77
1287
1226.24
1234.57
1239.93
952.381
914.913
1144.16
1291.16
871.46
772.797
1006.54
1130.58
1219.51
1128.03
1178.55
1230.01
1220.26
1222.49
1148.77
1221
1359.62
1378.36
1355.01
1119.19
851.064
787.402
949.217
1248.44
1352.27
1352.27
1332.45
1358.7
1335.11
1323.63
1377.41
1315.79
1338.69
1352.26
1345.89
1366.12
1391.79
1361.47
1038.42
888.494
881.446
1043.84
1330.67
1402.52
1445.09
1451.38
1439.88
1215.07
1204.82
1327.14
1236.86
1165.5
1215.81
1129.94
1077.01
896.861
803.536
1042.21
965.251
797.766
919.54
1152.07
1247.66
1234.57
1267.43
1272.26
1171.65
1150.09
1187.65
1179.94
1008.06
859.845
1010.61
1246.11
1184.83
1184.13
1101.93
940.291
965.717
1168.91
1292.82
1321.88
1270.65
1282.05
1239.93
1050.42
881.446
871.46
1079.91
1146.13
1100.72
1212.12
1282.05
1229.26
1201.2
1293.66
1003.51
912.409
1186.24
1287.83
1234.57
1135.72
830.22
771.903
1042.21
1266.62
1296.18
1246.11
1270.65
1290.32
1269.04
1328.02
1163.47
671.592
656.599
544.07
411.438
510.074
630.915
694.444
702.247
830.91
1013.17
1055.97
1162.79
532.198
508.259
1053.19
1140.25
1114.21
1119.82
1100.72
1063.26
1063.26
1003.51
1029.34
1064.96
1107.42
1207
1161.44
982.318
975.61
927.214
890.869
1048.77
1115.45
1223.99
1212.12
1207
1219.51
1246.88
1267.43
1212.12
1149.43
1094.09
942.063
831.601
1003.51
1117.94
945.18
927.214
1104.97
1217.29
1238.39
1264.22
1186.94
1151.41
1128.67
1192.61
1269.84
1179.94
898.473
841.043
1036.27
1095.29
1101.93
1223.24
1020.93
899.281
1086.96
1184.13
1194.74
1122.33
1149.43
1207
1150.09
1121.7
909.504
928.074
1220.26
1359.62
1287
1166.86
1208.46
1257.07
1276.32
1105.58
827.815
862.813
1194.03
1392.76
1248.44
965.251
902.12
1070.09
1150.09
1208.46
1188.35
1147.45
1304.63
1270.65
1155.4
1233.81
1285.35
917.011
849.979
1101.93
1120.45
876.808
825.082
1066.67
1196.17
1183.43
1214.33
1257.86
1308.04
1300.39
1212.86
1221
1211.39
1179.25
1282.05
1329.79
1011.12
640.41
716.846
1189.06
1310.62
1388.89
1310.62
1244.56
1154.07
1150.09
1218.03
1220.26
1286.17
1258.65
1314.06
1390.82
1437.81
1348.62
1007.56
840.336
961.076
1137.01
1135.72
1211.39
1265.02
1249.22
1224.74
1253.92
1272.26
1238.39
1244.56
1304.63
1170.28
1153.4
862.441
780.336
1140.25
966.651
925.497
1215.07
1291.16
1209.92
1225.49
1309.76
1251.56
1254.71
1260.24
1175.09
1214.33
1343.18
919.118
782.167
1017.81
1191.9
1132.5
1136.36
921.659
808.081
1045.48
1211.39
1256.28
1338.69
1339.58
1321
1301.24
1231.53
879.121
895.255
1239.93
1309.76
1242.24
1206.27
1189.06
1162.79
1188.35
962.001
799.041
902.12
1190.48
1386.96
1297.86
981.354
808.407
983.284
1207
1162.79
1204.82
1226.24
1232.29
1240.69
1175.09
1226.24
1265.82
916.59
886.525
1185.54
1316.66
1116.69
868.81
903.751
1157.41
1297.86
1303.78
1278.77
1287.83
1302.08
1263.42
1124.23
945.626
885.347
1024.59
1215.81
543.183
510.725
1084.6
1188.35
1176.47
1160.09
989.609
834.725
743.494
813.339
954.198
995.025
930.233
661.813
706.215
1112.97
607.349
590.667
1089.32
1104.36
1224.74
1282.05
1200.48
1212.86
1218.03
1131.86
1030.4
874.891
925.069
867.303
753.864
926.355
1166.86
1179.25
1111.73
1116.07
1212.12
1251.56
1182.73
1206.27
1309.76
761.325
646.204
934.579
1039.5
1114.83
1196.17
1010.1
1028.81
1261.03
1229.26
1156.74
1133.14
1082.84
1113.59
1054.3
838.926
854.336
1129.94
1204.09
1223.24
1263.42
1269.04
1332.45
1289.49
1136.36
865.801
855.432
1017.29
1135.72
1231.53
976.563
828.157
877.963
1023.02
1135.72
1207.73
1212.12
1216.55
1239.93
1200.48
1220.26
1201.92
988.142
919.54
1133.14
1174.4
848.896
826.446
1029.87
1138.3
1213.59
1292.82
1351.35
1303.78
1210.65
1141.55
1124.23
1207
1314.06
1196.89
949.217
943.841
1034.13
983.768
1100.11
1171.65
1212.86
1212.12
1237.62
1273.89
1226.24
1231.53
1128.03
1214.33
1306.34
1287
1232.29
1213.59
1036.81
719.683
784.621
1170.28
1246.11
1184.83
1215.81
1248.44
1168.91
1173.02
1277.96
1314.92
1249.22
1253.13
1267.43
1333.33
1186.94
824.742
806.777
1077.59
1122.33
968.054
977.995
1109.26
1197.6
1177.86
1194.03
1257.07
1231.53
1200.48
1261.03
1347.71
1386.96
960.615
924.642
1291.99
1360.54
1348.62
1314.92
1070.09
1013.68
1186.24
1282.87
1359.62
1369.86
1440.92
1465.2
1460.92
1464.13
1413.43
1133.14
835.422
886.132
1164.14
1277.96
1304.63
1175.78
1191.9
1385.04
1384.08
922.935
820.681
1087.55
1272.26
1244.56
1268.23
1122.33
866.927
972.763
1241.46
1235.33
1205.55
1260.24
1344.99
1342.28
1222.49
1160.09
1247.66
1220.26
1058.76
926.784
976.563
1017.81
811.03
900.495
1287
1351.35
1345.9
1337.79
1411.43
1447.18
1350.44
1328.02
1416.43
1357.77
1192.61
900.495
809.061
858.738
785.546
847.817
1113.59
1247.66
1149.43
1198.32
1168.22
1159.42
1054.3
831.255
786.473
851.426
941.62
677.507
605.877
801.925
1023.54
1180.64
1189.77
1170.96
1179.94
1255.49
1184.13
1223.24
1420.45
1362.4
1201.2
1196.89
1036.27
723.589
805.802
1228.5
1246.11
957.396
906.208
1128.67
1248.44
1190.48
1249.22
1338.69
1329.79
1255.49
1243.01
1262.63
460.723
405.022
683.293
765.697
909.091
1006.54
1139.6
1180.64
1156.07
1029.34
1007.56
1029.87
847.099
836.47
1066.67
1236.86
1326.26
1348.62
1328.02
1194.03
836.12
699.056
759.59
935.016
1116.07
969.932
651.466
668.003
901.307
992.063
956.023
871.84
1052.63
1200.48
1135.07
982.801
790.202
863.558
1072.96
761.325
716.589
938.967
978.953
1067.24
1178.55
1059.88
788.644
759.013
886.132
981.836
855.798
627.549
609.756
740.192
815.993
814.332
905.387
984.252
964.785
925.069
874.891
914.495
962.927
506.073
495.786
903.342
979.432
1042.75
1031.46
1041.12
1093.49
1164.14
1128.03
1102.54
1154.07
930.665
619.195
605.877
701.754
563.063
557.103
610.874
731.797
1029.87
1119.19
1174.4
869.187
752.445
930.665
1076.43
1117.32
970.874
832.293
931.532
1109.26
1191.9
1223.24
1207
1231.53
1164.14
1084.01
710.227
651.254
875.657
892.061
896.057
972.29
1059.88
664.011
577.367
871.46
1103.75
1024.59
726.744
725.426
968.992
1069.52
1118.57
1119.19
1179.25
1177.16
1115.45
1100.11
1113.59
996.512
974.659
1114.21
759.013
677.277
969.932
1110.49
1148.77
1182.73
1109.88
1079.33
1100.72
1081.67
1158.08
1175.09
1035.2
846.382
383.068
412.797
1077.01
1140.9
1150.75
1169.59
1210.65
1253.92
1215.81
1218.77
1267.43
1212.12
1243.01
531.773
392.85
647.459
1017.29
949.668
987.167
1158.75
1207
1182.73
1195.46
1208.46
1219.51
1243.78
701.508
629.921
986.68
971.345
993.049
1240.69
1194.74
1177.16
1238.39
1228.5
962.464
814.001
519.886
508.259
937.207
1196.17
1311.48
1365.19
1302.08
1287
1330.67
1324.5
1291.16
1356.85
1392.76
1345.89
1303.78
1358.7
1347.71
1247.66
1163.47
962.464
1037.88
1357.77
1389.85
1315.79
1314.92
1389.85
1391.79
1320.13
1283.7
1281.23
1048.22
1066.67
1315.79
1324.5
1325.38
1301.24
861.326
766.871
1054.85
1250.78
1349.53
1321
1342.28
1361.47
1366.12
1367.99
1319.26
1175.09
931.966
1040.04
1331.56
1303.78
987.167
865.052
1073.54
1287
1267.43
1262.63
1346.8
1297.86
1336.9
1403.51
1356.85
1330.67
1342.28
1381.22
1336.01
1343.18
1104.97
931.966
791.766
883.783
1269.04
1346.8
1341.38
655.308
651.254
1239.93
1277.96
1354.1
1314.06
1333.33
1435.75
1415.43
1391.79
720.461
644.538
1046.03
1206.27
1265.02
1330.67
1367.99
1338.69
1336.01
1341.38
1395.67
1320.13
1315.79
1397.62
1405.48
1386.96
1397.62
1094.69
891.266
1059.88
1019.89
914.077
1074.11
1237.62
1254.71
1205.55
1175.78
1126.76
1110.49
1172.33
1207.73
1193.32
1203.37
947.867
913.242
1110.49
1126.13
1144.16
1204.82
1275.51
1006.04
963.391
1215.07
1231.53
1208.46
1222.49
1236.09
1209.19
1126.76
854.701
848.896
1169.59
1327.14
1380.26
1438.85
1389.85
1325.38
1273.07
1211.39
968.992
961.076
1190.48
1199.76
1168.22
1117.32
1013.17
815.328
875.657
1142.86
1177.16
1226.99
1236.09
1198.32
1236.09
1219.51
1150.75
1224.74
1145.48
924.642
1028.28
1204.82
954.198
884.173
1023.54
1174.4
1243.01
1277.96
1297.86
1243.01
1275.51
1303.78
1246.88
1150.09
1153.4
1273.07
1268.23
1260.24
1037.88
537.201
539.811
929.8
993.542
1081.08
1193.32
1202.65
1243.78
1280.41
1290.32
1282.87
1252.35
1269.04
1153.4
644.33
595.593
985.222
1238.39
1188.35
1116.07
1225.49
1204.82
1117.94
1032.52
949.668
880.282
879.894
676.819
665.115
768.344
790.202
1098.3
1246.11
1275.51
1172.33
1162.12
1261.83
1279.59
1274.7
1274.7
1234.57
1210.65
1074.11
842.105
902.935
1080.5
1144.82
1232.29
1271.46
1019.37
965.717
1180.64
1212.12
1209.19
1140.9
1098.3
1119.19
1223.24
936.768
753.296
919.54
1192.61
1218.03
1200.48
1236.09
1173.02
1061.57
878.735
893.256
1154.73
1325.38
1225.49
1158.08
1091.7
849.257
887.705
1069.52
1034.66
1023.54
983.284
948.317
933.271
962.001
927.644
851.064
947.867
1176.47
914.077
821.018
1007.56
1088.73
1191.9
1233.81
1185.54
1175.78
1198.32
1209.19
1212.12
1202.65
1170.96
1149.43
1219.51
979.432
661.594
697.593
1023.54
1188.35
1243.01
1224.74
1184.83
1250.78
1192.61
1192.61
1279.59
1232.29
1271.46
1289.49
1245.33
1188.35
915.332
732.332
830.565
1126.13
1220.26
1194.03
1236.86
1227.75
1210.65
1234.57
1184.83
1135.72
1185.54
1268.23
1267.43
1059.88
868.81
957.854
1156.07
765.111
725.163
1078.75
1215.81
1258.65
1290.32
1253.13
1207.73
1267.43
1225.49
1114.83
1128.67
944.733
879.121
982.801
1050.97
1263.42
1254.71
1209.92
1126.13
1086.96
1206.27
1236.09
1221.75
1230.77
1205.55
1203.37
1228.5
1022.49
810.701
918.274
1179.25
1135.72
1183.43
1242.24
1197.6
1231.53
869.943
798.403
1117.94
1261.83
1202.65
1096.49
911.162
806.777
887.705
1029.34
1201.2
1292.82
1300.39
1336.9
1297.86
1253.13
1226.99
1193.32
940.291
907.029
1184.83
1151.41
699.79
696.136
1097.69
1289.49
1301.24
1251.56
1209.19
1196.89
1261.83
1203.37
1164.14
1230.01
1314.06
1303.78
1187.65
823.045
689.655
771.903
761.905
794.597
957.396
1164.14
1305.48
1246.11
1228.5
1316.66
1296.18
1282.87
1288.66
1301.24
804.505
622.859
790.202
767.754
761.325
915.332
894.454
811.359
797.448
892.061
984.252
689.893
623.83
898.473
863.185
834.028
998.004
1010.61
1058.76
1070.66
1048.22
1063.83
1072.39
1103.75
1191.19
814.332
742.39
966.651
1086.37
1225.49
1243.01
971.345
940.291
1253.92
1316.66
1356.85
1365.19
1367.99
1370.8
1370.8
1378.36
1168.91
853.607
807.102
1036.27
1212.12
1312.34
1261.83
1273.89
1221.75
1034.66
931.532
1044.39
1273.89
1319.26
1220.26
1112.35
1079.91
855.432
892.061
1154.73
1230.77
1281.23
1315.79
1276.32
1282.05
1348.62
1336.01
1361.47
1334.22
970.874
887.705
1162.12
984.737
745.156
815.994
1122.96
1298.7
1283.7
1325.38
1323.63
1313.2
1299.55
1265.02
1116.69
1051.52
1198.32
1149.43
886.918
762.486
762.486
871.84
1100.72
1284.52
1142.86
1129.94
1323.63
1299.55
1314.92
1385.04
1370.8
1103.75
1053.19
1243.01
1212.12
932.836
626.763
723.066
1167.54
1202.65
1280.41
1268.23
1263.42
1296.18
1295.34
1291.99
1355.01
1162.79
1098.3
1263.42
1246.88
972.29
962.464
1246.11
1294.5
979.912
943.396
1312.34
1412.43
1350.44
1339.58
1382.17
1360.54
1271.46
1322.75
1298.7
1263.42
1326.26
859.107
747.664
949.217
1062.7
1200.48
1255.49
925.069
814.664
1043.84
1354.1
1416.43
1405.48
1393.73
1312.34
1313.2
1226.24
1194.74
1276.32
1109.88
1053.19
1091.7
969.462
1012.66
1187.65
1121.7
908.678
