4.64218
79.5292
79.2111
77.3455
75.1371
57.9761
51.0921
43.0135
42.6457
61.6409
65.6771
64.5724
66.212
65.2486
54.4707
58.309
56.8069
55.7476
79.1828
78.5855
63.0021
46.6723
45.8589
45.8979
54.1961
36.41
35.7718
82.5151
91.2992
90.0576
88.5779
87.0322
91.1535
89.4935
85.5945
82.0176
80.7657
81.103
67.1592
67.2314
77.7514
85.7339
92.7343
89.3495
90.4445
86.166
84.2034
88.7863
88.3822
84.7889
85.8922
89.5456
86.3707
82.9016
82.1794
78.4991
76.3854
76.9616
85.1064
92.0895
85.6788
80.3406
83.1843
86.0326
85.503
89.5616
86.3297
85.767
87.5503
88.7469
87.7231
81.08
81.7094
74.0686
72.7246
85.5286
92.0429
87.6616
86.0511
86.1252
83.6715
86.1623
89.6982
84.4666
82.2436
87.0284
88.4017
87.7116
87.7308
86.2069
79.5039
78.604
86.5801
91.8485
86.0993
85.7265
89.3615
87.8503
88.6486
85.9402
83.7205
86.9981
89.5817
86.2403
81.1129
82.8981
81.3306
75.3239
72.5295
77.4833
86.8772
85.7854
83.0151
86.1326
87.4508
85.0123
87.447
86.5913
85.3534
87.2943
86.1326
86.1326
86.9981
87.6271
83.9877
79.9329
86.6514
86.1401
77.1873
78.5762
85.1644
79.6083
77.0861
81.493
87.1346
91.3534
82.1456
84.5845
91.6884
90.6043
87.5542
81.2183
76.1818
74.4241
75.0075
78.4621
84.1538
85.1571
83.724
84.5773
85.0232
88.2184
90.1266
85.778
80.9487
82.4436
81.0701
78.8799
86.0882
84.0937
75.1964
76.2195
82.802
86.0474
84.6453
86.3968
88.4252
85.8001
85.3133
86.4902
86.8357
86.4155
85.4628
81.324
81.0045
81.2414
81.9236
88.4056
84.3775
77.5675
79.3808
83.0254
78.8084
73.749
77.6639
83.2535
78.7278
76.5433
81.057
79.0139
74.6547
73.9044
76.2602
77.3814
68.1663
69.0608
78.638
81.7762
86.4043
77.6609
74.3522
75.4802
69.1467
74.9036
75.0469
69.8324
67.6659
72.1319
84.4131
87.4891
85.1245
80.8081
84.246
85.8074
81.716
81.9034
86.0437
84.0477
82.4368
83.0772
82.5321
84.1114
87.8928
87.604
85.4628
87.9198
89.5095
84.3348
78.1158
81.4564
83.0634
81.0406
86.408
90.6742
87.727
84.0725
86.2962
84.8608
83.2016
84.3953
80.36
82.247
83.7626
83.5317
82.1558
77.9363
85.2297
86.6664
78.3576
79.3399
79.7512
80.7494
85.6788
85.2115
86.5913
88.7902
87.8542
91.3784
92.9325
89.4654
85.5395
81.6827
79.7353
78.3239
78.6071
77.8452
80.6972
84.9401
85.492
86.192
84.1114
74.9064
72.2152
78.8924
83.3611
83.3299
82.5593
80.4991
77.5374
78.6782
78.8737
77.8452
80.0512
85.6458
81.3901
80.8767
85.3097
85.6421
86.1995
84.1822
84.4381
87.0891
86.5876
87.0853
85.0449
81.7862
79.4944
83.4759
81.7227
78.4745
84.3206
85.1644
83.7591
83.0151
82.1558
84.8284
84.4024
81.1688
85.2915
88.9205
89.7223
91.0167
89.5135
81.2447
75.8093
83.5038
86.2441
82.8912
86.8772
85.0304
82.481
84.5487
85.4007
83.7556
83.4969
84.6561
88.6328
88.3353
84.5166
83.5038
81.1787
78.3607
84.8428
87.7116
83.5457
84.538
83.6225
82.4742
85.2806
87.7925
86.3558
83.0082
83.8645
86.2962
87.9856
88.0398
87.0095
87.036
80.032
77.7968
85.0883
82.8878
77.229
81.2117
83.3785
69.4927
67.6521
81.5494
88.7469
90.6947
86.8395
86.3782
86.5164
84.6489
86.4118
83.0427
77.2589
77.4144
82.3316
84.2566
83.2085
83.5387
82.7438
80.2407
81.5927
84.2886
83.4342
85.3024
86.0585
85.8369
81.88
79.1452
79.0451
82.1389
80.3019
75.358
77.7786
80.6387
83.5701
83.2605
87.4967
86.9225
82.6515
82.85
82.1085
81.281
81.8833
88.0437
89.662
80.4473
75.5059
78.7588
82.3723
82.9256
88.1795
90.0212
84.2425
83.2466
88.3939
89.6499
83.4307
85.3971
88.7548
84.3313
88.8928
86.0326
80.9782
77.8059
74.2749
78.2044
81.7027
83.5178
86.7943
85.2551
81.8297
82.5457
83.619
85.6018
85.4737
86.0437
81.7662
79.2801
83.1221
89.1226
89.4374
76.6783
76.0254
80.1925
66.4319
65.255
77.7907
83.0254
84.717
88.5936
91.4578
88.4956
86.9074
85.7854
87.2676
87.1802
78.5669
76.9704
73.7055
68.3364
72.6823
79.6749
84.5273
87.2372
84.735
81.696
83.0358
83.6365
78.3699
75.6229
80.6452
84.9329
81.9135
77.7635
66.0022
58.4573
68.1315
74.9991
74.1152
77.8028
74.0494
76.0601
78.4498
75.5458
73.1904
70.5318
78.0945
85.11
82.8226
74.1235
68.937
70.3185
66.0001
71.9813
82.4674
79.3556
81.1458
84.5952
78.6875
73.2198
75.3211
83.0703
86.8772
85.7927
84.8428
72.9235
71.1668
78.2932
75.171
77.2768
82.7575
82.0614
82.7541
84.7709
82.0614
84.4737
88.6643
84.9726
83.5178
84.0371
82.5457
84.3099
80.5769
73.5051
67.7897
70.9572
81.6193
82.1794
81.1063
81.636
83.3056
88.1601
87.5695
83.1048
83.3194
82.3282
82.1963
84.1326
85.5505
86.0622
82.8775
80.9815
85.4993
86.6664
79.7321
76.3709
80.952
84.0972
81.9068
82.4198
86.1215
84.1893
80.2311
83.462
84.0654
80.2923
85.7045
88.8533
78.5885
76.2776
79.5925
79.8563
80.7852
84.3597
85.767
83.1221
81.1919
83.2639
81.8733
82.7917
84.5023
84.7206
86.8357
83.6295
84.8752
84.4595
70.8994
70.7564
78.8644
79.545
84.3989
83.4342
82.0749
87.2905
87.382
83.7275
84.2637
83.6925
82.2335
83.9349
84.5201
79.4502
78.4283
73.1957
71.4031
77.8695
79.6052
80.8734
85.3206
86.3894
83.053
84.4737
85.6751
84.8752
83.1083
82.3079
82.8603
83.0392
84.406
80.7363
77.1635
79.3399
81.7996
84.6955
84.9582
83.4167
84.2318
83.053
80.7559
81.4498
85.4957
82.7506
79.3871
86.5015
89.8029
85.139
81.126
77.3007
74.5907
74.217
75.8351
82.43
88.7981
82.6856
80.6387
82.3893
80.7689
80.8604
87.8349
84.463
79.8116
82.9634
81.3471
79.3273
75.4717
78.6194
87.4623
85.8553
82.3859
82.8878
83.2085
86.3782
86.5464
86.983
89.1305
85.9919
88.7587
90.7935
82.2673
75.1456
75.6601
76.2195
76.8521
80.2568
85.5395
88.4173
83.7942
83.0117
83.7837
83.0875
83.3264
84.4595
82.3961
81.8264
83.0254
81.9202
78.3976
73.3756
76.7401
82.9119
80.9585
80.2697
81.5528
82.2605
84.4951
86.7717
82.3757
78.3699
80.4764
80.5477
81.9739
83.5806
80.4732
78.5484
74.5018
77.4084
81.0603
79.1108
83.2882
87.6539
86.983
83.861
81.011
82.122
80.72
80.9684
87.3057
84.1574
81.1754
79.526
77.5374
76.4818
76.7048
82.9497
86.2218
81.7027
81.08
79.8053
79.067
80.8702
81.8364
73.4646
75.0723
76.6577
68.9513
66.324
63.745
68.0666
76.365
79.7003
74.5907
72.0228
69.7861
70.7764
78.4806
76.7519
72.6586
78.2932
81.4299
74.1098
73.8471
73.5971
64.0533
67.3923
80.3536
83.2917
81.5727
80.525
82.2639
83.0737
78.6133
79.713
87.1612
86.5801
84.6131
84.7063
83.8082
83.5771
78.4068
79.4092
78.3453
73.6621
77.9423
79.9169
67.8081
69.8983
78.7495
75.7863
80.6484
82.7712
82.4844
82.6276
83.3646
85.0774
83.5771
78.3331
82.6344
83.5073
76.1296
78.0884
81.8364
82.352
82.5798
87.1346
85.237
79.7607
79.2833
81.2414
82.6003
81.0307
85.0159
79.384
73.1368
75.6229
79.0514
83.0737
82.5662
84.0266
89.7706
90.2161
85.1825
85.2624
81.2612
77.2768
78.5453
80.7624
80.402
77.1754
79.2613
75.4945
74.0192
78.7836
80.9258
82.802
85.1571
83.5806
79.6749
79.4691
81.357
84.168
83.4272
83.5178
84.5773
81.6593
82.1997
83.1912
81.2843
80.5218
79.6083
79.3053
82.3418
81.4001
82.413
86.7754
82.43
79.5418
83.2986
85.0376
78.2044
76.7784
84.9113
83.167
78.5299
75.8812
75.5287
71.9891
70.5144
76.4146
79.4786
83.2709
78.734
77.3276
79.6242
79.0858
81.6393
81.0209
81.2876
83.8364
79.7575
80.0576
76.5023
73.078
79.7226
80.5056
79.0983
82.9703
86.1215
84.0442
83.7275
85.6531
83.7872
83.3472
87.4049
85.5871
79.0233
79.0608
75.1456
72.1267
77.8665
79.5988
82.2098
85.6935
83.6715
83.3056
81.9269
80.1796
80.2536
82.6276
86.3409
84.4773
81.616
84.7027
86.0548
75.9619
73.3649
81.0012
80.8865
80.988
83.0565
83.5666
81.3703
81.493
85.5615
83.9067
79.6844
80.1154
83.1152
81.7662
80.6907
81.3537
80.4667
76.5961
75.3182
77.241
79.3745
79.7194
77.2231
78.5022
82.5321
80.5639
80.7754
83.1635
83.3021
82.6071
81.9975
80.8407
76.5843
73.1048
71.7695
71.1086
74.1043
81.8632
81.8532
80.5542
83.2016
85.2624
81.1524
80.8865
81.8632
80.3019
81.2843
81.4564
81.4564
78.9921
76.3068
74.8419
76.8167
81.126
81.2381
82.4572
87.5964
87.8079
84.2637
80.8375
83.9525
88.3783
83.6715
78.3914
80.3536
81.7261
78.3484
77.3844
78.2626
82.0109
81.1063
77.4533
81.666
83.0186
79.9808
80.8505
85.0268
81.9169
78.7309
83.5073
82.1423
80.8669
84.9365
90.1144
84.3099
73.1181
72.3353
74.2363
78.3269
81.9706
79.3556
78.1769
81.0176
83.0289
82.2064
83.8399
84.1397
80.8832
81.1919
87.5274
79.3682
72.1943
73.9946
76.5082
79.8467
80.9651
79.5197
76.6195
79.8626
82.291
81.6193
77.9211
70.7739
71.6666
78.3085
74.8867
74.9962
78.6596
75.27
77.2082
78.7464
78.2197
79.4092
80.5056
79.3336
80.6614
78.3822
73.8198
79.3399
82.1119
77.3545
76.8787
80.7135
80.9356
76.0919
74.8055
77.1456
79.3651
84.5845
84.6238
80.2665
80.6744
81.2744
79.8467
80.9291
85.0521
84.8356
82.6685
85.1934
76.8315
72.4611
73.4997
75.0751
83.1566
86.2589
82.1625
79.6147
83.1463
84.6525
82.6515
82.2774
81.3802
79.7321
80.1218
81.3868
78.1372
74.7608
76.0601
79.9169
84.1786
81.6993
79.7162
82.4844
82.4538
80.2955
82.5491
87.2182
82.8844
78.3423
78.0153
81.5927
81.8331
77.5074
75.8783
69.3001
73.0594
78.1158
74.9963
72.9581
70.2395
71.6076
63.2811
60.687
65.5351
71.4133
77.2678
71.253
62.9327
64.8908
71.9218
72.5637
74.1098
74.9766
73.9645
76.234
80.4149
78.9297
76.7283
72.0046
69.9374
70.2272
68.5777
64.1601
68.6931
79.7671
82.413
85.7706
83.053
78.8084
79.6908
80.7787
79.4123
78.8644
82.1052
84.1291
79.8531
77.2201
77.1307
79.7162
78.3914
71.821
72.0539
77.7847
80.1154
79.2676
79.2016
82.8603
83.5492
79.6273
78.6164
79.1734
80.4117
81.0866
81.5096
79.4976
73.1208
74.0001
78.6071
77.5825
78.4006
79.2927
77.9029
78.416
79.7226
79.4849
78.061
78.8924
81.4631
79.7003
79.0295
80.525
81.676
79.1891
73.5998
74.9822
79.8563
79.5798
74.6938
75.0694
77.7635
81.596
80.8832
75.7691
78.0579
82.9394
80.4667
78.8644
75.9878
71.9657
79.0733
83.0461
77.0475
79.2299
82.1558
76.1035
76.1296
79.5229
82.122
83.2328
78.2197
77.7998
81.8096
79.8467
77.6518
75.5858
72.1865
73.3568
76.4292
79.3903
79.7703
80.6094
82.6241
80.2439
80.4085
82.0816
82.1288
79.8594
80.215
80.0128
78.1403
76.1557
71.7618
72.7935
76.5521
74.3826
74.4297
76.6695
79.8914
82.5253
81.6893
83.4829
85.5578
84.6382
84.2531
84.2425
81.6693
78.416
72.5874
70.917
74.8251
76.7607
78.3484
80.3213
82.778
82.1861
79.4628
77.6789
78.9827
78.1067
72.7908
74.524
79.6337
79.8467
73.0754
65.4686
56.5787
58.0535
70.3482
74.0768
73.252
78.8488
75.5687
71.3343
74.9653
72.3746
71.3292
74.8671
74.0439
63.0239
62.8812
76.1238
82.149
82.8089
82.1119
72.6216
71.7386
77.3485
78.0244
77.3635
73.2977
72.4848
71.9373
76.6225
82.464
77.9454
70.7514
72.0305
77.0713
77.2231
77.003
78.7247
79.9968
78.0092
79.7575
84.3455
81.483
77.6367
78.6194
81.2183
80.844
75.9907
73.6052
76.9112
81.182
80.5802
78.6164
74.8923
77.3007
80.0993
78.8706
77.9241
79.7385
83.1532
80.8179
79.2362
75.8869
75.1371
74.5295
74.8671
77.7786
82.6549
84.2744
78.6875
77.226
78.7526
78.9515
77.4533
79.9297
86.4043
81.2414
75.4859
72.8279
64.7773
63.5667
72.0747
80.3471
80.2472
78.855
79.984
80.2955
79.5355
81.5727
84.6274
84.8644
80.331
79.64
83.0599
72.6296
66.2054
69.4179
74.9541
82.6139
83.9772
77.8119
77.4533
80.2278
78.1219
79.2142
80.4635
81.2678
84.5559
80.7722
78.2748
78.3853
71.5589
69.3866
73.8716
78.2136
78.8271
79.5577
77.1129
78.1006
83.2639
79.7194
77.8665
74.5768
74.7915
80.7135
70.5069
68.5072
71.9399
72.8279
80.8113
81.9101
80.5023
79.7194
81.034
81.3703
79.9936
81.89
86.7566
82.8157
76.9438
77.1903
73.5267
68.299
68.4814
74.2528
78.9079
81.1195
83.619
83.6855
80.0384
80.6452
80.3084
78.4683
79.7035
80.8865
82.7986
79.186
67.0578
63.6598
64.3045
72.0591
88.2963
86.494
84.2567
84.9365
81.0012
77.4353
81.9807
81.5029
78.3024
79.1014
78.4006
80.2278
79.4565
75.3409
73.2896
79.1578
81.6927
77.4293
79.0451
79.7385
78.57
76.4117
74.8419
77.1962
79.6654
82.7198
81.4432
81.7127
82.1119
72.1553
65.2273
66.8762
74.6491
81.9605
82.0345
79.1578
80.9094
80.4149
78.5978
76.2602
75.0047
78.8488
79.7448
77.3784
79.0451
70.9371
66.0328
74.9625
77.3934
77.7273
81.182
80.1089
79.7194
80.3019
80.7526
81.9571
82.5321
79.3367
77.3216
79.8658
78.2381
73.4484
73.7273
79.2236
80.6224
81.636
84.3846
84.3348
81.2117
77.2559
78.0732
80.1475
80.8048
76.7371
74.0686
78.33
76.2747
72.2022
72.8014
73.4781
78.1586
80.5607
80.2407
79.3021
77.6458
80.7983
83.5981
79.5197
80.9487
80.5867
75.9446
76.3417
70.7739
70.1902
75.9532
78.456
80.2761
79.7289
81.6793
78.6968
76.9853
79.5197
80.6809
83.1428
79.4691
77.5795
