8.25927
120.192
124.681
132.214
133.094
129.475
131.148
132.468
129.534
135.667
138.102
135.713
116.151
85.0449
85.8369
112.12
127.771
129.441
120.744
107.371
115.989
122.692
120.751
123.709
121.043
124.525
118.127
92.7816
93.9761
97.7135
96.5204
117.612
102.533
95.5201
86.3931
70.6514
85.4628
118.357
115.553
119.111
124.285
124.479
119.048
116.077
99.7456
101.384
113.27
97.2337
107.273
75.4888
28.9465
33.6865
111.62
112.956
114.155
66.0589
50.8195
74.1152
76.1876
61.3497
79.4376
109.087
56.6958
57.4894
89.3376
87.5772
117.938
122.797
127.502
132.468
133.815
134.039
134.363
136.659
132.468
85.5542
84.674
108.436
98.8289
111.57
129.132
130.37
136.193
133.422
134.282
135.126
133.77
127.812
129.458
137.77
136.472
140.272
126.606
123.183
128.254
126.35
120.569
123.267
126.791
129.408
127.218
126.111
132.547
133.431
129.066
130.039
116.232
108.98
122.579
122.865
122.048
122.421
129.592
133.672
130.438
127.681
119.998
119.182
119.005
114.351
100.898
100.903
109.703
112.246
114.6
95.5566
99.691
124.316
111.173
102.323
114.639
117.075
103.114
98.0152
108.436
111.445
103.6
105.865
108.885
106.98
115.487
127.551
129.383
125.778
128.18
123.48
124.262
133.77
125.408
123.862
128.675
130.976
124.347
119.055
112.265
95.3289
104.959
121.021
115.734
127.877
125.408
124
127.657
108.956
97.6038
112.975
128.7
122.152
125.117
130.787
126.223
126.614
127.992
129.191
128.189
123.739
130.005
134.58
126.727
111.489
119.041
114.462
111.383
113.25
105.915
123.885
100.746
96.3855
118.68
110.595
103.983
113.385
120.388
108.331
102.171
111.744
115.841
108.108
118.68
124.494
122.354
131.657
124.758
128.345
122.609
121.124
110.32
99.1277
123.221
136.082
138.591
142.521
139.024
140.017
139.87
134.192
130.702
134.228
140.885
124.293
118.448
129.433
128.427
128.568
127.747
126.92
122.534
123.1
131.259
128.593
121.433
109.236
109.529
121.581
132.293
132.679
132.635
134.517
131.07
139.179
129.862
128.733
132.196
132.223
126.638
121.603
119.126
124.432
125.258
116.367
124.867
130.847
129.651
121.736
121.095
126.534
122.339
128.23
114.489
115.267
136.295
134.671
136.129
134.372
135.089
136.64
133.129
124.216
124.401
122.843
131.216
136.827
126.695
129.87
138.427
138.937
131.311
127.453
127.178
126.936
128.634
130.141
125.723
127.836
121.736
126.678
100.508
87.0095
113.967
121.721
121.773
132.485
127.967
130.234
129.157
130.107
133.023
128.246
129.024
127.681
132.275
135.309
133.967
133.413
135.007
128.493
125.337
129.921
133.485
116.816
119.825
119.467
117.502
117.827
99.96
111.043
121.921
122.287
134.291
125.968
124
126.358
127.348
136.37
131.692
128.025
123.411
125.62
129.811
131.553
128.593
131.978
132.521
133.609
122.662
121.109
127.812
109.039
112.943
127.779
125.039
126.263
131.544
128.634
133.645
136.333
131.363
128.205
127.877
130.268
123.831
129.676
140.144
134.689
131.735
133.058
132.223
135.089
133.36
134.147
129.316
117.35
112.931
115.902
125.992
130.293
131.363
131.259
124.899
114.797
114.923
130.472
122.557
121.426
130.873
133.396
138.007
131.467
123.168
112.309
124.309
132.022
125.321
123.183
124.27
133.422
139.948
124.626
114.26
119.696
115.46
115.374
122.026
120.809
125.81
122.903
126.287
132.433
132.092
130.234
132.153
133.556
126.96
130.762
126.574
133.138
132.389
131.51
132.784
129.761
124.549
129.794
127.065
98.0488
104.866
120.934
119.732
120.301
121.264
125.431
117.883
122.496
122.76
128.775
130.899
126.43
134.436
131.113
132.459
127.283
131.251
134.021
133.914
132.092
130.183
127.616
127.494
125.086
128.156
123.586
109.757
112.347
118.406
125.921
127.747
138.966
132.38
126.526
128.477
131.277
132.547
129.024
132.24
125.329
127.812
131.917
128.23
130.183
140.954
132.952
126.279
127.706
130.736
136.129
130.916
118.786
117.523
120.766
115.527
117.103
128.353
127.421
123.259
126.944
128.189
129.676
129.509
130.625
127.641
131.536
123.13
121.729
126.92
131.363
127.421
121.477
120.758
122.594
123.16
120.89
122.542
121.959
111.371
115.234
121.773
122.489
128.675
125.857
122.941
104.575
111.21
130.438
127.356
126.711
121.036
114.462
109.667
119.033
110.248
106.678
127.804
122.257
125.117
136.902
135.391
124.301
126.63
121.33
113.527
130.124
120.882
118.336
134.409
136.036
136.323
134.372
134.571
132.45
133.636
136.715
124.247
123.001
128.353
116.843
116.598
121.095
122.956
108.143
100.135
116.212
123.785
128.982
125.889
104.275
115.62
138.389
135.181
136.836
132.319
123.274
124.479
133.387
117.226
113.135
121.914
119.861
116.645
116.537
115.068
112.416
119.832
119.033
114.725
120.809
125.258
128.75
123.916
126.928
123.739
106.718
114.286
130.727
130.548
130.412
134.039
135.126
133.985
136.733
133.618
134.075
135.364
126.215
118.287
125.937
125.368
125.628
127.267
126.847
135.007
131.139
130.574
132.109
132.319
124.093
118.448
118.596
113.617
115.707
124.185
128.982
122.647
119.596
126.374
128.172
129.433
130.005
127.113
125.739
131.952
136.37
134.771
135.217
135.602
135.971
128.254
121.183
125.889
133.165
128.758
121.536
113.193
120.875
128.634
130.047
129.333
127.34
133.431
131.57
129.651
129.5
129.836
121.521
129.091
129.904
125.699
132.723
126.807
124.867
132.223
138.514
135.511
128.485
120.33
120.453
114.824
124.409
133.556
119.36
107.573
104.455
121.899
129.467
122.926
125.573
132.723
126.863
120.824
127.885
126.438
122.752
128.378
127.372
112.492
112.29
127.138
128.849
128.543
130.157
132.284
126.279
129.107
134.853
132.979
124.185
120.686
122.865
120.286
123.993
128.543
128.304
125.62
127.796
131.484
121.588
121.322
128.477
133.298
134.599
132.459
135.86
131.458
132.442
133.2
125.526
122.384
131.752
126.703
121.345
124.618
121.521
117.633
120.026
121.736
122.669
127.453
128.8
132.723
130.719
136.101
128.411
119.753
114.214
112.372
129.492
133.797
128.866
130.489
135.117
137.883
135.062
128.924
136.584
139.13
137.675
135.3
114.903
105.341
99.7904
104.107
128.32
125.691
123.168
129.786
130.839
128.849
129.542
134.03
137.363
129.929
126.048
131.996
125.755
134.003
133.032
128.708
129.324
128.924
119.854
116.993
115.794
110.394
117.309
102.87
100.508
119.496
122.511
128.049
134.436
139.821
138.744
136.361
138.581
140.311
139.821
136.017
133.236
130.421
137.571
137.855
134.084
133.333
136.184
133.138
128.899
129.274
130.429
121.455
113.837
110.711
104.308
113.733
126.879
128.75
126.374
123.97
124.665
123.434
133.387
114.201
99.1277
117.481
119.574
114.771
114.116
104.805
116.809
130.574
129.811
127.307
125.794
128.189
131.173
131.839
118.575
125.857
118.231
111.025
123.267
131.527
126.43
122.257
131.804
134.391
134.834
131.614
134.599
138.112
143.021
132.398
128.049
126.119
130.531
126.67
121.951
129.794
127.885
124.162
122.481
130.242
130.822
124.1
120.817
111.532
116.53
115.028
113.026
126.167
123.632
127.624
134.291
130.864
125.305
132.661
128.949
130.608
130.617
128.551
120.192
121.507
132.732
127.755
130.107
129.174
128.156
125.842
118.899
118.238
128.858
114.745
103.675
119.89
126.04
128.924
134.336
132.961
130.736
126.056
131.372
128.526
131.002
132.345
133.645
132.363
128.172
131.363
135.245
129.618
128.263
131.234
129.124
135.842
129.895
129.391
111.247
112.416
125.762
127.575
136.771
136.537
127.763
119.14
126.815
129.879
125.826
125.81
130.685
128.041
132.705
126.759
127.332
136.351
130.531
126.39
120.853
126.928
129.425
125.929
130.395
132.793
120.584
112.988
126.823
118.899
112.183
110.951
116.822
135.971
128.329
128.692
132.714
139.567
137.448
134.953
130.582
126
126.807
132.188
129.98
128.502
137.618
133.797
126.334
122.669
133.316
130.83
122.474
118.941
113.779
115.002
120.091
126.598
125.937
127.033
132.705
126.318
125.415
131.173
129.132
120.729
125.29
137.372
135.199
133.815
135.089
129.191
131.105
141.074
138.937
133.69
125.439
123.739
112.918
115.861
120.156
124.448
130.839
128.518
132.573
126.558
133.316
125.023
127.332
132.092
127.543
125.188
130.115
136.175
129.517
123.449
130.557
133.378
123.732
132.67
131.251
132.793
126.831
127.755
130.047
122.205
116.973
115.741
120.171
118.765
129.71
134.725
124.262
123.411
130.344
130.916
109.806
113.501
128.394
126.944
130.916
131.778
138.831
139.392
134.517
126.928
126.111
123.13
126.55
126.767
128.858
132.022
125.274
116.775
123.533
129.55
120.38
126.904
129.266
133.77
126.518
123.97
120.38
115.66
126.048
124.008
121.521
126.711
133.494
129.769
125.258
128.659
128.742
130.54
124.347
119.832
120.344
104.466
98.7508
106.326
117.723
118.857
119.268
131.053
126.719
130.039
128.924
130.89
131.199
126.896
131.579
134.174
135.135
131.122
126.984
117.461
121.907
130.762
138.523
129.349
120.562
112.196
104.373
116.408
113.804
100.246
108.643
112.29
113.347
125.755
120.802
120.2
125.573
128.584
122.979
126.614
126.502
102.849
100.69
105.13
105.585
124.463
124.626
119.926
118.645
108.126
97.5943
86.0882
95.5338
100.271
93.5672
105.625
119.147
128.082
137.043
128.049
119.41
121.139
112.714
113.065
121.61
120.868
102.386
107.25
134.409
129.483
124.386
132.582
130.497
127.267
128.469
128.337
122.88
116.577
120.591
117.185
123.732
124.58
124.727
132.952
129.408
121.102
121.286
126.231
124.642
128.609
127.154
133.923
133.413
134.553
125.786
127.186
136.939
129.955
129.458
133.067
121.499
115.081
118.519
118.001
125.755
132.249
143.534
136.323
118.455
124.494
135.062
130.967
131.492
133.485
132.406
127.194
127.592
129.316
126.887
120.373
123.525
126.815
108.272
100.725
114.863
129.308
125
120.547
117.578
115.327
125.172
125.857
131.019
131.64
128.866
128.025
127.389
140.42
135.897
126.743
127.592
130.098
129.929
128.593
125.196
134.138
133.833
127.763
129.408
122.888
118.273
127.47
134.219
129.091
121.418
113.026
126.143
131.105
132.354
132.837
127.307
128.279
130.668
125.881
121.892
133.842
129.794
132.048
129.282
130.174
128.957
127.812
129.007
126.638
127.967
132.118
132.013
121.706
125.77
122.324
127.372
133.138
114.672
111.763
121.014
125.905
128
125.368
126.478
130.056
126.952
120.46
125.921
126.438
129.727
127.926
128.518
134.192
133.076
132.371
131.113
135.897
132.196
130.387
129.483
124.339
109.218
114.233
120.322
127.951
134.228
127.226
130.098
130.149
130.336
126.55
128.337
127.016
128.148
127.405
123.977
125.652
135.74
137.684
133.351
132.231
131.019
131.449
130.907
130.89
131.234
137.979
132.45
122.669
118.12
118.85
129.383
125.4
122.624
130.073
129.929
124.185
122.048
127.073
130.446
124.401
120.272
129.007
132.67
136.79
113.662
101.942
122.145
120.941
116.754
127.332
133.851
132.573
136.212
125.937
109.331
117.744
117.543
123.396
130.031
118.842
119.026
121.996
129.609
127.307
132.249
129.308
130.073
133.815
125.557
126.191
133.058
142.318
140.4
132.688
130.48
137.419
132.066
128.551
120.956
123.923
125.865
127.437
113.675
108.061
126.183
126.279
128.584
128.957
129.651
131.053
137.599
129.534
124.177
130.83
128.271
124.031
124.556
131.027
133.129
131.978
129.727
131.952
126.302
127.975
131.122
136.268
123.51
116.408
137.174
126.08
112.001
114.561
120.46
132.223
131.57
129.341
121.544
114.745
122.16
133.824
134.816
130.881
133.52
133.556
131.536
127.804
138.543
140.115
138.908
135.879
134.084
134.228
128.493
121.558
115.507
116.727
126.759
138.591
126.92
128.766
128.725
124.44
119.275
117.904
130.293
132.952
127.089
128.189
134.698
130.745
131.191
130.107
132.494
127.186
117.862
116.023
126.912
123.449
119.911
131.415
120.861
119.574
126.072
125.526
129.879
123.655
125.455
127.478
126.807
114.725
101.513
115.015
128.238
127.299
130.031
126.606
121.625
124.239
130.073
121.455
122.205
130.073
128.974
128.742
119.19
118.336
126.414
128.841
122.078
132.935
129.199
124.634
123.632
126.574
133.351
129.735
129.752
124.564
124.891
122.481
126.952
127.162
126.96
131.251
135.492
125.29
121.84
124.417
120.613
126.287
123.48
123.48
125.408
112.303
119.382
124.735
122.048
124.463
126.638
128.642
124.448
127.251
131.865
129.091
123.709
129.107
131.441
135.373
131.475
134.418
131.208
132.231
131.796
128.156
129.517
130.736
126.438
121.677
114.528
101.533
104.346
121.433
122.205
116.272
118.892
126.279
135.731
133.994
134.653
122.07
121.64
129.191
121.654
