8.36995
144.676
165.481
204.562
194.382
186.498
200.26
179.953
175.994
200.723
192.456
190.567
205.486
196.502
160.244
159.084
187.582
183.756
160.077
167.602
140.716
125.707
133.941
126.462
123.808
96.2464
90.3016
109.721
84.8104
87.5427
136.036
123.993
138.543
147.427
152.172
191.314
171.336
183.57
200.341
167.87
154.392
157.965
121.544
103.923
137.363
207.533
241.721
194.723
183.318
165.344
173.747
241.138
160.655
159.566
239.177
186.532
179.292
227.015
207.663
203.48
232.315
160.63
149.555
167.94
177.73
157.06
151.458
214.385
199.005
59.5948
62.4668
240.038
230.362
196.078
200.944
220.775
225.632
243.457
223.989
229.043
249.906
232.639
212.743
233.836
261.233
213.744
211.305
254.874
222.916
201.147
216.638
210.77
186.689
197.941
182.399
155.848
171.321
209.864
247.647
256.904
221.288
214.707
232.937
222.866
230.814
248.385
228.781
230.044
257.566
233.345
216.591
234.769
254.615
226.68
210.305
232.775
249.345
256.246
238.749
226.372
213.038
214.569
226.732
209.908
208.464
210.926
210.726
233.318
251.193
196.734
166.861
186.567
183.083
198.906
219.635
126.799
113.302
165.385
211.954
213.835
209.358
223.589
215.448
218.317
226.193
211.573
224.442
252.589
201.045
196.696
240.471
217.675
214.339
247.924
232.964
204.981
219.853
243.576
238.92
216.967
230.203
214.8
194.534
222.37
218.771
221.043
223.589
212.743
231.589
251.004
214.592
200.421
229.647
233.973
202.655
203.19
221.386
206.868
186.898
170.911
182.033
194.194
188.947
189.358
201.552
222.148
234.797
224.921
204.436
224.896
251.13
202.368
186.428
226.219
213.288
208.855
257.003
248.324
214.823
222.37
228.493
220.361
221.705
221.951
215.448
206.356
218.962
225.555
225.555
216.732
205.55
229.595
249.657
212.067
214.846
240.819
210.393
204.52
228.964
221.166
187.354
199.88
200.421
174.948
202.163
207.275
216.193
238.521
209.82
213.538
223.015
212.314
231.401
266.951
216.99
205.656
248.478
261.917
227.48
218.747
251.193
226.937
202.86
218.818
249.066
248.725
218.771
194.685
209.688
233.454
216.497
201.025
192.252
185.494
197.902
210.704
161.134
158.491
179.662
184.809
211.73
202.511
183.84
179.533
138.017
150.128
171.028
158.617
181.752
186.428
206.889
196.348
201.837
224.896
200.06
202.901
234.055
215.61
213.333
240.211
233.945
215.726
223.514
237.361
212.766
210.371
224.972
194.704
197.981
235.322
239.808
244.768
250
231.75
231.616
237.361
214.569
212.134
234.247
251.667
221.214
214.064
215.587
179.759
195.925
247.097
190.331
169.635
175.531
178.54
210.793
205.086
209.688
225.276
193.349
177.022
183.655
205.973
217.486
186.48
184.281
220.046
197.531
183.655
209.49
221.361
196.792
188.253
197.922
196.213
197.316
200.24
216.216
219.587
210.526
221.852
234.797
200.2
194.043
213.538
198.669
209.205
221.926
200.864
174.871
143.73
150.444
157.629
147.406
165.989
178.237
198.039
192.585
197.902
255.951
261.063
221.337
222.296
246.609
195.944
195.982
237.784
222.668
213.721
232.019
256.279
252.589
226.757
231.616
226.655
222.296
231.669
215.494
221.508
229.542
208.943
218.484
256.148
218.579
199.9
220.434
216.544
205.381
213.744
232.261
201.939
205.297
244.529
232.964
221.386
237.417
241.663
241.196
225.938
186.498
192.271
190.458
173.611
206.761
232.504
193.911
199.382
226.398
202.86
213.995
254.842
233.618
208.965
225.327
246.792
248.818
230.176
217.132
225.938
213.995
200.783
209.468
228.964
220.483
201.106
219.058
239.722
211.932
214.661
244.469
220.289
219.66
253.453
234.99
206.42
211.663
221.803
229.991
227.273
226.809
229.174
239.006
235.655
209.424
224.391
230.097
190.168
204.061
247.372
181.736
170.242
222.965
214.477
208.03
237.671
217.085
206.612
240.761
242.866
223.364
214.27
197.239
210.637
218.603
197.472
203.273
219.034
206.954
204.562
212.63
193.798
207.232
249.377
233.781
219.949
237.954
247.127
215.54
205.952
240.761
230.256
207.49
215.633
209.93
224.417
236.351
208.725
217.32
234.055
206.441
208.16
231.348
185.839
168.025
197.375
190.006
198.216
243.992
213.858
197.297
217.108
236.995
233.399
213.812
150.807
150.387
205.677
222.593
255.2
224.014
209.052
242.748
225.581
197.726
207.555
219.25
204.981
214.638
240.01
198.472
184.536
212.022
219.732
212.472
209.227
209.249
223.264
229.2
200.461
206.804
227.687
203.811
206.718
229.911
191.004
164.568
181.291
197.433
200.944
201.552
199.641
212.359
232.612
230.282
199.74
180.636
207.039
226.655
195.771
200.884
228.389
199.78
199.124
240.298
206.569
197.511
231.241
228.05
216.591
234.055
248.973
183.117
164.379
191.186
207.211
227.402
222.42
229.332
228.99
200.582
198.157
206.016
204.04
215.1
234.165
213.744
202.696
205.994
188.235
198.866
244.439
213.607
187.864
201.39
208.768
211.707
205.255
193.274
210.993
229.621
208.921
214.477
229.043
203.77
213.333
258.632
210.948
197.824
223.514
217.77
206.313
219.034
250.25
222.99
214.202
241.255
233.046
219.974
221.852
211.193
222.544
231.857
210.416
212.608
226.296
206.782
212.653
253.133
227.144
211.305
235.905
187.811
183.52
248.571
211.685
171.762
190.658
211.864
205.233
209.622
187.776
190.913
203.957
195.503
215.424
225.734
204.96
218.938
243.813
197.297
188.661
231.16
224.24
215.008
235.349
221.166
201.979
209.556
207.727
204.939
217.652
212.721
222.866
235.405
218.364
216.474
239.55
231
203.978
226.27
250.658
199.243
195.886
246.853
204.918
196.657
237.699
184.877
161.773
188.857
213.767
202.675
186.689
203.707
216.873
211.305
216.497
237.586
220.095
206.954
217.108
189.861
191.241
215.216
206.398
208.42
223.314
204.457
193.817
207.577
199.92
201.268
212.247
205.191
223.789
233.263
214.064
214.5
238.977
235.599
204.855
199.263
182.682
190.422
234.962
249.719
208.008
182.598
188.041
162.101
173.898
217.699
207.684
212.834
218.221
228.859
229.621
209.468
221.877
247.433
209.534
208.79
248.849
220.434
208.812
229.332
233.481
212.993
218.293
245.429
219.732
206.975
239.664
227.816
206.718
218.531
222
231.134
233.399
215.703
209.38
220.24
200.743
194.761
227.661
199.72
197.844
222.074
202.327
206.058
231.321
225.098
184.027
180.229
206.143
214.064
212.179
191.479
194.401
207.211
201.837
224.896
233.481
187.864
165.851
166.486
164.867
189.251
182.365
157.233
150.614
155.4
185.649
192.901
187.459
183.083
198.118
212.879
190.367
198.393
218.341
209.249
204.144
209.293
154.476
151.492
180.489
194.269
216.943
207.082
197.863
199.402
183.604
173.868
151.918
162.14
154.321
143.062
174.84
170.416
185.995
163.465
164.042
203.149
180.734
180.881
226.757
235.266
212.902
191.369
188.235
176.01
165.673
185.082
195.122
179.131
187.635
169.276
174.49
228.754
182.582
180.571
224.517
197.239
196.29
216.638
176.663
181.984
236.602
228.232
213.311
218.245
194.78
204.625
230.654
202.368
190.913
193.461
196.329
212.45
209.6
185.598
200.662
198.768
205.465
247.709
243.072
200.2
188.893
225.225
229.463
206.59
211.73
217.014
217.202
219.25
209.271
222.891
226.578
208.29
218.079
229.148
208.052
213.47
241.342
219.829
210.682
234.962
227.247
203.066
209.38
234.274
241.051
226.475
221.533
200.743
181.209
187.178
190.749
185.374
175.562
195.982
239.034
198.827
196.618
244.948
213.927
204.583
232.45
218.651
205.044
226.655
241.429
214.156
215.378
216.849
211.909
215.1
202.347
203.728
216.427
208.052
213.083
240.01
203.583
189.179
220.192
244.978
217.533
217.25
254.291
236.016
209.38
220.095
253.133
258.065
225.225
208.659
226.578
200.803
184.638
206.996
193.367
177.588
209.358
248.139
203.231
203.046
254.259
248.416
204.332
204.332
233.318
213.083
205.255
226.116
222.074
208.899
225.454
226.168
219.877
220.216
203.936
223.015
243.546
208.442
215.239
241.138
207.879
204.248
237.925
230.256
214.11
231.535
258.198
214.156
197.609
219.202
200.501
203.874
226.68
210.305
198.886
204.374
199.641
185.512
181.045
210.726
250.25
191.113
174.429
206.761
179.292
182.715
229.806
156.079
141.965
195.141
224.643
235.96
219.925
226.783
237.051
228.311
233.345
247.249
241.663
226.193
230.229
235.682
212.495
208.986
236.239
239.091
224.467
229.41
241.255
222.05
220.337
246.579
235.627
208.182
210.571
217.25
189.897
183.184
197.687
222.965
230.362
212.179
196.541
207.987
168.364
163.519
196.021
182.532
202.922
211.73
203.066
212.834
233.318
232.342
230.017
221.705
222.025
230.601
234.219
233.727
240.616
234.247
207.404
216.333
232.342
208.42
216.52
255.689
227.015
210.239
231.348
249.221
222.668
211.171
231
218.388
206.377
217.415
219.37
222.05
224.871
205.276
217.014
228.076
206.526
213.015
236.211
218.46
188.147
204.813
209.534
206.271
207.104
177.809
190.168
238.578
249.314
222.099
214.408
218.531
230.867
237.925
220.434
213.447
216.92
226.578
214.569
215.262
223.739
192.308
202.922
239.378
212.292
208.877
239.006
217.557
207.404
240.385
240.848
227.118
230.814
227.687
235.045
237.614
224.997
212.472
224.065
225.098
206.249
226.783
252.334
216.567
214.569
213.493
186.951
195.332
204.687
189.036
200
244.021
225.683
203.108
216.802
213.721
214.915
218.914
203.273
219.829
228.337
205.402
220.531
252.175
218.198
211.73
240.674
243.457
217.817
218.508
251.889
238.55
211.842
222.148
218.508
198.531
205.804
195.236
193.705
211.416
197.981
215.169
231.884
193.48
195.351
220.751
201.39
199.92
210.438
200.321
212.157
233.645
188.359
180.668
220.434
207.835
199.9
202.943
216.333
222.099
213.038
210.128
224.845
221.582
203.066
212.157
215.378
196.021
206.761
232.423
209.227
209.688
241.051
236.827
213.038
230.867
238.692
217.25
207.641
196.831
207.189
219.611
199.005
212.112
232.693
196.483
196.136
227.015
205.529
203.438
245.912
210.548
201.877
238.977
159.642
146.199
182.866
186.498
205.318
203.231
194.326
200.22
201.207
216.943
234.11
211.663
216.029
238.834
216.521
200.904
212.653
213.904
212.653
225.53
246.184
219.587
203.48
233.263
227.273
204.687
213.424
219.346
229.991
232.856
212.608
224.719
241.663
208.79
208.594
238.379
217.557
214.638
244.379
253.743
194.989
185.77
182.749
162.933
196.831
208.117
179.662
194.875
213.22
217.581
219.756
202.881
216.45
221.705
203.728
213.47
236.658
208.703
205.888
235.018
209.578
211.104
244.439
240.385
216.193
216.544
208.572
209.864
216.123
210.637
226.886
225.734
218.484
213.402
225.073
228.519
210.97
214.247
226.526
204.876
210.682
244.17
214.915
197.122
220.022
224.669
207.061
193.573
170.242
169.047
174.993
195.982
216.92
207.771
221.828
244.29
209.534
198.177
222.891
208.312
201.39
227.816
237.982
197.628
201.715
240.067
210.659
204.96
247.924
240.79
211.372
214.064
205.508
205.529
223.14
214.846
223.214
225.836
208.812
214.777
232.72
202.47
191.939
231.374
217.984
205.761
211.573
188.466
186.863
197.902
202.716
199.025
204.123
224.517
240.471
226.86
187.741
200.341
229.332
205.613
206.932
209.183
190.603
200.361
226.014
211.461
212.63
243.576
227.92
207.426
220.897
222.123
204.876
208.855
190.821
192.326
219.804
206.59
214.477
223.115
199.302
203.066
234.329
212.834
206.718
240.674
220.604
212.269
207.577
194.553
208.377
228.964
212.269
207.814
216.497
205.086
215.285
226.912
209.227
209.314
235.988
213.265
202.737
230.84
253.229
215.703
202.675
231.187
202.306
203.645
244.26
238.635
216.216
227.946
227.972
217.179
216.802
217.486
242.014
231.481
217.037
218.675
223.664
219.587
200.521
209.578
237.558
212.472
213.197
244.978
217.273
202.799
153.351
135.805
177.321
188.733
175.855
173.235
190.223
221.607
206.954
216.661
249.283
229.806
212.721
221.092
223.489
208.986
215.517
240.645
224.921
212.337
226.655
223.989
209.754
218.221
223.689
216.333
215.077
202.84
216.873
234.274
207.404
213.858
236.518
208.377
200.14
226.603
212.269
198.669
219.901
229.832
212.766
212.314
239.32
227.118
207.082
225.938
221.976
191.516
203.542
181.901
169.42
186.759
196.657
207.318
182.765
197.006
249.688
217.675
201.633
216.286
204.311
207.232
230.097
229.779
212.789
219.106
227.531
201.572
190.876
203.915
220.216
223.115
200.904
214.869
233.781
196.696
183.352
205.613
192.141
200.803
236.128
218.103
204.918
217.652
214.27
173.807
182.648
207.706
176.678
168.138
186.185
186.168
169.707
174.505
167.35
173.506
219.853
179.517
178.079
214.041
183.268
