5.46786
148.082
146.864
142.664
146.477
114.475
46.7924
46.5019
111.713
138.255
113.604
101.678
114.91
126.727
113.065
93.8835
64.9604
65.1551
89.7424
96.0615
102.543
120.613
141.633
151.642
107.823
101.302
97.7326
98.668
65.9892
50.7576
86.1995
105.703
93.5891
78.6071
80.6549
127.089
32.4797
33.2519
143.133
140.115
147.373
145.054
130.745
109.571
133.342
178.891
160.785
162.787
165.426
157.381
170.474
165.153
166.792
178.492
173.1
152.905
155.003
167.462
165.631
172.429
147.016
150.478
166.32
164.312
183.453
177.148
178.38
184.366
176.056
177.51
172.548
164.772
169.391
176.866
177.038
173.762
162.338
156.482
103.563
106.078
178.555
173.34
172.429
172.444
165.044
170.126
179.824
175.762
158.153
152.138
158.203
166.514
160.167
162.496
182.682
164.015
159.872
161.93
157.085
160.798
157.642
164.406
168.336
160.141
158.053
175.07
159.541
144.854
148.721
149.869
117.612
117.689
139.655
142.755
164.84
158.806
164.447
170.271
162.035
159.185
158.995
161.303
162.311
162.061
158.768
167.518
160.013
158.353
170.184
159.21
166.778
161.16
156.937
168.876
163.693
158.278
167.884
177.415
170.605
170.955
140.934
141.034
130.2
129.803
143.123
144.071
166.348
158.554
166.417
166.32
161.878
159.261
162.893
168.011
172.846
172.712
160.785
164.704
152.022
143.968
142.898
149.869
169.535
167.084
171.145
172.995
164.312
159.77
163.948
158.642
162.707
169.866
158.341
170.809
145.169
137.836
154.859
147.558
145.264
148.876
164.663
163.119
161.082
159.744
156.348
146.897
149.176
149.098
145.953
137.457
96.9133
110.779
168.62
142.298
145.89
172.712
167.813
154.131
148.192
131.666
139.704
162.245
159.388
150.331
153.186
159.834
133.369
127.877
147.297
169.967
168.549
166.945
172.265
167.476
151.676
156.335
178.031
175.902
185.408
183.79
179.308
192.511
180.034
177.384
196.657
178.875
172.876
188.982
179.147
176.678
169.924
160.591
159.426
164.948
159.693
156.703
113.462
112.899
165.563
160.346
145.773
137.807
130.31
128.576
138.61
148.28
162.8
169.592
171.895
169.75
176.741
173.1
168.393
179.324
167.266
172.756
177.101
161.434
173.989
191.186
167.49
149.813
162.272
163.252
162.999
172.206
169.276
168.223
152.404
156.152
163.68
164.42
174.155
157.803
144.833
141.024
153.704
142.613
137.732
148.688
157.072
158.919
154.536
164.366
157.122
168.591
168.648
162.18
171.895
165.673
159.375
170.663
175.84
159.109
160.128
155.581
157.27
170.955
164.285
164.785
162.774
168.265
187.003
177.242
178.031
177.195
158.768
145.412
146.306
151.172
153.799
133.815
134.048
166.889
168.336
174.871
166.072
166.639
181.11
168.464
169.362
173.19
166.667
174.155
179.614
177.274
169.88
159.477
156.238
168.663
162.075
161.538
183.638
168.478
168.223
181.752
172.831
174.262
167.602
162.377
172.592
154.595
154.979
174.566
133.788
127.251
160.927
164.325
169.463
159.757
158.743
165.248
160.578
170.227
148.302
148.555
177.573
173.671
167.49
171.512
172.221
141.463
133.86
152.277
162.787
155.243
155.545
165.851
166.625
180.505
168.648
162.787
169.319
158.844
151.023
139.421
137.014
155.027
165.33
165.166
174.231
162.655
164.029
169.133
164.541
179.775
178.827
171.821
180.424
182.482
177.888
164.069
156.384
156.654
157.629
167.771
165.221
154.166
134.962
148.017
166.82
158.04
162.774
163.814
170.78
165.782
148.987
148.357
159.147
147.308
153.905
156.299
151.642
158.203
157.468
172.058
162.245
159.91
167.252
161.825
167.518
169.076
167.378
158.153
152.022
155.751
167.799
161.734
156.189
170.082
163.159
165.604
160.966
164.433
162.906
147.82
139.597
145.911
154.751
156.201
163.546
141.463
144.991
146.994
151.389
162.522
161.147
173.265
172.563
177.431
165.906
162.615
164.123
156.213
155.594
159.071
152.253
145.497
148.931
156.556
174.84
169.233
167.266
179.469
164.366
164.177
174.81
172.891
179.84
181.455
169.477
156.36
153.681
136.902
126.96
133.236
142.136
139.88
134.716
139.616
149.745
160.192
158.667
164.65
165.18
167.015
167.308
161.355
163.733
174.734
175.147
166.528
170.43
166.058
167.799
171.615
165.659
169.377
160.565
132.336
138.908
163.747
156.752
160.346
152.917
140.716
140.469
153.882
142.227
135.245
156.605
160.849
170.955
111.477
90.4936
119.904
141.004
144.76
141.603
145.423
157.493
166.403
157.841
162.259
183.469
169.808
161.904
167.701
166.32
167.926
152.683
152.3
154.595
135.694
134.571
129.895
132.161
117.516
130.967
177.211
168.464
178.603
163.079
150.105
152.987
156.397
172.384
164.663
155.678
149.332
141.153
134.129
121.345
131.77
160.979
150.128
140.538
133.36
135.759
157.146
167.771
172.548
156.924
146.338
154.583
130.005
124.448
124.992
131.588
130.71
127.226
148.071
156.238
160.205
153.692
155.618
166.736
177.699
162.245
165.563
169.405
173.943
189.036
176.336
176.772
160.798
145.138
148.412
151.895
172.369
175.024
163.119
166.514
167.546
162.973
173.385
176.772
153.245
155.003
139.363
136.221
148.291
157.828
181.637
159.821
167.673
177.447
164.908
166.542
172.921
168.237
167.406
171.821
168.364
178.54
162.417
162.536
186.776
172.384
173.235
182.765
171.174
169.005
166.736
162.404
162.853
166.597
170.765
169.19
170.025
147.406
146.8
155.569
152.707
155.581
162.641
182.916
167.07
168.62
188.679
168.067
157.381
169.578
170.984
162.602
173.641
170.765
160.064
167.476
161.199
172.652
169.005
160.552
179.437
168.976
173.551
170.445
154.595
155.388
156.47
162.787
168.62
168.833
163.332
159.91
152.544
164.244
170.809
166.016
175.824
160.836
160.205
169.348
160.759
170.054
176.336
165.221
158.14
170.3
171.028
169.463
187.617
172.191
173.913
187.564
167.043
167.94
170.955
158.391
155.606
164.406
184.111
180.815
164.055
163.066
170.343
161.721
167.898
124.945
121.183
170.882
147.743
136.79
146.316
157.878
158.328
154.488
161.721
162.232
157.99
160.308
164.204
136.482
124.719
150.195
178.508
164.785
164.785
171.116
161.303
164.731
173.115
170.314
170.358
171.013
162.813
169.076
168.067
166.514
181.307
159.046
151.297
150.932
156.678
186.654
144.467
139.626
158.642
151.849
169.105
180.131
175.5
173.1
176.149
161.668
156.986
162.061
156.678
158.491
155.715
167.785
171.527
168.025
173.521
160.424
163.279
169.851
166.903
159.936
166.445
166.528
165.071
181.045
161.095
162.206
151.297
151.206
180.522
149.925
140.647
151.573
165.371
178.444
167.224
146.929
151.343
159.185
159.719
174.703
162.973
170.14
159.324
152.369
170.155
162.114
162.219
166.279
161.303
163.787
177.62
163.666
161.747
172.265
163.439
171.541
166.016
169.033
190.259
151.653
148.909
163.639
145.751
144.467
151.092
157.704
170.838
175.562
164.136
161.434
163.372
167.616
157.468
162.893
190.349
170.387
156.006
153.504
163.279
192.105
155.352
146.306
166.542
160.578
156.544
171.659
172.533
158.403
164.908
163.921
172.191
169.621
161.342
177.368
156.495
138.648
138.38
144.373
157.704
160.269
158.655
170.358
165.906
152.369
160.527
161.917
172.013
163.385
161.186
176.882
165.481
171.748
173.235
157.841
159.299
155.051
149.231
157.716
167.645
170.605
175.3
152.695
151.32
156.826
153.834
172.667
158.945
156.067
155.97
150.716
156.189
157.828
145.826
153.61
142.116
128.46
141.034
157.604
180.717
162.734
166.306
182.282
168.577
162.39
159.744
170.213
179.662
168.905
160.436
166.903
165.796
162.668
179.662
173.4
173.702
186.672
157.866
152.707
160.128
157.58
161.512
152.114
140.341
143.328
154.452
165.139
170.853
155.497
160.424
160.501
158.743
163.172
157.53
172.951
172.087
164.136
164.948
163.399
161.434
165.358
167.14
164.447
169.391
163.519
167.392
171.277
161.044
168.606
162.009
161.264
175.716
169.924
174.277
181.389
174.049
168.691
157.097
142.786
132.284
122.594
133.735
135.345
140.766
153.633
156.384
171.204
162.549
164.541
167.588
162.562
159.566
159.757
163.76
174.034
173.837
160.013
169.119
168.591
167.322
186.254
159.299
153.657
170.984
165.645
173.1
165.865
166.514
177.746
161.616
155.678
160.501
147.265
152.637
173.115
153.61
144.467
150.173
168.18
151.953
144.98
157.592
153.386
158.428
164.745
165.604
157.493
173.31
168.251
160.179
170.619
162.747
172.31
169.779
156.519
158.053
159.426
154.667
145.075
155.569
167.28
144.676
140.292
154.727
160.488
159.477
132.45
137.807
148.61
151.32
169.463
161.983
170.518
165.017
152.73
168.634
179.824
168.025
165.906
170.823
168.336
169.477
161.655
154.775
161.917
161.551
171.703
167.364
158.818
162.707
165.071
167.406
164.663
166.806
161.852
167.322
128.37
118.469
135.428
146.028
162.167
166.196
165.865
152.207
164.935
168.011
157.555
161.852
164.298
150.784
153.882
170.707
161.044
167.07
163.279
160.244
167.28
161.799
169.837
160.527
164.596
171.336
165.166
167.701
156.691
155.666
143.999
143.947
160.449
167.182
153.41
140.193
129.024
126.984
141.784
137.372
131.726
144.061
154.214
152.23
149.287
144.749
142.369
153.953
156.974
154.967
162.774
151.446
162.999
168.407
165.824
169.794
158.103
163.092
170.634
163.733
159.566
170.721
157.928
144.53
148.987
154.859
161.421
139.441
118.694
135.575
161.329
149.254
157.319
167.126
161.93
160.849
171.277
173.445
164.84
179.292
148.379
140.954
157.716
159.591
147.787
140.568
133.699
136.045
166.931
165.098
128.908
137.108
166.556
156.311
171.777
166.722
153.551
138.131
148.038
160.231
143.031
147.591
145.603
128.057
138.274
138.389
138.985
151.791
149.522
160.411
158.353
155.183
140.706
142.41
157.183
169.837
158.228
149.343
168.435
177.195
173.01
166.085
175.623
161.486
156.104
180.408
154.679
143.534
155.885
158.68
135.676
135.117
149.399
143.451
159.604
161.251
153.492
166.653
170.663
155.606
160.411
160.372
163.867
164.717
157.891
173.762
165.358
164.541
159.923
150.286
164.447
177.857
171.718
157.344
164.528
153.704
141.834
134.935
146.295
144.446
145.212
174.871
150.659
148.522
140.696
137.193
162.193
162.641
155.533
163.412
166.681
169.492
154.321
154.667
177.007
159.668
161.186
164.555
162.206
167.14
159.847
164.908
169.563
173.37
169.205
166.778
169.938
158.14
165.426
169.707
172.488
186.237
172.488
171.527
159.642
146.864
154.751
152.022
145.985
161.655
163.172
158.995
170.198
160.927
166.667
165.989
165.248
174.81
165.453
176.85
170.459
157.072
154.333
155.909
181.554
177.305
154.119
151.137
165.508
163.252
163.239
185.891
165.741
157.159
164.731
164.406
177.447
164.082
159.744
170.823
156.617
149.466
167.771
153.104
147.351
156.006
157.295
181.455
159.834
146.21
148.159
158.479
181.127
166.141
161.29
167.912
167.252
177.683
184.689
173.415
165.276
153.574
151.538
172.548
169.463
169.047
184.98
167.983
167.659
177.746
170.401
177.148
177.069
168.279
155.473
164.487
178.571
143.988
142.187
154.392
167.532
156.912
137.231
144.04
165.235
193.78
161.407
153.61
173.641
166.459
162.324
165.194
172.354
177.022
176.678
156.091
159.847
167.87
159.21
166.833
157.903
168.407
174.322
164.352
172.712
168.095
167.546
170.853
152.823
151.676
158.995
143.062
151.08
184.027
161.07
155.8
161.29
165.81
168.876
156.58
171.644
170.867
159.987
156.25
155.461
156.875
166.764
164.123
151.63
158.755
141.844
147.156
161.538
163.172
177.226
165.207
166.237
162.324
161.342
169.42
158.642
149.499
156.629
148.401
150.297
177.983
160.488
157.642
161.42
161.264
168.99
166.542
176.351
176.507
167.448
161.996
168.18
167.043
167.588
170.416
152.138
162.47
173.762
163.975
178.476
172.117
169.851
163.212
159.566
180.05
179.42
159.134
153.245
161.368
162.933
171.13
156.446
152.045
182.382
154.643
137.108
137.722
138.466
145.275
153.421
163.199
158.378
173.898
171.88
155.509
158.178
162.377
162.338
170.01
165.81
166.639
185.031
164.853
152.091
156.863
160.63
177.164
178.301
165.207
158.617
158.869
156.875
168.209
181.587
163.026
171.497
155.885
146.22
153.953
159.439
180.489
155.279
159.337
170.025
155.654
158.983
161.93
160.192
159.185
156.74
152.823
166.959
159.719
153.433
166.085
173.461
188.094
168.209
158.078
169.362
162.114
164.582
163.572
155.135
152.138
151.676
150.818
167.14
162.496
144.498
166.667
158.743
148.743
155.171
161.93
169.477
157.183
145.9
148.467
161.708
169.924
168.748
162.39
163.079
158.403
166.694
184.519
165.645
160.115
153.551
154.919
169.205
159.859
169.047
172.876
162.8
162.906
175.055
165.071
