8.58347
190.476
232.18
300.888
291.036
284.779
309.933
300.752
236.211
235.405
199.78
186.185
256.279
279.916
275.103
258.833
250.878
265.71
255.46
232.802
253.261
275.444
153.527
141.814
229.437
257.5
215.424
172.861
201.471
266.845
267.845
276.319
206.377
145.571
173.626
228.337
175.793
191.939
243.072
234.604
220.361
241.955
219.082
137.845
127.437
182.232
257.169
281.968
281.175
262.329
201.288
186.567
234.219
265.041
137.137
129.057
215.68
252.717
310.029
286.615
262.95
273.075
298.775
302.389
264.866
258.164
176.367
159.655
197.922
212.179
209.512
160.244
127.502
160.115
213.447
213.129
275.255
296.296
252.43
166.625
179.469
253.743
264.375
300.707
310.607
278.125
240.761
255.82
248.725
241.371
205.634
155.304
177.117
199.7
63.5001
70.0967
139.043
112.064
213.174
306.607
317.36
290.74
270.893
232.261
228.545
258.298
274.952
317.36
335.402
288.642
284.172
355.745
350.079
326.691
299.805
312.207
365.364
387.898
320.41
292.141
350.631
385.728
385.06
287.026
277.546
343.761
325.468
335.796
325.415
316.907
366.435
367.918
317.763
285.673
284.738
329.056
365.297
320.41
317.763
339.386
335.177
359.195
321.802
319.438
380.88
358.359
340.02
337.325
347.947
382.555
393.546
367.444
314.911
323.05
380.373
398.406
375.375
247.463
242.454
349.101
362.516
320.154
270.929
294.291
358.295
364.299
315.01
286.205
317.712
335.965
303.214
292.569
297.974
322.893
366.771
317.712
313.578
366.905
320.359
285.714
300.978
315.358
325.786
312.94
287.026
330.415
384.763
373.972
275.217
264.831
362.056
332.834
300.391
271.076
288.392
381.825
401.929
319.234
258.264
236.602
260.281
265.745
267.415
302.572
311.575
306.796
309.215
361.402
388.048
338.409
222.568
212.022
274.01
243.516
252.653
338.181
377.929
369.617
295.159
295.814
354.296
362.188
377.43
325.415
302.115
336.078
355.999
345.781
327.118
322.633
310.029
321.182
346.32
357.59
336.078
313.775
333.611
306.279
307.645
357.462
332.06
289.981
300.255
347.464
354.61
316.807
269.796
289.185
365.163
391.236
372.439
292.312
286.492
349.04
348.614
259.977
249.844
339.616
391.466
303.721
278.629
260.01
256.016
239.722
214.684
270.746
328.192
286.985
273.336
325.68
311.187
291.8
280.073
294.334
352.734
323.677
272.851
298.73
364.83
357.079
281.928
281.968
322.581
343.938
390.32
334.616
297.885
317.058
340.541
347.343
329.435
293.858
286.697
323.363
369.617
397.141
380.518
331.565
315.109
279.486
289.143
364.498
333
298.552
307.267
338.066
377.43
368.392
292.526
283.166
340.426
367.512
357.079
279.135
283.286
369.481
392.696
389.257
328.947
287.522
285.103
316.556
314.812
285.633
286.903
286.492
266.88
292.227
300.481
284.293
304.183
313.529
350.816
387.822
336.927
282.048
306.89
336.644
352.361
347.826
287.068
302.801
335.739
298.73
170.329
171.659
313.578
276.51
258.264
291.121
205.191
183.419
257.998
294.377
284.698
293.643
282.765
277.316
259.538
252.207
255.689
189.771
199.402
302.847
322.373
276.472
284.374
319.54
294.551
220.192
230.256
323.572
317.914
257.334
253.582
301.523
306.326
302.16
277.123
254.194
280.112
279.018
264.375
238.351
222.941
271.26
326.584
317.209
309.645
303.859
300.752
267.38
248.509
291.333
338.467
388.878
397.772
386.175
330.087
329.924
390.016
401.284
406.752
392.311
343.997
342.29
388.802
409.249
386.698
332.447
296.956
314.12
369.072
359.842
334.728
369.276
342.114
331.016
322.633
290.149
313.234
307.031
278.125
283.206
304.507
334.896
333.723
270.929
271.592
321.699
333.89
266.845
277.277
388.5
377.929
371.058
302.893
278.319
314.961
331.455
334.057
331.675
311.429
288.934
320.616
317.511
323.311
329.544
327.332
276.434
275.71
382.555
386.847
330.469
247.525
247.188
329.87
345.602
266.383
276.625
383.436
373.552
349.467
287.48
300.21
398.645
391.926
384.911
290.867
283.447
382.336
404.94
397.219
329.489
277.239
295.421
357.27
394.4
366.166
346.921
330.688
343.053
324.623
317.712
369.959
333.111
317.511
316.606
312.354
348.554
387.597
351.247
300.752
332.779
395.961
407.332
367.309
281.096
290.782
234.935
224.947
285.429
298.597
361.794
366.502
318.117
313.922
302.297
296.78
292.184
265.675
301.25
341.822
338.409
272.405
261.712
258.198
178.142
186.707
271.702
263.992
266.454
284.576
300.978
332.668
241.109
244.588
360.166
380.011
356.952
309.262
306.984
323.939
327.923
321.285
316.356
326.691
349.345
385.505
402.414
400
367.04
338.811
299.625
294.161
339.443
338.238
327.815
308.594
312.549
358.873
359.583
316.756
281.968
308.499
366.972
359.971
292.526
284.535
328.192
352.671
364.033
321.182
303.859
333.444
364.365
375.164
341.472
326.637
323.887
320.461
342.759
320
324.412
339.963
332.834
313.234
284.414
310.078
330.852
329.924
291.46
264.55
285.429
296.077
280.151
298.24
348.189
366.367
362.384
280.781
270.416
324.044
331.126
303.444
302.572
329.544
327.172
326.264
334.56
312.549
300.12
315.408
325.627
355.619
334.113
315.11
322.269
302.343
332.502
376.719
325.839
268.709
280.151
348.371
387.222
349.65
266.667
277.316
363.174
365.097
293.255
283.688
348.797
384.689
395.648
363.24
310.945
315.657
345.483
342.231
300.888
278.668
298.775
330.251
277.971
257.931
292.526
312.891
289.143
283.648
272.405
250.219
251.067
271.186
318.624
338.009
218.436
210.217
308.024
324.517
268.097
257.5
337.382
374.322
350.508
312.061
323.468
334.001
336.078
326.531
322.113
315.806
307.172
340.31
373.413
378.573
362.779
336.417
338.352
321.13
327.386
370.989
335.345
300.21
313.234
353.107
388.425
396.825
238.949
209.952
275.368
280.426
255.984
278.203
342.583
362.779
303.721
274.348
316.907
311.818
284.657
296.692
301.796
307.031
333.389
285.878
253.614
281.611
266.489
229.332
207.082
210.194
214.316
224.947
237.558
203.728
219.467
284.374
234.055
242.689
341.297
334.113
332.779
264.236
245.339
307.929
331.071
295.159
273.187
277.469
313.529
355.429
331.785
292.612
298.507
277.239
272.889
336.7
265.287
225.454
270.197
293.47
294.204
273
257.367
291.418
300.978
249.688
245.67
310.318
316.506
254.421
244.529
287.853
312.402
289.436
245.881
271.15
335.402
300.888
310.704
288.6
273.785
303.076
289.519
267.344
267.38
262.502
281.69
345.006
384.689
343.466
209.82
218.317
346.141
283.086
259.403
307.74
350.447
345.006
282.247
288.934
338.238
337.496
312.842
278.474
295.29
356.697
382.922
376.293
380.735
335.345
316.656
362.516
338.467
318.218
346.681
335.177
337.098
326.264
322.789
348.371
322.997
300.255
311.478
355.114
392.773
376.435
296.648
288.184
343.289
363.967
386.175
310.366
286.451
360.62
393.933
371.816
314.07
290.571
318.776
347.524
347.403
329.218
339.847
328.893
321.182
323.729
321.543
356.952
340.716
322.113
278.319
254.582
283.366
240.24
223.589
283.607
336.53
361.402
242.395
240.5
380.662
385.282
338.123
293.729
278.28
296.033
307.125
285.103
300.3
354.988
358.873
299.133
296.56
304.553
317.108
339.847
317.612
338.696
317.309
292.612
290.487
291.418
323.729
325.839
303.214
300.12
324.517
330.36
342.583
270.38
266.667
366.3
370.576
341.764
302.16
316.056
354.799
346.44
316.807
289.436
306.654
356.824
363.24
362.45
384.32
339.156
315.756
313.48
265.71
284.576
320.205
326.584
324.517
324.675
381.971
392.08
341.939
285.51
304.739
377.145
375.94
320.564
250.438
264.76
354.988
372.162
285.225
254.001
279.369
295.116
270.124
250.438
279.408
311.624
295.29
301.932
322.269
329.652
355.556
323.468
339.156
346.081
326.052
308.547
300.707
343.584
371.816
344.947
315.956
340.541
380.59
380.88
379.219
310.607
289.645
351.556
379.867
387.522
305.857
285.673
350.693
365.297
364.1
338.753
309.645
326.158
354.736
356.443
345.781
311.236
292.954
317.46
316.506
327.976
372.162
321.079
299.985
312.891
319.081
365.631
408.664
340.657
289.31
321.285
350.385
343.407
287.15
290.994
363.504
361.272
330.306
246.883
257.865
319.693
281.294
252.972
250.721
307.078
385.951
324.149
312.842
325.045
320.359
358.487
331.016
340.483
389.181
342.818
306.843
301.796
328.407
387.672
355.619
288.475
301.159
367.58
352.485
345.185
299.222
301.75
369.481
371.678
389.408
313.676
292.141
357.59
299.133
280.387
337.268
295.159
292.569
357.782
376.932
379.795
344.649
327.6
349.956
323.363
318.776
357.015
329.87
321.595
317.058
325.839
379.579
349.589
302.252
304.229
349.589
376.861
370.851
309.933
293.298
337.781
335.289
262.02
261.849
350.385
391.007
394.945
301.159
265.64
284.535
305.53
307.409
276.205
273.823
320.976
358.938
301.296
309.55
337.553
317.612
303.674
296.824
332.668
375.94
347.283
305.81
317.914
324.254
328.515
345.066
278.707
289.059
391.236
398.565
374.392
310.029
308.404
349.345
341.939
344.175
360.231
343.348
336.078
364.299
364.631
360.231
373.902
339.789
311.672
306.56
325.203
377.003
344.887
333.556
325.892
321.027
362.45
366.435
325.098
286.574
317.259
379.291
367.175
324.202
296.209
331.345
396.589
396.354
293.945
247.555
301.477
366.771
378.573
296.912
252.844
290.065
343.584
304.878
290.318
311.333
323.887
349.345
298.775
306.984
368.121
338.467
279.33
272.109
313.627
328.515
330.36
326.904
329.001
350.816
360.425
372.093
279.681
274.65
361.141
360.75
285.592
288.434
364.166
354.61
358.68
343.761
296.165
305.25
357.462
344.116
315.756
344.175
337.667
324.307
318.928
327.439
375.728
302.252
231.723
242.366
291.545
308.594
294.855
287.563
315.358
330.907
351.494
315.956
279.174
322.425
384.911
404.531
290.698
264.096
323.677
355.556
319.949
253.389
263.331
321.285
299.222
286.697
290.107
297
333.444
323.939
330.961
317.864
314.961
330.033
321.234
347.705
363.835
336.814
299.76
319.387
376.223
368.8
339.443
307.031
311.672
350.508
355.872
359.002
331.4
328.623
375.869
380.735
374.672
348.371
307.503
323.992
355.935
342.583
315.109
309.023
328.03
356.824
326.584
307.031
354.421
323.05
297.486
301.796
324.517
389.332
374.392
345.543
308.166
310.994
352.299
363.703
319.795
300.797
358.68
396.118
388.274
364.033
280.741
256.41
315.01
368.121
316.356
282.247
281.452
284.616
265.182
292.954
331.73
327.225
367.242
328.785
338.639
331.455
304.785
279.135
291.375
380.3
364.232
323.415
287.233
294.204
320.718
342.348
303.076
287.977
349.773
380.735
386.473
296.912
291.036
371.54
387.147
381.752
343.702
305.53
328.731
383.803
399.84
395.491
338.639
283.688
308.024
376.364
336.814
327.011
383.436
352.671
341.939
332.668
338.581
395.726
396.904
328.785
268.348
283.326
329.272
364.033
306.607
294.985
367.647
386.922
400.24
319.132
280.23
262.536
286.246
322.529
321.802
325.362
327.493
388.576
299.267
276.091
311.624
314.663
313.283
313.873
365.497
332.447
290.065
245.128
266.809
379.939
337.325
274.801
301.114
354.799
352.796
314.515
269.215
292.269
325.945
334.896
314.614
322.945
363.108
360.555
376.648
338.181
287.068
294.681
354.421
385.802
361.794
351.741
313.922
291.673
288.475
282.207
307.172
297.796
302.618
322.737
346.021
363.306
319.438
287.026
315.457
367.377
343.643
336.587
297.133
303.628
385.728
410.256
394.089
299.805
289.477
371.126
392.85
392.696
355.177
283.086
264.585
275.938
252.493
222.074
238.72
254.13
277.123
323.625
314.614
333.778
298.063
304.599
388.274
404.531
345.066
281.017
303.998
342.877
349.773
306.654
294.768
343.584
371.264
381.752
284.698
273.71
357.079
364.897
358.744
344.353
292.826
296.252
323.363
333
366.838
346.38
315.806
329.218
316.706
325.256
359.712
322.373
273.598
273.673
312.207
337.041
341.705
301.205
304.368
343.466
349.284
279.955
261.165
336.927
383.877
375.235
282.965
275.065
345.363
369.549
376.648
353.669
328.353
340.194
381.388
402.01
354.108
282.606
267.523
306.701
313.627
302.572
338.696
299.581
235.211
255.526
332.779
375.516
334.616
283.006
309.454
342.818
342.877
303.674
283.648
325.15
364.498
386.772
301.841
281.928
334.616
350.693
372.717
349.162
303.26
327.118
373.274
371.54
344.59
350.631
352.92
340.31
370.165
338.409
328.353
329.056
266.099
224.517
257.169
334.784
319.795
279.057
304.692
357.59
354.862
367.918
300.978
292.483
367.715
377.715
363.57
296.736
296.209
360.166
379.507
364.897
329.979
293.255
291.46
320.359
279.135
245.67
281.809
351.185
325.68
269.251
243.043
265.781
