2.983
8.11972
7.65773
6.23935
7.37945
11.9853
12.9601
12.6013
12.2719
12.7629
12.4232
12.4042
12.8656
12.4528
12.5683
12.6545
12.5877
12.8071
12.553
12.7209
12.9211
12.5397
12.4759
12.1211
12.3188
12.7173
12.2714
12.5694
12.6783
12.5668
12.9976
12.6448
12.5448
13.073
12.784
12.2646
12.2591
12.6487
12.9527
12.5144
12.4702
12.5884
12.493
12.9465
12.6559
12.592
13.0419
12.5601
12.3509
12.4832
12.6126
12.912
12.4211
12.2265
12.6867
12.6712
12.8343
12.9274
12.7077
12.8961
12.175
11.9961
12.4965
12.3636
12.6159
12.474
12.5161
12.8668
12.5202
12.2926
12.2421
12.3743
12.4782
12.135
12.2186
12.3491
12.5076
12.6819
12.3205
12.4729
12.3519
12.1639
12.683
12.5342
12.5269
12.3811
12.1714
12.4552
12.2929
12.4948
12.8087
12.6974
12.6891
12.475
12.5483
12.7152
12.0348
11.9632
12.2644
12.1882
12.4511
12.4013
12.3148
12.4928
12.315
12.4028
12.4132
12.422
12.8307
12.5778
12.2505
12.1189
12.3279
12.7221
12.1333
12.149
12.1918
12.2364
12.6041
12.2424
12.6681
12.6589
12.2549
12.4502
12.3169
12.4482
12.6166
12.5023
12.5689
12.0933
12.098
12.5691
12.2125
12.3257
12.3938
12.0129
12.2302
12.0385
12.1389
12.4828
12.42
12.479
12.2676
12.4432
12.5212
12.4014
12.563
11.7795
11.7661
12.4363
12.1943
12.443
12.2634
12.0231
12.3185
12.311
12.5469
12.1421
12.1038
12.223
11.9664
12.3512
12.1644
12.3432
12.5993
12.3354
12.3103
11.9589
12.0456
12.3065
12.105
11.9725
11.9579
12.3999
12.2117
11.9203
12.5129
12.3368
12.2138
12.3676
12.158
12.1075
11.9839
12.1858
12.342
11.9199
11.9714
12.0939
12.2037
12.634
12.1936
12.0491
11.9532
11.9807
12.4653
12.0624
11.8583
12.1927
12.2469
12.4999
12.3292
12.265
12.4385
12.1742
12.2972
11.9548
11.9063
12.41
11.9393
11.8673
12.0721
12.0808
12.5184
12.3848
12.1885
12.064
12.363
12.9628
12.4639
12.045
11.6467
11.5786
12.0503
12.1371
12.3105
12.1653
12.0864
12.3445
12.1142
12.1493
12.3457
12.2795
11.9483
11.8028
12.3435
12.3161
12.3599
12.5397
11.7678
11.8367
12.2225
11.9707
12.2165
12.177
11.8154
11.8117
12.0637
12.0669
11.8522
12.0838
12.1729
12.1073
12.2442
11.6573
11.865
12.3247
11.7991
11.8534
11.9447
11.9718
12.1928
12.3308
12.4102
12.0603
12.0473
12.2786
12.025
12.0441
11.7817
11.7478
12.3279
12.0612
12.0231
12.149
11.8374
12.0621
12.0745
12.1332
12.0419
11.9115
12.2099
12.0378
11.9412
11.8699
11.9653
12.4291
12.1663
11.8875
11.6732
11.7269
12.143
12.0584
11.9415
11.5997
11.5586
12.0171
11.9155
11.8757
11.95
12.0104
12.3419
11.9819
11.8057
11.6021
11.3639
11.7033
11.7997
11.9777
11.9618
11.942
12.0308
11.8046
12.1196
11.9622
11.8462
12.1551
11.861
11.7456
11.7139
11.7852
11.871
12.022
12.1275
11.6357
11.7154
11.9516
11.9148
12.1786
11.6147
11.5082
11.5073
11.1186
10.5825
10.4482
11.2652
11.5179
11.702
11.7704
11.8443
12.0065
11.4978
11.6224
11.6631
11.709
11.9262
11.6156
11.7075
11.6454
11.7804
11.8375
11.7895
11.8221
11.5914
11.6832
11.5859
11.5857
11.827
11.4099
11.5755
11.9121
11.9396
12.2914
11.9831
11.748
11.5144
11.6547
11.9945
11.8289
12.1108
12.14
11.3795
10.9667
11.5955
12.2998
11.6821
11.4982
11.9688
12.0128
12.126
12.0404
11.8377
11.8133
11.8528
12.0856
12.058
12.0855
11.7075
11.5249
12.0136
11.8035
11.6702
11.6027
11.7609
12.0994
11.8577
12.0677
12.1117
11.934
11.9794
11.9065
11.9316
11.7288
11.9231
12.2137
11.8386
11.8874
11.8782
11.8653
12.2791
12.0921
11.7848
11.6939
11.989
12.1116
11.8067
11.9609
11.7795
11.7893
11.9517
11.7463
12.1139
12.1252
11.9734
11.9726
11.8828
11.8981
11.6882
11.8408
12.2134
12.1623
12.117
11.8
11.9153
12.043
11.7871
11.9569
11.2974
11.2901
11.701
11.5694
11.9255
12.0537
12.0814
11.9642
11.9315
12.1573
11.4805
11.5022
11.9367
11.9382
12.2651
11.8081
11.8023
11.8233
11.6859
12.024
11.9699
12.0451
11.7741
11.5551
11.8716
11.7703
11.8629
11.881
11.7581
11.8667
11.6254
11.9366
11.8591
11.6309
11.8519
11.9529
12.1588
12.0179
11.9447
11.8886
11.7816
11.9217
11.8814
11.9063
12.0088
11.8266
11.8578
11.7511
11.8214
11.7104
11.836
12.1783
11.8306
11.7014
11.6147
11.9329
12.1729
11.8094
11.6083
11.6393
11.8265
11.6649
11.6982
11.7117
11.2758
11.6253
11.6787
11.5263
11.7835
11.757
11.947
11.7306
11.92
11.954
11.7253
12.0301
11.4508
11.4279
11.9106
12.0333
11.9516
11.3646
11.5632
11.7757
11.7534
11.8881
11.678
11.8127
11.7195
11.6091
11.7704
11.7407
11.9982
11.8961
11.6426
11.7576
11.9043
12.0572
11.4257
11.4718
11.8507
11.7911
11.8797
11.8582
11.9952
11.7658
11.7676
11.8321
11.8354
11.9114
11.6446
11.7528
11.7211
11.6858
11.9283
11.5429
11.3258
11.3915
11.6298
12.1427
11.7363
11.5495
11.7463
11.8261
12.121
11.9685
11.9588
11.7152
11.556
11.6885
11.6952
11.8934
11.4479
11.4734
11.741
11.6255
11.8769
11.9614
11.9801
11.4999
11.4249
12.0037
11.8704
11.7576
11.4882
11.4989
11.5801
11.2545
11.6419
11.8727
11.7123
11.6013
11.6206
11.9829
11.878
11.6568
11.8119
11.7588
11.7938
11.7664
11.7985
11.6111
11.5591
11.6418
11.4853
11.8296
11.6168
11.3945
11.3639
11.5188
11.9182
11.7205
11.8732
11.8623
11.8612
11.9424
11.6851
11.8682
11.4119
11.3099
11.6839
11.6747
11.9074
11.7372
11.7744
11.5951
11.3862
11.884
11.9308
11.8412
11.6685
11.5733
11.781
11.7398
12.0187
11.5301
11.4431
11.9579
11.381
11.4066
11.7248
11.7768
11.6973
11.462
11.8716
11.8179
11.7533
11.8283
11.6167
11.8041
11.2138
11.3345
11.8349
11.6174
11.3563
10.6666
9.99785
9.84368
10.6764
11.3106
11.4721
11.5459
11.5988
11.6694
11.5621
11.7081
11.4282
11.6052
11.7438
11.6343
11.8256
11.7108
11.4926
11.3274
11.6264
11.5765
11.3837
11.4985
11.387
11.5121
11.1167
11.2613
11.9299
11.6086
11.648
11.6347
11.6345
11.9637
11.7563
11.6273
11.687
11.7651
11.6472
11.6128
11.859
11.4718
11.4909
11.6411
11.718
11.7925
11.7319
11.77
11.3915
11.4559
11.5259
11.5753
11.8496
11.2497
11.3305
11.4588
11.4456
11.5759
11.3415
11.489
11.2641
11.538
11.7558
11.0398
10.964
11.4043
11.6971
11.7609
11.6867
11.4391
11.4362
11.6467
11.2095
11.3107
11.4843
11.3704
11.309
11.3924
11.7287
11.6582
11.7336
11.6144
11.6202
11.6644
11.5756
11.8295
11.4112
11.3231
11.6463
11.3906
11.5789
11.4849
11.2864
11.2987
11.483
11.7499
11.5038
11.6075
11.7872
11.5522
11.199
11.4337
11.7012
11.3191
11.0966
10.5217
10.0724
10.5691
11.5041
11.6454
11.309
11.6631
11.526
11.6007
11.852
11.7211
11.7941
11.5373
11.5656
11.3617
11.5384
11.823
11.192
11.2472
11.4392
11.6364
11.5746
11.3935
11.8678
11.5449
11.4867
11.6067
11.5979
11.7662
11.6352
11.776
11.289
11.2561
11.5518
11.5134
11.6397
11.1729
11.32
11.5064
11.5905
11.3469
11.3022
11.888
11.4873
11.4846
11.354
11.3347
11.6695
11.5854
11.6549
11.3544
11.1659
11.2463
11.4456
11.7337
11.4559
11.1788
11.2135
11.4964
11.5922
11.4995
11.5871
11.4564
11.4913
11.4776
11.5034
11.5806
11.5305
11.7331
11.3306
11.2369
11.5018
11.4523
11.5748
11.253
11.3523
11.5495
11.5548
11.3718
11.037
11.2234
10.8324
10.9069
10.9445
10.7925
10.8343
10.8438
11.1591
10.964
11.1978
11.2917
11.3121
11.3791
11.3713
11.7409
11.4265
11.3908
11.5744
11.6083
11.6163
11.2608
11.3995
11.3837
11.2392
11.1395
11.2703
11.4676
11.2987
11.2227
10.846
11.0212
11.5672
11.5291
11.3585
11.4361
11.6551
11.4664
11.4845
11.3315
11.1104
11.2931
11.4782
11.7272
11.442
11.4988
11.5628
11.5961
11.7917
11.4578
11.5533
11.5097
11.136
11.4851
11.1367
10.9403
11.4261
11.4843
11.8373
11.5969
11.2975
11.4118
11.528
11.3242
11.2221
11.6761
11.6085
11.4918
11.2031
11.3554
11.6704
11.2981
11.3887
11.2356
11.1832
11.2705
11.4954
11.6719
11.2421
11.5482
11.4683
11.1909
11.429
11.4894
11.5954
11.1025
10.9846
11.156
11.289
11.3877
11.2982
11.5004
11.3421
11.4048
11.3975
11.4045
11.6362
11.0035
10.9189
10.9459
10.9187
11.2434
10.9941
10.451
10.5017
10.8961
10.7411
11.0393
10.8625
10.9105
11.358
11.2708
11.4929
11.0753
11.0459
11.1877
11.2457
11.3592
11.4853
11.4904
11.216
11.5247
11.4559
11.3332
11.3109
11.2757
11.4703
11.2921
11.299
11.0599
11.0715
11.4035
11.3558
11.5169
11.2363
11.1983
11.3473
11.4756
11.3449
11.1852
11.5663
11.2949
11.0867
11.3375
11.3586
11.4166
11.3394
11.3056
11.1943
11.3144
11.422
11.3155
11.5909
11.0109
10.6669
10.9892
11.3148
11.2904
11.0001
11.3114
11.2215
11.4653
11.4362
11.1521
11.2624
10.7632
11.0046
11.1861
11.1013
10.8722
10.9747
11.7243
11.1216
11.0643
11.4185
11.2206
11.1941
11.2728
11.1498
10.6131
10.4169
10.2351
10.3494
10.8144
11.2178
11.4031
11.1464
11.257
11.289
11.2284
11.4452
11.5174
11.6121
11.2789
11.1307
10.8365
10.9539
11.5034
11.2288
11.1977
11.2707
11.4282
11.2859
11.2935
11.3765
11.4467
11.4832
11.2097
11.4348
11.0052
10.8126
10.905
10.9028
11.2286
11.292
11.1625
10.8244
11.1585
11.3644
11.2707
11.3154
11.144
11.369
11.4534
11.3819
11.1464
11.0754
11.211
11.3405
11.596
11.2705
11.1354
11.3462
11.1754
11.3551
11.0759
11.0982
11.3154
11.2621
11.4047
11.1919
10.9826
9.93957
9.76868
10.2806
10.4329
10.6162
10.9466
11.138
11.1708
11.3334
11.1906
11.3636
11.1187
10.9165
11.1534
11.3609
11.3294
11.2288
11.4868
11.401
11.4029
11.2913
11.248
11.2681
11.0369
11.4114
11.1143
11.2128
11.6328
11.2055
11.0007
11.1598
11.3061
11.2159
11.4152
10.8379
10.675
11.0235
11.2145
11.4713
10.9485
10.9773
11.1429
11.2166
11.0089
11.0337
11.2154
11.1986
11.6499
11.1557
11.0519
11.1771
10.9434
11.0283
11.2535
11.4894
11.3965
11.2178
10.7065
10.7493
10.9603
10.8625
11.041
11.003
11.2754
11.2181
11.159
11.2932
10.913
11.2345
11.4023
11.2048
11.0372
11.1085
10.7937
10.7333
11.2751
11.5077
11.6084
11.0813
11.0058
10.9943
11.1598
11.4487
11.2905
11.1162
10.8377
10.9462
10.9829
10.9883
11.1413
10.9551
11.2074
11.0822
11.0107
11.3648
11.4159
11.4143
11.0053
11.1653
11.4284
11.3046
11.2615
11.1721
11.1741
10.9234
11.1009
10.8773
10.9708
11.2724
11.05
11.2382
11.0922
10.9
10.7615
11.0084
11.0491
10.9968
11.3598
11.0926
11.0754
11.1514
11.186
11.2635
10.9348
11.0632
11.178
11.3086
10.9347
10.8751
10.9753
10.9889
11.2336
11.0787
11.3961
10.8998
10.6323
10.7309
10.885
11.0577
10.9958
11.1451
11.3632
11.5292
11.1831
11.2583
10.9528
10.8839
11.3157
11.31
11.2878
11.1616
11.2566
10.9742
10.9522
11.0626
11.0706
11.0563
10.9915
11.2361
11.1688
11.2861
11.1149
10.9337
11.081
11.2308
11.2899
10.9117
10.9412
10.9713
11.0504
11.1092
11.0083
11.3285
11.1303
10.9394
10.7103
10.0183
9.50119
9.7724
10.545
11.228
11.1001
10.954
11.2061
11.176
11.4819
11.3782
11.3131
11.315
10.9429
11.0993
11.0613
11.1176
10.9834
10.7828
10.6581
10.6373
10.8626
11.1739
11.5916
10.3885
9.96532
10.7429
10.8944
10.8654
11.1387
11.2927
11.056
11.0742
10.7357
10.7296
11.0002
11.0336
11.1159
10.9845
11.1726
11.1727
11.2312
11.1672
11.1436
10.9939
11.0342
11.0588
10.9081
11.2705
10.8618
10.8528
10.9734
10.8709
11.1575
11.0754
11.2836
11.3369
10.8838
10.7487
11.0257
11.0989
11.0078
11.1022
10.8358
10.9264
10.9433
10.9573
11.2743
11.1098
11.2723
11.1626
11.0712
11.2214
11.1894
11.0005
11.0908
11.5065
11.1412
11.1074
10.6544
10.5128
11.0014
11.1049
11.184
10.9602
11.2804
10.7726
10.6102
10.9783
11.1021
10.919
10.7799
11.2785
11.0852
11.1049
10.8168
10.6557
10.6681
10.756
11.165
11.1027
11.0417
10.7625
10.7624
10.8636
10.8775
10.8816
10.9474
11.1564
11.0112
10.8817
10.6437
10.607
10.7944
10.8955
10.9294
10.8516
10.9777
10.8627
10.8754
10.9777
11.0605
10.9918
10.7274
10.8151
11.0086
11.1284
10.7083
10.6191
10.4793
10.7129
11.1622
10.84
10.6233
10.8304
11.1463
11.0023
11.0079
10.7716
10.826
10.8656
10.9634
10.8439
10.5887
10.8744
10.7643
10.9195
10.9079
10.8565
10.7625
10.6688
10.6839
10.6857
10.6619
10.6679
10.7154
10.672
11.0113
10.7864
10.6803
10.8099
10.7691
10.8845
10.9359
11.1217
10.9242
10.5629
10.6105
10.9245
10.9265
10.9791
10.8872
10.5245
10.1725
9.54208
9.69316
10.1527
10.6187
10.918
10.8225
10.7945
10.7081
10.8305
10.7778
10.9416
10.7673
10.8482
10.7625
10.5861
10.5865
10.6856
10.9192
10.8146
10.8604
10.5389
10.6251
10.7788
10.8723
10.6127
10.6488
11.0158
10.9914
11.0889
10.7515
10.8819
10.6736
10.5825
10.8634
10.4564
10.1787
10.036
10.2924
10.7325
10.8871
10.7619
10.8057
10.5104
10.5169
10.777
10.5698
10.4983
10.8019
10.9326
10.5165
10.9
10.8703
10.6023
10.5995
10.8237
10.8905
10.6792
10.9063
10.8574
11.0064
10.9078
10.843
10.3387
10.3056
10.6917
10.8075
11.0471
10.5352
10.4174
10.6321
10.8446
10.7044
