5.54579
47.895
48.3688
40.1945
35.0803
28.7014
31.2022
33.0699
34.4715
50.4312
42.8679
35.9299
41.5576
50.5497
50.3956
47.7726
40.1139
18.6343
20.156
53.6351
52.2889
48.4484
47.2925
49.8343
48.3933
42.8412
38.9864
40.3983
48.3582
52.2057
48.0839
48.6015
49.9738
48.5331
48.2859
47.2791
48.3068
48.4614
47.949
48.1545
48.5909
49.7698
49.3632
49.1304
49.3596
46.6157
45.1457
48.5472
51.9278
52.2821
51.8014
51.3993
50.8156
52.2057
49.478
45.9327
47.1954
50.665
52.2071
50.4847
50.2273
51.9805
51.7183
50.2172
49.7426
48.3723
47.9524
47.6929
47.4507
49.1727
51.8202
52.5307
51.6129
49.0028
49.2211
49.1872
47.6576
49.4389
52.0264
51.3176
50.8195
48.852
49.6241
48.7686
48.5343
47.6293
47.8755
46.9892
46.2299
49.5774
47.8
48.7567
49.5651
49.9301
48.3945
47.122
45.4432
45.8064
50.4974
49.985
49.7958
49.9763
50.514
51.147
50.5485
47.7783
45.7247
50.4185
51.2282
51.6276
52.7315
52.0197
49.9102
47.417
49.5466
52.5127
47.6838
46.7181
45.5643
44.834
48.216
46.3822
46.9792
46.6603
42.0468
39.2997
44.3086
49.8728
50.9437
51.1561
48.9524
49.2005
50.5894
51.4774
50.9372
49.6204
47.4834
44.5981
46.8351
50.1706
49.2708
50.3829
52.082
50.4566
48.6879
47.5941
46.6701
49.9338
50.4898
49.0533
51.1117
52.0522
51.9629
52.0278
50.5178
50.1995
47.3138
48.0157
50.7975
49.289
49.4218
49.1207
49.8778
52.1376
53.9127
53.2921
47.191
46.1148
51.6849
51.4469
49.2829
49.4645
50.163
49.6364
48.9824
49.7996
49.4254
48.1638
47.8263
47.1809
49.3681
50.7022
51.4417
50.6842
49.0412
48.2637
48.7128
47.7031
43.3097
45.1845
48.9153
50.3259
49.3279
48.7829
52.2371
53.0138
50.615
47.7966
48.223
47.559
48.6867
53.6466
52.4604
50.7692
51.6182
52.33
50.7112
46.7628
46.8768
50.4821
49.3097
48.6843
49.9064
51.5623
51.561
49.6894
49.4059
51.0139
48.2148
47.6849
48.2288
46.0861
46.1329
44.7718
43.3539
44.5127
44.3557
41.045
40.7855
40.5425
41.0602
46.0787
51.7866
49.8741
48.7199
47.9111
46.0416
46.9373
44.8682
46.6461
48.6997
48.187
50.1895
49.4719
49.3194
50.2967
51.5504
50.7202
48.3057
46.365
48.5661
50.7666
49.9102
50.5804
50.7138
51.2269
52.0183
51.553
47.9042
45.3926
48.9045
53.011
49.2235
47.9226
49.6118
50.6675
51.0856
50.0638
48.6204
49.016
49.2817
49.5111
49.6759
49.6376
49.6759
50.005
50.615
49.8058
48.9896
46.5019
46.822
49.4291
48.9764
49.0713
46.4738
45.4876
48.273
49.8033
49.6019
48.2056
46.4091
47.297
48.7745
50.3094
50.3867
50.6855
53.0321
51.3875
52.1594
49.8728
46.1457
48.8067
52.6454
50.6727
49.6944
50.2538
51.2282
50.1756
50.8143
50.2197
48.4602
48.3267
48.4051
50.1555
50.1077
48.6535
48.0504
45.3504
44.5256
43.8414
39.188
40.5605
42.5459
41.8498
43.0117
47.3855
48.4884
48.0538
49.6512
46.7705
44.5305
46.4468
46.5701
47.0876
49.3401
48.6251
49.5651
49.215
47.0489
47.2545
47.408
48.2183
48.9752
49.0004
49.9413
51.5026
51.9642
50.4096
49.2114
47.7909
48.1244
48.6275
48.2824
50.6997
52.5693
50.0977
47.4687
49.0569
51.5623
48.4837
47.9616
49.6007
50.4859
48.8902
48.3127
49.9164
50.5306
48.3606
46.2065
46.5972
48.6464
49.8492
48.0457
48.8556
48.546
47.2556
47.8366
49.0292
48.7864
42.3505
43.6843
48.1186
45.4081
46.6636
49.8318
50.804
49.5062
47.1309
45.1406
45.8621
50.2955
51.1548
47.8985
49.0244
50.6406
48.6275
46.7082
48.8055
49.6278
46.9649
45.8821
48.2276
51.796
49.8965
48.592
48.1313
46.9991
44.118
41.7336
42.2262
41.2567
40.4057
41.2218
43.3764
43.5531
43.7149
47.918
47.7088
47.372
48.3898
48.3629
49.4389
48.9153
48.3325
48.3244
49.0786
47.4654
41.4267
43.803
46.0373
44.1911
48.3781
47.7452
45.4866
47.8721
48.4051
48.7662
49.7512
48.8234
49.2939
48.3969
47.9203
48.2416
48.9956
49.7896
49.4071
47.3485
45.1264
47.9214
49.9102
48.3699
47.3227
47.2869
49.9825
50.5382
48.796
45.7018
45.6392
47.792
49.2441
49.7104
47.9214
47.0998
48.0665
50.274
50.6791
49.2356
44.5752
45.4081
49.4328
49.306
48.7567
47.8652
45.9095
46.1063
46.9803
43.8001
43.7905
47.2077
50.0651
49.3535
47.6644
48.752
46.1148
44.837
47.2177
47.6122
45.3248
46.7924
50.1278
48.938
48.7579
49.6118
50.3854
48.486
47.694
48.3898
47.4958
47.1865
44.7187
45.4267
48.852
49.6253
49.7859
49.8728
48.0042
46.6429
41.0661
39.9465
44.6668
42.6476
44.84
42.6466
40.7598
44.6608
47.5455
43.8654
43.7321
48.7199
48.4731
48.4367
45.7101
44.4346
46.5799
46.6984
46.6298
45.3083
45.6955
46.2364
46.0045
47.3934
48.6642
50.5855
48.0688
47.9893
49.6475
47.353
45.4711
46.6396
49.4157
48.7104
47.3294
48.8114
51.7531
48.2521
45.9495
47.3889
49.0088
48.9297
47.6588
50.1731
51.198
49.1473
45.8148
47.0024
50.4897
47.7989
44.841
47.0865
47.903
48.8496
50.2147
48.8651
48.3664
46.9164
45.8568
46.2471
47.2021
45.8873
45.958
45.9897
43.9879
45.635
49.2878
49.3961
46.5744
44.3449
45.4225
48.7282
49.1195
47.7156
47.4237
48.3582
48.6511
47.6179
45.2796
42.4007
44.7097
48.8914
49.192
48.0111
47.1498
44.8521
44.9267
45.2755
40.1518
40.151
44.7447
41.2763
37.7529
39.4314
42.7972
46.6418
43.7158
42.0822
47.1032
51.573
49.8206
47.7202
46.8582
47.8824
49.4951
47.408
42.1959
43.9367
46.2257
44.154
45.7739
47.7989
48.6618
46.5972
45.2571
41.7964
43.3398
48.7615
48.7745
47.4699
49.6179
52.086
47.6156
44.6648
44.6937
46.9098
47.7589
46.2364
47.7897
47.9916
47.7168
48.3512
49.2441
47.768
45.2274
45.9031
48.6228
48.0123
46.7257
45.9622
47.8709
49.7401
49.3693
47.6951
43.6176
43.5379
46.8176
47.0921
47.6883
47.2422
47.4282
48.7282
48.4168
43.8414
39.4252
40.734
42.8385
45.0369
46.4306
47.04
46.7607
46.5636
44.1374
44.8561
47.784
48.6299
47.602
46.2257
48.4895
50.1316
48.329
47.6236
44.9499
44.6419
47.8423
48.2462
47.4181
47.8526
48.2288
48.0873
45.9179
44.4198
46.3822
46.4598
44.9863
45.2304
43.6634
43.8231
47.9076
45.2478
45.958
46.582
46.1031
45.2663
42.0778
41.0197
40.783
41.7032
43.5474
45.6163
45.0379
42.0424
41.5455
45.7174
48.0354
45.3834
43.9609
45.9147
46.594
47.661
48.3068
43.6348
43.4849
48.8234
49.0906
45.8148
45.2151
47.8171
47.3026
45.0765
45.254
45.6288
47.0478
46.7814
45.7425
47.3126
49.516
49.9575
49.0713
46.8977
44.1433
44.0112
46.4382
48.1881
47.2791
45.583
47.5511
48.6571
47.162
43.6605
42.5831
46.1872
46.322
46.8395
46.644
44.3587
42.4701
43.5787
44.0092
43.7244
47.1465
47.808
47.2344
47.4001
45.9643
47.1453
48.7175
45.5882
44.5643
46.556
45.9929
45.556
47.9317
49.7909
47.7259
45.369
48.2928
50.4477
45.0674
40.3299
41.0004
43.7168
41.7458
40.6818
43.9338
44.1248
42.2931
40.1687
39.3468
41.993
42.0973
40.7988
42.0513
45.21
45.6121
40.9274
40.1469
43.6043
46.101
45.6892
47.071
47.4147
44.9408
42.1781
42.1834
45.7896
45.0867
45.9844
47.0865
47.2233
46.2332
45.8621
45.47
44.959
43.5559
44.7287
46.9781
46.3435
45.2663
42.0186
45.5259
50.6971
47.776
41.1879
41.905
45.7415
46.5495
46.4868
46.3167
46.262
47.0644
45.8873
41.6649
42.9747
45.5456
46.2417
47.316
46.5679
45.7101
47.1754
47.6463
46.3413
43.6167
45.2356
45.0461
42.7506
43.0006
43.9358
45.9823
46.5929
44.6857
40.5614
41.1007
45.3679
48.3407
48.7045
46.2652
46.5019
48.8114
48.107
45.9538
45.0298
44.1121
43.4094
46.5614
47.6826
47.7897
46.4662
45.5166
47.2668
44.4701
41.255
41.9745
44.8622
46.6027
45.9696
44.2762
43.7503
43.2348
38.9803
38.4128
40.5581
40.8122
38.9143
41.187
43.9165
43.6872
46.6734
43.7694
42.2547
42.8522
44.9711
44.2919
44.3734
45.7551
44.3862
45.2704
42.9424
41.7449
45.2366
45.6028
44.825
46.5712
48.2952
47.9053
44.4079
44.5077
44.7958
42.1692
42.2226
45.5373
45.9295
46.5679
46.7913
46.1148
44.2919
42.3702
42.8853
43.4915
46.277
44.6658
44.3597
44.8783
45.1457
45.369
42.2627
42.7497
44.7167
47.6565
47.949
45.2499
43.4754
45.5643
47.7863
46.1074
38.909
37.5883
42.3057
44.7517
46.9384
46.3317
46.2342
45.405
43.8808
41.82
42.3558
43.7417
45.6788
45.468
44.1433
46.1116
48.0665
45.9474
43.7369
43.109
43.4009
45.044
42.7323
41.3291
37.5157
36.6066
39.9744
36.355
33.7376
35.8365
38.8757
44.1073
45.977
45.818
46.231
41.5723
40.2414
42.244
44.2654
43.8337
44.288
45.6642
42.878
43.1798
41.7023
40.5877
43.4273
45.4814
45.0836
45.6308
44.5991
43.5322
45.9622
41.6311
41.3933
45.7279
43.0209
42.9111
46.5084
45.4597
44.8702
44.8461
44.0403
43.0515
42.7606
44.4375
45.8821
44.6279
44.5682
45.0004
44.2057
42.1896
40.004
43.0487
45.6694
43.8251
44.9893
47.142
46.5398
43.1947
42.0911
43.0052
43.5085
44.9236
43.0802
41.115
43.5853
43.9493
39.8987
42.3783
42.5885
41.3309
44.619
43.8837
44.3744
46.1127
45.104
44.0441
45.4205
42.2066
41.143
42.6931
44.1482
44.3941
42.811
44.611
46.8472
44.8763
38.875
41.0374
46.4285
43.7378
42.4052
43.5806
43.1714
42.5116
42.4043
42.0468
42.4142
42.1496
39.7425
41.9129
40.8914
35.8115
35.9408
33.8306
34.8359
42.5967
44.2546
40.6479
38.7282
42.2413
46.0278
41.9912
39.8923
41.8209
43.3896
43.9117
44.1365
44.1034
46.4188
45.21
42.7378
44.4267
47.39
46.6483
42.5713
43.5948
47.0013
43.9387
41.6216
40.4089
41.3095
46.1734
47.0987
46.9594
45.9865
45.0491
43.0006
44.0519
43.448
38.0851
39.9752
44.0898
44.5256
44.615
43.8145
43.4226
45.0562
43.5521
38.2614
39.9361
43.3623
41.1032
41.1007
43.1462
42.5677
42.5894
40.4875
37.4
41.3573
44.965
44.2223
44.9539
43.734
44.2909
45.4143
43.1537
40.5704
38.5045
41.1091
45.1325
44.7628
42.5595
43.7848
45.0836
44.0509
41.3787
39.1896
37.2405
34.7735
36.3359
38.1905
37.4174
38.3833
39.5241
40.391
43.7934
43.3079
41.8419
41.8901
42.8982
42.5903
36.4877
36.7222
40.8538
42.9821
44.3557
43.4348
41.4826
42.4547
42.5668
38.8312
40.2228
44.3037
46.2246
45.4071
42.3066
42.2627
44.6498
42.4124
40.9844
43.2629
43.7187
43.7149
46.2492
47.6838
43.033
41.4242
42.9867
39.2103
38.6937
42.3998
45.1416
45.4949
41.574
41.8541
43.368
40.4686
40.4686
42.7104
43.5692
42.5604
42.1212
41.1489
39.2881
38.2526
36.5785
40.7589
44.9843
41.9903
41.1413
41.4096
43.9792
43.5208
39.5562
39.2265
43.262
44.8904
42.8532
43.416
43.6853
43.5417
41.0189
39.681
41.1193
41.0433
37.8566
38.2929
37.5792
37.635
42.6876
41.8384
35.4641
33.9202
40.2439
40.0384
38.5186
42.219
42.1834
40.4326
39.2195
38.8116
42.6721
43.6939
40.8397
39.1099
38.795
37.5834
38.309
41.6753
42.8467
44.7537
42.8275
41.1413
41.2609
40.6248
41.1955
42.2538
40.6289
40.9878
44.1443
43.9174
44.2272
43.5474
41.9701
41.5723
40.681
42.3738
41.2031
39.878
43.7953
44.5573
42.8725
41.6962
41.8165
41.6901
39.6244
40.734
43.2751
45.5809
42.5867
42.0672
41.3727
37.8774
41.1709
41.0265
37.8422
39.3476
39.786
40.4662
41.7284
39.1037
38.387
39.1167
41.1514
42.4223
42.3092
42.1203
42.5586
38.8131
37.4125
42.8789
41.1455
38.5661
40.1469
42.1354
42.9526
39.7757
40.1808
42.179
41.1633
42.889
40.3983
38.575
38.6451
37.4188
36.3636
35.6049
34.27
35.6761
39.0198
36.1402
34.4489
37.5982
39.4267
39.9545
41.2788
39.1489
38.9902
42.1843
45.0714
42.3218
37.4932
38.4261
43.7474
41.1921
39.8843
42.5206
42.0645
43.4113
40.1986
39.2858
39.8875
38.4512
41.8787
42.0574
40.0056
42.1407
43.2115
38.8342
37.3776
40.9568
41.542
39.7212
41.6615
43.3341
43.305
42.4349
39.468
38.8387
40.2528
43.3125
42.3388
37.2564
38.5245
39.0038
36.3531
38.7124
38.9643
37.4146
39.7141
41.8883
40.6355
35.3451
34.8797
38.5631
38.9947
38.8267
39.2088
40.7756
42.9056
45.0217
41.143
35.7583
38.3752
41.1684
39.0366
40.8097
40.0561
36.6186
33.1934
34.1915
34.9065
34.9138
37.5686
37.1374
37.3741
35.5271
32.3264
35.5745
41.0467
40.7672
42.1896
40.8397
40.3918
36.4193
32.9576
37.9694
43.0942
40.7872
38.3237
39.6676
40.6951
40.338
38.8614
37.3776
40.1962
43.2461
39.7567
40.0136
42.9858
41.7763
41.3087
41.056
39.1803
39.8343
43.1658
39.9321
38.6578
42.5369
39.3732
38.184
41.7589
38.9871
40.8413
43.7359
39.6338
40.919
42.6103
39.1183
36.8202
39.5468
42.9526
42.3513
42.1576
37.4574
36.827
38.8236
36.7904
37.5827
38.6436
40.6587
43.6034
43.1053
42.6085
38.8757
35.8918
37.5319
38.8372
40.8263
42.171
40.2544
42.5098
43.2751
39.8851
37.7736
40.5795
42.2538
37.8896
39.4213
40.5721
36.0075
33.0382
33.2022
36.9269
39.1788
33.1219
32.5595
33.9836
35.6138
39.9226
39.9576
37.5919
35.935
37.4525
35.5916
37.2717
39.2642
36.3848
36.5925
39.1481
41.7101
41.9745
41.0737
38.7537
36.0685
36.4398
41.6927
43.3727
39.7322
38.5356
39.7306
37.5481
36.1539
39.9361
41.8997
40.2463
41.1743
41.0517
40.4416
41.3847
34.6987
33.2762
36.9932
37.6563
