13.3601
286.862
499.251
2148.23
2607.56
2666.67
2621.23
2659.57
2306.81
2747.25
4329
4464.29
4705.88
4310.34
2512.56
1579.78
1694.92
3025.72
4938.27
5540.17
5714.29
5763.69
5714.29
5649.72
5730.66
5780.35
5797.1
5333.33
5305.04
5714.29
5698.01
5797.1
5847.95
5763.69
5665.72
5665.72
5698.01
5464.48
4566.21
4228.33
4796.16
5376.34
5633.8
5747.13
5747.13
5847.95
5952.38
5917.16
5449.59
5494.51
5970.15
5934.72
5934.72
5934.72
5917.16
5847.95
5847.95
5934.72
5934.72
5464.48
5464.48
5899.7
5934.72
5970.15
5899.71
5899.71
5934.72
5899.7
5882.35
5882.35
5464.48
5509.64
6006.01
5882.35
5797.1
5376.34
4282.66
4048.58
3436.43
3076.92
4040.4
3676.47
3466.2
3984.06
3656.31
2801.12
2395.21
2890.17
3759.4
4545.45
5089.06
4683.84
3738.32
3603.6
3960.4
3960.4
4366.81
2857.14
1955.03
2666.67
4210.53
3809.52
3210.27
2732.24
2415.46
2617.8
3246.75
3062.79
2881.84
2680.97
2624.67
3194.89
4149.38
4149.38
3816.79
3584.23
3656.31
4255.32
4329
4366.81
3134.8
2301.5
2290.95
2624.67
702.988
652.742
2444.99
3846.15
4140.79
4255.32
4282.66
3656.31
3546.1
4106.78
4291.85
1200.48
1015.74
2392.34
3590.66
4140.79
4376.37
5076.14
5390.84
5479.45
5305.04
5249.34
4987.53
4975.12
5449.59
5555.56
5633.8
5586.59
5494.51
5449.59
5540.17
5586.59
5602.24
5181.35
5141.39
5633.8
5714.29
5813.95
5847.95
5780.35
5797.1
5830.9
5665.72
4535.15
3952.57
4640.37
4796.16
2832.86
787.092
563.539
820.008
1451.38
893.655
807.754
1533.74
1960.78
2538.07
2522.07
3058.1
3992.02
3139.72
2976.19
3669.73
3436.43
3533.57
3091.19
3129.89
3937.01
4545.45
3802.28
3710.57
3717.47
3412.97
3466.2
685.871
667.334
2989.54
4385.97
5291.01
5479.45
5649.72
5763.69
5405.41
5420.05
5830.9
4854.37
4705.88
5037.78
3875.97
3960.4
5167.96
5555.56
5633.8
5665.72
5813.95
5865.1
5917.16
3752.35
3311.26
4048.58
4089.98
4166.67
4608.3
5464.48
5434.78
5464.48
3412.97
3012.05
3921.57
4576.66
4524.89
4140.79
4291.85
2989.54
2487.56
2159.83
2339.18
3533.57
3508.77
3125
3454.23
4474.27
3745.32
3571.43
4739.34
5194.8
5524.86
5076.14
4192.87
4149.38
3898.64
3610.11
4192.87
2758.62
1867.41
2472.19
4454.34
4926.11
5076.14
5037.78
5025.13
4739.34
4716.98
5025.13
4796.16
4807.69
5000
5221.93
5305.04
3898.64
3623.19
4454.34
3623.19
3565.06
4301.08
4228.33
4651.16
5434.78
5649.72
5730.66
5390.84
5305.04
5698.01
5037.78
5050.51
5509.64
5509.64
4819.28
4415.01
4705.88
4662
3724.39
3787.88
3496.5
3300.33
2030.46
393.159
379.867
1555.21
3225.81
4246.28
4950.5
5333.33
5434.78
4184.1
3236.25
3906.25
5464.48
5571.03
5586.59
5025.13
4319.65
3305.79
2257.34
1715.27
1992.03
2560.82
3048.78
4246.28
4651.16
5319.15
5633.8
5813.95
5899.7
5917.16
5952.38
5376.34
5347.59
5970.15
6042.3
4597.7
2398.08
2475.25
4201.68
4464.29
4106.78
2695.42
2195.39
1084.01
910.332
1651.53
1970.44
2304.15
4210.53
4901.96
3539.82
3200
2945.51
2808.99
1683.5
1464.13
2418.38
3048.78
2352.94
2109.7
2590.67
2649.01
1939.86
1718.21
2421.31
3521.13
3952.57
3246.75
3044.14
2793.3
353.482
299.043
876.808
1610.31
2197.8
2836.88
3663
3225.81
3565.06
3656.31
3795.07
3466.2
3454.23
3984.06
3246.75
3194.89
3906.25
3937.01
3533.57
3210.27
3478.26
4081.63
4073.32
4073.32
4784.69
3724.39
2649.01
2766.25
3636.36
3322.26
2547.77
2941.18
3120.12
2928.26
1052.08
927.644
2178.65
2677.38
2181.03
2512.56
3466.2
3724.39
4566.21
4329
3616.64
3937.01
4608.3
4329
4819.28
5540.17
5633.8
5698.01
4210.53
2347.42
2328.29
3960.4
3361.34
3252.03
4535.15
3960.4
3861
4728.13
5449.59
5586.59
5681.82
5780.35
5865.1
5934.72
5319.15
4514.67
4842.61
5617.98
5681.82
5730.66
5780.35
5780.35
5763.69
5540.17
5524.86
5747.13
5167.96
4395.6
3795.07
3795.07
4357.3
3710.57
720.721
710.227
2557.54
2747.25
3875.97
4464.29
4415.01
4807.69
3944.77
3610.11
2945.51
2962.96
4395.6
4000
3968.25
4555.81
4830.92
5347.59
199.362
196.85
3703.7
4705.88
5235.6
5586.59
5390.84
5390.84
5291.01
5319.15
5780.35
5714.29
5555.56
5586.59
5617.98
5649.72
5714.29
5602.24
5012.53
4545.45
4987.53
5714.29
5714.29
5665.72
5797.1
5797.1
543.626
518.807
3418.8
4504.5
4773.27
5405.41
6309.15
6349.21
6369.43
6389.78
5988.02
5181.35
5181.35
5797.1
5988.02
4728.13
4246.28
4878.05
4889.98
5050.51
3861
3508.77
4651.16
5305.04
5434.78
5479.45
4291.85
4291.85
4987.53
5194.8
6116.21
5698.01
5730.66
6309.15
6535.95
6688.96
5602.24
5277.04
5988.02
6172.84
6289.31
6451.61
6578.95
6309.15
4914
4444.44
4484.31
3968.25
4347.83
5494.51
6006.01
6153.85
5714.29
5649.72
6097.56
6134.97
6116.21
6134.97
5305.04
5333.33
6289.31
6430.87
6535.95
6060.61
5633.8
6060.61
6514.66
6514.66
6493.51
5917.16
5952.38
6493.51
6514.66
6557.38
6535.95
6389.78
5899.71
5952.38
6369.43
6389.78
5698.01
5602.24
6211.18
6289.31
6309.15
6329.11
6250
6116.21
6211.18
6349.21
5763.69
5730.66
6329.11
6451.61
6472.49
5434.78
4854.37
5050.51
4662
3891.05
2574
2125.4
2398.08
2509.41
2272.73
2336.45
2680.97
2824.86
3034.9
4016.06
5714.29
6211.18
5830.9
5917.16
6172.84
6097.56
6493.51
6644.52
6644.52
6369.43
6172.84
5952.38
5830.9
5479.45
5263.16
5813.95
4728.13
4484.31
5730.66
6191.95
6389.78
6389.78
6472.49
5952.38
5780.35
6349.21
6060.61
5899.71
6153.85
6134.97
5420.05
5076.14
5464.48
5747.13
5524.86
5540.17
6097.56
6451.61
6557.38
6172.84
5249.34
5089.06
5747.13
5449.59
5263.16
5221.93
5449.59
5333.33
5102.04
5571.03
5730.66
6024.1
6230.53
6309.15
6410.26
6557.38
5899.7
5917.16
5524.86
4651.16
3039.51
2400.96
2976.19
3780.72
4504.5
213.904
211.126
2336.45
2053.39
2890.17
1390.82
1381.22
3533.57
1317.52
1177.86
1862.2
2132.2
2873.56
2706.36
3424.66
5376.34
3361.34
2574
3610.11
3642.99
2181.03
1921.23
2928.26
4914
5305.04
5747.13
6097.56
6430.87
5763.69
5347.59
5917.16
5865.1
5830.9
6329.11
4750.59
3159.56
2781.64
2481.39
2857.14
3724.39
4219.41
3745.32
2915.45
3034.9
2766.25
2820.87
3412.97
4073.32
3305.79
360.231
360.881
2430.13
2877.7
4056.8
4347.83
4866.18
4819.28
5089.06
5617.98
5524.86
5571.03
5714.29
5586.59
5089.06
4705.88
4210.53
3546.1
3327.79
3484.32
3766.48
3952.57
3992.02
4504.5
5249.34
5681.82
5970.15
6172.84
6134.97
5602.24
5681.82
6389.78
6472.49
6430.87
6116.21
4474.27
4123.71
4866.18
5050.51
4415.01
4535.15
5830.9
6349.21
6097.56
6042.3
6514.66
6622.52
6622.52
6688.96
6756.76
6134.97
332.171
326.424
683.761
582.92
1970.44
1956.95
1454.55
2567.39
3703.7
3717.47
4504.5
4504.5
4878.05
3703.7
3460.21
2857.14
3100.78
3552.4
2162.16
515.597
545.852
3129.89
3875.97
4784.69
4264.39
2773.93
2989.54
5167.96
6079.03
6269.59
6309.15
6389.78
5540.17
5405.41
6172.84
6329.11
4739.34
4132.23
4926.11
5555.56
5063.29
4175.37
3913.89
4566.21
2869.44
2288.33
3194.89
3703.7
4291.85
4494.38
3944.77
4132.23
4376.37
4474.27
5076.14
5970.15
6097.56
6097.56
6060.61
5934.72
6006.01
5698.01
5263.16
5524.86
5420.05
5571.03
6329.11
6514.66
6134.97
6042.3
5555.56
5141.39
5102.04
4545.45
4301.08
3929.27
3809.52
3861
3968.25
3642.99
3361.34
3861
4739.34
5524.86
5830.9
5449.59
3514.94
3442.34
4672.9
4950.5
4962.78
4608.3
4938.27
4854.37
4926.11
5540.17
5291.01
4255.32
4338.39
4651.16
2272.73
2298.85
3442.34
2656.04
3021.15
4184.1
4950.5
5181.35
5076.14
5602.24
6172.84
5037.78
4672.9
4683.84
4854.37
5934.72
6230.53
3875.97
2583.98
2018.16
2288.33
2624.67
1643.39
518.538
251.414
276.167
682.594
1906.58
2621.23
984.252
928.074
975.134
832.986
1689.19
2699.06
1652.89
1504.89
2320.19
2873.56
3395.59
2958.58
3683.24
4830.92
5277.05
5376.34
5089.06
5063.29
4842.61
4796.16
5291.01
5449.59
5115.09
5221.93
5882.35
5934.72
5509.64
5263.16
5434.78
5970.15
6493.51
6557.38
6060.61
6172.84
6802.72
6734.01
6535.95
6349.21
5847.95
5698.01
6060.61
5934.72
5167.96
4329
4629.63
5681.82
5970.15
6116.21
6191.95
6309.15
6410.26
6410.26
6430.87
6389.78
5464.48
5405.41
5865.1
5899.7
6289.31
6289.31
6410.26
6153.85
6024.1
6369.43
6493.51
5115.09
4819.28
5847.95
4535.15
4228.33
4587.16
351.494
294.507
1204.09
2460.02
1730.1
1890.36
3241.49
4938.27
5698.01
5235.6
4694.84
4926.11
5249.34
5434.78
5555.56
5571.03
4587.16
4514.67
5249.34
5221.93
5263.16
5305.04
4819.28
514.668
499.127
836.82
843.17
3623.19
4524.89
3952.57
3861
4608.3
5291.01
5847.95
6172.84
6172.84
3846.15
2967.36
3717.47
2487.56
2173.91
3502.63
4319.65
4329
4175.37
4366.81
4830.92
5102.04
4484.31
4474.27
5361.93
5494.51
5376.34
5376.34
5479.45
5479.45
4149.38
4106.78
5586.59
4535.15
4385.97
4739.34
4618.94
4672.9
4618.94
5076.14
3086.42
2785.52
4237.29
5076.14
4987.53
5089.06
4494.38
3952.57
4716.98
5747.13
6250
6172.84
6079.03
5899.7
5141.39
5076.14
5681.82
5952.38
5882.35
5813.95
5988.02
3597.12
3194.89
4524.89
4357.3
4032.26
4219.41
4889.98
4796.16
4938.27
5115.09
4728.13
4662
4291.85
547.046
521.241
2022.24
308.785
298.686
937.207
1110.49
2781.64
3091.19
2427.18
2877.7
3831.42
3992.02
3533.57
1924.93
1375.52
1902.95
3194.89
3231.02
3278.69
2936.86
2684.56
1937.98
2107.48
1640.69
1214.33
1568.63
613.685
574.383
1562.5
1853.57
1633.99
2298.85
3952.57
3853.56
3184.71
3322.26
4000
3717.47
3007.52
2564.1
2490.66
2421.31
3311.26
4866.18
4901.96
5194.81
3745.32
2288.33
1932.37
2074.69
2044.99
2277.9
2014.1
2132.2
2053.39
439.85
472.702
1098.3
767.754
1429.59
4618.94
4115.23
2325.58
1860.47
1930.5
2469.14
3663
2773.93
2849
4098.36
3021.15
2574
2808.99
3120.12
4040.4
5063.29
5434.78
4716.98
3558.72
3091.19
3571.43
3929.27
4282.66
4784.69
4454.34
4842.61
4608.3
3816.79
3273.32
3546.1
4032.26
4376.37
5063.29
5050.51
4784.69
4566.21
4629.63
4796.16
4098.36
727.008
657.895
1300.39
1516.3
3344.48
4454.34
4115.23
3868.47
3384.09
3189.79
3656.31
4192.87
4132.23
3731.34
4089.98
4683.84
2998.5
2570.69
3937.01
4716.98
4987.53
5037.78
5115.09
5649.72
5633.8
5698.01
5882.35
5797.1
5780.35
6079.03
5865.1
5830.9
5181.35
5037.78
4950.5
4175.37
4434.59
5167.96
4474.27
4056.79
3861
3717.47
4175.37
4629.63
4376.37
2781.64
2317.5
3210.27
4246.28
4716.98
5747.13
5847.95
5934.72
6191.95
5221.93
4651.16
4987.53
5390.84
5747.13
5917.16
6042.3
6097.56
6079.03
5405.41
4000
3992.02
4662
4773.27
4901.96
5037.78
5249.34
5076.14
5063.29
4987.53
5063.29
4750.59
4444.44
4597.7
4761.9
4901.96
4962.78
5102.04
5347.59
5479.45
5319.15
4938.27
4264.39
4424.78
5194.81
4739.34
4545.45
4938.27
5277.05
5434.78
4514.67
3906.25
3333.33
3344.48
4629.63
5221.93
239.492
236.155
3225.81
3669.73
4140.79
3367
3205.13
2344.67
2150.54
3025.72
2989.54
2710.03
2873.56
3558.72
3478.26
3577.82
3424.66
2442
2044.99
1029.87
1057.08
2906.98
4608.3
5181.35
5586.59
5780.35
4056.8
2081.17
1919.39
2766.25
3179.65
3623.19
3577.82
3636.36
4587.16
5128.21
5376.34
3514.94
2967.36
3683.24
3883.5
4237.29
2816.9
2710.03
4514.67
4807.69
4651.16
4987.53
5540.17
5917.16
6006.01
4376.37
4273.5
5698.01
5847.95
5813.95
5221.93
4784.69
5000
5434.78
5934.72
6024.1
5291
5361.93
5917.16
5347.59
5305.04
5405.41
4454.34
3690.04
3853.56
4395.6
4926.11
4651.16
4376.37
4115.23
3944.77
3929.27
3724.39
3868.47
4024.14
3937.01
3759.4
3787.88
4683.84
6134.97
5988.02
5115.09
4464.29
4854.37
5649.72
5882.35
6079.03
5464.48
4366.81
4484.31
4842.61
4796.16
2389.49
2183.41
21.0713
21.065
3407.16
4115.23
4555.81
4184.1
4545.45
5050.51
4962.78
4842.61
4914
5115.09
4761.9
4651.16
4210.53
4158
4830.92
5347.59
5934.72
6250
6535.95
6410.26
6410.26
6514.66
6514.66
6369.43
5882.35
5934.72
6269.59
6309.15
6430.87
6430.87
6514.66
6493.51
6349.21
6329.11
6269.59
5376.34
5291
6211.18
6349.21
5865.1
4901.96
4662
5063.29
5263.16
5449.59
5376.34
5115.09
5494.51
6116.21
4807.69
4454.34
5154.64
5208.33
5571.03
6042.3
6289.31
6451.61
6153.85
6289.31
6756.76
6666.67
6600.66
6578.95
6514.66
6493.51
6410.26
6389.78
5763.69
5747.13
6472.49
6349.21
6250
6289.31
6153.85
6230.53
5730.66
4608.3
4608.3
4796.16
4987.53
5730.66
5813.95
5665.72
5747.13
5797.1
5747.13
5882.35
5813.95
5797.1
5464.48
5571.03
5917.16
121.036
118.828
1655.63
1598.72
2500
1360.54
524.246
686.813
3565.06
3502.63
3898.64
5128.21
4640.37
3992.02
4115.23
4672.9
5464.48
5249.34
4444.44
4149.38
3367
3284.07
3454.23
3384.09
4405.29
5449.59
5333.33
4504.5
4273.5
4329
4728.13
924.642
907.441
4962.78
5813.95
6116.21
6097.56
5249.34
4975.12
5115.09
4444.44
4683.84
5830.9
6289.31
6079.03
5988.02
6191.95
6250
5586.59
5277.05
5747.13
5305.04
5405.41
5390.84
4694.84
4329
4672.9
5571.03
4854.37
4901.96
5780.35
5376.34
4914
5291
5952.38
5952.38
5763.69
5763.69
5899.7
6172.84
6557.38
6535.95
6410.26
5917.16
5970.15
6269.59
5934.72
5917.16
6269.59
6600.66
6644.52
4866.18
3913.89
3921.57
4629.63
5970.15
4854.37
2844.95
1833.18
2166.85
2770.08
3095.98
3533.57
3521.13
3913.89
4166.67
5347.59
5420.05
5586.59
5633.8
5847.95
5988.02
6134.97
6153.85
6153.85
5291.01
580.383
545.554
2369.67
2178.65
2202.64
2386.63
2580.65
2475.25
2801.12
4761.9
3759.4
3100.78
3460.21
4273.5
5617.98
5865.1
6097.56
6211.18
5555.56
4950.5
4395.6
3824.09
4201.68
5154.64
5434.78
5494.51
5434.78
5449.59
5464.48
5479.45
5420.05
4273.5
4376.37
5899.71
6309.15
6349.21
6116.21
4938.27
4514.67
4651.16
4854.37
5208.33
4301.08
4246.28
4796.16
4484.3
4819.28
5633.8
6024.1
6134.97
6211.18
6369.43
6369.43
5847.95
5934.72
6451.61
6079.03
5102.04
4842.61
5076.14
4640.37
4576.66
4975.12
5263.16
4773.27
4938.27
5970.15
6153.85
6250
6134.97
6269.59
6430.87
6451.61
5586.59
4618.94
4237.29
4640.37
5102.04
5025.13
5102.04
5115.09
5347.59
5361.93
5291.01
5361.93
5361.93
4889.98
5141.39
5076.14
4842.61
5464.48
5602.24
5000
4184.1
4395.6
5235.6
4683.84
4651.16
5420.05
5089.06
539.957
531.915
3703.7
3669.72
3401.36
3552.4
3846.15
3502.63
3745.32
4672.9
4329
3780.72
3642.99
4008.02
5167.96
4166.67
4228.33
3838.77
3267.97
3984.06
4683.84
2713.7
1845.02
2306.81
2894.36
3527.34
5115.09
5115.09
4310.34
4264.39
4608.3
4651.16
3724.39
3384.09
4310.34
4987.53
2928.26
2557.54
854.701
790.202
2306.81
2444.99
2171.55
2369.67
3174.6
4395.6
4807.69
4385.96
4273.5
4651.16
5154.64
5115.09
5181.35
5361.93
5899.7
6369.43
4854.37
4524.89
5665.72
6134.97
6269.59
5813.95
5952.38
2911.21
2695.42
5012.53
4975.12
4192.87
4415.01
4587.16
4728.13
5665.72
4987.53
5221.93
5970.15
5665.72
5602.24
5540.17
5037.78
5050.51
5681.82
6116.21
6191.95
5494.51
5698.01
6600.66
6688.96
6802.72
6711.41
6622.52
6600.66
6644.52
5917.16
5681.82
5494.51
5361.93
5464.48
4434.59
4524.89
5494.51
466.853
440.529
2663.12
4000
5714.29
4950.5
3322.26
3220.61
4106.78
4608.3
4750.59
5181.35
5012.53
4494.38
3577.82
3558.72
3752.35
3710.57
4338.39
4576.66
5434.78
6060.61
5617.98
5181.35
5141.39
4662
4484.3
5037.78
4672.9
4140.79
4705.88
5277.04
5434.78
4728.13
4728.13
5115.09
5115.09
4158
3454.23
3058.1
1795.33
1180.64
1399.58
1943.63
1265.02
1246.88
2061.86
3016.59
3853.56
4662
5571.03
5934.72
5063.29
4545.45
5050.51
5633.8
6134.97
6349.21
6472.49
5988.02
5970.15
6644.52
6734.01
6688.96
5633.8
4784.69
5089.06
5050.51
5181.35
6006.01
5730.66
5952.38
6688.96
6711.41
6711.41
5665.72
4975.12
5449.59
6097.56
6389.78
5952.38
6006.01
6688.96
6779.66
6472.49
6430.87
6756.76
6779.66
6756.76
6779.66
6779.66
6230.53
6289.31
6920.42
6896.55
6896.55
6920.42
6825.94
6666.67
6666.67
1721.17
1432.66
2301.5
2793.3
4237.29
4291.85
3976.14
3913.89
4347.83
4415.01
3355.7
3430.53
5076.14
4914
4975.12
5899.7
6329.11
6493.51
6451.61
4796.16
4366.81
5479.45
4784.69
4040.4
3952.57
4166.67
5025.13
5102.04
5012.53
5361.93
5128.21
5025.13
5333.33
5235.6
4739.34
4901.96
5221.93
5249.34
5291.01
4651.16
4889.98
5494.51
5235.6
5347.59
5263.16
4255.32
4504.5
4950.5
4914
4854.37
4889.98
5524.86
5154.64
5141.39
5128.21
5194.8
4854.37
4819.28
5361.93
5376.34
4464.29
4640.37
5494.51
5263.16
3929.27
3210.27
2421.31
2541.3
2518.89
2635.05
4166.67
3603.6
3016.59
3484.32
4454.34
4329
5089.06
6172.84
5449.59
5434.78
6042.3
6153.85
5649.72
4282.66
3875.97
3766.48
3448.28
3690.04
4140.79
4338.39
4796.16
5277.04
4524.89
4555.81
5524.86
5333.33
5291.01
5361.93
5305.04
4842.61
4950.5
5540.17
4926.11
4464.29
5076.14
5665.72
5291.01
5115.09
4545.45
4739.34
4950.5
4962.78
5540.17
4728.13
4545.45
4484.3
4016.06
4618.94
5221.93
4366.81
4587.16
4962.78
4926.11
5305.04
5154.64
867.303
829.876
3802.28
4962.78
5012.53
4514.67
4237.29
3898.64
4555.81
5167.96
5305.04
6079.03
6329.11
6514.66
6578.95
6622.52
6666.67
6644.52
6006.01
6042.3
6688.96
6711.41
6779.66
6802.72
6849.31
6849.31
6802.72
4854.37
4132.23
5221.93
6289.31
6329.11
4098.36
3891.05
5167.96
4576.66
4866.18
4694.84
4444.44
4938.27
5012.53
3960.4
4175.37
4926.11
4901.96
5730.66
5347.59
5194.8
5291.01
4089.98
4008.02
5235.6
5464.48
5361.93
5194.81
5405.41
4773.27
5037.78
6060.61
5390.84
5154.64
4535.15
4705.88
5494.51
5376.34
4132.23
3466.2
3590.66
3215.43
3478.26
4149.38
3305.79
3361.34
4158
3273.32
1114.21
1220.26
4739.34
4424.78
4683.84
5376.34
5333.33
5181.35
4672.9
4854.37
5390.84
5221.93
5305.04
5291.01
5291.01
5347.59
4587.16
4901.96
5405.41
5235.6
5509.64
4651.16
2911.21
2751.03
3992.02
4434.59
4329
4273.5
3984.06
3584.23
3960.4
3072.2
2684.56
3484.32
3703.7
3597.12
4264.39
5405.41
4608.3
3984.06
3514.94
3284.07
4056.8
4504.5
3696.86
1432.66
766.577
987.167
2577.32
3669.73
3584.23
3284.07
3350.08
4123.71
4405.29
4385.96
4987.53
5509.64
4576.66
4819.28
5747.13
5361.93
4962.78
4166.67
4662
5899.7
5420.05
4651.16
4651.16
5763.69
5797.1
4683.84
4524.89
4524.89
4434.59
5221.93
5633.8
5361.93
5319.15
5305.04
5154.64
5167.96
5376.34
4830.92
3044.14
3424.66
6493.51
6666.67
6711.41
6734.01
6756.76
6688.96
6666.67
6756.76
6134.97
6211.18
6993.01
6968.64
6944.44
6944.44
6920.42
6872.85
6872.85
6825.94
4739.34
3802.28
3752.35
3802.28
4175.37
4705.88
4914
4576.66
4962.78
5571.03
5698.01
5167.96
4618.94
5305.04
5181.35
4683.84
4962.78
4830.92
4889.98
5263.16
5586.59
5012.53
4854.37
5000
5361.93
6309.15
6644.52
5970.15
5602.24
6097.56
6389.78
6557.38
6666.67
6116.21
6211.18
6872.85
6872.85
6849.31
6849.31
6896.55
6872.85
6872.85
6896.55
6872.85
6211.18
6191.95
6849.31
6896.55
6896.55
6872.85
6849.31
6872.85
6896.55
6896.55
6896.55
6369.43
6389.78
6920.42
6920.42
6944.44
6920.42
6920.42
6968.64
6968.64
6896.55
6896.55
6329.11
6153.85
5882.35
5540.17
5730.66
5333.33
5449.59
6230.53
5988.02
5865.1
6329.11
5714.29
5617.98
6250
6230.53
6309.15
6389.78
4347.83
3787.88
4474.27
3984.06
4115.23
4566.21
4796.16
5376.34
5420.05
5494.51
5540.17
5555.56
5617.98
865.801
826.105
3350.08
2998.5
3322.26
4201.68
4807.69
4545.45
4210.53
4739.34
4672.9
4878.05
5434.78
4878.05
4338.39
4938.27
5714.29
5479.45
5390.84
5405.41
5347.59
4938.27
5050.51
5277.05
4065.04
3861
3891.05
3490.4
4494.38
4866.18
4228.33
5012.53
4878.05
4405.29
5141.39
5037.78
4975.12
5524.86
4750.59
4424.78
5141.39
4889.98
4987.53
4651.16
3294.89
2487.56
2004.01
1782.53
1530.22
1481.48
2169.2
4246.28
4962.78
4415.01
4784.69
5263.16
4807.69
4830.92
5405.41
5405.41
5333.33
4672.9
4926.11
5797.1
5509.64
5291.01
5141.39
4357.3
4640.37
5698.01
4761.9
4535.15
5405.41
5571.03
5194.8
5305.04
4878.05
4975.12
4889.98
4842.61
5524.86
5509.64
5361.93
5405.41
5479.45
5347.59
5361.93
5464.48
5319.15
4926.11
5181.35
4878.05
4310.34
5076.14
5649.72
5347.59
5376.34
5479.45
5555.56
4728.13
4618.94
5524.86
4819.28
4842.61
5763.69
4424.78
3992.02
5000
4854.37
4273.5
4405.29
3164.56
2706.36
3616.64
4081.63
4056.79
4366.81
4395.6
4434.59
4683.84
5235.6
5050.51
4878.05
5194.81
5291.01
5291.01
5333.33
5305.04
5361.93
5277.04
5208.33
5194.81
4914
5167.96
4901.96
5037.78
5181.35
5050.51
5208.33
4854.37
5208.33
5434.78
4716.98
4672.9
5420.05
4796.16
4889.98
5763.69
5494.51
4597.7
4514.67
5555.56
5555.56
5102.04
4842.61
4474.27
5063.29
4807.69
4705.88
5555.56
5633.8
5763.69
5347.59
5263.16
5235.6
4830.92
5115.09
5434.78
5181.35
5376.34
5000
5063.29
5390.84
5277.05
4651.16
3246.75
2998.5
3514.94
3929.27
3831.42
3738.32
4098.36
4024.14
4040.4
4032.26
3952.57
3838.77
4347.83
5780.35
6250
6329.11
5333.33
5102.04
5988.02
4576.66
3809.52
4123.71
2518.89
2409.64
2229.65
1307.19
1819.84
4566.21
4608.29
4716.98
4366.81
4524.89
5037.78
5089.06
4950.5
4728.13
5037.78
5649.72
5633.8
5917.16
5434.78
5235.6
5780.35
5319.15
4210.53
4219.41
5102.04
4878.05
5025.13
5102.04
1030.4
1003.01
3076.92
2607.56
2865.33
3514.94
3952.57
4166.67
4175.37
4237.29
4219.41
4310.34
4246.28
4415.01
4255.32
4184.1
5235.6
6211.18
4395.6
4089.98
4950.5
3338.9
3184.71
4640.37
5089.06
4889.98
4683.84
5141.39
6153.85
6250
6172.84
6191.95
6191.95
6191.95
6191.95
6230.53
6191.95
5633.8
5665.72
6369.43
6557.38
6557.38
5797.1
5037.78
5181.35
5698.01
5934.72
5988.02
5277.04
5235.6
6006.01
6079.03
5899.71
6024.1
5361.93
4629.63
4987.53
5649.72
5882.35
5333.33
5333.33
5934.72
6134.97
6269.59
5076.14
4587.16
5102.04
5540.17
5934.72
5449.59
5571.03
5194.8
4587.16
4115.23
4032.26
770.119
622.859
1932.37
3003
2747.25
3584.23
4149.38
5235.6
4842.61
4950.5
5305.04
4926.11
5000
4651.16
4901.96
4878.05
4524.89
5076.14
5333.33
5571.03
4716.98
4914
4629.63
3731.34
3333.33
3401.36
4032.26
2442
1642.04
2183.41
3717.47
3442.34
3590.66
4950.5
5698.01
5347.59
5181.35
5063.29
4683.84
4938.27
4629.63
4149.38
5076.14
4914
4210.53
4192.87
4347.83
4273.5
3669.72
3289.47
3565.06
3883.5
3968.25
3906.25
3745.32
3906.25
4535.15
5012.53
4987.53
4024.14
3809.52
3816.79
3430.53
3960.4
4576.66
4474.27
4950.5
5586.59
5089.06
5037.78
4773.27
4415.01
4494.38
4608.3
5115.09
4842.61
4950.5
5830.9
5434.78
5361.93
5305.04
4273.5
3838.77
4819.28
5747.13
5361.93
5319.15
5333.33
5263.16
5361.93
5361.93
4716.98
4672.9
4773.27
5025.13
5617.98
4694.84
4866.18
4866.18
4975.12
5128.21
4975.12
5141.39
4694.84
4987.53
4597.7
4914
5797.1
4629.63
4056.79
3649.64
3220.61
3424.66
3616.64
3262.64
3577.82
3960.4
3898.64
4385.97
3703.7
3861
4773.27
4210.53
4434.59
4494.38
4073.32
3091.19
3472.22
5665.72
5449.59
5464.48
5524.86
5681.82
6230.53
6451.61
5952.38
6097.56
6872.85
6849.31
6802.72
6825.94
6849.31
6849.31
6872.85
6872.85
6802.72
6250
6349.21
6968.64
6944.44
6944.44
6896.55
6825.94
6849.31
6896.55
6872.85
6872.85
6211.18
6230.53
6920.42
6896.55
6896.55
6711.41
6493.51
6557.38
6711.41
6779.66
6756.76
6172.84
6289.31
6993.01
6993.01
6944.44
6872.85
6849.31
6825.94
6779.66
6779.66
6309.15
6389.78
7017.54
7017.54
6896.55
6872.85
6944.44
6896.55
6896.55
6944.44
6920.42
6349.21
6389.78
6756.76
5509.64
3656.31
3703.7
5128.21
4842.61
4866.18
5390.84
5555.56
5305.04
5376.34
5524.86
5405.41
5714.29
5633.8
5617.98
5102.04
4444.44
4773.27
5509.64
5167.96
5347.59
6369.43
6644.52
6666.67
4926.11
4535.15
5249.34
5571.03
6153.85
5865.1
5509.64
5633.8
5050.51
4914
5952.38
6578.95
6688.96
6430.87
6410.26
6688.96
6711.41
6153.85
6250
6944.44
6920.42
6896.55
6896.55
6896.55
6920.42
6896.55
6896.55
6289.31
6289.31
6993.01
6968.64
6825.94
6849.31
6920.42
6896.55
6896.55
6896.55
6849.31
6211.18
6269.59
6944.44
6920.42
6734.01
6578.95
6688.96
6849.31
6896.55
6849.31
6849.31
6269.59
6250
6920.42
6993.01
6968.64
6944.44
6968.64
6993.01
6849.31
6802.72
6896.55
6230.53
6211.18
6872.85
4662
3891.05
3484.32
3164.56
3802.28
3577.82
3816.79
4597.7
4132.23
4545.45
5167.96
5249.34
5602.24
5602.24
5633.8
5681.82
5813.95
6329.11
5988.02
5882.35
6250
5167.96
4504.5
4535.15
5037.78
5509.64
5305.04
5333.33
5449.59
4444.44
4545.45
5221.93
4866.18
5434.78
6172.84
6493.51
6644.52
6711.41
6734.01
6802.72
6134.97
6134.97
6849.31
6872.85
6849.31
6666.67
4878.05
4000
4866.18
5698.01
5277.05
4796.16
4975.12
5464.48
4158
3861
4796.16
5571.03
4938.27
4264.39
4424.78
3539.82
3129.89
3766.48
4357.3
3773.59
3738.32
4016.06
3868.47
1689.19
1354.1
1980.2
2070.39
1689.19
1826.48
3200
4819.28
3558.72
3058.1
3724.39
4291.85
5221.93
6289.31
4830.92
4587.16
5681.82
5665.72
6042.3
4444.44
2881.84
2816.9
3350.08
3629.76
3937.01
3831.42
3710.57
3802.28
4056.79
4395.6
4273.5
4282.66
4246.28
4228.33
4842.61
4683.84
3984.06
4454.34
5235.6
5698.01
6309.15
6493.51
5025.13
3968.25
4750.59
6250
4854.37
4338.39
5494.51
6451.61
5181.35
5235.6
6600.66
6211.18
5988.02
4842.61
4535.15
5305.04
4504.5
4237.29
4454.34
4587.16
5181.35
4705.88
4158
4464.29
5194.81
5882.35
5747.13
5865.1
6644.52
6644.52
6600.66
6578.95
6622.52
6666.67
