10.5774
273.898
413.736
931.532
1152.07
1363.33
1321
1170.96
664.231
588.062
800.961
1031.46
1359.62
1333.33
1427.55
1549.19
1620.75
1715.27
1874.41
1970.44
1906.58
1763.67
1828.15
1980.2
1855.29
1467.35
1386.96
1694.92
1823.15
1910.22
1915.71
1869.16
1213.59
1055.97
1384.08
1511.72
1261.03
1301.24
1592.36
305.857
279.681
954.654
843.17
877.193
739.372
592.768
647.249
862.441
1363.33
1372.68
1609.01
1482.58
1463.06
1581.03
1479.29
1080.5
550.055
509.035
855.798
1228.5
1212.86
1140.25
1355.93
1567.4
1784.12
1843.32
1673.64
1768.35
1119.82
971.345
1367.99
1409.44
600.601
574.383
1008.06
992.063
1065.53
860.215
749.625
397.219
447.728
1375.52
1474.93
1068.38
771.01
904.159
997.506
1020.41
1347.71
1046.57
1082.84
1642.04
751.88
684.697
1121.71
1220.26
1517.45
1624.7
1019.89
862.069
1097.69
1260.24
1519.76
1659.75
1526.72
1526.72
1494.77
1540.83
1661.13
1776.2
1745.2
1697.79
1572.33
1540.83
1643.39
1731.6
1218.77
1014.71
751.88
767.754
1342.28
1145.48
1042.75
1254.71
1390.82
1554
1281.23
1270.65
1530.22
1389.85
206.505
207.835
1594.9
1670.84
1712.33
1782.53
1821.49
1831.5
1841.62
1823.15
1749.78
1792.11
1683.5
1578.53
1501.5
1547.99
1532.57
1472.75
1596.17
1661.13
1748.25
1713.8
1713.8
1780.94
1486.99
1373.63
1611.6
1774.62
1823.15
1919.39
1930.5
1988.07
1956.95
1843.32
1762.11
1806.68
1860.47
1910.22
2014.1
1834.86
1814.88
1814.88
1850.14
1945.53
1917.55
1843.32
1792.11
1787.31
1785.71
1862.2
1811.59
1800.18
1731.6
1692.05
1692.05
1563.72
1579.78
1631.32
1648.8
1661.13
1689.19
1705.03
1697.79
1737.62
1793.72
1706.48
1623.38
1639.34
1438.85
1399.58
1507.16
1561.28
1636.66
1736.11
1748.25
1759.01
1879.7
1788.91
1706.48
1713.8
1752.85
1773.05
1801.8
1782.53
1787.31
1839.93
1787.31
1713.8
1694.92
1823.15
1718.21
1567.4
1670.84
1848.43
1828.15
1793.72
1857.01
1771.48
1788.91
1796.95
1722.65
1646.09
1491.42
1439.88
1563.72
1706.48
1689.19
1731.6
1749.78
1765.23
1746.72
1694.92
1659.75
1665.28
1666.67
1550.39
1591.09
1638
1677.85
1578.53
1539.65
1579.78
1609.01
1694.92
1624.7
1537.28
1584.79
1719.69
1773.05
1858.74
1848.43
1857.01
1893.94
1769.91
1298.7
1261.83
1344.99
1221.75
1341.38
1510.57
1672.24
1703.58
1716.74
1759.01
1742.16
1777.78
1737.62
1749.78
1782.53
1851.85
1908.4
1826.48
1855.29
1725.63
1668.06
1739.13
1690.62
1556.42
1594.9
1609.01
1579.78
1610.31
1551.59
1584.79
1693.48
1788.91
1718.21
656.168
602.773
996.512
1007.56
1260.24
1435.75
1555.21
1727.12
1490.31
1345.89
432.807
377.216
941.176
1398.6
1328.02
1291.16
226.27
218.699
1256.28
1779.36
1897.53
1978.24
2103.05
2116.4
2022.24
1932.37
1779.36
1760.56
1821.49
1902.95
1765.23
1746.72
1904.76
1860.47
531.067
511.64
738.007
732.332
1508.3
1287.83
1288.66
1668.06
1805.05
1829.83
1722.65
1793.72
1787.31
1530.22
1501.5
1722.65
1273.07
1203.37
1175.78
1104.97
1463.06
1578.53
1532.57
1540.83
1619.43
1638
1692.05
1650.17
1504.89
1601.28
1757.47
1824.82
1673.64
1628.66
1757.47
1811.59
1803.43
1808.32
1805.05
1694.92
1792.11
1792.11
1725.63
1676.45
1707.94
1826.48
1682.09
1578.53
1669.45
1651.53
1562.5
1662.51
1682.09
1642.04
1627.34
1727.12
1792.11
1780.94
1885.01
1867.41
1870.91
1803.43
1792.11
1779.36
1614.2
1537.28
1597.44
1648.8
1662.51
1757.47
1694.92
372.093
367.918
1497.01
1520.91
1355.01
1430.62
1583.53
1314.92
1052.63
1112.35
1267.43
1180.64
135.621
125.047
702.741
1392.76
1427.55
1480.38
1601.28
1465.2
1439.88
1601.28
1537.28
1499.25
1642.04
1836.55
1833.18
1865.67
1826.48
627.353
341.647
482.16
1219.51
1472.75
1291.99
1145.48
1067.24
851.426
876.424
1247.66
1624.7
1428.57
1417.43
1587.3
1345.89
603.136
607.165
1272.26
1110.49
973.71
1165.5
1538.46
1647.45
1470.59
1474.93
1605.14
1705.03
1444.04
1381.22
1666.67
1765.23
1697.79
1730.1
1886.79
1788.91
1635.32
1576.04
1694.92
1643.39
1654.26
1848.43
1858.74
1915.71
1862.2
1736.11
1571.09
1550.39
1556.42
1576.04
1669.45
1243.01
1047.67
679.117
735.024
569.314
535.906
942.063
687.758
800.961
1419.45
1355.93
1314.06
1089.32
1068.95
1666.67
1594.9
1408.45
388.727
389.105
1526.72
1629.99
1682.09
1702.13
1811.59
1836.55
1848.43
1881.47
1828.15
1768.35
1776.2
1848.43
1776.2
1787.31
1755.93
1760.56
1787.31
1814.88
1814.88
1755.93
1805.05
1806.68
1819.84
1838.24
1872.66
1754.39
1710.86
1841.62
1923.08
1921.23
1100.72
984.252
1509.43
1601.28
642.055
554.324
171.718
160.979
765.99
1703.58
2055.5
2129.93
2155.17
2107.48
1762.11
1494.77
1508.3
1527.88
1661.13
1790.51
1643.39
1683.5
1635.32
30.8828
30.9339
1986.1
2212.39
1960.78
1745.2
1881.47
2000
1949.32
1945.53
1926.78
1928.64
1976.28
2116.4
2105.26
2118.64
2237.14
1956.95
1769.91
1763.67
1814.88
1721.17
1662.51
1876.17
2018.16
1968.5
2120.89
2265.01
1986.1
2053.39
2036.66
1780.94
1454.55
1461.99
1736.11
1779.36
1910.22
1686.34
1673.64
1803.43
1725.63
1874.41
2094.24
2123.14
2155.17
2222.22
2047.08
2116.4
2200.22
2044.99
2057.61
2155.17
2152.85
2169.2
2252.25
2171.55
2202.64
2134.47
2068.25
1869.16
875.657
862.441
1642.04
1668.06
1834.86
2200.22
2162.16
2141.33
2047.08
2057.61
2044.99
2038.74
2188.18
2076.84
2176.28
2096.44
2070.39
2200.22
2188.18
2079
2105.26
2195.39
2038.74
2152.85
2229.65
2202.64
2006.02
1696.35
1399.58
1464.13
1658.37
1551.59
1668.06
1915.71
2076.84
2070.39
2092.05
2107.48
2143.62
2155.17
2169.2
2114.16
2030.46
1976.28
1890.36
1932.37
1902.95
1872.66
1755.93
1690.62
1779.36
1972.39
2173.91
1860.47
1437.81
1349.53
1654.26
1886.79
1839.93
1661.13
1682.09
1821.49
1734.61
1338.69
1129.31
1455.6
1787.31
1745.2
1857.01
2059.73
2049.18
1982.16
1984.13
1980.2
2051.28
2094.24
2083.33
1718.21
1554
1699.24
1687.76
1707.94
1934.24
1998
1980.2
1994.02
2066.12
2059.73
2055.5
2181.03
2234.64
2049.18
2109.7
2209.94
2162.16
2022.24
1841.62
1919.39
1908.4
1912.05
1956.95
1888.57
1924.93
2040.82
1990.05
2010.05
1853.57
1478.2
1534.92
1823.15
1980.2
2109.7
2076.84
2049.18
2132.2
2176.28
2166.85
2134.47
2141.33
2116.4
1994.02
2123.14
2200.22
2148.23
2014.1
2059.73
2096.44
2006.02
2072.54
2047.08
2162.16
2120.89
2070.39
2024.29
1824.82
769.527
729.129
1506.02
1828.15
2123.14
2139.04
2148.23
2116.4
2148.23
2150.54
2063.98
1986.1
2022.24
2176.28
2143.62
2057.61
2094.24
2232.14
2076.84
2079
2205.07
2053.39
2047.08
1939.86
779.423
717.36
1408.45
1731.6
2016.13
1966.57
1990.05
2181.03
2192.98
2171.55
2111.93
2111.93
2134.47
2173.91
2092.05
1923.08
2042.9
2087.68
2040.82
2103.05
2185.79
2157.5
2150.54
2169.2
2188.18
2171.55
1937.98
1818.18
1605.14
1587.3
1657
1803.43
2148.23
2074.69
2107.48
2006.02
1774.62
1137.66
1062.7
1561.28
1860.47
1956.95
2092.05
2207.51
2192.98
2227.17
2166.85
2049.18
1951.22
2010.05
2118.64
2209.94
2185.79
1821.49
1594.9
1650.16
1769.91
1846.72
1655.63
1624.7
1966.57
2127.66
2014.1
2032.52
2098.64
2036.66
1928.64
2028.4
2162.16
2162.16
2157.5
2200.22
2157.5
1968.5
1904.76
1793.72
1823.15
1913.88
1970.44
2114.16
828.844
761.325
1648.8
1853.57
1855.29
1947.42
1867.41
1757.47
1395.67
1367.99
1759.01
2016.13
2270.15
2068.25
2083.33
2030.46
1984.13
2155.17
2192.98
2173.91
2141.33
2105.26
1998
2123.14
2053.39
1904.76
1019.89
1046.57
2012.07
1746.72
1534.92
1322.75
1394.7
1675.04
1754.39
1768.35
1801.8
1806.68
1819.84
1814.88
1518.6
1452.43
1650.17
1921.23
1939.86
1857.01
1892.15
2038.74
1329.79
640.205
781.861
2008.03
2169.2
2051.28
1765.23
1795.33
2014.1
2132.2
2063.98
2012.07
2089.86
2229.65
2169.2
2159.83
2143.62
2042.9
2105.26
2219.76
2192.98
2222.22
2306.81
2219.76
2114.16
1919.39
1788.91
1648.8
1657
1766.78
1796.95
1790.51
1665.28
1757.47
1876.17
2020.2
2040.82
1937.98
2055.5
2166.85
2200.22
1992.03
2074.69
2098.64
2063.98
2040.82
1934.24
2028.4
2173.91
2234.64
2079
2026.34
2059.73
2042.9
1727.12
1607.72
1622.06
1733.1
1539.65
1168.91
1295.34
1749.78
2076.84
2026.34
2030.46
1976.28
1824.82
1841.62
1816.53
1874.41
1785.71
1833.18
1937.98
2053.39
2018.16
2047.08
2094.24
2098.64
2159.83
1928.64
1928.64
1785.71
1725.63
1899.34
1988.07
1765.23
1782.53
2178.65
2076.84
2072.54
2061.86
1930.5
2051.28
2047.08
2083.33
2219.76
2155.17
2190.58
816.327
806.777
2079
2092.05
2181.03
2074.69
2114.16
1833.18
1430.62
1546.79
1876.17
1921.23
1998
2141.33
2141.33
2162.16
2162.16
2049.18
2114.16
2202.64
2195.39
2159.83
2074.69
2066.12
2157.5
2139.04
2152.85
2049.18
1964.64
2020.2
1934.24
2002
2079
2157.5
2185.79
2036.66
2012.07
965.251
940.734
1851.85
1970.44
1994.02
1943.63
1897.53
2024.29
2159.83
2143.62
2192.98
2171.55
2205.07
2164.5
2150.54
2042.9
1483.68
1212.86
1354.1
1728.61
2139.04
2247.19
2141.33
2164.5
1980.2
1094.09
797.13
1080.5
1806.68
2012.07
1945.53
2012.07
2197.8
2152.85
2139.04
2171.55
2066.12
2068.25
2181.03
2068.25
2123.14
2309.47
2205.07
2229.65
2207.51
2159.83
2132.2
2132.2
2127.66
2148.23
2164.5
1980.2
1478.2
1217.29
1516.3
1924.93
1893.94
1926.78
2068.25
2183.41
2074.69
1982.16
1939.86
2038.74
2020.2
1962.71
1964.64
1862.2
1962.71
2116.4
2089.86
2129.93
2118.64
2162.16
2049.18
1980.2
2107.48
2076.84
2047.08
794.281
738.007
1304.63
1371.74
1740.64
2012.07
2169.2
2020.2
1910.22
2042.9
2094.24
1998
2150.54
2207.51
2059.73
2098.64
2079
2022.24
2055.5
1988.07
2020.2
2057.61
1970.44
2004.01
1529.05
1110.49
1274.7
1555.21
1609.01
1974.33
2127.66
2150.54
2040.82
1992.03
2139.04
2207.51
2249.72
2074.69
2129.93
2224.69
2032.52
1876.17
1853.57
1915.71
2083.33
2188.18
2162.16
2157.5
2107.48
2171.55
2044.99
1972.39
1424.5
1100.11
1308.04
1850.14
2157.5
2169.2
2164.5
2063.98
2107.48
2209.94
1945.53
1601.28
1615.51
1805.05
1932.37
1956.95
1996.01
2020.2
2047.08
2129.93
2166.85
2229.65
2171.55
2072.54
2129.93
2127.66
1863.93
1000.5
1011.63
1928.64
1990.05
2092.05
2173.91
2152.85
2244.67
2166.85
2178.65
2192.98
2059.73
2087.68
1996.01
1391.79
1195.46
1455.6
1886.79
1976.28
2034.59
2132.2
2016.13
2118.64
2159.83
2173.91
2018.16
1578.53
1283.7
1348.62
1459.85
1620.75
2063.98
2049.18
2116.4
2042.9
1809.95
1642.04
1768.35
2072.54
2002
2081.17
2214.84
2171.55
2051.28
2166.85
2118.64
1888.57
1731.6
1603.85
1449.28
1476.01
1592.36
1499.25
1501.5
1657
1867.41
1976.28
2096.44
2139.04
2038.74
1982.16
2109.7
2059.73
2087.68
2169.2
1926.78
1719.69
1699.24
1796.95
1834.86
1936.11
1910.22
1897.53
1646.09
1454.55
1481.48
1465.2
1379.31
1399.58
1529.05
1718.21
1923.08
1834.86
1853.57
1992.03
2074.69
2094.24
2134.47
2016.13
2032.52
2169.2
2116.4
1964.64
2053.39
2150.54
2066.12
2132.2
1984.13
2089.86
2207.51
2063.98
1932.37
1895.73
1725.63
1593.63
1686.34
1751.31
1788.91
1855.29
1924.93
1904.76
2049.18
2028.4
1953.13
2107.48
2212.39
2188.18
2053.39
2014.1
2089.86
2079
2026.34
2162.16
2150.54
2143.62
2197.8
2096.44
2096.44
2195.39
2181.03
2047.08
1937.98
1792.11
1703.58
1684.92
1712.33
1736.11
1926.78
2016.13
2055.5
2217.29
2159.83
2134.47
2120.89
2072.54
2076.84
2214.84
2188.18
2152.85
2143.62
2173.91
2173.91
2032.52
2087.68
2222.22
2188.18
2139.04
2197.8
2205.07
2207.51
2085.51
1923.08
1350.44
1060.45
1395.67
2072.54
2162.16
2070.39
2111.93
1974.33
1795.33
1234.57
1144.82
1561.28
1912.05
2038.74
2068.25
2205.07
2173.91
2244.67
2120.89
2157.5
2183.41
2040.82
2083.33
2068.25
2096.44
1953.13
928.936
920.387
1624.7
1690.62
1892.15
1912.05
1930.5
2070.39
2081.17
2105.26
2209.94
2162.16
2181.03
2195.39
2202.64
2197.8
2183.41
2242.15
2068.25
1970.44
1943.63
2051.28
2083.33
2114.16
2209.94
2070.39
1926.78
1743.68
1713.8
1782.53
1730.1
1829.83
2136.75
2169.2
2134.47
2038.74
2107.48
2087.68
2085.51
2053.39
2010.05
2222.22
2053.39
2111.93
2224.69
2164.5
2004.01
1939.86
1951.22
1877.93
2038.74
2132.2
1996.01
1962.71
2010.05
1908.4
1816.53
1790.51
1547.99
1518.6
1428.57
1450.33
1994.02
2063.98
1986.1
2181.03
2190.58
2074.69
2096.44
2089.86
2087.68
2018.16
2026.34
2219.76
2152.85
2049.18
2055.5
2012.07
2002
2094.24
2176.28
2176.28
2070.39
1389.85
1020.41
1247.66
1848.43
2030.46
2181.03
2181.03
2159.83
2096.44
2063.98
2205.07
2155.17
2159.83
2129.93
2169.2
2057.61
2018.16
2155.17
2063.98
2028.4
1976.28
2038.74
2014.1
2059.73
2155.17
2016.13
2055.5
2085.51
1289.49
1194.03
1742.16
1953.13
1838.24
1742.16
788.022
792.393
1939.86
2040.82
2061.86
2123.14
2212.39
2053.39
2111.93
2109.7
2074.69
2247.19
2145.92
2148.23
2176.28
2197.8
2173.91
2181.03
1960.78
1690.62
1614.2
1784.12
1960.78
1722.65
1670.84
1863.93
2076.84
2118.64
2127.66
2114.16
2164.5
2183.41
2164.5
2185.79
2085.51
1734.61
1643.39
1902.95
1951.22
1960.78
2063.98
2085.51
2087.68
2072.54
2116.4
2227.17
1477.1
1124.23
1447.18
1647.45
1644.74
2018.16
2150.54
2129.93
2134.47
2034.59
2079
2157.5
2105.26
2018.16
1968.5
2057.61
1990.05
2004.01
2006.02
2068.25
2129.93
2148.23
2166.85
2183.41
2195.39
2185.79
2234.64
2063.98
987.654
953.743
1790.51
1858.74
1853.57
1833.18
1919.39
1932.37
1892.15
1881.47
1673.64
1520.91
1491.42
1631.32
1743.68
1850.14
1857.01
1892.15
2109.7
2202.64
2127.66
1960.78
2006.02
2157.5
2079
1451.38
1053.74
1179.94
1576.04
1719.69
1986.1
2162.16
2171.55
2188.18
2148.23
2072.54
2070.39
2079
2100.84
2219.76
2164.5
2116.4
1976.28
2068.25
2214.84
2066.12
2116.4
2157.5
1897.53
1719.69
1760.56
1495.89
1399.58
1567.4
1456.66
1529.05
1968.5
2114.16
1924.93
1883.24
2079
2227.17
2141.33
2038.74
2092.05
2200.22
2162.16
2207.51
2051.28
1760.56
1347.71
1182.03
1112.35
1177.16
1519.76
1547.99
785.546
810.701
1801.8
1980.2
2081.17
2063.98
2076.84
2173.91
2059.73
2129.93
2123.14
1958.86
1951.22
1980.2
2026.34
2076.84
1962.71
1845.02
1814.88
1795.33
1806.68
1722.65
1694.92
1731.6
1725.63
1638
1700.68
1876.17
1917.55
1800.18
1870.91
2063.98
2159.83
2173.91
2145.92
2234.64
2139.04
2049.18
1917.55
1917.55
2061.86
2178.65
2171.55
2166.85
2176.28
2192.98
2232.14
2120.89
2109.7
2139.04
2053.39
2066.12
1924.93
1754.39
1808.32
1869.16
1998
2083.33
2148.23
2333.72
2336.45
2361.28
2301.5
2252.25
2290.95
2331
2347.42
2364.07
2372.48
2375.3
2347.42
2331
2314.81
2162.16
2232.14
2317.5
2366.86
2380.95
2392.34
2400.96
2392.34
2378.12
2358.49
2424.24
2369.67
2280.5
2036.66
1932.37
2002
1960.78
1960.78
2132.2
2195.39
2205.07
2185.79
2181.03
2040.82
1865.67
1968.5
1960.78
1964.64
1899.34
1953.13
2162.16
2219.76
2214.84
2212.39
2232.14
2254.79
2331
2224.69
2224.69
2234.64
2232.14
2081.17
1094.69
919.54
1407.46
1601.28
1587.3
1874.41
2026.34
2047.08
1996.01
2125.4
2057.61
1974.33
1926.78
1858.74
1926.78
2109.7
2202.64
2150.54
2290.95
2254.79
2227.17
2042.9
2047.08
2166.85
2044.99
2118.64
1960.78
1189.06
1137.01
1651.53
1966.57
2047.08
1811.59
1853.57
1872.66
1813.24
1752.85
1784.12
1986.1
2040.82
2076.84
2152.85
2092.05
2085.51
2083.33
1962.71
1988.07
1992.03
2105.26
2229.65
2100.84
2026.34
2143.62
1984.13
1743.68
1749.78
1814.88
1937.98
2044.99
2178.65
2162.16
2164.5
2139.04
1947.42
1877.93
1988.07
1936.11
1682.09
1639.34
1680.67
1743.68
1734.61
1748.25
1845.02
1915.71
1733.1
1495.89
1554
1672.24
1669.45
1067.81
1070.09
1481.48
1573.56
1895.73
1823.15
1897.53
2100.84
2145.92
2141.33
1996.01
1924.93
2020.2
1915.71
1970.44
2016.13
2055.5
2087.68
2105.26
2190.58
2157.5
2178.65
2141.33
2145.92
2173.91
2026.34
1811.59
1816.53
1800.18
1777.78
1819.84
1951.22
2006.02
2083.33
2169.2
2049.18
2059.73
2152.85
2229.65
2181.03
2183.41
2150.54
2157.5
2166.85
2030.46
2047.08
2185.79
2051.28
2081.17
2290.95
2205.07
2212.39
1755.93
1636.66
1823.15
655.523
656.814
1901.14
2063.98
2139.04
2100.84
2159.83
2267.57
2162.16
2192.98
2178.65
2159.83
2155.17
2148.23
2162.16
2185.79
2176.28
2178.65
2249.72
2202.64
2085.51
2085.51
2125.4
2123.14
2016.13
1930.5
963.391
896.057
1491.42
1696.35
1974.33
1921.23
1818.18
1949.32
2016.13
2055.5
2157.5
2036.66
2111.93
2092.05
1936.11
2081.17
2205.07
2061.86
2169.2
2222.22
2183.41
2166.85
2148.23
2143.62
2074.69
1765.23
1052.08
993.542
1556.42
1923.08
1996.01
2118.64
2032.52
1984.13
2012.07
2109.7
2081.17
1982.16
2120.89
2094.24
1962.71
2083.33
2259.89
2118.64
2127.66
2057.61
1998
1166.86
1034.13
1471.67
1601.28
1194.03
1100.72
1406.47
1622.06
1886.79
2014.1
2178.65
2012.07
1769.91
1737.62
1951.22
1992.03
2012.07
2157.5
2072.54
1344.09
1162.79
1672.24
1955.03
2018.16
1947.42
1721.17
