8.42851
90.6947
91.391
97.2763
96.6604
85.9697
77.8665
82.7198
91.7347
76.1615
66.5115
51.5145
44.8501
60.1576
78.6009
77.4264
81.0964
83.0703
69.4903
72.7829
94.6387
99.0442
95.8176
99.5074
107.187
105.972
99.3345
102.675
107.881
107.51
108.249
104.471
96.9086
92.9066
86.2106
75.6115
79.8754
90.843
95.048
102.176
22.8932
22.785
104.015
104.264
106.758
105.308
104.037
104.772
106.067
101
102.654
103.67
96.6184
104.422
96.1261
92.4642
95.2381
87.7116
95.5703
107.625
98.1258
99.3739
105.613
102.307
107.078
98.2511
94.8767
108.554
109.517
102.738
104.899
107.101
106.056
104.998
102.124
95.0119
89.924
92.0556
96.5158
99.1424
106.389
108.595
92.0217
95.1837
104.613
99.5619
94.4287
79.8339
88.6211
109.2
85.4591
78.183
93.4405
95.1565
80.3471
75.8553
77.4683
77.1516
90.7729
99.6115
94.1841
103.81
110.406
109.812
102.907
92.4727
93.7207
102.485
98.9756
99.2851
104.635
108.542
108.307
99.4332
99.8353
101.823
101.719
94.3396
93.5585
101.911
101.59
95.0029
96.5997
107.956
112.499
109.709
101.828
102.176
105.141
100.654
92.8764
95.6984
102.727
103.429
102.239
97.2195
99.6661
95.8727
79.6622
81.4034
96.2418
99.3641
105.114
105.938
99.7855
101.755
95.6434
91.0539
96.0938
105.103
101.554
96.581
106.366
108.26
104.537
99.0933
102.902
109.878
91.6338
92.2126
101.071
99.5818
108.085
104.504
98.9315
106.417
107.504
98.0056
103.525
107.986
104.123
104.707
98.3429
98.1643
108.102
100.326
95.7992
104.172
109.842
109.319
99.6661
93.4448
93.3838
97.7708
98.4349
98.3961
103.183
107.089
106.98
98.6972
99.8353
103.654
97.2526
96.4785
105.574
108.202
103.22
101
103.632
107.753
101.549
92.6784
86.2887
88.5975
101.781
100.558
97.0544
105.803
108.69
96.6978
97.9768
109.775
106.621
109.818
103.74
99.3295
107.244
102.664
102.265
112.252
114.338
113.045
96.446
90.81
97.1487
86.6814
88.7627
104.395
104.417
108.278
104.4
91.1328
96.5204
107.585
100.07
89.8029
98.6388
104.341
97.8234
92.1871
95.0751
107.939
105.921
109.111
102.712
90.1835
100.771
90.9215
83.5143
94.6432
90.9504
84.4309
89.3815
98.4252
100.974
100.125
102.944
106.084
99.0688
100.817
106.9
111.445
113.289
108.536
102.875
97.4421
98.3574
101.864
98.3332
98.0633
103.37
107.411
102.082
104.428
107.759
102.907
100.614
101.015
105.081
104.696
106.118
97.7613
97.229
112.347
100.165
90.4895
98.6826
104.613
102.098
94.2196
99.8752
88.7469
83.3576
93.3925
91.7305
94.069
96.3113
88.8218
88.523
100.18
86.479
81.0077
92.3702
89.2538
78.6194
75.429
77.685
82.6617
90.9008
104.286
106.581
97.2479
100.1
105.927
105.07
102.01
100.939
101.714
108.114
102.396
95.1022
96.9791
97.1817
96.4646
90.2323
90.1795
96.9321
93.4579
90.7894
103.648
111.688
90.5469
83.7521
102.496
108.974
99.6314
95.7258
97.4659
105.048
100.913
100.402
105.108
95.0435
95.1068
93.4885
91.3868
99.6562
103.751
98.8484
97.7899
107.204
109.709
109.111
100.326
97.144
103.279
100.241
96.7726
101.543
108.202
111.352
104.564
105.235
105.585
96.3716
92.9368
93.8703
97.078
102.987
110.988
104.471
100.306
106.576
100.847
98.1306
109.272
113.54
108.225
102.459
100.286
102.812
108.407
97.8522
91.3743
98.3623
105.803
94.8362
81.0964
90.1754
104.75
101.066
97.3141
105.68
108.231
106.4
103.67
100.07
101.358
94.9037
97.4516
104.998
109.745
114.273
104.624
101.158
102.527
100.903
90.2364
95.6709
105.949
100.15
102.015
99.557
100.852
106.389
98.6485
94.8677
105.407
109.194
95.7763
92.8548
103.686
110.546
110.406
109.123
102.585
99.681
110.096
98.8142
83.212
84.7601
99.7954
93.8923
88.1407
104.499
102.354
99.6066
93.8835
95.9969
109.613
100.786
101.704
110.229
106.276
107.875
107.573
101.076
105.831
103.648
86.4304
90.1469
106.377
104.761
105.608
101.451
99.7258
103.869
101.559
98.7654
100.695
108.962
109.523
101.23
104.833
105.252
103.74
105.252
103.659
103.141
105.164
107.562
92.3745
89.3575
102.801
100.614
94.9803
101.89
105.485
102.401
99.6214
100.316
105.147
109.926
102.902
97.8952
104.586
107.061
98.3671
80.7037
87.1764
99.3986
83.2848
73.5051
80.551
88.9086
88.0204
89.4534
82.1254
83.2605
83.6155
83.9877
86.2366
88.1601
91.4913
96.2464
94.7867
96.7071
104.123
99.6016
101.755
96.857
94.7015
102.302
100.578
96.4692
106.061
108.731
103.584
102.208
98.3043
100.888
97.6563
99.295
104.926
101.036
105.385
96.7586
90.7565
101.528
107.846
88.625
79.4723
94.8047
101.245
98.6923
93.791
97.3047
106.293
100.578
107.043
109.625
98.6582
98.9658
100.604
96.9415
99.0835
99.6512
99.1326
103.3
102.997
98.3865
94.8992
94.3975
100.781
103.686
95.8451
99.0393
106.264
102.129
99.6165
97.7708
99.686
106.326
101.984
98.4591
104.188
108.407
109.117
96.8851
97.8186
105.899
100.07
101.143
100.407
101.41
107.759
109.577
94.7149
94.8182
106.253
98.7313
103.616
98.4204
96.3206
107.585
102.564
97.5848
100.857
100.766
98.2608
103.316
104.745
104.981
94.0424
93.3315
106.918
104.199
97.4516
100.462
106.615
105.541
109.547
106.963
103.718
104.981
102.743
96.1816
101.9
110.76
104.362
98.1595
96.9509
98.8484
97.0026
95.0616
87.3362
87.943
100.452
103.194
99.2408
102.036
104.581
98.3574
96.4599
104.827
110.895
97.3331
90.8802
98.1065
103.923
90.7812
87.2791
99.0148
90.4855
89.067
93.7295
94.7373
99.1326
98.9952
102.844
105.02
101.538
103.013
99.6214
97.4327
108.719
107.579
94.0292
99.985
108.225
106.866
109.469
98.8093
92.898
98.0921
100.746
96.8617
99.7009
106.18
106.406
98.2367
96.6837
106.445
99.94
101.968
101.735
98.02
109.794
104.756
94.2241
98.1595
109.963
100.528
92.2296
98.2174
101.574
105.502
100.326
101.415
106.61
96.6744
99.1768
106.781
106.005
111.08
103.983
99.1719
108.12
109.164
100.226
100.462
108.472
105.396
108.826
103.167
89.2698
80.2246
80.8146
89.7183
90.9091
89.0313
87.222
88.4408
91.0539
82.3825
81.215
90.42
102.738
93.8747
88.2768
92.7988
90.0779
85.8074
87.8426
91.5081
93.471
98.3236
95.8359
102.669
106.889
100.873
99.2901
105.324
108.366
98.43
95.2245
102.02
104.411
108.643
95.9417
91.1951
102.307
105.602
97.4089
93.2836
97.4754
95.0164
95.3289
99.97
107.032
101.153
92.6012
100.437
103.939
101.973
97.4184
100.02
108.19
112.537
115.327
104.015
106.496
110.138
105.037
103.638
98.2898
101.374
102.59
104.053
90.1266
85.11
99.8851
102.046
98.5416
98.0825
103.885
102.712
98.5561
107.406
110.932
102.255
102.749
103.504
100.878
108.085
113.141
99.3591
100.791
101.968
88.3705
89.823
100.276
102.171
97.0591
95.7579
96.9979
99.5917
93.4885
94.8902
106.276
107.227
111.056
104.811
99.3739
102.527
98.1402
97.2479
102.865
107.881
101.854
98.8924
95.6801
95.7304
103.003
94.8317
95.5932
103.734
103.332
106.101
99.3345
99.6165
105.591
97.281
100.005
107.129
103.295
101.642
102.291
105.988
107.365
100.985
93.1099
96.14
101.776
90.3057
86.1104
95.2472
104.712
108.643
103.848
95.735
93.8879
94.0026
100.442
103.13
100.321
104.608
107.233
104.75
105.219
109.123
108.95
107.492
92.5241
89.9766
98.9756
98.0152
100.913
104.373
105.53
109.667
101.42
99.1129
110.816
99.226
92.43
106.872
110.333
105.335
103.627
103.875
105.988
110.662
104.515
95.6526
105.048
100.781
95.3562
100.523
101
102.902
100.959
102.062
105.424
106.304
108.772
109.908
92.1871
93.8615
108.974
98.6193
99.2211
106.016
108.513
109.782
102.606
96.1585
102.822
93.3489
83.0944
91.7389
105.219
111.142
95.8819
90.3587
90.9794
85.2733
83.1186
79.0576
81.666
83.8118
86.192
99.226
98.7703
75.8553
73.8089
91.3868
85.9771
73.2038
82.2774
93.6023
94.7688
105.597
104.205
93.2923
94.0424
101.507
103.151
106.112
106.593
106.445
109.667
100.075
89.9847
92.7558
99.1818
100.331
80.9618
79.5893
100.533
103.375
90.5305
94.2507
108.29
104.439
98.6096
104.624
108.05
95.8727
96.6697
101.926
99.0344
108.237
101.958
94.6477
92.8591
97.2148
108.044
97.8761
101.984
107.811
102.407
104.357
102.685
106.423
113.766
111.259
95.5292
98.0488
107.302
101.015
107.388
100.98
98.1933
107.158
104.324
94.7733
90.2079
90.4323
92.6655
100.503
102.433
105.053
102.449
103.322
107.285
102.375
95.3289
96.0984
105.826
105.787
108.938
104.351
96.1538
103.546
96.5158
93.1532
102.685
105.014
108.684
99.1522
98.9022
102.696
101.189
98.8387
95.9463
102.03
106.969
108.921
89.0512
89.1424
111.495
105.972
100.055
105.569
106.826
103.268
100.857
97.8522
101.092
101.704
92.8462
95.7167
105.009
108.366
94.7912
87.8117
103.375
99.4975
92.6484
102.041
109.242
110.852
105.324
97.6658
97.2905
106.701
99.0589
88.3548
92.1489
93.3141
94.0071
90.1348
91.84
103.008
103.934
101.538
101.225
98.1258
97.7469
95.3289
94.8767
105.53
100.296
96.5298
105.775
107.527
110.09
100.878
91.4578
93.8659
100.949
93.7954
91.2784
104.657
105.457
105.519
94.8002
96.2371
101.338
97.3947
107.817
108.336
105.697
106.016
100.74
103.066
110.668
107.956
102.754
108.336
100.02
96.0154
99.0393
92.115
96.9133
91.462
79.2833
78.1708
83.4098
90.8719
86.1326
80.4991
84.2886
83.9525
82.9566
84.5916
84.5988
83.9208
76.6665
76.6254
76.8699
84.3562
103.934
104.998
100.311
97.0026
100.939
100.356
101.271
97.281
97.2999
110.785
103.681
97.5991
104.586
106.213
100.361
105.535
109.975
101.916
95.6938
90.3302
92.1871
99.0589
102.046
100.715
101.036
108.36
104.987
93.5104
98.9707
102.559
100.791
90.2772
88.3041
101.564
99.2063
97.4801
95.9279
96.5391
100.402
103.284
93.769
89.0948
94.509
102.062
98.3961
94.9623
108.278
101.153
92.829
99.5669
109.481
108.056
94.8137
98.6729
111.844
107.066
104.27
101.502
102.865
104.357
99.5372
90.6947
94.5314
105.097
95.2426
95.6709
109.661
109.254
101.528
101.869
106.695
111.645
103.999
97.7947
101.595
105.003
109.523
108.938
100.619
97.7947
103.066
101.066
92.816
92.5412
92.7472
101.849
103.616
97.6992
105.147
101.338
98.6242
105.647
107.852
105.136
102.025
105.983
109.999
109.331
102.617
99.98
109.063
109.349
102.78
86.3148
89.7344
106.769
92.816
94.3085
108.784
109.842
111.025
101.225
96.5018
105.972
105.652
96.1169
100.72
107.701
108.172
108.149
102.344
101.343
103.579
98.6388
91.1328
93.5454
106.44
103.912
92.7687
95.584
103.194
95.5429
89.067
96.8664
103.563
97.3852
89.9807
99.8552
107.706
102.638
105.781
102.617
95.5384
95.0842
88.8257
86.6514
98.1932
105.457
94.9262
87.5312
95.3834
104.058
103.977
97.8953
98.6485
106.98
97.4421
95.0887
103.632
106.969
111.719
99.6711
92.5712
97.8665
95.4199
97.4896
104.112
109.475
106.872
98.8289
97.9624
103.961
104.085
92.773
100.18
108.566
107.239
107.239
98.1643
97.4184
106.809
101.662
98.1981
101.792
102.971
97.9288
87.8773
98.1114
106.315
94.3752
100.351
104.351
100.457
109.039
105.208
93.5148
92.9282
104.406
102.317
89.1107
78.4929
86.479
96.8382
84.5809
79.4313
77.7363
80.5737
85.848
83.3403
81.8733
85.8775
92.4129
87.558
81.1359
93.9629
107.481
102.077
96.6044
97.9336
99.8652
97.5419
95.8267
94.2329
88.6368
90.6454
87.9546
88.347
99.99
98.6826
94.9397
97.4469
99.557
97.4421
93.8835
93.9055
101.735
105.921
100.822
104.319
102.119
96.5764
101.415
101.25
97.4232
88.6957
94.7015
103.119
100.286
106.101
100.791
97.0309
100.291
105.608
99.4678
97.2763
109.17
109.421
107.221
100.215
96.2232
101.812
102.338
101.23
101.89
98.4446
104.058
104.037
97.8617
103.178
107.677
99.2901
97.9144
106.27
107.423
109.938
102.738
98.0969
107.747
100.281
94.4376
105.296
109.625
107.429
102.934
100.422
95.0977
89.1424
95.9417
101.138
97.7374
105.308
108.992
98.9511
99.7009
104.482
93.4056
92.081
102.182
106.633
107.118
96.1816
95.1973
104.992
99.7705
98.3043
99.3739
96.7445
103.794
97.9144
91.9202
102.512
98.0488
93.576
100.939
109.033
107.239
95.1068
99.3246
97.3141
93.5629
98.174
100.185
104.188
103.407
103.3
97.3094
91.2367
93.4318
91.1826
88.2301
96.623
101.404
96.637
90.2975
94.594
109.117
111.682
105.391
105.558
101.807
102.297
100.99
98.0392
103.702
106.095
104.992
100.649
101.333
98.7557
99.7855
99.8702
100.291
106.281
99.3345
100.08
104.86
105.647
110.773
102.939
102.433
109.319
104.254
96.796
99.8552
107.325
106.918
107.648
101.482
96.0476
99.2999
96.0246
87.1726
88.3665
98.9854
106.998
99.8104
102.485
104.679
94.4599
91.7515
90.6618
85.1716
82.8397
83.2674
84.3348
90.6208
85.6311
81.0603
83.4864
79.9936
73.4835
81.9504
81.3438
77.7303
91.3576
95.5247
97.4754
92.8333
95.2744
101.58
99.0491
102.312
103.783
104.14
108.237
