9.28091
177.588
201.106
208.899
213.698
246.914
225.073
210.504
210.881
228.754
225.836
203.562
168.308
170.054
234.852
223.189
217.628
194.043
154.119
187.564
257.798
230.707
227.894
250.25
222.891
228.676
249.47
252.016
260.79
252.781
251.604
250.878
251.889
263.4
264.866
214.777
195.944
190.621
167.35
188.484
161.629
145.815
131.952
121.352
105.108
93.0536
145.476
237.192
195.255
159.91
152.126
165.358
193.555
185.322
193.573
216.732
225.581
183.537
169.047
180.489
171.659
137.845
154.619
184.809
161.538
178.508
188.395
222.717
267.881
204.897
185.391
244.051
219.587
224.947
252.685
198.57
201.898
262.916
268.998
263.817
269.614
254.033
240.298
137.931
114.91
177.179
267.165
23.182
22.9993
191.81
197.375
241.926
230.574
244.021
234.302
184.945
190.767
145.73
146.606
253.872
204.29
201.918
261.267
221.117
226.398
258.198
221.558
228.389
254.518
257.798
258.164
257.003
224.618
190.331
219.346
268.817
178.635
177.541
280.662
209.974
196.021
208.659
158.391
188.306
288.684
279.33
274.01
290.529
295.989
276.74
281.968
269.724
264.026
273.336
266.489
287.977
306.466
267.415
236.518
255.787
253.004
246.792
265.957
282.446
297.619
281.452
272.851
282.725
275.938
270.416
279.447
288.559
282.008
209.666
208.052
272.22
247.341
250.784
278.901
277.778
241.313
207.211
220.58
211.528
229.516
272.926
218.675
230.176
293.169
295.029
235.045
219.491
252.876
216.52
217.557
262.467
271.702
234.659
234.907
284.779
266.17
255.885
216.567
219.756
243.992
246.124
286.164
240.067
232.126
272.368
284.819
272.442
259.269
279.838
222.965
204.061
256.443
280.387
251.036
244.349
255.46
267.023
237.332
230.68
271.739
247.372
243.605
267.989
284.616
263.992
259
281.69
277.008
251.477
257.202
249.875
233.046
228.05
217.746
242.277
236.602
241.429
261.131
213.151
225.454
289.603
300.3
246.154
236.183
277.662
270.49
252.398
260.213
282.845
282.486
261.165
225.124
230.521
232.585
239.722
252.016
230.176
247.678
274.499
226.732
199.601
234.797
268.492
263.4
269.469
289.059
293.298
265.393
258.131
281.928
284.86
224.845
202.593
251.351
273.785
255.33
269.215
278.629
247.801
247.954
230.601
205.402
226.219
231.481
203.645
215.216
262.295
280.702
271.592
262.64
246.184
239.349
225.073
239.006
274.612
237.925
229.305
262.433
283.046
258.532
223.589
239.349
240.096
232.288
266.773
275.179
255.069
242.895
266.489
275.065
234.714
244.409
272.294
219.587
222.519
278.629
292.869
243.843
240.674
268.312
246.822
180.93
168.053
195.618
221.337
256.509
242.424
237.276
225.505
228.676
241.896
244.888
198.472
195.351
259.135
262.364
223.264
235.433
265.64
226.989
226.937
261.814
269.76
241.284
240.79
262.467
269.251
249.657
224.417
248.293
252.016
243.813
235.988
228.519
226.706
234.742
272.628
225.327
212.45
257.732
226.809
220.872
258.031
261.78
254.227
263.331
288.892
291.928
284.293
267.201
273.673
287.398
265.076
216.146
209.93
227.531
250.282
282.765
283.768
252.111
245.308
243.132
202.02
226.04
282.207
288.309
243.161
224.593
270.453
260.586
256.443
288.767
270.416
243.576
217.273
238.892
281.889
247.311
246.245
277.239
259.269
250.47
239.55
245.339
238.72
233.318
275.52
262.881
249.969
248.385
257.599
267.809
256.706
267.237
283.086
241.488
243.992
286.328
269.687
253.389
262.847
287.728
275.255
261.506
241.926
245.098
248.54
248.324
260.96
263.296
251.477
258.565
293.212
250.564
223.814
251.13
227.066
166.223
182.166
224.77
225.124
254.972
279.525
253.582
213.197
222.618
171.541
156.104
197.531
233.727
270.27
267.702
251.984
225.276
185.202
179.163
198.768
194.628
207.792
246.64
270.893
193.013
182.166
234.219
191.828
182.782
232.423
207.447
211.394
236.714
197.589
163.921
175.685
222.025
223.414
203.77
197.589
189.789
169.42
176.882
197.57
188.111
214.684
233.59
204.123
231.616
217.699
164.989
189.466
267.415
241.342
237.051
266.205
256.312
251.889
267.272
221.631
201.309
242.512
278.746
259
253.968
278.435
286
256.871
257.4
289.645
289.561
245.158
239.063
277.894
288.226
250
246.457
194.42
183.587
258.131
258.031
251.541
244.081
252.781
283.366
249.501
242.63
249.19
253.1
264.515
212.112
199.661
194.685
206.569
256.312
229.516
241.458
291.673
281.928
236.967
237.107
262.847
232.992
237.501
274.461
279.877
249.221
253.872
293.255
298.507
240.703
235.877
260.213
204.248
218.245
289.939
297.044
267.094
264.62
272.48
264.131
261.267
234.687
203.77
198.551
242.424
295.159
248.077
239.177
224.921
229.41
245.519
244.499
241.371
194.269
222.99
255.624
222.692
242.895
257.666
206.356
202.45
257.998
273.598
252.08
250.878
267.881
284.333
246.548
219.13
229.41
217.581
231.348
237.164
211.461
236.239
274.612
282.366
264.795
259.841
279.252
242.866
205.065
235.128
289.939
263.574
253.872
273.224
271.555
254.842
259.943
283.93
284.576
268.781
230.947
225.989
232.612
248.108
283.286
289.185
248.324
245.881
238.095
213.675
234.494
250.815
250.313
232.261
250.219
289.981
273
229.016
231.616
255.689
230.362
227.273
256.871
254.647
248.571
269.143
277.393
248.047
249.844
220.264
206.954
249.532
265.076
275.71
251.953
247.617
252.557
257.334
266.916
267.094
263.887
208.681
209.644
268.853
287.687
254.485
238.464
265.111
279.642
234.137
226.372
268.348
244.32
223.564
243.694
263.713
270.27
277.2
286.164
252.08
246.457
279.916
244.29
193.986
214.018
277.393
241.458
240.674
285.185
280.112
194.894
185.908
257.5
226.655
226.578
259.808
241.546
252.366
278.203
289.226
265.146
243.161
265.076
243.992
216.896
247.372
274.537
247.464
235.488
259.943
278.94
224.947
222.841
267.523
256.608
246.609
260.586
286.533
246.975
247.617
293.902
289.645
267.237
261.917
240.558
235.405
248.324
264.026
293.988
256.345
244.32
241.78
218.579
226.27
258.198
283.366
241.546
237.671
281.096
257.533
239.636
247.617
241.342
238.607
237.954
255.493
287.935
231.401
206.228
247.954
264.76
256.937
274.16
238.806
224.669
266.987
289.603
293.298
254.033
239.378
262.778
261.404
268.061
280.662
242.601
207.189
219.178
260.892
272.702
265.041
279.096
281.809
273.748
269.034
214.087
213.721
233.672
240.877
285.185
271.444
245.038
252.239
275.748
267.13
252.239
233.236
224.14
231.508
254.874
259.034
239.751
259.943
283.286
221.288
193.461
216.38
205.571
208.638
242.954
251.572
227.505
237.982
277.662
224.972
221.877
244.678
205.867
210.926
262.95
292.312
248.324
240.761
273.149
280.505
260.722
219.611
210.327
211.752
238.834
287.894
286.246
255.591
229.674
225.276
223.939
237.925
233.454
207.297
223.839
266.845
285.633
255.754
251.984
283.97
264.831
227.609
243.279
287.109
260.044
241.342
266.596
281.492
259.403
234.082
236.798
235.073
227.557
213.038
226.219
200.582
198.946
254.227
222.37
231.348
245.399
205.613
219.539
278.784
284.414
258.766
263.644
262.674
251.319
266.347
274.386
280.191
259.774
210.371
203.542
226.757
243.339
271.961
287.026
244.32
241.051
240.906
229.279
248.88
252.876
267.559
250.376
251.036
286.985
284.576
257.632
249.314
242.336
237.982
221.877
229.595
272.146
236.911
235.239
269.76
244.051
237.417
226.783
234.659
210.283
205.613
252.493
227.273
234.357
269.614
268.817
262.123
261.54
258.967
210.837
211.461
271.003
276.625
251.288
255.004
281.889
261.746
225.938
229.806
262.123
247.311
252.111
286.903
269.942
251.099
264.901
264.515
254.615
276.817
288.309
228.493
192.012
229.253
285.063
254.55
251.984
263.817
265.358
240.067
235.045
277.585
270.234
245.549
257.765
267.165
243.161
252.493
274.801
279.252
250.407
230.867
215.657
210.438
247.066
249.781
213.22
229.095
262.916
270.453
221.263
222.618
269.906
263.817
263.158
266.56
287.853
258.933
255.069
280.308
269.942
258.598
227.739
200.864
207.663
241.75
279.72
273.823
185.96
183.184
230.044
212.427
203.087
191.644
215.494
263.957
243.191
197.726
197.006
239.464
222.568
187.582
195.637
205.023
211.842
236.602
238.18
230.814
165.934
163.066
213.015
214.592
185.874
184.672
213.311
203.169
217.014
186.741
183.402
220.434
190.422
203.231
210.349
200.723
187.917
200.501
230.68
208.638
233.399
244.379
245.58
225.53
184.4
191.663
243.665
201.268
203.19
265.287
253.807
258.699
264.41
272.109
229.121
231.508
282.765
281.175
252.175
253.485
281.809
282.087
252.398
247.924
276.932
234.219
220.677
223.964
218.364
219.877
240.01
256.115
223.539
242.219
283.126
175.546
160.694
224.568
218.364
233.182
270.746
266.134
244.559
222.742
233.454
223.115
201.552
225.225
241.517
256.838
272.183
279.564
253.743
244.738
265.922
241.051
243.605
271.961
276.778
253.421
246.64
271.739
227.713
217.202
266.134
266.383
251.414
229.832
239.751
255.984
230.521
242.248
274.99
255.297
248.262
266.738
252.94
222.37
237.304
281.017
258.298
223.539
226.372
214.362
210.371
236.518
225.378
198.275
223.015
281.889
252.43
237.784
265.146
274.763
253.711
260.044
245.64
231.16
261.131
275.482
282.885
275.558
274.01
289.226
267.487
248.416
265.217
282.326
278.396
229.148
228.833
286.205
261.438
237.84
260.281
277.778
256.049
212.427
226.142
281.254
272.257
269.578
276.243
255.037
246.548
266.454
284.576
269.978
260.892
277.469
250.784
237.925
239.779
250.595
268.528
244.648
257.998
265.745
213.015
197.044
228.284
214.454
214.8
269.433
280.662
254.939
260.926
265.993
251.036
265.534
271.924
239.722
213.584
243.813
286.041
272.257
244.588
232.18
254.842
231.616
233.781
285.673
290.824
235.018
224.669
253.968
242.689
259.977
276.472
284.535
259.639
249.938
239.837
238.18
247.066
236.798
265.182
251.193
249.128
277.008
225.251
213.174
246.124
265.322
251.604
234.219
244.738
224.165
231.616
276.778
287.315
248.633
210.438
235.294
244.439
220.994
247.158
283.648
246.214
225.759
228.859
215.773
231.535
269.505
261.746
234.11
252.685
288.976
293.858
263.089
265.006
297.354
276.702
228.702
221.533
257.832
244.349
238.607
269.505
266.88
253.261
215.82
227.015
246.033
238.663
271.998
277.469
246.366
250.595
277.008
256.148
255.395
258.398
233.754
237.586
272.035
292.997
297.619
238.237
211.349
244.439
224.618
202.696
238.493
216.802
215.54
276.434
288.725
257.102
235.571
261.643
268.132
227.972
234.384
240.674
219.998
236.658
268.456
259.168
258.031
287.398
275.596
251.036
225.632
240.038
282.885
237.501
236.995
284.252
255.722
255.558
277.316
246.275
205.825
216.661
229.806
213.675
242.512
271.26
252.366
247.893
269.796
271.813
181.951
166.085
229.226
250.784
230.388
242.954
257.5
196.522
200.823
250.344
237.389
208.943
224.366
241.08
238.949
280.82
244.111
237.22
269.942
260.858
244.141
256.674
285.144
287.026
250.031
240.096
265.076
217.415
207.039
231.134
225.454
211.909
229.463
239.751
225.785
261.404
280.584
247.647
250.031
237.982
233.809
250.658
261.37
291.46
268.24
256.18
257.632
271.813
277.932
273.373
282.566
257.965
229.016
231.83
266.809
296.56
253.872
219.154
245.912
240.703
172.161
186.498
224.997
209.842
250.407
254.55
250.25
278.862
257.865
245.248
268.312
276.129
215.054
215.262
276.472
267.344
235.905
252.334
285.633
274.236
238.521
234.137
273.448
280.584
266.916
262.055
262.433
238.493
248.201
292.227
295.596
279.838
273.224
284.374
212.947
204.939
271.887
286.615
242.748
239.722
284.86
293.083
231.589
206.548
248.447
254.874
244.32
250.501
254.291
246.548
256.706
251.036
227.972
250.689
249.035
193.293
199.7
268.42
288.475
260.451
249.844
272.777
288.892
236.77
208.877
185.908
165.085
203.583
241.4
226.886
253.036
285.307
215.262
178.285
191.498
189.143
201.248
227.402
206.122
172.966
171.38
207.857
239.492
207.533
190.585
209.402
192.234
200.985
231.241
204.708
188.982
205.381
204.186
204.311
201.268
171.999
160.836
186.567
234.769
261.097
267.559
236.714
242.984
273.56
281.889
252.621
244.141
270.783
219.082
216.638
260.18
262.329
252.43
257.202
287.894
284.657
268.565
218.794
219.13
241.663
249.439
284.941
287.977
248.54
241.896
275.786
283.889
271.26
252.111
218.818
212.112
255.135
297.354
291.375
254.227
231.107
244.738
261.746
234.549
242.836
269.179
236.239
249.19
292.227
289.603
219.611
208.268
253.165
209.556
208.507
243.339
223.239
224.997
254.972
275.634
258.465
251.921
241.692
219.01
197.589
221.828
242.424
230.097
