9.0225
126.534
131.97
129.216
122.609
104.537
89.9645
87.2943
103.37
113.404
106.633
117.144
104.313
82.3791
85.5725
94.3975
69.6306
80.7722
72.5189
70.5891
127.575
46.3747
44.482
77.2499
69.7642
90.7606
116.747
137.608
75.3438
55.5001
69.2833
85.1607
103.902
123.503
131.909
117.689
81.88
88.6564
118.899
97.8857
103.751
133.12
132.406
24.7295
25.0078
146.103
148.5
150.841
140.115
137.732
147.08
144.707
142.888
126.024
123.862
134.49
138.629
149.198
141.533
140.548
130.48
130.31
145.709
147.71
131.752
123.122
124.681
124.665
114.175
123.877
112.435
104.471
120.062
114.045
120.034
121.095
124.899
132.31
124.977
131.268
123.282
107.296
110.92
119.019
111.086
104.123
122.979
136.435
138.937
145.932
143.472
123.862
127.575
130.753
128.667
131.285
130.693
140.568
135.86
129.416
131.441
133.067
124.789
134.454
139.606
139.567
130.412
129.752
136.547
135.943
135.483
138.562
136.509
133.914
137.306
139.237
141.543
131.778
122.542
130.693
127.836
119.76
125.802
120.062
121.558
129.333
139.072
139.626
134.102
115.181
112.797
138.112
127.527
128.866
126.662
126.678
140.095
140.095
140.479
134.834
135.593
137.561
139.636
131.874
129.592
120.831
126.08
127.429
125.4
123.724
119.71
129.963
139.421
137.09
131.744
140.984
123.464
121.036
138.447
139.723
132.82
125.494
127.812
139.189
138.841
141.223
148.588
132.144
127.763
137.855
141.074
137.24
125.219
132.301
134.626
131.752
132.961
133.967
141.985
136.733
132.547
137.146
132.336
117.481
128.816
136.752
139.15
149.689
144.917
141.074
133.833
128.222
132.97
140.361
142.207
126.008
126.462
137.533
139.043
135.144
131.83
126.478
128.617
131.225
122.003
119.46
119.553
137.542
142.643
136.249
136.649
136.073
131.761
132.732
136.808
139.743
127.689
125.644
134.183
132.336
137.344
146.028
144.165
119.083
120.839
131.225
137.325
124.231
117.075
129.693
137.155
132.961
134.535
139.451
130.719
133.869
143.926
143.369
124.875
131.406
138.754
133.2
138.351
145.985
125.581
122.526
131.191
137.137
142.969
125.235
124.688
137.798
131.813
127.796
135.621
102.386
103.643
129.761
137.542
142.278
121.78
112.013
121.492
143.359
132.328
131.225
128.518
126.574
127.747
128.139
142.379
144.613
142.878
137.893
138.677
138.236
139.509
147.831
123.343
120.671
121.677
108.643
117.883
120.831
133.342
132.556
130.174
137.306
125.423
127.041
136.175
138.026
130.736
133.2
138.274
142.268
145.964
135.897
134.228
128.156
125.008
136.11
141.273
144.446
133.761
130.157
139.733
127.47
127.853
145.043
135.658
121.426
125.266
132.38
135.916
124.262
128.23
142.714
145.56
146.724
139.218
139.821
123.426
117.606
135.336
142.126
130.022
111.913
104.778
120.773
145.043
134.345
112.918
106.969
108.826
107.73
111.47
108.319
99.8403
115.848
132.17
113.116
115.247
116.083
116.734
114.764
119.161
137.903
140.479
148.324
146.413
138.619
124.463
127.291
134.662
142.086
145.571
135.704
139.587
136.333
132.258
135.391
130.685
124.867
126.239
140.174
142.806
141.703
138.303
140.459
141.824
140.036
148.478
134.4
125.992
137.883
134.354
136.045
146.638
135.805
129.592
138.744
141.074
136.724
140.105
130.047
120.192
129.542
139.997
138.36
108.225
86.3931
102.391
138.571
133.005
128.098
121.308
126.398
135.86
133.86
136.156
139.948
143.462
136.883
138.456
133.307
129.124
122.145
129.938
142.653
141.084
137.874
128.452
128.609
140.056
143.534
139.723
140.213
129.525
109.806
120.482
139.295
127.041
128.617
119.14
124.193
141.363
139.053
138.188
131.7
129.845
135.345
139.655
139.014
127.494
132.013
147.765
148.743
142.086
129.676
119.61
129.634
140.855
123.854
118.878
117.661
132.004
132.652
132.144
139.14
135.547
131.657
130.48
133.218
130.591
130.081
125.188
130.327
137.826
147.156
151.229
140.706
129.828
136.593
147.059
131.718
129.207
136.091
135.584
137.542
131.935
135.089
142.918
132.74
119.717
127.033
139.189
141.583
131.441
131.027
134.391
136.958
144.03
126.39
131.346
134.12
131.83
136.649
139.46
132.82
133.941
143.75
131.614
131.83
142.613
138.581
126.446
129.786
136.79
104.553
96.5251
124
136.463
137.485
140.568
132.109
126.35
140.174
143.647
143.658
140.607
130.047
129.383
139.344
145.064
141.463
135.86
134.571
133.182
138.783
134.553
135.4
144.634
123.556
114.883
124.401
135.035
118.057
115.607
116.986
124.27
138.706
135.731
139.899
144.165
142.197
133.636
131.64
127.364
136.472
129.752
123.854
136.147
141.553
135.41
130.745
134.744
141.213
144.009
142.552
150.207
136.939
129.542
140.885
123.206
104.51
123.801
134.454
133.103
141.663
142.796
141.945
128.858
126.295
137.382
142.704
135.694
133.245
140.115
141.583
135.336
138.783
145.89
136.017
135.272
146.703
138.447
135.044
131.778
129.542
139.111
137.722
138.86
128.742
113.928
119.646
128.139
139.616
138.217
125.873
126.912
137.637
138.744
142.837
148.181
139.509
127.421
128.833
135.566
135.4
129.702
129.116
135.026
143.225
141.894
134.88
143.937
123.831
121.499
137.043
133.156
107.285
106.65
121.08
113.837
120.409
122.242
121.029
121.345
118.462
125.141
115.768
111.751
114.844
110.779
128.172
113.161
109.004
118.708
116.598
128.254
102.03
107.055
140.855
134.4
134.544
123.877
123.259
125.526
131.234
133.165
123.993
131.303
141.764
141.183
143.895
135.916
127.421
124.332
132.039
138.122
136.78
137.052
118.392
117.117
126.823
128.394
130.557
135.345
122.347
116.523
131.053
140.865
136.715
132.494
133.851
138.821
138.841
137.25
137.259
124.852
129.98
142.339
142.237
134.436
132.092
137.259
135.547
138.475
142.643
140.203
129.066
128.999
137.788
136.184
127.567
129.794
127.592
125.039
128.057
139.968
146.681
132.266
128.09
136.565
140.499
132.591
130.702
138.658
139.072
143.916
150.625
148.028
129.651
124.425
133.636
136.64
142.136
133.735
123.954
135.86
147.907
148.787
135.071
113.921
119.646
133.824
132.442
126.711
129.4
134.021
140.815
139.024
138.86
147.984
145.233
131.07
130.856
137.807
144.175
136.286
130.191
138.754
143.503
138.821
139.811
146.962
123.671
119.933
141.965
148.909
140.706
121.684
125.439
136.5
124.062
132.582
140.479
124.899
120.766
134.246
138.927
138.956
125.337
127.041
137.457
139.48
139.412
140.815
141.874
135.648
133.529
137.419
143.215
138.629
140.944
142.918
141.223
140.095
136.129
134.962
137.855
115.101
115.4
129.651
126.247
125.929
128.775
135.007
142.278
134.535
122.911
123.35
129.963
138.744
140.125
109.146
103.788
136.482
141.024
127.138
125.691
125.676
132.258
150.308
147.243
145.762
142.959
127.51
129.534
119.99
117.014
121.337
121.205
126.912
137.24
143.833
130.302
125.534
131.337
138.937
137.979
144.155
150.421
131.596
122.063
133.556
137.903
139.285
132.092
131.13
136.846
141.854
145.085
141.044
139.987
124.883
121.832
131.978
123.686
115.128
127.632
134.998
139.645
150.139
150.026
141.373
131.467
128.378
130.378
137.071
131.285
123.678
136.958
138.918
138.85
147.037
143.544
118.273
120.693
147.471
147.645
144.311
142.207
131.804
132.415
142.878
133.2
130.548
123.244
126.67
138.61
145.064
134.707
133.609
144.175
136.696
130.497
139.723
147.156
128.891
125.039
140.835
145.285
145.9
125.227
122.88
134.3
136.166
142.725
134.508
106.581
94.7867
102.791
110.223
113.347
114.679
102.675
99.4827
120.846
113.779
117.779
127.024
120.555
109.981
96.1677
104.205
122.362
134.436
115.4
111.782
134.626
131.735
134.553
129.517
114.574
126.127
129.492
134.102
137.25
125.227
124.525
137.429
135.907
134.093
129.769
119.432
131.996
134.273
124.37
124.821
122.205
122.145
140.292
140.311
140.578
142.908
142.096
129.634
129.191
134.998
130.031
126.863
111.222
122.88
137.807
127.885
123.778
133.833
142.167
137.071
135.694
140.519
141.483
140.41
140.637
138.408
141.074
132.24
129.567
139.87
142.959
145.433
144.051
143.875
128.858
130.899
138.918
138.821
133.726
120.496
129.786
128.766
124.085
125.739
131.839
129.308
131.363
128.634
131.251
134.3
122.317
132.767
144.113
142.035
137.969
144.134
131.596
127.567
138.552
136.911
128.824
129.929
132.988
136.24
142.878
139.792
139.567
125.762
121.065
127.146
128.966
115.267
119.603
138.017
143.184
143.978
144.802
148.588
116.252
107.962
129.87
141.683
134.382
127.097
130.582
138.026
146.671
148.5
149.544
142.98
140.046
142.602
145.328
148.335
126.542
122.617
143.082
143.092
132.873
134.898
115.888
117.343
137.202
136.668
135.272
128.131
127.763
139.714
137.287
128.684
128.222
126.92
133.833
138.956
128.008
125.778
134.553
133.618
135.538
141.874
149.254
131.113
126.799
125.29
127.853
142.47
132.328
97.5562
92.2892
124.977
136.277
131.079
130.54
123.069
127.943
144.509
139.577
129.182
130.421
136.771
144.342
138.783
133.236
131.917
127.91
126.968
138.112
146.52
133.502
132.793
145.317
142.339
128.883
120.795
122.526
126.295
134.608
141.253
139.88
146.21
131.363
128.916
141.343
148.5
144.352
142.969
145.18
131.432
135.336
143.123
140.667
130.022
125.196
141.533
142.837
141.543
150.41
146.167
135.236
137.533
143.575
133.601
130.779
135.704
125.612
130.455
138.889
136.435
137.76
139.694
125.047
127.698
142.146
136.435
122.617
121.411
132.048
133.494
145.741
131.562
122.956
120.904
120.89
131.208
110.011
108.595
129.618
124.301
122.82
128.329
112.511
113.733
126.08
115.533
118.022
120.569
134.363
145.317
141.093
138.802
131.467
129.174
132.529
138.055
116.673
104.575
109.673
122.093
123.236
107.061
114.403
127.943
132.67
141.583
147.449
130.54
130.149
123.785
112.24
124.339
128.675
135.135
129.542
132.837
145.37
146.595
132.275
133.797
137.118
135.108
142.379
134.021
129.433
127.275
132.345
140.944
140.885
125.227
116.306
117.433
127.853
133.36
123.327
105.731
103.003
125.149
133.351
136.166
133.574
132.952
141.784
143.082
136.491
134.102
133.672
137.58
135.621
134.825
142.908
130.659
126.263
134.472
138.265
139.87
144.718
136.444
129.777
132.083
134.935
136.463
118.029
115.507
138.198
134.898
126.016
132.231
141.784
126.687
126.518
142.796
134.916
130.608
134.907
140.4
139.034
143.133
139.558
139.295
139.344
129.634
132.258
140.282
127.421
122.903
138.169
146.692
141.034
137.25
135.345
111.719
113.001
129.282
130.098
121.102
127.771
138.783
139.733
141.483
135.263
142.197
129.803
122.257
139.005
145.858
128.337
126.598
144.467
140.056
133.449
140.489
140.706
130.736
134.291
140.4
132.275
126.799
111.204
120.576
141.253
141.894
138.956
140.076
131.917
126.255
131.268
138.514
139.655
128.394
131.285
140.617
142.328
142.389
144.342
128.222
130.064
140.085
136.902
138.427
132.135
123.571
133.726
145.285
141.443
141.904
127.008
123.625
133.316
129.082
137.099
130.302
132.485
144.009
140.036
147.689
145.975
131.692
124.891
126.759
137.174
146.875
147.091
126.574
109.577
126.518
145.709
137.836
128.23
122.011
122.933
139.987
141.733
132.74
126.614
124.031
133.654
132.943
129.634
136.295
128.791
119.517
135.41
141.563
127.445
126.366
136.528
139.958
144.207
144.645
142.714
132.083
133.761
139.46
138.533
146.886
133.156
130.727
138.744
140.341
136.528
136.705
145.836
115.26
105.407
129.041
130.081
131.156
132.679
134.391
141.673
146.081
140.756
127.584
125.731
138.552
143.627
141.243
134.762
132.837
136.715
133.005
135.667
143.823
143.978
136.818
133.941
127.82
128.025
109.475
113.443
133.014
137.96
142.005
139.597
145.064
137.08
129.735
137.76
143.421
124.262
118.21
128.066
143.349
153.01
149.689
150.263
142.837
140.568
138.831
134.075
136.027
111.944
116.523
143.4
139.567
136.286
128.858
121.788
104.188
112.429
132.153
115.26
105.524
105.519
124.448
123.396
102.875
113.804
118.085
122.078
115.26
108.861
125.77
125.125
133.458
112.816
101.245
120.366
139.344
137.845
128.924
119.739
112.543
131.441
137.391
124.316
124.899
120.999
123.335
141.024
145.773
110.114
105.014
129.988
139.958
127.812
126.119
125.235
120.2
134.689
139.334
144.227
147.351
135.501
136.138
146.242
138.255
133.941
130.276
125.636
117.096
123.115
134.635
126.414
130.659
138.821
142.177
145.879
146.886
140.875
133.085
139.402
140.056
139.218
127.146
123.993
142.939
139.315
142.45
145.89
141.864
117.123
121.168
143.041
133.932
121.847
128.18
123.289
124.17
130.005
119.097
137.608
129.634
124.339
140.164
146.039
132.231
133.618
