11.9818
260.01
358.102
609.942
644.33
722.805
822.707
845.666
876.808
882.223
843.882
864.678
864.678
803.859
744.602
798.403
973.236
980.873
966.184
978.474
966.651
890.076
884.956
925.069
914.913
762.777
598.265
654.022
796.178
778.513
833.681
765.99
768.64
893.256
892.061
936.768
344.768
321.337
713.776
728.863
762.195
617.284
598.802
350.447
342.818
600.06
631.912
798.403
603.318
617.475
842.105
668.226
340.02
316.606
529.661
680.504
723.327
680.967
570.451
500
644.953
896.861
809.717
804.505
286
243.132
246.822
130.242
114.718
205.044
614.817
465.008
445.633
773.694
900.09
902.527
898.473
920.387
791.766
702.494
659.196
480.307
538.213
823.384
840.689
872.22
865.052
815.994
820.681
892.857
912.409
842.105
630.716
605.51
697.837
779.12
919.54
894.055
866.927
877.963
903.342
487.924
302.252
405.433
756.43
533.049
512.033
647.878
720.721
893.655
904.568
844.951
817.661
865.052
887.311
880.669
878.735
859.107
838.223
849.979
847.099
821.693
812.678
775.494
784.314
862.441
883.783
892.857
916.17
909.504
873.362
880.282
919.963
908.265
879.121
834.028
828.157
879.507
920.387
925.069
881.834
868.81
884.564
887.705
893.256
899.685
931.099
946.074
896.861
882.223
870.701
860.215
881.446
807.428
741.565
694.927
755.572
850.34
844.238
862.069
823.723
806.777
814.664
834.376
861.698
892.061
912.825
917.852
935.891
910.332
899.685
925.069
849.979
788.955
841.751
817.661
802.246
849.257
825.423
799.68
800
797.13
826.105
852.878
832.986
851.789
878.349
882.223
874.891
863.931
216.053
208.377
731.529
801.603
817.996
842.105
835.073
863.931
922.084
956.023
962.001
968.054
916.17
850.702
862.441
855.432
720.202
730.193
848.536
865.052
872.6
808.407
739.645
786.782
860.585
832.639
827.13
877.578
913.659
919.963
930.665
939.85
965.251
963.391
958.773
968.992
949.217
876.808
792.393
830.91
935.016
968.054
986.68
1042.75
1113.59
1033.59
932.401
878.735
877.578
909.918
801.925
774.293
806.777
806.777
914.913
1056.52
1072.96
1081.08
1131.86
1114.21
1044.39
1025.12
1015.74
966.184
888.889
824.742
854.336
896.861
953.743
1029.87
1074.69
1121.08
1122.33
1111.11
1112.35
1072.39
1068.95
1087.55
888.494
797.448
833.681
855.798
899.685
917.852
925.069
928.936
945.18
975.134
1017.29
1080.5
1118.57
963.391
820.008
831.255
875.657
861.698
887.311
987.167
1056.52
1056.52
1005.53
902.12
913.242
961.076
912.409
839.983
684.228
629.723
777.605
942.063
922.509
935.016
945.626
928.505
865.426
853.242
910.332
736.106
574.053
680.504
949.668
985.707
1003.51
1019.37
876.808
849.979
888.889
749.906
750.188
842.105
815.328
823.045
911.162
968.054
999.001
1083.42
1108.65
1054.85
1082.84
1158.75
1123.6
1109.26
1071.81
785.855
720.721
896.459
1059.88
1101.32
1077.01
1095.29
1119.82
1106.81
946.074
853.971
930.665
1046.57
1043.84
698.812
702.988
1061.01
1103.75
1069.52
1075.27
835.771
762.195
968.054
1108.65
1131.86
1112.97
1102.54
800
584.283
709.723
1071.24
32.4317
32.3756
988.142
980.392
1042.21
1114.83
1037.88
915.751
968.992
1040.04
942.063
956.48
1085.19
1121.71
1124.23
1152.07
1163.47
1161.44
1160.09
1158.75
1171.65
1101.93
858.001
713.012
694.444
489.476
469.484
711.997
918.695
998.502
967.118
988.142
1009.59
463.177
424.268
711.238
708.215
800.32
953.289
1025.64
959.233
908.678
1008.57
961.076
625.587
594.001
889.284
1079.33
1059.32
1003.01
844.595
843.17
1003.51
1054.3
1018.33
978.473
895.656
825.423
789.889
766.284
882.613
1083.42
1165.5
1190.48
1134.43
1062.13
1090.51
1137.66
1030.93
869.943
660.502
649.562
783.699
730.727
786.164
988.631
1027.22
996.512
966.651
900.495
860.956
946.522
985.222
927.214
945.626
989.12
950.119
896.057
946.522
1006.04
973.71
874.508
845.309
913.242
916.59
463.822
439.657
812.018
899.281
930.233
982.801
978.474
822.707
826.446
1017.29
1040.04
975.61
878.735
750.469
788.333
971.345
1010.1
1042.21
1070.09
924.214
835.073
955.566
1121.7
1129.94
1050.97
869.565
775.194
835.422
990.589
1063.83
796.813
638.162
722.282
902.935
951.928
990.099
1045.48
758.15
625.978
745.434
467.399
483.209
1073.54
1184.83
1123.6
1093.49
1130.58
1161.44
1162.12
1071.24
961.538
983.284
1009.59
1003.01
971.817
938.967
995.025
1046.03
1049.32
1019.89
1028.81
895.656
814.001
696.379
758.15
1020.93
1027.75
1091.11
1070.09
1075.85
1103.14
896.861
843.882
1017.29
1092.9
509.424
485.555
962.927
1052.08
949.668
931.099
1080.5
1152.74
1164.14
1138.95
1136.36
1160.09
1158.75
1153.4
1116.69
741.565
613.685
775.795
977.04
1045.48
1058.76
1066.1
1086.96
1035.73
1001.5
1043.3
1085.78
1118.57
822.368
725.689
930.665
680.735
559.754
708.968
816.327
946.522
1124.23
1176.47
1173.02
1129.31
820.008
554.017
595.238
605.877
549.904
668.673
725.689
759.878
821.355
795.545
773.994
800.32
869.565
951.022
1029.34
1052.63
856.164
829.531
1029.87
1117.94
997.009
987.167
1061.57
939.85
712.504
746.269
996.512
1042.75
881.057
875.657
1027.75
1066.67
1046.03
1067.81
764.818
483.91
568.666
968.992
1085.19
1098.9
1069.52
1072.96
1073.54
1049.87
1023.02
1040.04
1123.6
1116.69
1085.19
1103.75
882.613
798.085
951.022
1019.37
981.354
962.464
1015.23
997.009
900.495
899.281
966.65
1042.21
1037.88
599.88
509.424
752.162
951.928
980.873
1024.59
1049.32
1015.74
971.345
913.242
944.287
1032.52
1003.01
737.463
695.41
889.68
1027.22
1025.64
980.392
1040.04
1068.95
1088.14
1026.69
982.318
1064.96
1117.94
1034.13
869.565
780.945
847.458
960.615
1032.52
1124.23
1081.67
1003.51
1025.64
1068.95
966.184
853.242
902.935
793.966
727.273
877.578
973.236
1014.2
1047.67
1026.69
838.223
778.816
870.322
942.507
1044.39
1038.96
857.633
783.392
740.741
819.336
1041.67
1053.74
1007.56
998.004
1031.46
1023.54
1022.49
1008.06
859.107
742.666
802.246
979.432
1097.69
1088.14
1000
917.431
916.17
991.08
1048.77
1027.75
1008.06
1011.12
631.114
555.247
803.536
914.495
830.22
866.551
1026.17
1060.45
1027.75
1016.78
1014.2
968.992
958.773
795.862
740.192
869.565
974.184
1075.27
1097.69
1058.2
1025.64
1069.52
1061.01
870.322
902.12
1123.6
1160.09
938.967
798.722
911.577
1084.01
1095.29
1025.12
1020.41
1034.66
864.304
780.031
877.963
962.464
1005.03
1020.41
908.265
858.369
945.18
1026.17
960.154
439.56
402.982
668.449
723.589
751.315
586.51
580.72
828.5
982.801
979.912
814.996
745.712
852.515
981.354
1011.12
1046.03
1040.04
966.65
895.656
823.723
863.931
940.734
1027.22
1067.24
1059.88
1031.99
1005.03
756.43
672.269
739.098
645.578
663.35
742.39
823.723
984.252
962.927
905.387
903.751
975.134
1047.12
1069.52
1103.14
807.428
717.875
906.208
1025.64
1019.89
1002
999.5
1013.17
1068.38
1089.32
1111.11
1121.08
993.542
877.193
769.527
801.603
982.318
1047.12
1033.59
1023.54
1068.38
1032.52
986.68
855.066
834.376
1021.45
1127.4
1100.72
865.426
865.052
1046.57
631.912
578.871
894.855
997.009
1033.59
1071.81
1058.76
1098.3
1068.95
931.966
643.294
565.611
772.797
1003.51
1019.37
1018.33
1048.22
974.184
903.751
941.176
994.53
1002
668.003
632.711
866.927
976.563
1058.76
1071.81
855.066
692.281
766.871
920.81
749.344
575.043
616.903
679.348
747.664
861.326
819.001
852.878
904.159
986.193
1109.88
1092.3
1014.71
827.472
800.641
776.096
705.965
800.32
868.81
913.659
848.896
838.574
940.734
932.836
924.214
794.597
668.226
716.076
821.355
756.43
732.332
849.257
975.134
1030.93
724.9
699.056
741.84
681.199
586.338
616.333
914.913
717.36
719.424
1000
1001
984.252
973.71
964.32
853.607
702.494
718.391
876.04
930.665
937.207
989.609
955.11
1006.54
1056.52
1018.85
1034.13
1083.42
917.011
781.861
801.282
918.274
972.29
877.193
829.531
760.746
720.461
758.438
851.426
897.666
817.327
733.676
688.942
782.167
957.396
908.265
857.265
890.076
904.159
866.927
763.65
284.333
284.495
720.202
636.943
672.043
863.931
641.231
544.514
554.477
575.871
640.615
636.74
665.779
711.744
594.354
604.595
553.71
528.541
638.162
708.215
891.266
872.981
804.505
865.801
1009.08
1064.96
1036.27
938.967
844.951
854.336
931.966
994.036
1054.3
847.817
686.106
782.779
865.801
862.069
849.618
788.644
762.777
822.707
927.644
926.355
786.782
781.861
894.454
939.408
576.203
556.793
952.381
641.437
562.588
681.199
744.048
906.208
945.18
950.119
814.996
685.166
741.015
625.782
507.228
561.956
668.449
622.471
661.376
871.08
868.056
901.307
1030.4
1047.67
768.64
713.012
781.25
730.193
803.536
942.951
813.339
719.683
790.514
856.531
963.391
950.57
870.701
844.238
886.525
951.475
865.052
745.434
505.561
555.401
843.882
866.551
962.464
604.23
537.057
702.001
841.397
885.348
786.473
687.049
708.717
858.001
893.655
610.874
607.718
951.022
1038.42
1052.08
1043.84
1031.99
1050.42
1049.32
848.896
725.163
855.066
984.252
672.721
632.311
902.935
1016.26
1004.52
1001.5
1043.84
1119.82
1142.2
1109.88
1061.57
1088.14
1091.7
1094.69
731.529
711.997
1028.81
1007.05
966.65
977.04
998.004
1012.15
1057.64
1095.29
1076.43
979.432
861.698
764.526
786.473
865.052
973.236
1125.49
1014.71
927.644
984.737
1007.56
972.29
988.142
1084.6
1146.79
1093.49
892.857
787.402
760.456
860.956
1077.59
1138.95
1166.86
1145.48
1076.43
1047.67
1081.67
1111.73
1020.93
1017.81
1029.34
511.378
501.253
856.898
859.107
907.853
822.03
827.13
884.956
859.107
921.659
936.33
846.74
822.707
884.564
931.966
935.016
942.951
1004.52
1077.59
1083.42
1086.37
1111.73
1091.11
1037.34
719.683
631.712
835.422
1037.88
1091.7
1090.51
1120.45
1076.43
1045.48
1048.77
962.464
951.928
1015.74
981.354
947.418
940.291
985.222
1068.95
990.099
932.401
949.668
913.659
874.891
934.579
1017.81
1028.28
1037.34
1041.12
948.767
827.815
782.779
625.587
658.328
984.737
1116.07
1046.57
958.313
930.665
972.763
1028.81
904.977
675.219
682.361
880.669
949.217
876.04
858.001
968.523
900.495
828.5
899.281
967.586
978.474
747.943
682.594
903.751
1081.67
1073.54
1074.11
1058.76
1054.3
540.687
429.185
600.42
767.165
821.355
794.913
822.368
898.069
988.631
1031.46
1059.32
1071.81
1054.3
1047.12
1043.84
1035.73
895.656
792.393
827.815
781.25
800.32
997.506
1083.42
1084.01
1070.09
1052.63
1068.95
1089.32
1112.35
893.655
477.099
490.798
914.913
1025.64
1006.54
1021.45
1009.59
985.707
988.631
925.069
814.664
763.359
851.064
981.836
906.618
812.018
810.701
904.977
1012.15
1044.39
1044.39
1053.19
1033.59
1021.45
907.853
792.707
679.579
698.08
848.176
931.532
1033.06
1027.22
968.992
848.536
825.083
928.074
1001.5
613.685
499.127
675.447
883.002
716.076
631.712
834.725
1018.85
1052.08
1089.32
1089.32
726.216
433.557
521.105
951.928
926.784
895.255
874.126
860.956
904.568
925.926
847.458
772.797
738.552
767.754
837.521
902.12
903.751
869.187
893.256
870.322
701.016
720.461
830.565
706.714
656.599
741.015
851.064
913.659
988.142
976.086
882.613
911.162
966.65
962.001
965.717
668.896
644.953
757.576
801.925
1024.59
968.523
848.536
802.568
856.898
973.236
1029.87
1036.81
953.743
839.278
768.64
813.339
937.207
1032.52
1120.45
1097.09
1075.85
1145.48
1172.33
1177.16
1129.94
1101.32
792.707
689.893
874.126
967.118
644.745
627.943
946.97
937.647
895.255
946.074
948.317
949.217
806.452
739.372
815.661
894.454
952.835
968.054
996.512
997.009
1041.67
1114.83
975.61
943.841
1048.77
886.525
694.444
739.372
936.33
1008.06
1038.96
1028.28
1035.73
1035.2
1020.93
995.025
952.381
963.855
946.074
749.064
752.445
959.693
1023.54
1017.29
1010.61
988.142
955.11
1029.34
1102.54
1073.54
738.825
576.701
622.859
685.636
819.336
1023.54
1104.36
1100.11
1055.41
1020.41
1024.59
1066.1
1053.74
1053.19
780.64
601.323
739.919
1029.34
1018.85
1000.5
1019.37
1028.28
1074.69
932.401
907.029
1056.52
1079.91
1038.42
877.578
874.126
799.361
691.324
800.32
922.084
960.154
1041.67
1103.75
1101.93
1117.94
1106.19
1085.19
1066.67
903.342
734.214
762.486
928.074
1031.99
990.099
952.835
1010.61
1037.88
936.768
918.274
1006.54
956.938
918.695
827.13
862.813
1045.48
898.069
774.293
824.063
901.307
902.935
846.382
802.568
822.707
630.517
635.728
923.788
914.077
911.993
1019.37
1044.39
870.322
708.215
434.688
378.931
517.732
703.482
941.62
1041.67
1064.4
1021.45
1019.89
1026.17
1032.52
1110.49
1112.35
1116.07
919.54
764.526
841.397
956.938
1018.33
1037.88
1041.67
954.654
938.526
