7.89397
112.271
140.677
194.685
185.117
181.455
149.332
152.707
196.909
175.423
181.818
179.147
170.314
192.548
189.538
167.294
138.764
122.137
120.685
111.458
113.001
137.495
154.536
141.633
155.933
105.96
99.99
73.0674
76.4438
176.01
182.548
220.07
145.138
121.139
134.862
149.009
158.466
145.296
87.0777
89.819
125.715
127.755
164.15
165.481
106.417
100.73
139.315
161.005
150.455
145.911
175.439
177.809
188.253
173.551
180.164
126.799
99.681
123.518
173.355
23.7476
23.688
175.162
129.257
112.771
132.485
150.489
170.343
215.796
208.008
204.478
179.614
175.577
212.427
190.349
176.367
205.529
215.983
173.19
156.986
174.474
196.021
204.248
208.29
206.164
192.976
206.975
191.553
168.279
184.451
211.439
216.638
222.123
229.674
204.332
202.204
229.859
208.572
201.025
208.834
196.483
209.096
201.066
160.527
173.898
189.43
188.929
224.417
204.144
198.491
201.735
183.84
189.681
205.613
203.004
212.608
218.747
207.835
212.766
181.505
164.379
191.92
188.697
192.864
224.24
205.783
181.736
195.484
201.349
201.898
225.861
207.254
206.548
222.469
209.732
180.62
166.959
173.656
191.994
161.355
153.669
177.431
195.198
154.25
146.274
205.656
211.909
216.52
229.121
198.748
200.08
232.992
190.803
178.079
213.174
205.297
201.207
206.228
181.984
182.1
207.297
191.132
196.021
232.423
213.22
186.863
190.114
200.421
214.087
194.231
183.503
207.469
197.707
203.687
227.764
217.984
191.975
203.376
203.978
201.959
205.952
189.591
206.59
230.044
194.363
167.616
159.744
175.346
210.371
197.883
208.485
228.938
188.2
183.807
215.913
195.274
195.752
229.542
214.133
199.9
214.569
215.471
175.994
181.077
201.329
204.228
231.321
215.308
209.688
183.419
175.516
210.859
204.353
196.85
210.704
214.846
216.076
214.293
206.079
195.293
204.311
198.216
201.106
216.92
182.448
190.585
201.633
154.059
163.412
201.045
194.043
211.887
212.044
200.965
202.45
182.332
182.183
213.015
198.314
192.994
198.491
187.283
196.773
195.599
190.603
203.77
194.571
193.611
215.308
217.794
208.921
205.634
190.295
197.414
215.077
196.271
203.77
222.593
182.448
176.647
207.297
186.029
194.742
205.782
184.315
187.899
179.179
194.288
188.573
175.762
213.904
234.962
205.656
203.252
229.463
181.159
177.117
199.302
190.676
207.297
215.61
220.022
226.68
216.45
218.579
200.18
175.67
197.707
225.912
213.858
196.715
208.616
183.352
181.258
229.885
210.615
197.258
212.427
210.15
213.858
235.349
213.424
188.129
202.02
170.126
170.068
204.436
182.149
152.462
161.134
203.459
199.74
201.309
182.532
178.571
214.477
204.186
175.439
189.735
221.508
198.413
197.883
223.789
202.491
181.439
184.945
198.629
205.888
203.791
214.362
237.135
229.463
183.033
183.033
179.969
183.824
230.68
188.359
181.835
219.419
216.849
168.933
156.482
183.05
201.45
196.87
203.149
200.864
166.556
177.148
157.841
159.591
209.118
183.57
183.705
199.045
196.232
214.27
204.918
191.975
212.698
210.128
212.562
216.591
196.021
200.14
197.316
192.252
198.61
210.283
214.754
209.402
211.797
186.794
193.125
221.288
205.465
205.444
219.154
210.416
218.079
232.126
217.486
201.959
184.57
181.752
180.979
179.824
206.889
227.998
171.38
170.097
212.97
179.888
187.389
231.134
204.834
200.642
226.168
208.247
178.683
181.917
202.675
216.31
221.214
213.63
212.495
184.145
175.485
207.706
210.815
203.273
218.89
222.742
227.428
230.335
220.994
206.313
209.6
221.926
217.25
208.79
217.817
222.891
206.143
191.278
197.394
221.288
227.299
193.349
193.293
220.483
191.132
186.463
176.414
176.041
213.995
215.517
215.239
228.99
200.1
185.96
183.993
174.414
194.269
210.926
211.327
211.999
207.641
218.651
226.116
188.324
164.002
163.773
171.218
180.93
176.398
167.813
183.083
167.729
157.778
164.15
177.857
205.297
185.048
198.59
161.983
162.245
202.758
155.642
147.362
147.918
147.232
158.228
160.462
163.185
162.707
163.626
177.809
172.995
161.577
164.65
170.401
192.419
210.15
184.792
179.003
204.436
205.486
210.084
217.652
213.061
219.322
230.787
193.311
187.283
213.242
197.044
185.529
203.314
159.872
158.97
203.459
183.621
198.039
199.78
198.768
205.529
197.122
211.06
178.253
154.5
189.934
176.398
169.563
211.977
193.592
177.651
192.012
192.845
191.571
197.122
206.101
224.391
202.696
181.242
199.223
183.638
181.143
221.976
187.283
189.807
230.468
197.57
161.708
154.202
185.546
227.402
202.368
200.2
191.095
173.868
189.97
170.678
177.148
219.154
194.97
186.029
195.465
182.282
198.906
197.55
178.619
200.763
195.676
175.963
200.421
197.219
192.178
198.138
167.14
183.201
215.448
210.194
217.132
189.268
178.333
211.439
195.714
190.458
218.627
202.963
206.975
226.552
214.064
180.603
187.705
210.748
211.305
214.408
204.332
218.293
223.689
194.043
194.685
216.661
208.986
216.076
236.072
216.286
209.82
204.269
194.024
159.898
147.536
187.935
221.926
203.376
200.622
197.161
182.017
202.511
224.744
205.656
200.823
221.558
217.061
207.533
217.794
211.752
195.925
200.06
197.55
204.499
211.416
201.309
187.97
195.084
212.382
219.829
234.824
213.356
206.654
227.015
218.079
219.998
218.508
186.829
195.37
231.321
207.922
202.614
199.501
149.522
153.551
173.656
178.923
194.571
198.649
211.082
211.551
215.146
216.146
190.767
194.024
214.892
195.141
200.3
221.902
182.116
178.971
213.835
195.389
191.644
201.776
198.629
212.879
224.972
205.994
193.461
182.832
185.649
215.054
209.49
199.98
222.148
190.694
181.703
216.967
208.442
205.634
230.84
217.273
211.595
205.044
181.967
181.472
190.44
175.408
177.888
184.74
183.033
195.618
178.094
192.049
231.294
216.31
204.918
219.925
222.618
218.747
219.756
192.845
195.733
221.877
196.522
198.57
226.168
216.685
210.904
197.064
184.553
200.622
222.544
215.123
213.129
211.126
204.771
211.037
198.177
182.615
200.26
230.84
209.446
199.243
214.869
200.763
183.284
163.908
173.581
211.64
200.401
205.444
229.568
174.993
167.406
174.322
165.385
204.144
190.767
188.929
230.601
216.31
185.048
175.485
171.984
193.63
203.397
198.255
225.479
190.821
177.841
193.461
181.554
198.827
228.65
207.318
201.715
211.551
192.697
200.642
223.589
199.501
205.613
224.593
196.194
181.258
170.445
185.168
199.322
173.445
174.642
189.879
198.906
187.723
170.14
186.916
223.364
195.427
194.97
227.557
201.613
192.771
218.15
210.615
183.655
199.581
208.659
197.609
217.415
211.305
211.439
193.367
178.971
211.775
223.04
214.638
224.921
237.699
215.355
209.974
230.176
223.889
177.274
178.811
202.922
206.782
213.493
202.778
202.347
198.236
207.039
193.949
170.896
186.968
219.901
210.97
197.394
208.681
193.349
194.307
216.38
199.94
209.732
230.494
213.995
194.818
195.084
196.812
210.217
231.535
197.785
194.894
204.897
205.339
222.519
172.161
166.5
220.994
212.45
198.079
200.04
198.787
193.311
201.268
193.143
195.925
227.531
189.97
174.581
186.272
200.763
171.13
162.114
193.892
208.855
204.144
206.782
221.877
176.025
172.384
199.342
187.336
172.831
167.997
193.293
187.248
178.126
180.865
164.069
169.736
163.639
169.693
189.699
163.613
150.365
157.99
188.75
161.538
157.493
185.943
181.571
182.665
154.799
157.828
188.306
184.57
166.708
145.033
165.003
209.402
173.566
185.134
219.419
208.616
214.984
174.505
168.905
211.171
209.446
210.859
218.103
207.663
199.661
188.271
178.651
200.924
225.327
214.339
207.211
206.079
208.377
215.355
198.255
175.346
195.103
226.475
194.742
184.757
205.276
197.687
201.511
205.276
175.346
189.879
215.54
214.638
223.015
168.364
169.291
167.001
150.898
190.44
196.58
191.443
189.591
176.569
182.349
180.963
179.695
196.059
197.083
186.15
194.704
194.913
192.957
171.851
176.991
219.635
203.811
200.884
212.495
202.163
205.508
217.984
198.551
204.625
227.118
188.306
185.426
224.643
200.904
186.498
193.63
186.864
203.169
218.46
188.626
185.494
166.03
162.509
177.195
189.286
219.322
205.36
197.239
206.356
212.97
198.314
198.807
196.059
191.589
210.018
205.065
203.894
182.632
172.667
207.857
231.187
208.03
202.901
221.558
216.216
210.993
204.666
171.851
180.343
213.47
200.743
204.207
198.847
205.804
198.314
176.694
197.628
219.587
207.922
189.215
200.1
205.931
166.058
156.9
187.758
208.355
190.785
199.501
227.505
205.465
183.807
201.755
203.025
203.19
226.244
202.45
205.846
230.92
219.443
208.834
188.964
181.984
209.776
219.419
195.389
197.57
206.016
183.79
191.479
193.48
198.216
235.045
204.687
184.383
205.91
220.459
212.224
181.373
182.415
221.558
232.856
201.025
198.255
168.577
166.875
228.754
204.52
173.551
197.472
213.561
210.438
222
211.909
220.58
206.718
183.925
203.5
229.253
198.847
202.86
222.148
174.734
181.984
228.859
214.385
218.651
223.364
215.1
221.852
220.97
210.881
180.963
176.165
189.735
207.965
233.318
205.825
207.018
200.662
179.501
190.731
196.232
212.404
228.859
208.681
195.81
194.439
158.768
170.169
231.777
187.056
185.168
220.97
199.681
171.866
165.934
193.986
218.126
199.025
192.234
214.454
217.462
185.477
167.687
178.396
200.04
196.56
193.986
213.061
201.674
185.943
196.367
194.78
207.577
229.885
211.327
217.368
221.508
189.591
196.618
192.16
174.505
202.347
226.449
199.124
186.846
147.689
145.571
173.883
179.469
203.707
199.362
206.676
199.283
181.653
187.6
205.761
201.126
194.742
205.825
205.318
212.314
210.482
194.382
196.909
208.16
219.925
230.362
220.386
193.442
200.944
220.97
184.4
168.577
172.503
190.404
212.585
191.699
179.083
169.233
180.473
215.82
202.696
199.82
219.515
213.538
194.761
205.107
213.333
179.953
177.399
185.031
191.883
206.334
207.792
190.803
169.837
188.982
217.865
200.823
200.541
218.675
213.22
209.468
215.587
192.901
180.099
204.939
205.065
203.957
218.651
206.975
192.068
198.866
198.295
204.04
227.739
214.385
220.459
235.849
214.777
207.706
220.775
197.726
194.761
213.311
199.78
196.117
185.014
176.227
173.445
164.704
190.803
231
200.864
198.177
225.581
213.379
203.915
194.628
194.818
215.146
202.081
195.484
208.725
216.427
198.689
200.22
211.663
198.255
216.076
223.339
202.716
203.583
213.197
213.22
185.443
171.028
199.382
232.369
216.52
211.394
231.134
186.933
184.706
230.548
205.107
193.255
219.226
216.286
204.562
204.96
193.032
175.855
180.245
178.651
190.749
201.633
199.88
198.827
169.133
187.97
224.972
204.96
195.618
211.461
214.064
219.539
233.454
188.733
160.372
178.079
201.796
219.611
214.661
208.095
195.829
182.1
151.446
133.699
167.997
194.175
193.199
215.401
186.881
168.591
200.04
172.936
149.903
139.363
138.408
172.399
162.575
160.462
176.694
180.164
169.794
144.676
137.608
159.274
188.094
183.874
181.061
162.946
173.611
211.349
196.386
200.723
219.877
205.107
204.52
213.767
186.585
186.759
204.207
186.898
199.521
221.779
206.334
202.265
188.253
169.148
174.171
178.971
198.138
216.685
207.383
188.573
195.236
197.981
153.421
144.509
176.663
215.773
203.521
196.792
206.441
193.78
199.045
201.816
202.491
218.031
182.615
180.995
217.155
202.511
180.995
196.85
197.394
198.236
232.856
218.986
205.825
189.573
171.689
195.925
204.52
204.374
228.728
217.037
207.404
216.146
220.022
194.704
193.48
209.864
182.033
180.815
197.122
182.249
163.292
169.678
202.758
202.122
197.55
211.82
210.15
215.983
229.226
193.106
178.555
204.019
202.881
205.149
213.995
201.776
191.516
205.931
204.75
198.295
225.403
214.064
210.993
230.894
225.708
215.1
203.438
199.9
207.943
222.618
217.439
210.704
226.065
206.868
179.727
194.118
198.906
174.216
184.706
212.45
225.428
200.844
182.1
180.375
171.954
193.986
217.817
194.156
198.847
219.082
181.012
182.399
223.439
205.592
205.212
219.732
201.248
206.037
227.324
209.424
181.176
178.348
199.422
220.556
208.268
204.52
221.902
182.199
182.448
227.066
215.193
208.225
218.986
216.099
220.022
218.317
209.688
196.812
201.532
206.804
209.183
218.436
195.217
201.979
197.785
155.015
162.075
187.811
189.934
209.139
217.014
218.484
228.363
190.531
186.22
225.734
203.811
196.618
219.998
212.653
205.255
187.441
177.431
197.883
214.087
207.275
208.965
215.193
209.578
221.435
204.019
183.891
206.441
212.789
200.562
215.494
228.519
199.7
187.196
204.96
204.207
194.496
195.465
202.224
194.477
189.627
164.217
143.916
173.641
220.994
208.312
