2.61956
14.5694
14.9017
17.4637
11.1941
11.0652
19.8373
19.4278
19.4611
20.1082
19.415
17.4187
17.9138
19.75
19.238
18.7984
19.4346
20.3399
19.6342
18.9204
19.2886
19.8649
19.0774
17.5736
17.1919
18.0398
18.7719
18.9671
19.3388
19.0909
17.3055
17.3871
19.2585
20.0775
19.5923
19.8827
20.6443
20.0365
19.4852
19.5766
20.0312
20.2834
19.4505
18.8964
19.7021
20.012
19.3039
18.9532
19.0769
19.1033
18.7308
18.5656
19.3332
19.9766
19.6493
19.2117
19.4606
19.4869
18.9883
19.1924
19.5871
19.5812
18.8813
17.7912
17.5829
17.4208
17.5449
18.8021
19.3285
19.0618
19.0129
19.426
20.2723
19.8474
19.3855
19.5496
19.9866
19.844
19.278
19.3573
19.6926
19.7849
19.3086
19.4571
19.8002
19.1659
18.3202
18.5801
19.0002
18.4717
18.4706
19.4245
19.9106
19.0518
19.2182
20.0908
19.9639
19.1122
19.0357
18.1215
16.9195
16.1391
16.717
18.9858
19.3588
18.8271
18.6764
18.9236
18.6378
18.8156
19.6862
19.7344
18.7718
18.6543
19.54
19.5687
19.2547
19.0076
18.995
19.5494
19.0905
18.9442
19.698
19.3046
18.595
18.0461
18.2269
18.5408
18.4769
19.0954
19.6361
19.4028
19.0335
19.1305
19.4256
19.5442
19.6211
19.4073
18.7887
17.6571
17.1774
17.0316
18.0013
19.0214
17.6863
18.2013
19.4676
18.678
18.82
19.5137
19.4358
18.8241
18.7529
19.3252
19.3598
18.5012
18.3303
19.4235
19.4649
18.396
18.3185
18.9371
18.3261
17.5096
18.3103
19.19
19.1821
18.7257
18.6579
19.2572
19.211
18.3458
17.9971
17.3853
15.9802
15.7928
17.4482
18.789
18.4522
18.5479
18.7007
18.2906
17.8912
18.4115
19.0998
19.0036
18.5629
18.6586
19.0313
19.0918
18.7375
18.2465
18.9735
19.4877
18.1334
17.9593
19.1767
18.9242
17.7091
17.658
18.1153
17.7849
18.2065
18.656
18.7464
18.393
18.2012
18.9502
18.7998
18.2136
18.3338
18.7993
17.9753
16.1939
15.8933
17.2024
17.764
17.952
18.0127
17.9327
17.9712
18.1141
18.7103
18.5484
17.8434
17.974
18.6597
18.5649
18.4037
18.3169
18.6876
18.6451
18.2665
18.6801
18.8717
17.3037
17.0678
18.2136
18.0413
17.8905
18.3117
18.5381
18.2302
18.3019
17.972
17.1034
15.2561
15.2268
16.6257
17.5934
18.2047
17.5496
17.7903
17.6669
16.9122
17.1969
18.1073
17.5623
17.4395
18.2118
18.211
18.3601
18.4862
18.2161
18.6121
18.456
17.609
18.0553
18.2677
17.3581
17.2082
16.9853
16.8895
17.0688
17.3412
18.5007
18.0247
16.8025
17.1242
18.0369
17.8576
17.8107
16.7788
15.0752
15.0605
16.5404
17.526
17.394
17.3118
17.4922
17.3605
17.2876
17.8731
18.3503
17.6131
17.2493
18.1511
17.9937
16.9883
17.0116
17.731
17.6216
17.2043
17.2521
17.4534
16.9664
16.922
17.1851
17.0314
17.3096
17.921
18.304
17.904
17.2862
16.8244
16.913
16.1383
15.1459
15.5158
16.019
17.0455
17.8395
17.2982
15.7282
16.1546
18.1041
17.3824
16.8226
17.3016
17.5309
17.2207
17.4584
17.8267
17.9496
17.0836
16.8543
17.6294
17.4455
17.7098
17.7346
17.399
17.0365
16.9173
17.6094
17.9088
16.9126
17.2957
17.963
17.5245
17.8112
17.3972
16.805
15.2417
14.5835
15.9176
16.7864
17.0433
16.9738
17.3896
17.2849
16.8373
17.9269
17.9382
16.7942
16.7963
17.4228
17.2961
17.1289
17.3226
16.8949
16.585
16.8019
17.2685
16.2628
15.8689
16.8614
16.9882
16.4939
16.6301
17.4051
17.1154
16.9392
16.7805
15.4109
14.4567
14.5591
15.8577
17.0923
16.727
16.651
16.0546
16.211
16.7963
17.0039
16.7235
16.3248
17.1638
16.8386
16.5273
16.9252
17.1205
17.0129
16.7612
17.1776
17.0051
16.6538
16.396
16.119
16.2493
16.5854
17.2421
16.701
16.5195
16.9113
16.8576
16.9509
16.9815
17.6646
16.1346
14.2032
14.0227
14.6468
15.8391
16.3689
16.0457
16.4035
17.3034
17.3599
16.3729
15.5331
16.224
16.6671
16.1578
16.9628
17.156
16.1057
16.3253
17.1798
16.7103
15.8725
15.9698
16.3038
15.9608
16.1508
16.8975
16.2558
16.0332
16.9631
17.2368
17.1186
15.797
14.2065
13.6168
14.388
16.0879
15.7958
15.4081
16.184
15.8637
16.0154
16.8011
16.9142
16.7196
16.3167
16.3917
16.213
16.3016
16.5625
16.2101
15.9233
16.1661
15.9129
15.4624
16.069
16.9288
16.308
16.071
16.7588
16.2668
15.9385
16.0322
15.5468
15.5596
15.2446
14.4218
14.9628
15.9801
16.2227
15.1965
15.1726
15.8578
16.0058
16.2268
16.7231
16.8066
15.9632
16.1277
16.8633
16.208
15.3876
15.6918
15.8728
15.6033
15.8277
15.7462
15.5993
16.1094
16.1143
15.6699
16.3124
16.8346
15.9435
15.2035
14.2228
13.492
14.2336
15.6766
15.4848
14.8971
15.2836
15.4106
15.6523
16.17
16.3936
15.7802
15.4628
16.1075
15.0208
15.1226
16.401
15.322
14.9629
16.1629
16.1064
15.4497
15.5416
15.9382
15.5911
15.4605
16.0909
15.8846
15.8372
16.3054
14.9037
13.7111
13.5787
13.6472
14.8654
16.2906
15.4652
14.7138
15.5952
15.7808
15.7823
16.2843
16.0955
16.0183
16.181
15.8816
15.7504
15.9417
16.1186
15.388
15.227
15.722
15.0249
15.0319
15.4611
15.2466
15.635
15.9908
15.6443
15.4748
15.5954
15.6551
14.9566
14.1913
13.7874
13.6041
14.8103
15.3727
14.6318
15.1917
15.9757
15.5527
15.0439
15.2449
15.167
15.3783
15.8803
15.0427
15.042
16.097
16.0834
15.4681
15.0066
15.011
14.8741
15.2248
15.8507
15.256
14.9504
15.6714
14.5852
13.2843
13.391
14.1798
15.4381
15.7629
15.8594
15.3878
14.8033
14.2745
14.4556
15.7741
15.2296
14.8326
15.4848
15.4279
15.0805
15.3825
15.7546
15.0115
15.2117
15.4347
14.5979
14.7692
15.1383
14.9886
15.3676
15.4023
15.0672
15.3841
15.4385
14.2394
13.2196
12.5222
13.1944
15.0766
15.6832
15.0875
14.5457
15.0239
15.0143
15.2577
15.7922
14.9849
15.2998
15.738
14.9017
14.9646
15.3414
14.9601
14.3426
14.5983
14.075
14.1805
14.7848
14.4796
14.9355
15.6683
15.2314
15.0168
14.7135
12.7536
12.422
14.0707
14.9042
14.9698
15.3485
13.7448
13.5717
15.2035
14.8463
14.3778
15.3321
15.2665
15.0251
15.4012
14.8126
14.9698
15.3579
15.1785
14.7861
14.3498
14.5648
14.8011
14.6351
14.5225
14.5957
15.1191
15.212
14.4824
14.5034
14.092
12.782
12.5576
13.3602
14.1938
14.4947
14.1586
14.4816
15.0718
14.5293
14.6382
15.0385
14.0702
14.0663
14.8151
13.8233
14.2685
15.3936
14.0803
13.516
14.3276
14.168
14.4578
15.2133
14.5538
14.6842
14.2386
12.7496
12.3755
13.4513
14.6606
14.7925
14.4011
13.9518
14.1088
14.3316
14.1643
14.4229
14.7922
14.5358
14.461
14.4547
14.5554
14.7644
14.7816
14.1403
14.227
14.2674
13.8472
14.3176
14.4652
14.9571
15.0606
14.5626
14.4833
14.8337
14.965
14.0748
13.5037
12.6421
12.7358
14.3187
13.7313
13.248
14.4165
14.5753
14.3875
14.9722
14.9457
14.5027
14.4773
14.2237
14.0315
14.5453
14.4008
13.8144
13.9765
13.8663
13.8644
14.4338
13.6455
13.7776
14.8048
13.8335
12.944
12.9448
13.4971
14.3737
13.9647
13.9555
13.9941
13.7187
14.1947
14.4926
14.5736
14.4967
14.2934
13.6049
13.6339
14.3137
13.9187
13.6509
14.6023
14.3336
13.6944
14.0307
13.9344
14.0486
14.7401
14.0731
13.7614
14.5512
13.4064
11.9269
11.3942
12.6635
14.4784
13.4281
13.0687
14.1197
13.817
13.656
14.543
14.3192
14.0685
14.06
14.0502
14.2296
14.1373
14.0445
14.1966
13.8064
13.4263
13.9607
14.2322
13.4585
13.9788
14.7192
13.9291
12.9662
12.2575
12.0512
13.1474
14.1953
14.0199
13.9224
13.2661
13.508
14.1805
13.6998
13.7351
14.5706
14.5533
14.6173
14.6949
13.7787
14.1261
14.3847
13.3813
12.9333
13.4355
13.899
13.9028
13.8047
13.8083
14.2644
13.9304
13.6449
13.0045
11.6218
11.3815
12.5562
12.8057
13.4183
13.7912
13.4009
14.1665
13.9984
13.7743
13.9384
13.7296
13.8574
14.0515
12.9113
12.6079
13.1034
12.2419
12.4916
13.3016
13.1147
13.7656
13.6934
12.9719
12.6571
11.9203
12.4648
13.4437
13.3075
13.245
13.1991
13.832
14.6808
13.9936
13.4681
13.8566
13.628
13.805
14.2335
13.5689
13.3446
13.8598
13.4449
12.9167
13.2933
13.1056
13.1193
14.0007
13.8546
13.9181
13.712
12.1338
11.8714
11.7268
12.5314
13.9455
13.1709
13.139
12.9793
13.2301
13.8841
13.3871
13.3142
14.0026
13.722
13.3561
13.5356
13.2758
13.2195
13.3412
12.8725
12.8394
13.7302
13.531
13.2321
13.6282
13.4988
13.2825
12.6756
11.6133
11.7208
11.9608
12.2472
12.7024
13.0314
13.5225
12.8998
12.8785
13.727
13.4035
13.0317
13.5166
13.3436
13.0319
13.2079
12.849
12.9157
12.7443
12.3772
13.2221
13.1715
13.2109
13.9985
13.2231
12.1403
11.2566
11.7959
13.5163
13.0781
12.8324
12.8195
13.3582
13.8733
12.8577
12.9894
13.6657
13.0012
13.0838
13.5273
13.2435
13.2414
13.0504
13.0425
13.0679
12.7028
13.0669
14.1856
13.8628
13.1711
13.2679
12.9214
12.3308
11.2806
11.722
13.1877
12.9431
12.569
13.0698
13.7845
13.7682
13.5956
13.5572
13.5577
13.0474
13.0701
13.6343
13.2019
12.688
12.4073
12.7466
13.3109
12.9956
13.106
13.2423
12.6964
11.9082
10.8531
11.0336
12.4111
12.6504
12.3074
11.9855
12.032
12.6553
12.726
13.1111
13.1825
12.6384
13.0271
13.4432
13.5142
13.0369
12.2909
12.2906
12.4385
12.5515
13.3156
13.351
13.0547
13.5301
13.434
13.0769
12.2286
10.8378
10.8622
11.8417
12.7591
13.1132
12.8124
13.4609
13.2819
12.6374
13.005
12.5085
12.6014
13.2758
13.211
12.8674
12.2907
12.3698
12.8888
12.6605
13.2235
13.7394
12.6843
12.7477
12.1319
10.9258
10.8129
11.673
12.8996
12.561
12.0685
12.9612
12.8576
12.6137
12.5063
12.3995
12.8226
12.3676
12.1683
12.5571
12.7619
12.5902
12.252
12.4902
12.9143
12.4255
12.7484
13.0599
11.5545
10.5002
11.3629
12.5643
12.3165
11.9543
12.0428
12.5513
12.8584
12.5932
12.7684
13.2435
12.2356
12.3308
13.3689
12.7655
12.525
11.9342
11.6975
12.3582
12.3286
12.7712
12.6666
12.5364
13.131
12.5594
11.6569
10.4218
10.5562
11.8549
11.8333
12.39
12.9429
13.0256
12.9979
12.092
12.5218
12.8343
12.3775
12.5796
12.2428
12.2365
11.9883
11.919
12.5483
12.1212
12.3877
13.0129
12.4395
11.3966
10.6828
11.4527
11.8842
12.0757
12.4986
12.0574
11.919
12.1189
12.3632
12.4815
12.2472
12.3692
12.7852
12.4826
12.898
12.3835
11.9978
12.3688
12.3574
12.7603
12.6454
12.3835
12.5791
11.9045
11.8365
12.3452
11.2869
10.1637
10.592
12.0555
12.1075
12.2683
13.0458
12.9491
12.5452
11.8837
11.919
12.6181
12.4885
11.846
11.5638
11.8464
12.5309
12.1393
12.0472
12.3903
12.0446
11.8403
11.1636
10.3053
10.5109
12.0718
12.3858
11.5499
11.5367
12.2806
12.7562
12.0443
12.2866
12.5915
11.9954
12.5231
12.9523
12.6049
12.0762
11.5036
11.6654
12.0495
12.3506
12.5646
12.4456
12.3976
11.9076
11.9193
11.0844
9.82106
10.661
11.7893
11.8919
12.1611
12.4309
12.8468
12.2136
12.0075
12.3314
12.3047
12.4892
12.1971
12.1034
11.3769
11.4275
12.1195
11.8611
12.1042
12.2847
12.3742
12.5979
10.8716
10.3406
11.6172
11.8108
11.6245
11.8169
12.4948
11.9722
11.8638
12.2781
11.7862
11.9154
12.2488
12.3558
12.0645
11.7051
12.0365
11.2514
11.0891
11.8486
11.9765
12.1892
11.1323
10.2023
10.6497
12.0169
12.0545
11.502
11.8157
12.1855
12.6038
12.156
11.9689
12.4702
12.3078
11.8371
11.454
11.9677
12.1112
11.2675
11.4787
11.9716
11.9924
12.0378
12.0472
12.3338
12.1706
10.8156
9.95872
11.24
12.3123
11.4136
11.7983
12.2117
11.9743
13.5847
13.2685
12.1182
12.454
11.9743
11.9092
12.4249
12.6872
11.9098
11.4333
11.9617
11.9231
11.6638
12.1868
10.9916
10.2221
10.8496
11.5564
12.1602
11.0405
10.7606
11.6302
12.5434
12.5059
12.2003
12.4639
11.478
11.5658
11.6704
11.3544
11.3507
11.185
11.5657
11.1633
11.6678
11.9703
11.6802
12.4551
10.9483
9.81489
10.1129
10.8144
11.289
11.3363
12.0594
11.9821
11.6939
11.7456
11.8245
12.0812
11.2531
11.3927
11.8235
11.8201
11.7102
11.1269
11.4595
11.2989
11.1557
11.3518
11.6234
11.1544
10.1567
10.3183
10.7687
11.1064
11.2625
11.3498
11.5585
11.8879
12.0674
11.6247
11.8182
11.6168
11.3313
11.6347
11.2623
11.2834
11.0197
11.1583
11.2563
10.9146
10.9563
10.1037
9.92275
11.7439
12.487
11.0536
11.0195
11.253
11.5134
12.1319
11.7369
11.5164
11.5682
11.3881
11.284
11.172
11.1254
11.0478
11.4343
11.0296
10.9492
11.211
10.9862
11.1209
10.2429
9.33419
9.4072
10.1921
10.7988
11.1978
10.9701
10.8756
11.0154
11.1421
11.4642
11.6373
11.7934
11.1089
11.6052
11.3737
10.6385
11.0533
11.0954
10.7966
11.0246
11.6189
10.3017
9.23174
9.80743
10.402
10.54
11.1053
11.1957
11.2492
12.0578
11.6301
11.2665
11.1297
10.9454
11.117
11.7714
11.87
10.5081
10.2143
10.6799
11.2451
10.7339
9.93305
9.86266
10.4251
11.9293
11.8303
10.287
10.5401
11.496
10.6027
10.4296
10.9795
11.094
11.3676
11.1011
11.0584
10.2888
10.1667
10.707
10.8689
10.9107
11.0319
11.2322
10.625
9.46553
9.35148
10.5309
10.7075
10.7358
10.8067
11.1009
11.1652
10.7408
10.8413
10.9937
10.8053
10.2684
10.2013
9.91758
10.2546
11.0749
10.6577
10.3879
10.2497
9.55653
9.93744
10.981
10.7987
10.4806
10.3797
10.922
11.1069
10.7532
10.7529
10.7594
