12.182
303.398
353.92
320.461
314.911
449.337
477.897
451.162
448.632
481.348
506.457
521.648
562.43
548.998
532.765
537.201
488.52
444.247
475.398
505.945
501.882
441.014
332.06
209.798
237.107
401.204
375.94
296.472
281.254
318.016
365.965
446.628
296.56
295.946
463.499
389.636
357.654
355.935
388.199
474.496
470.921
502.513
526.454
447.527
414.594
424.989
431.22
481.348
447.227
264.201
278.862
381.534
185.014
188.271
388.651
143
134.998
301.887
327.225
389.484
309.31
251.256
251.193
278.396
345.363
154.536
149.633
349.162
393.005
451.977
467.071
370.92
267.917
304.368
288.143
200.16
246.427
203.231
176.103
263.366
287.853
319.693
296.78
270.526
299.133
331.73
299.581
283.326
353.17
428.633
433.651
291.715
308.976
447.828
146.113
139.324
360.49
433.839
467.836
388.727
382.922
469.704
504.923
346.38
272.035
352.858
366.233
96.567
98.8777
332.557
379.723
456.517
406.587
366.502
328.623
333.222
398.565
446.329
325.468
253.261
308.69
195.503
172.741
301.386
349.65
352.671
427.077
389.788
350.385
372.024
387.898
365.43
298.463
346.981
505.817
410.341
344.887
419.024
427.35
449.236
548.396
568.828
584.966
495.786
266.312
257.036
453.412
568.343
586.51
397.298
261.643
25.9447
26.8147
560.695
577.367
578.369
576.037
465.875
372.232
434.877
552.334
528.681
527.148
571.429
473.821
425.622
483.91
530.363
563.38
572.246
579.71
490.677
441.599
505.306
567.859
486.736
432.994
499.002
541.419
445.236
456.517
565.451
586.682
589.797
587.544
593.472
494.682
465.008
539.811
576.535
585.652
573.888
565.611
577.034
501.505
487.805
574.383
579.542
547.345
522.739
535.475
498.505
399.92
427.807
553.097
584.624
592.066
590.667
581.226
482.276
468.165
562.588
595.061
573.066
551.116
564.334
386.175
366.3
440.917
428.725
492.854
529.381
402.576
232.261
253.325
449.539
473.485
381.825
381.752
430.293
452.694
487.092
468.494
422.208
420.256
491.521
543.774
595.593
587.544
561.01
405.844
370.37
496.278
584.283
580.215
555.71
554.785
575.54
525.072
502.26
551.724
565.611
574.548
592.242
585.995
559.284
512.952
433.463
442.38
525.762
561.01
589.971
598.265
536.913
499.875
509.814
537.634
567.698
576.203
584.966
588.755
479.042
457.98
527.704
540.103
550.509
539.374
536.769
498.256
492.611
543.626
518.001
499.5
429.277
417.275
338.524
341.239
533.903
577.201
582.751
525.072
507.485
476.531
475.059
550.661
575.705
596.303
603.318
604.23
569.314
397.062
368.121
447.127
391.466
346.861
336.7
332.613
413.907
550.055
561.956
511.378
429.461
379.075
363.042
427.35
559.128
603.682
598.265
414.852
369.891
410.509
265.745
279.486
377.287
339.732
360.36
435.35
421.585
313.185
377.145
531.35
374.181
350.14
326.744
313.185
455.063
517.197
528.961
566.893
573.394
476.531
429.83
497.884
548.847
480.538
433.651
428.266
381.098
428.357
540.833
556.793
432.152
340.194
328.353
334.225
394.867
487.211
500
509.814
429.553
400
488.281
555.556
586.682
594.884
554.939
495.295
460.511
482.276
497.512
510.725
434.877
428.633
442.968
406.752
480.307
540.103
564.653
556.328
551.116
505.178
482.625
531.915
538.068
504.796
516.129
556.638
558.971
485.673
483.793
559.128
521.921
521.648
581.395
499.251
347.343
384.541
567.698
564.175
544.366
554.477
593.296
498.256
406.918
433.839
517.464
560.067
567.698
575.043
512.426
459.982
505.306
514.933
352.113
367.377
518.538
410.425
390.244
468.933
460.405
416.32
352.485
364.232
479.846
556.948
571.919
545.554
499.875
422.297
427.899
517.063
542.741
554.017
549.904
416.147
373.622
396.747
452.08
558.503
584.112
573.066
540.394
471.476
432.152
483.793
540.394
549.3
563.063
566.572
517.598
471.476
472.813
400.16
407.498
516.796
556.483
529.381
489.117
528.541
584.795
586.166
502.513
487.567
521.921
447.327
453.001
503.525
496.032
513.479
513.743
516.262
410.172
330.524
396.668
513.743
525.624
504.286
467.836
379.291
399.76
540.833
562.905
584.112
598.802
463.929
399.122
476.077
540.833
561.64
592.242
581.734
417.014
374.111
498.132
583.601
518.538
518.269
595.948
533.76
311.867
318.016
494.56
502.386
531.208
444.148
454.959
576.203
582.072
571.265
482.859
336.134
309.693
399.6
479.731
467.836
416.233
463.392
306.843
288.351
466.309
489.476
521.241
527.426
423.819
427.442
512.821
479.616
504.541
551.572
527.287
280.466
275.786
425.441
423.998
451.365
397.062
440.044
562.905
546.15
529.801
572.082
576.535
521.376
486.5
407.498
405.186
505.561
540.541
483.676
398.089
425.17
530.926
431.406
364.033
444.741
461.894
396.983
445.732
525.762
543.036
564.493
587.371
493.218
445.534
508.259
498.132
478.927
474.834
451.875
433.369
434.311
492.126
544.514
556.793
549.451
545.405
424.178
422.833
565.771
578.704
568.99
562.272
532.34
382.702
395.961
573.888
591.891
602.591
522.739
492.368
546.299
467.181
376.79
416.406
532.765
586.51
599.52
582.242
428.816
401.204
530.223
579.878
515.863
501.505
549.602
460.087
441.794
520.833
539.811
357.334
302.663
342.29
399.281
544.811
567.537
513.347
496.155
363.438
350.939
464.468
519.346
569.152
583.431
597.907
480.769
394.011
438.404
533.618
576.369
585.309
551.42
468.823
377.216
417.101
483.092
483.092
561.167
579.039
465.875
397.852
464.037
551.42
543.774
542.005
561.64
501.002
465.549
514.007
443.262
381.534
458.61
560.538
514.668
479.731
516.129
555.247
548.546
548.246
553.71
453.926
439.464
531.915
559.284
573.23
577.034
514.801
497.018
487.924
485.791
541.419
546.001
534.188
552.181
580.552
452.08
376.293
458.505
556.328
557.569
571.755
536.193
476.758
423.819
470.035
571.919
558.971
554.17
569.476
546.299
452.489
355.745
387.747
520.291
567.537
598.623
548.246
467.946
464.037
507.357
543.478
565.931
584.283
571.755
399.521
357.718
456.1
506.329
500.751
509.424
441.891
449.64
551.116
470.588
450.146
430.756
344.412
353.294
460.617
550.812
460.087
400.4
401.284
371.747
396.354
484.966
540.103
578.871
538.068
492.49
378.143
389.712
561.956
559.284
550.661
569.476
555.864
439.367
382.117
459.031
561.956
570.776
561.798
532.481
463.499
489.476
562.114
566.091
494.805
491.401
578.202
519.481
510.595
562.43
572.082
462.428
412.286
482.044
431.686
389.712
481.812
572.574
577.034
486.736
462
451.875
469.484
551.42
566.091
579.374
560.067
522.603
346.981
349.284
546.896
572.902
554.017
554.477
567.376
515.597
444.543
462.107
497.636
519.076
569.314
606.061
613.685
531.915
508.776
574.053
603.318
610.687
585.309
583.942
596.659
478.583
448.732
524.659
456.621
385.877
441.599
498.629
443.361
479.846
557.569
545.703
570.939
607.165
609.385
432.9
417.101
555.556
506.073
438.789
364.83
348.189
402.091
436.491
395.179
374.672
433.276
398.645
416.667
564.493
593.296
592.944
594.884
548.998
462.321
454.236
513.479
558.971
504.032
474.834
518.672
533.76
510.725
481.116
476.19
519.076
565.931
555.093
544.07
499.625
484.144
538.068
584.795
593.824
604.961
587.717
559.597
450.857
417.711
482.393
453.206
410.425
471.921
502.386
429.092
442.576
510.465
558.191
569.801
578.871
570.776
459.559
472.144
531.632
531.067
578.202
586.51
598.265
547.945
509.424
515.863
543.774
566.251
584.454
524.246
364.166
378.931
530.082
566.572
558.971
550.661
561.798
564.175
481.464
397.141
452.796
573.394
594.001
604.047
604.23
515.597
474.947
501.128
369.344
365.364
533.903
585.138
459.137
360.166
399.361
512.164
563.539
574.053
556.483
471.254
463.929
557.103
577.868
477.327
431.872
496.771
479.501
489.836
569.476
559.754
457.666
422.744
323.52
300.12
425.532
465.333
459.664
491.039
371.816
358.359
465.549
474.947
506.971
519.211
495.786
406.918
354.547
372.995
450.349
537.634
529.241
450.958
416.927
483.559
532.623
516.396
523.56
559.91
449.944
429
529.661
557.725
566.893
574.218
560.695
441.891
427.077
431.313
446.229
538.358
518.672
527.148
477.099
407.083
418.498
491.884
556.638
555.71
558.503
468.933
464.145
575.374
552.181
530.645
557.414
455.685
380.084
400.802
454.545
469.704
493.097
540.833
575.871
533.476
501.63
557.258
571.429
574.383
580.046
564.812
497.265
448.229
485.791
550.964
572.41
582.92
424.899
403.959
418.235
387.222
463.285
314.911
318.421
433.934
397.298
480.192
567.537
582.242
575.871
492.49
379.939
421.674
508.259
501.505
552.334
585.309
203.687
177.873
355.999
375.657
381.316
448.632
524.797
564.493
589.971
572.738
550.964
529.101
424.358
365.23
436.967
558.191
591.891
586.51
533.049
423.639
373.204
380.662
454.339
557.414
576.369
456.1
365.163
425.532
546.15
571.102
559.441
550.812
475.851
475.511
535.762
544.366
540.833
490.798
514.933
527.983
485.437
522.33
570.939
588.408
602.047
605.694
605.51
533.76
466.853
499.127
540.979
504.796
511.771
547.795
397.141
346.38
454.959
561.64
553.403
544.662
520.698
423.012
366.099
370.165
440.432
541.859
558.503
543.922
452.899
432.432
509.424
499.376
477.669
502.892
483.91
478.126
519.211
540.833
430.015
438.693
592.768
469.484
384.246
455.685
568.828
575.043
548.546
557.414
427.991
362.647
448.029
538.648
568.343
600.42
621.697
622.859
391.773
364.299
509.814
514.933
510.595
528.821
409.5
382.922
485.201
445.534
438.116
526.593
595.061
484.848
400.08
467.727
574.548
604.778
615.574
505.05
407
435.54
409.584
380.445
462.321
528.961
544.514
494.927
486.263
551.876
594.707
604.961
586.854
577.868
463.822
418.673
508.647
557.258
543.774
554.324
578.871
600.962
504.668
485.201
490.076
447.227
490.316
558.815
494.805
375.375
414.594
569.314
575.374
512.689
449.64
462.214
433.088
428.174
530.645
565.451
569.638
553.25
555.247
468.823
352.983
396.589
543.183
565.451
545.108
492.005
406.669
434.028
551.268
556.793
563.698
580.046
582.242
481.464
432.432
489.117
535.906
559.441
579.878
583.771
486.5
472.255
524.934
538.503
561.482
437.35
366.367
375.164
410.172
492.611
498.256
459.348
505.945
577.034
487.567
477.897
508.518
440.529
419.111
445.534
331.4
337.154
530.504
570.939
590.493
560.538
528.262
445.732
378
430.849
529.241
559.91
559.441
550.964
466.744
450.653
529.381
504.923
493.949
533.476
553.71
506.842
489.117
546.299
461.361
411.946
496.648
570.288
502.008
433.369
457.038
511.247
496.524
473.934
505.306
462
453.823
533.191
568.99
596.125
602.228
568.02
346.921
312.793
465.116
584.795
606.796
602.773
615.195
578.035
455.27
458.505
497.512
507.357
593.648
613.309
621.891
531.773
477.897
541.419
590.667
607.165
618.047
607.533
597.193
517.598
501.379
572.574
450.45
383.583
457.038
557.103
472.701
387.973
447.928
551.572
580.72
595.061
572.574
499.625
491.159
544.514
576.868
589.102
526.177
451.875
495.172
502.892
453.412
473.373
508.647
505.945
427.35
373.832
427.807
561.167
489.716
408.163
400.4
445.931
453.926
463.499
565.131
592.768
539.084
518.941
546.001
472.367
357.462
395.648
547.495
563.063
548.998
536.625
500.751
465.983
519.481
594.001
603.865
585.309
577.868
587.544
449.741
398.486
487.211
442.087
406.421
365.965
326.211
419.903
535.332
490.196
491.763
495.05
376.364
324.307
397.614
483.208
512.426
547.345
359.454
328.893
391.007
414.68
463.285
333
329.652
479.042
426.894
439.271
561.482
450.349
308.547
320.924
414.766
470.588
542.005
548.847
446.628
309.502
283.286
399.122
582.072
530.645
392.696
365.497
404.449
464.253
549.149
338.066
334.952
566.412
532.765
413.736
384.763
359.324
373.552
349.406
349.467
491.884
548.246
339.156
295.072
423.37
463.392
434.499
400.641
377.145
419.815
419.727
386.324
380.084
255.853
235.655
353.17
492.49
410.762
347.645
440.529
457.038
340.426
361.86
436.11
434.783
459.876
468.494
492.368
527.287
499.002
335.458
362.253
577.367
419.992
374.532
489.117
419.992
347.887
417.014
519.481
432.059
421.141
440.82
382.482
405.844
433.276
361.664
355.809
380.084
419.287
487.448
488.043
539.811
574.878
487.686
442.478
427.259
359.066
400.882
463.285
432.526
480.077
541.565
540.394
541.419
440.82
436.11
460.723
380.518
436.3
417.275
384.246
500.375
483.208
409.082
465.549
566.733
564.812
543.922
546.747
514.139
437.637
434.877
458.4
505.051
569.963
307.078
250.313
348.979
457.771
479.501
466.201
445.633
423.639
486.855
526.87
541.126
579.878
580.552
567.537
428.541
324.359
388.048
537.346
550.206
527.426
202.984
204.708
547.645
580.889
528.681
363.835
366.905
512.558
557.569
590.145
572.738
530.926
457.038
462.963
529.241
511.117
465.549
489.237
517.197
423.908
438.597
544.811
555.247
572.574
589.797
515.863
436.967
480.307
568.182
583.431
579.71
460.511
461.361
507.614
486.263
536.049
576.203
583.431
585.48
561.325
561.01
389.712
340.716
475.172
542.152
542.299
562.588
565.291
472.367
452.899
543.036
524.384
523.972
564.812
581.564
474.496
455.166
534.045
431.779
420.787
479.042
500.25
501.379
496.155
550.206
589.623
581.395
575.871
596.659
521.512
461.361
504.923
561.956
571.592
584.624
609.942
589.275
428.725
428.357
512.952
506.842
539.374
539.229
553.557
431.965
394.711
473.037
523.149
581.058
609.013
604.961
612.37
442.576
366.166
429
498.753
482.044
469.484
427.991
443.262
344.887
313.725
437.158
453.721
346.2
350.447
465.658
491.159
476.077
450.045
424.358
450.857
543.183
522.193
495.05
525.348
556.483
495.417
448.732
485.909
482.509
502.513
559.597
395.726
336.247
437.541
557.414
600.24
511.117
472.255
464.576
435.54
490.437
536.049
552.334
552.334
533.903
550.055
388.878
356.952
479.042
525.486
542.888
528.821
465.658
450.146
515.331
570.288
589.102
588.235
588.582
600.24
414.164
369.549
472.032
502.008
535.045
561.798
544.662
491.159
500.375
578.871
595.948
470.81
399.441
475.059
467.727
425.532
492.368
558.659
584.624
590.319
603.682
486.145
421.319
506.457
590.145
587.371
587.027
583.601
420.345
335.121
418.235
565.611
610.687
614.062
577.534
566.572
435.825
422.03
485.555
435.92
474.721
545.554
530.504
459.559
481
565.131
552.181
560.538
584.795
592.593
446.13
427.168
543.922
360.555
348.189
475.851
417.362
386.772
444.939
533.476
553.403
572.574
584.795
490.196
436.205
509.684
579.374
595.238
585.995
468.494
323.415
352.237
522.876
563.857
569.963
563.063
539.52
472.032
427.259
431.034
484.262
536.481
550.358
568.343
514.271
463.07
486.263
530.786
564.175
584.795
563.539
553.25
527.426
522.876
463.177
442.087
523.972
555.864
583.601
493.462
422.744
473.373
553.863
571.755
572.082
499.625
426.894
442.576
501.63
536.049
466.744
402.414
464.253
472.144
390.93
448.33
554.17
565.771
585.995
575.54
494.315
467.29
495.663
511.902
500.626
460.829
421.852
408.58
448.732
498.629
531.632
571.429
567.054
561.482
497.636
389.105
404.122
451.06
408.163
423.998
425.17
402.982
472.59
528.821
470.81
437.254
381.534
355.303
438.404
399.6
391.926
505.561
518.001
479.157
456.1
502.008
522.876
517.598
549.149
567.054
468.823
442.184
522.33
562.272
562.905
565.131
546.896
495.05
481.812
533.903
586.682
568.182
494.927
443.951
381.971
376.79
459.137
528.541
555.556
573.23
583.26
567.215
438.789
430.756
564.812
585.309
556.019
563.063
553.863
466.201
446.03
367.107
380.88
550.964
588.408
598.982
461.361
424.538
518.269
548.396
547.495
565.451
569.152
474.947
470.81
534.331
546.896
500.626
482.742
554.17
510.204
472.925
513.611
505.051
461.361
455.166
467.617
422.922
397.141
472.813
553.863
543.036
544.811
544.811
465.549
452.284
488.878
514.801
565.131
559.91
555.556
578.369
390.778
360.946
522.466
586.166
581.226
563.857
582.072
481.232
429.369
449.944
413.907
431.965
502.513
404.204
359.518
425.26
481
550.055
493.827
317.309
343.348
539.665
544.959
501.756
509.424
578.871
472.925
374.883
430.57
542.005
560.224
575.871
562.905
449.035
449.741
539.52
553.863
571.755
478.354
413.565
405.186
379.579
418.148
518.403
570.776
578.369
545.852
454.649
472.144
560.853
551.116
561.325
508.518
502.892
510.986
521.241
579.878
590.667
561.798
434.216
406.835
422.654
415.628
490.437
428.174
432.059
550.509
575.374
462.321
407.166
510.204
555.556
500.877
512.295
567.054
486.263
449.741
523.013
571.102
598.265
599.341
536.049
287.48
272.368
415.11
414.336
470.699
537.924
461.148
445.038
505.433
540.249
575.209
555.556
525.901
371.678
363.835
541.565
598.802
601.142
612.182
594.707
515.863
411.692
330.36
363.504
498.38
563.063
581.564
377.929
368.053
558.503
566.412
573.559
553.71
531.208
285.919
250.501
400.4
488.162
552.639
416.493
382.117
513.875
545.852
553.097
602.228
544.514
420.345
434.783
541.565
543.331
544.959
548.396
422.654
375.657
411.184
452.284
531.915
565.131
561.167
558.036
463.929
365.297
413.993
563.222
590.145
585.309
557.88
441.209
421.763
490.918
510.074
535.619
560.538
575.54
466.2
441.014
409.836
397.931
485.201
476.531
426.348
404.285
462.642
546.299
561.482
570.613
542.152
474.046
423.729
461.255
542.005
564.334
576.369
579.039
581.395
502.892
467.946
517.464
562.905
589.971
599.7
444.05
339.905
370.028
458.716
525.486
569.152
582.751
568.666
460.829
441.112
516.796
547.945
576.535
545.108
536.049
523.834
514.007
423.908
407.332
510.204
544.366
557.569
493.34
431.313
438.212
501.756
570.288
577.701
553.557
462.642
419.727
470.699
531.915
487.448
421.674
436.3
421.852
399.68
435.54
487.567
543.626
437.158
354.421
384.098
465.766
501.127
479.501
499.625
534.188
473.934
461.148
530.786
571.429
552.792
553.403
590.319
386.548
346.56
473.149
530.645
542.446
535.762
555.247
475.398
423.819
472.367
518.403
545.703
530.645
519.481
425.26
419.992
549.904
577.367
583.26
583.601
543.183
513.875
477.327
500.375
559.284
442.38
423.012
535.762
583.09
501.756
473.149
536.769
573.723
600.06
611.247
568.182
511.64
471.476
497.512
573.723
562.43
559.754
574.053
463.07
353.669
392.08
534.045
594.354
584.624
573.23
601.685
508.647
491.039
568.02
587.371
598.086
599.88
594.001
599.7
505.178
496.648
523.423
483.442
540.541
605.877
620.54
593.648
521.785
522.603
532.481
389.94
382.409
457.143
435.635
373.552
407.581
556.483
572.902
574.713
575.54
439.85
370.37
413.565
477.555
403.714
356.379
354.736
391.236
529.241
600.06
577.701
550.358
561.167
426.53
402.172
471.587
504.414
575.871
587.89
591.366
527.287
469.925
505.817
570.451
581.564
521.648
481.464
514.007
485.555
399.68
412.371
409.165
428.816
537.779
468.604
396.196
463.285
576.037
590.842
537.346
500.626
494.193
469.043
509.165
579.71
459.453
424.268
529.942
529.661
444.346
408.58
401.043
400.24
380.59
362.319
438.02
454.545
389.788
452.489
567.537
375.305
372.856
570.613
586.854
591.891
561.482
561.64
441.501
367.985
437.733
535.045
547.196
556.483
469.263
306.044
277.508
344.471
451.162
370.096
302.435
394.945
399.122
395.023
501.379
546.448
482.044
413.565
375.164
372.995
401.768
295.596
300.3
423.28
384.394
345.125
295.421
305.53
376.577
426.348
411.438
359.777
372.439
435.635
460.723
463.07
535.045
577.534
424.088
379.867
486.618
545.703
575.54
543.626
534.188
493.583
415.628
374.392
388.5
439.657
480.654
412.882
384.541
488.043
527.009
520.562
454.649
454.339
482.742
447.728
471.587
470.699
480.192
464.684
426.53
439.754
322.529
310.607
386.772
410.846
442.478
460.299
523.56
547.495
548.998
547.046
565.131
489.476
464.792
507.872
512.821
518.135
536.193
558.347
414.68
394.945
532.198
570.288
582.581
564.972
559.597
602.954
509.554
484.379
556.483
579.374
596.125
574.053
558.815
570.939
490.437
487.567
582.072
602.047
600.42
517.331
374.602
337.61
413.822
519.751
506.073
505.051
565.291
577.034
387.898
367.918
497.884
467.617
461.574
486.381
383.068
352.671
438.693
359.454
350.447
416.233
375.869
427.991
541.565
585.309
602.591
591.891
554.939
440.044
437.254
537.49
519.346
439.947
440.432
440.044
452.182
535.619
541.859
411.184
409.082
522.33
414.164
392.003
390.549
422.386
563.857
591.191
578.704
401.204
367.377
467.946
530.223
574.218
542.299
491.763
467.399
492.732
535.332
562.746
356.57
249.345
294.898
425.532
462
470.367
541.712
507.357
432.62
479.157
563.857
581.395
608.458
612.745
529.942
346.081
365.764
553.557
563.38
577.201
485.319
386.847
301.477
338.926
523.149
561.64
570.613
533.049
417.711
425.17
539.52
574.053
581.226
559.754
552.944
490.798
486.618
565.611
485.673
461.042
553.863
602.954
594.884
439.174
421.674
442.478
437.35
543.183
502.765
393.701
382.995
406.091
425.985
390.701
419.287
381.825
353.857
496.278
556.019
573.066
580.889
463.607
352.671
