11.077
216.169
227.609
225.81
256.41
310.704
254.13
230.601
283.206
352.92
316.056
285.51
250.376
268.565
272.851
273.112
343.348
333.333
334.616
240.529
205.486
262.847
290.824
298.507
334.728
322.321
239.378
251.099
306.091
304.368
340.832
311.624
308.452
278.668
132.626
140.865
316.506
321.13
267.845
259.437
180.375
179.501
307.267
237.107
215.633
276.472
270.526
206.143
225.734
214.225
84.076
88.5152
231.589
293.427
271.039
170.75
154.238
153.081
147.438
142.015
153.527
220.24
252.685
257.301
151.137
110.43
141.804
159.668
177.683
196.928
175.762
160.346
170.054
201.715
160.501
134.4
169.779
222.124
144.634
166.182
291.036
220.41
233.809
347.283
311.769
256.213
279.408
339.789
337.781
289.855
303.122
371.402
383.583
346.921
320.154
305.623
273.785
273.973
231.321
222.296
300.255
150.955
25.8098
28.6973
387.147
390.396
371.195
329.924
335.514
376.79
391.083
398.406
313.381
295.552
366.502
383.803
370.096
339.905
344.056
375.305
381.825
390.396
334.448
305.904
337.211
354.296
347.947
234.659
221.459
290.234
284.738
277.354
306.091
344.234
334.001
314.564
342.173
385.282
366.435
316.156
305.577
346.081
351.617
277.971
217.486
257.533
354.421
361.729
353.982
348.068
368.732
370.302
349.406
319.795
323.992
363.174
391.773
369.481
290.529
291.588
356.633
373.972
348.008
262.95
240.993
303.214
370.782
298.329
271.518
334.336
342.407
304.971
299.985
333.444
369.344
382.19
382.19
348.614
352.734
386.772
355.177
322.789
304.368
328.461
364.166
360.49
336.191
306.185
331.29
366.502
351.803
326.958
341.18
385.208
387.222
377.074
345.961
320.564
333.723
308.976
325.627
325.203
307.977
358.295
376.152
331.565
292.013
310.366
349.223
367.04
296.648
292.697
359.971
382.555
361.206
323.102
340.194
371.058
385.208
396.196
341.472
279.447
295.29
345.662
354.17
305.998
249.532
232.342
264.69
272.331
289.394
367.985
370.165
319.03
319.387
334.001
316.156
289.352
227.324
251.984
326.958
293.902
299.536
345.781
367.58
358.102
331.236
327.976
352.175
351.927
353.669
342.114
313.775
325.839
369.754
369.754
338.696
325.521
336.587
324.044
323.363
320.102
320.41
306.607
313.136
364.564
333.167
345.125
389.636
387.747
382.995
326.797
311.187
356.57
375.799
383.804
310.126
298.686
359.131
372.301
286.821
275.558
333.278
345.602
373.552
325.786
304.785
335.458
321.182
320.051
326.637
274.688
291.206
347.766
249.938
244.051
310.704
301.659
287.48
320.051
390.854
398.248
359.712
315.806
308.452
318.573
348.614
295.989
271.186
334.56
353.857
290.571
278.435
338.009
371.678
384.32
390.016
319.132
285.878
328.785
358.744
313.972
296.121
342.818
370.92
365.03
318.167
288.934
334.728
384.468
394.789
353.294
335.121
356.633
290.487
252.589
271.813
319.336
380.228
372.162
328.515
331.785
368.664
381.752
358.423
276.358
284.212
352.175
333.333
344.887
301.796
290.444
358.744
345.781
279.291
298.329
358.616
303.628
258.732
282.606
289.101
304.925
365.898
294.594
294.031
357.27
358.423
377.43
327.493
306.843
363.438
386.548
253.518
240.096
349.223
380.88
387.822
324.992
311.526
323.992
337.041
391.236
313.283
290.655
345.722
339.732
261.472
275.824
376.435
374.042
372.856
319.693
299.491
330.579
337.041
292.526
279.291
324.149
303.076
275.33
278.823
290.318
334.001
375.164
345.901
332.779
331.29
324.359
330.633
318.827
333.111
368.936
315.706
301.477
286.328
289.645
329.544
296.34
253.614
283.648
362.976
369.686
290.909
242.365
261.438
312.159
267.738
248.973
307.125
329.11
308.024
311.624
360.555
374.602
388.878
343.289
325.362
296.912
281.611
328.731
263.817
263.748
361.991
376.79
337.952
298.107
324.781
367.377
384.394
325.627
198.906
196.715
256.674
269.107
324.254
352.423
350.508
317.108
312.549
327.815
281.571
252.525
279.642
311.381
342.583
246.64
245.369
388.5
378.788
353.107
306.513
299.088
337.211
340.483
324.939
323.992
350.877
386.997
382.19
339.559
301.978
313.431
354.988
370.645
287.15
252.462
313.922
372.301
319.387
245.58
247.249
285.144
277.739
263.123
296.077
362.779
349.467
299.94
326.211
240.645
210.062
297.221
333.333
350.693
379.579
340.541
310.994
340.02
363.108
339.732
315.06
344.59
390.854
389.788
362.122
300.526
289.939
265.252
285.51
339.789
320
353.857
388.576
393.856
327.225
294.898
335.345
377.501
302.526
259.437
308.166
366.032
343.702
300.661
313.627
359.712
379.867
372.509
320.051
312.744
348.371
363.174
379.003
340.252
322.737
299.985
312.549
382.044
304.368
267.38
322.165
381.243
356.189
310.463
204.061
208.377
269.687
275.634
329.979
318.674
301.432
320.102
349.04
349.04
368.936
345.961
330.524
365.23
378.43
364.564
297.663
290.74
359.842
391.619
398.804
330.033
289.897
314.614
341.006
349.895
329.707
322.737
317.309
322.009
303.859
305.717
364.1
382.117
371.195
287.026
269.833
333.5
375.094
341.997
315.906
352.609
391.389
399.68
382.336
282.885
254.001
328.084
390.472
346.921
295.902
324.623
385.654
345.542
306.419
282.326
293.772
356.062
392.234
308.88
281.294
314.268
292.826
277.469
304.275
291.715
282.406
297.619
294.551
301.023
264.971
256.97
299.043
349.773
351.309
346.62
326.797
335.852
391.466
386.473
369.754
279.994
281.77
363.042
365.364
372.856
314.663
309.119
371.955
373.902
346.38
318.928
331.4
363.174
370.714
376.293
350.693
355.492
328.785
292.312
287.315
302.389
353.982
370.92
361.664
310.752
292.612
308.642
334.113
313.725
241.458
268.132
355.366
370.645
286
274.876
361.729
376.293
337.838
270.746
234.687
281.611
346.5
300.707
218.436
204.708
261.746
308.404
321.492
312.354
290.698
255.558
253.646
234.219
237.53
285.878
317.108
333.333
292.526
260.044
281.611
318.776
325.203
327.869
348.25
295.858
202.122
231.992
363.372
377.074
299.312
280.348
285.919
270.746
310.752
344.768
339.098
254.453
237.643
265.64
256.575
298.686
348.008
314.169
295.77
271.665
221.68
251.889
251.004
235.433
285.266
294.768
325.256
309.789
210.371
214.8
319.03
308.88
273.598
242.807
227.79
235.211
266.951
315.756
348.797
329.815
288.392
319.949
374.111
377.786
378.644
265.851
263.887
333.556
305.577
233.318
247.801
367.85
373.204
285.959
264.445
333.667
352.796
341.822
330.579
320.307
342.173
312.256
216.357
231.535
349.834
373.343
318.776
321.854
325.945
279.252
287.48
303.905
326.052
364.564
260.858
232.207
313.48
346.081
354.547
334.672
320.564
333.723
332.723
350.324
322.945
324.939
369.822
377.43
379.147
304.785
291.928
327.923
341.939
370.92
322.685
277.162
312.598
355.303
310.8
288.934
318.979
308.214
306.466
279.174
288.6
390.854
392.773
345.066
277.816
281.849
324.623
299.805
279.486
317.259
364.299
378.072
362.122
322.945
332.834
370.096
348.979
315.06
336.134
339.674
328.731
365.163
354.736
336.927
312.647
287.77
316.256
313.381
326.052
348.857
350.201
358.423
333.5
357.782
391.773
308.642
274.461
302.709
342.348
345.363
329.87
318.928
326.052
373.832
393.623
402.658
327.976
310.511
368.256
389.105
376.152
324.886
255.265
275.824
367.715
357.398
305.951
313.431
337.211
338.467
333.723
341.822
333.667
302.252
335.233
315.408
281.73
325.045
368.46
309.933
308.737
370.302
325.627
298.463
300.391
302.984
343.997
348.25
336.078
288.143
302.893
378.788
369.14
351.062
324.254
312.647
336.814
371.54
325.627
300.707
302.389
303.306
289.184
301.796
362.911
385.579
378.931
350.385
303.49
314.812
363.504
361.991
339.674
348.675
383.068
393.236
390.32
273.898
251.036
336.644
381.752
385.431
308.404
295.902
368.596
361.206
352.796
333.723
284.9
298.552
354.045
361.925
295.072
302.115
380.445
379.363
328.084
333.946
337.098
326.958
372.787
353.669
318.776
310.752
244.978
219.66
288.809
309.693
287.274
291.078
311.915
372.787
369.686
367.242
283.206
281.175
360.881
362.45
387.297
310.463
295.858
365.698
383.877
385.951
329.435
326.317
381.971
388.727
361.011
331.016
354.547
297.354
291.248
329.707
302.526
311.964
333.333
329.435
296.56
325.733
370.439
370.714
306.843
255.46
301.978
381.679
379.507
310.366
312.695
378.215
367.782
374.181
368.664
356.697
315.358
315.259
367.58
348.189
294.638
309.119
360.555
352.609
315.109
309.933
350.201
280.544
248.725
313.824
378.43
301.75
257.699
283.166
339.041
378.716
345.961
308.309
303.49
346.021
391.313
398.327
290.402
261.028
286.123
298.954
258.866
255.624
322.581
340.89
299.133
278.203
293.255
302.984
320.102
318.928
346.26
288.268
285.755
294.464
294.681
368.121
362.253
358.938
332.226
304.09
302.252
328.839
343.643
335.909
296.692
293.902
349.528
282.805
282.606
359.002
358.938
332.116
335.458
377.929
362.911
346.021
325.945
272.665
288.475
360.231
378.215
311.429
310.222
352.175
361.206
397.614
342.994
327.708
366.703
375.164
328.569
268.781
303.628
388.878
307.125
221.41
234.88
307.267
352.113
272.368
250.063
318.928
347.766
333.5
201.147
192.437
291.206
303.444
330.251
367.242
336.021
313.283
316.907
339.732
320.821
323.154
325.892
293.255
322.997
279.759
252.366
313.627
340.716
324.412
327.761
311.526
319.489
339.501
320.821
300.21
319.795
379.867
352.547
342.231
342.466
320
341.939
380.3
384.615
338.983
288.309
310.511
344.471
347.584
312.159
306.466
298.73
304.971
339.559
310.559
345.901
398.089
402.01
351.309
326.851
358.616
334.113
277.778
247.862
272.331
338.066
373.065
329.164
286.246
281.096
284.698
286.369
317.36
374.181
384.025
358.616
317.864
325.892
322.685
336.078
383.73
355.935
342.348
363.769
365.764
371.747
369.549
342.936
355.619
329.164
314.564
322.633
309.454
328.731
351.185
369.959
346.861
335.57
368.46
379.939
342.877
304.507
331.181
373.972
374.953
344.649
329.979
298.954
309.741
382.482
394.477
317.007
302.709
360.75
365.898
376.648
327.708
320.359
300.978
305.951
352.299
313.725
341.647
384.689
356.633
310.704
320.41
365.03
375.799
390.396
365.564
330.36
341.355
367.782
370.714
282.885
269.978
354.799
379.435
342.759
277.624
294.074
380.88
332.557
265.957
256.674
308.69
332.834
324.149
310.945
316.807
379.651
395.961
346.921
307.267
339.847
391.16
397.772
388.123
350.385
350.754
344.471
281.373
247.402
284.495
357.462
362.319
368.46
333.389
333.333
375.728
349.406
352.237
298.463
286.451
364.498
389.56
345.066
279.018
303.859
384.172
386.399
337.895
330.688
346.861
335.627
357.334
354.045
351.617
369.004
340.599
294.507
253.582
287.068
337.838
341.122
356.252
314.663
329.272
366.771
364.564
270.526
266.987
374.813
393.468
395.335
303.168
268.637
329.489
340.716
286.656
301.705
368.528
310.318
241.255
235.71
232.693
198.59
219.587
302.618
357.846
351.989
288.018
241.458
226.86
232.992
253.229
309.023
363.636
347.102
295.639
264.831
265.146
286.328
297.974
279.681
308.166
317.259
263.539
269.614
311.139
315.358
299.356
297
332.889
364.564
233.454
215.517
253.133
248.139
233.836
236.883
301.75
320.564
266.88
257.998
291.843
297.885
302.663
319.234
277.008
218.364
248.262
329.218
349.223
340.078
266.667
265.71
340.774
333.89
295.946
278.979
265.534
294.161
337.667
262.95
263.539
344.116
355.619
303.582
306.843
325.256
329.87
362.516
343.702
284.779
287.936
332.945
287.728
304.414
373.692
387.297
394.555
328.515
314.021
365.03
378.43
326.531
286.985
323.572
382.629
385.654
379.723
306.326
277.2
332.06
343.171
300.3
326.371
383.656
376.435
352.237
249.221
261.028
373.622
292.483
235.405
272.74
359.389
372.509
307.834
301.568
360.101
374.181
370.508
370.165
312.695
261.952
265.604
277.431
294.118
341.53
364.498
345.363
303.767
273.112
249.345
283.93
317.914
286.246
286.328
223.914
206.271
287.48
345.006
331.4
320.513
304.599
335.458
356.761
343.761
296.428
308.69
352.299
342.231
318.979
292.954
326.797
365.497
355.556
314.268
261.063
290.192
339.443
312.891
299.133
279.213
310.27
377.359
285.022
279.564
374.602
381.025
383.73
331.236
324.675
342.114
282.406
232.504
264.166
367.444
396.04
359.195
321.647
353.17
387.447
370.302
368.868
348.189
355.303
391.16
395.726
382.117
320.976
281.928
314.762
365.898
377.501
320.205
297.708
351.494
377.643
371.816
333.723
340.136
269.906
251.351
282.287
301.341
374.252
323.206
251.762
262.055
323.834
325.309
290.065
304.229
357.654
366.502
354.359
303.03
277.431
319.183
380.445
381.316
