2.80685
12.9776
16.7688
21.965
22.3774
14.3594
14.4612
24.9445
24.7801
25.0995
25.7066
25.2829
24.0793
24.341
24.6679
24.7097
24.5236
24.3386
24.6269
25.0294
25.0598
24.458
24.0093
24.0229
24.9654
24.9479
24.1727
22.9329
23.0492
24.1182
24.3265
25.1184
24.1508
24.1257
25.3081
25.943
26.0943
25.5601
23.7855
23.747
25.4907
25.0476
21.5643
20.2751
20.2712
21.2121
23.9091
23.6513
23.8703
24.4918
24.5733
23.4811
23.4508
24.4571
24.6315
25.5363
25.6354
24.4825
24.7457
25.4573
25.0084
25.6512
24.1744
23.5994
24.2468
24.8472
25.8665
24.8453
24.0767
24.4951
25.345
25.5474
24.0474
23.2159
24.0859
23.8416
23.9817
24.2371
23.8755
24.2462
25.0579
24.8778
24.5767
24.1555
23.8265
24.3214
24.6393
25.0382
24.1943
24.1488
25.3669
24.8031
23.2918
21.4961
20.7609
21.2626
21.7936
23.1324
23.2285
22.4568
23.8484
24.6421
23.7377
23.9406
24.9872
25.0078
24.8534
24.6804
22.9437
22.998
24.5462
25.3479
24.7816
23.6939
23.6899
24.6181
24.7672
24.2333
24.0894
23.5671
23.5269
24.1695
23.5491
22.1934
23.2973
24.8701
24.8837
24.9872
23.7282
23.8749
25.1769
24.6728
24.897
24.6649
23.934
24.6381
25.7632
25.3219
23.7225
22.0846
21.1607
20.8509
20.1248
20.7589
23.176
24.0923
23.7147
22.3381
22.5372
23.9286
24.5688
24.8549
24.0526
24.1051
25.2436
25.2331
24.0587
23.7259
24.0697
24.1943
24.187
24.7733
23.6759
23.4412
24.3013
24.1926
24.1613
23.3484
23.8718
24.3585
23.7883
23.0131
22.4452
23.2553
24.0209
24.1196
23.9555
23.4423
23.8575
24.5924
24.3721
23.5059
23.3301
23.8229
24.2999
24.2827
21.6586
20.1576
21.1423
21.0877
19.6238
21.0292
23.7741
23.3103
23.2631
23.2097
22.8162
23.5244
24.7185
24.3599
23.3402
23.588
24.1809
24.4951
23.9935
22.8828
23.2331
23.9593
23.9917
23.7327
22.5576
23.5203
24.325
24.0457
23.1624
22.077
23.0187
22.974
23.3076
22.7622
22.5739
23.9558
24.1485
24.4004
23.0091
22.6017
23.4838
23.9472
24.6048
23.4904
22.8519
22.1139
20.9718
19.2764
19.5969
22.2563
23.8027
24.2386
23.1941
22.6709
22.6065
23.5632
23.7273
22.3854
22.837
23.6661
24.1657
24.5393
23.1688
23.006
23.9624
24.0027
23.805
23.1546
23.1554
23.8723
24.228
23.8067
22.2772
22.0746
23.1094
23.5488
23.4074
22.0366
22.0819
23.1597
23.3863
23.3511
22.6242
23.1973
24.1683
24.2745
23.651
22.8381
23.3465
23.7908
22.305
19.8006
19.4621
20.1327
20.728
22.3077
23.2859
23.6563
22.7832
22.4987
21.7521
21.5834
22.8728
23.0176
23.2032
22.4651
22.2269
23.7628
24.0333
23.7705
22.72
21.7052
22.779
23.6379
23.1806
22.566
22.5337
22.9882
23.2242
22.6032
22.9424
23.5067
22.3456
21.9106
21.5985
20.9956
22.4947
23.7945
23.347
22.3272
22.121
22.9487
23.1941
23.2315
22.8632
22.9587
23.464
22.9801
19.4503
17.9067
18.8358
20.5377
22.3199
21.2067
21.0684
21.8231
21.9655
22.0264
22.1624
22.8167
23.2715
23.5416
22.3329
22.1303
22.8402
22.9329
23.4588
22.024
21.5341
22.7573
22.771
22.4782
21.7108
22.3045
23.7006
22.8799
21.1968
20.9661
21.7981
21.9604
22.2951
22.2469
22.5558
22.5573
22.6495
22.3499
21.944
22.7301
22.8532
23.0128
22.3434
21.7401
22.1653
22.0646
21.1461
21.4039
20.8026
19.1626
17.2519
17.2093
20.0556
22.1543
21.8715
21.4733
22.4901
22.3979
21.5459
21.914
22.7606
22.9077
22.6791
22.4527
21.4871
21.5112
22.4361
22.8477
22.1958
20.8262
20.7954
21.1522
21.0011
21.4673
22.0522
21.7903
21.8749
21.6134
21.5431
21.9532
22.118
22.2003
21.4463
21.8732
21.9698
20.7777
18.0946
18.2881
21.5024
21.5047
20.1282
20.6292
21.1231
20.7853
21.7787
21.089
21.2556
22.4909
22.3774
21.5706
22.1183
23.033
23.0787
22.2658
21.541
22.2618
22.5833
21.3803
19.2762
19.7757
21.6509
21.925
21.7328
20.2943
19.8075
20.8262
21.585
21.2653
21.3723
21.8496
21.9113
22.1477
21.7247
21.3404
21.4887
22.023
21.9036
21.6979
21.7739
20.5694
19.0478
17.9686
17.774
19.463
21.0009
19.8269
20.2899
21.7273
21.6718
21.1258
21.3963
22.3466
22.2499
21.9087
20.6973
21.1229
22.3952
21.7595
20.8709
21.2913
21.6795
22.0366
22.4585
20.9958
20.1727
20.8614
20.668
19.8096
20.491
21.006
21.6499
21.845
20.4445
20.7982
22.5548
22.9098
20.4134
18.5283
17.3372
16.8005
18.9952
21.5892
22.1661
21.7858
19.8157
19.0898
20.0323
20.3932
19.7278
19.9607
21.1387
21.6586
20.9096
20.5592
21.3024
21.5929
20.936
20.8431
21.4142
22.1058
21.7448
19.5183
19.5467
20.9345
20.8127
19.6057
18.5086
19.2332
20.3415
19.8987
20.3861
21.006
21.4466
21.1408
19.6825
20.0469
20.7181
20.8266
21.0853
20.9013
19.2907
17.6703
16.6861
17.3205
19.9001
20.5522
19.6105
19.4725
19.9481
20.0296
20.1937
20.4937
20.7026
20.6509
20.3306
20.8714
21.7765
21.5276
20.3324
20.633
20.6697
20.5916
20.192
19.7894
20.8973
20.6262
20.1629
19.8886
19.8436
20.6383
20.6565
20.1668
20.3513
21.5332
21.9643
20.3258
19.8472
20.5512
21.4041
20.5596
20.064
20.9963
19.5019
17.404
17.1359
19.0821
20.3184
18.9932
18.7021
20.1329
20.8073
20.3542
20.0296
20.0272
20.8216
21.1441
19.813
19.6943
20.8899
20.5387
19.8663
20.4931
20.4298
19.9312
19.521
19.6512
19.8126
18.7491
17.5543
18.494
18.2294
18.3549
20.6396
21.3092
21.6795
20.656
19.7586
19.3071
19.0275
19.1351
18.0637
17.9234
19.5242
20.2063
19.0181
19.2851
20.3896
18.9141
19.1979
19.8354
19.916
20.3604
19.6539
20.2521
21.3083
20.6954
20.1215
20.1664
19.9563
20.3428
19.8143
18.5737
19.2223
20.3907
20.7661
19.9128
18.6843
18.3421
18.494
18.2713
19.117
20.33
19.1608
19.2324
19.8157
19.9515
20.1503
19.7617
19.5848
19.2363
18.5658
18.2687
18.0473
18.3786
16.3369
16.3457
19.1195
19.0073
18.6048
18.9818
19.7797
19.2369
19.438
19.811
19.9611
19.4331
18.2173
19.1641
20.3424
19.35
18.405
18.5278
19.26
19.2881
18.5168
18.6532
19.6354
19.2291
18.7294
19.6244
20.3083
19.6277
18.6095
19.2565
19.5597
17.9854
16.5976
16.7395
16.7378
16.2727
17.9607
19.7213
19.3832
16.5466
16.9179
19.7209
19.4598
19.2134
19.1615
19.2823
18.8402
18.8466
19.3851
19.6331
19.0767
18.4281
18.9653
19.1411
18.2448
18.6752
18.404
17.583
17.2202
17.3685
18.369
19.5886
19.2178
18.4476
19.6835
19.7804
18.4439
18.5995
19.1472
18.7815
18.4067
18.0112
17.6814
15.6126
15.1371
17.7131
18.5806
18.15
18.6069
18.9955
18.3446
18.242
18.8014
18.9948
19.6922
18.4171
18.0354
19.3272
19.0239
18.2602
18.4037
18.8693
18.5192
17.4987
17.9014
18.3537
17.8675
17.9952
18.7324
19.5162
18.4602
18.335
18.6173
17.1287
15.5671
15.6039
17.0166
17.4595
18.0775
18.779
18.6154
17.5376
16.2762
17.0148
18.3157
18.1457
17.6398
18.2455
18.7068
17.558
17.8414
19.5299
19.3493
18.1703
18.054
18.4323
18.0222
17.7429
18.1054
18.5699
17.9992
17.3436
17.8137
18.0883
17.6185
17.8438
18.6907
18.5988
17.7022
18.1361
19.4812
18.8071
17.3385
16.0009
16.0082
16.0086
16.729
18.2618
17.4249
17.0169
17.5259
18.3135
18.412
18.4956
18.7136
18.184
17.5271
17.3572
18.1347
18.7822
18.0361
17.2753
18.1127
17.9207
16.8498
16.3508
16.5248
17.1026
17.3527
17.9759
18.2548
17.4789
17.7095
18.7375
18.0845
16.6423
15.6145
15.4548
14.9121
15.4049
17.0775
17.1101
16.6973
17.1018
17.9083
16.3848
16.0952
17.8677
17.7805
17.3918
17.301
17.6552
17.2589
17.4064
18.0273
17.3348
17.0647
17.0028
17.8896
17.463
16.5131
16.4043
16.7108
17.1886
17.3465
17.8912
17.4101
16.6181
16.9785
16.8732
14.6646
13.7252
15.5775
17.106
17.4821
17.5114
16.1766
15.5579
16.5038
17.1975
16.6398
16.4701
16.7642
17.075
17.2402
17.9511
17.3712
16.4489
16.9984
17.2163
16.7543
15.776
16.0534
16.8564
16.1428
16.5081
17.5285
16.7639
16.3908
17.2135
17.4972
16.4389
16.9017
18.1807
16.391
15.3219
14.4108
14.0638
15.2909
16.5793
16.7521
15.8556
16.8127
17.7132
16.4264
16.5011
17.5874
17.6445
16.6306
16.454
16.9684
16.4487
16.2586
16.8957
16.9183
15.4681
15.3669
16.7706
16.5067
16.1218
16.7116
16.5649
16.7461
16.6334
15.4408
13.9854
13.6178
15.4197
15.9276
16.2958
16.4006
15.0856
15.1805
15.8971
16.4738
16.4699
16.8353
16.642
15.7097
16.4166
17.526
16.3785
16.1946
17.0255
16.9681
15.9019
16.4876
16.9738
15.0731
15.2694
16.0782
15.0791
14.9423
16.2762
16.722
15.8247
16.1355
16.711
16.2458
15.3949
14.1701
13.6504
14.8265
16.1007
14.3018
14.3011
16.6542
17.1305
15.806
15.6449
16.8601
15.9718
15.9223
17.2313
15.4832
15.0768
16.4656
16.1581
15.8354
15.2864
14.8489
15.2924
16.0886
16.2217
15.3418
15.8881
16.9252
16.2295
15.424
14.564
13.6506
14.0435
15.3168
15.4089
15.2743
15.3479
15.2951
14.8523
14.9799
16.4
15.6091
15.2584
16.5153
15.5666
15.1164
16.0465
15.3421
15.02
15.995
16.3284
15.8184
15.049
15.5558
15.9574
15.7774
15.8681
15.7866
15.9248
16.2282
15.9887
15.4886
15.3968
14.5702
13.241
13.024
13.1632
13.8032
15.3994
15.6321
15.3069
15.5342
15.8135
15.5376
16.1683
16.0326
14.916
15.2683
15.5607
15.3055
15.3752
15.5305
14.2578
14.1359
15.3417
15.4489
15.7638
15.7442
15.3567
15.305
15.4551
15.3513
14.1285
13.2528
12.9309
13.1483
14.2441
14.5543
14.7582
15.5904
15.0169
14.5993
14.7859
14.9203
15.2654
15.1808
15.2875
15.1321
15.2113
15.4993
14.5328
14.4082
15.2285
14.5146
14.2573
15.4099
14.7325
14.5545
15.9219
14.5268
14.3045
15.2202
12.9731
12.1122
12.6238
13.5481
15.1791
14.8273
14.8388
15.6573
15.3812
15.6299
15.5703
15.2149
15.1558
15.549
15.7412
15.4774
15.5336
15.5369
14.6119
14.4516
15.6472
14.685
14.5616
15.7647
15.6785
15.147
15.298
15.8959
15.1228
13.8284
12.4028
13.2178
15.2614
14.4535
14.0934
14.7977
14.4053
14.4846
15.8023
15.6622
15.1996
15.4133
16.0195
14.9955
14.6692
15.4843
15.0101
15.1148
14.5669
13.9985
14.7703
16.0511
15.2915
14.2495
15.356
15.3243
14.4759
13.5842
12.1638
12.8459
14.5667
14.3718
14.6915
14.5488
14.4523
15.2073
15.0587
14.3916
14.4568
15.3328
14.3704
14.1064
15.1743
15.4096
14.789
14.924
14.8427
14.4085
14.7349
13.3907
13.6323
15.3058
15.0425
14.74
14.7756
14.8288
14.7352
14.197
11.891
11.8322
14.0545
13.9818
14.0439
14.3518
14.3366
15.0302
15.2744
14.7609
14.5237
15.0529
14.8169
14.1015
14.6381
14.7131
14.3891
14.5139
14.2036
14.2064
14.8538
14.6233
14.5074
14.5887
14.8065
14.5557
13.3462
12.3302
12.9664
14.3081
14.5626
15.0341
13.7442
13.4898
14.1332
14.6766
14.8673
14.5323
14.412
14.6539
15.3462
14.9594
14.9955
14.4966
13.744
14.457
15.0295
13.7159
13.3111
14.3569
14.2407
14.0714
14.7691
13.7969
13.5917
14.9235
13.471
11.7655
12.3686
13.9708
13.7294
13.0043
13.8876
14.7769
14.5256
14.4793
14.4132
13.5055
13.566
14.4856
13.6608
13.6208
14.5552
13.7299
13.181
13.6578
13.3294
13.4597
14.1362
13.9533
14.2934
13.1391
12.1401
12.2394
12.9975
13.9033
13.8611
13.7743
13.658
13.3994
13.1154
13.7502
14.8565
13.2705
13.0066
14.6831
13.8854
13.8972
14.161
13.8538
13.8372
14.2074
13.9221
13.5162
13.8204
14.3237
14.2978
13.9201
13.7218
14.0782
13.95
12.5084
11.9802
12.4223
13.0455
13.1484
13.1222
13.4832
14.0317
13.8735
14.0418
14.6039
14.1546
13.757
13.5425
13.2614
13.818
14.1066
13.679
13.4624
13.0263
13.5653
14.3072
13.4395
14.1117
15.3993
12.6772
11.3995
12.0977
12.6397
13.3099
13.0232
12.5414
13.4436
13.749
13.2766
13.8573
13.5403
13.4813
13.613
13.0634
13.2753
13.5612
13.2836
13.6492
13.273
12.8576
13.3893
13.8867
13.8353
14.078
13.9797
13.5875
13.623
13.2379
12.7045
12.6128
11.6196
11.7511
13.0102
13.5061
14.7486
14.1012
12.9719
13.7064
13.9867
13.2901
13.4812
13.5481
13.5528
13.1819
13.2688
13.6343
12.9835
12.7443
12.9101
12.7886
13.3897
13.8134
12.8516
11.9338
11.7234
13.1536
14.3978
12.9311
12.5945
13.1126
13.2576
14.2664
14.2979
14.0951
13.9384
13.0082
13.7123
14.3672
12.9159
12.9707
14.2545
13.7758
12.6536
12.4615
12.9847
13.4563
13.4447
13.3502
13.6177
13.0842
12.8197
12.0137
11.0331
11.483
11.9566
12.75
12.8432
12.696
13.2961
13.7227
14.1337
13.8613
12.7611
12.0323
12.7758
12.8374
12.5688
13.1233
12.6112
12.9315
12.8631
13.1334
13.8968
12.5863
12.5702
11.9398
10.7987
11.9845
12.9871
12.538
12.5018
12.3559
12.801
13.6577
14.075
13.3539
13.0863
13.6747
14.4879
12.8575
12.789
14.1956
13.1471
12.3134
12.4557
12.9421
13.2698
13.0523
12.8475
13.113
13.0819
13.3803
12.7336
11.3635
10.7167
11.403
12.8262
12.2784
12.6781
13.3422
12.7046
12.6695
12.702
13.2293
13.7033
12.8222
12.5616
12.8581
12.357
12.2018
12.8242
12.5174
12.4764
12.9338
13.1891
13.6745
11.3322
10.7595
11.7125
11.5666
10.2266
9.80964
11.416
12.1085
12.3721
12.7037
13.0013
12.7944
12.0124
12.1926
13.21
12.4129
11.6416
11.4282
11.761
12.699
12.383
12.4775
12.4256
12.7476
13.1675
12.4552
11.8454
11.8453
